/*--------------------------------*- C++ -*----------------------------------*\
  =========                 |
  \\      /  F ield         | OpenFOAM: The Open Source CFD Toolbox
   \\    /   O peration     | Website:  https://openfoam.org
    \\  /    A nd           | Version:  6
     \\/     M anipulation  |
\*---------------------------------------------------------------------------*/
FoamFile
{
    version     2.0;
    format      ascii;
    class       faceList;
    location    "constant/region244/polyMesh";
    object      faces;
}
// * * * * * * * * * * * * * * * * * * * * * * * * * * * * * * * * * * * * * //


47
(
4(3 14 15 4)
4(11 12 15 14)
4(3 6 17 14)
4(5 16 17 6)
4(13 14 17 16)
4(6 17 18 7)
4(14 15 18 17)
4(6 9 20 17)
4(17 18 21 20)
4(14 27 28 15)
4(14 17 30 27)
4(17 30 31 18)
4(20 32 33 21)
4(1 4 15 12)
4(4 7 18 15)
4(7 10 21 18)
4(12 15 28 25)
4(15 18 31 28)
4(18 21 33 31)
4(21 23 35 33)
4(0 1 12 11)
4(0 11 14 3)
4(2 3 14 13)
4(2 13 16 5)
4(5 16 19 8)
4(8 19 20 9)
4(9 20 21 10)
4(20 22 23 21)
4(11 12 25 24)
4(11 24 27 14)
4(13 14 27 26)
4(13 26 29 16)
4(20 32 34 22)
4(22 34 35 23)
4(0 3 4 1)
4(2 5 6 3)
4(3 6 7 4)
4(5 8 9 6)
4(6 9 10 7)
4(16 17 20 19)
4(24 25 28 27)
4(16 29 30 17)
4(26 27 30 29)
4(27 28 31 30)
4(17 30 32 20)
4(30 31 33 32)
4(32 33 35 34)
)


// ************************************************************************* //
