/*--------------------------------*- C++ -*----------------------------------*\
  =========                 |
  \\      /  F ield         | OpenFOAM: The Open Source CFD Toolbox
   \\    /   O peration     | Website:  https://openfoam.org
    \\  /    A nd           | Version:  6
     \\/     M anipulation  |
\*---------------------------------------------------------------------------*/
FoamFile
{
    version     2.0;
    format      ascii;
    class       faceList;
    location    "constant/region549/polyMesh";
    object      faces;
}
// * * * * * * * * * * * * * * * * * * * * * * * * * * * * * * * * * * * * * //


57
(
4(8 9 14 13)
4(5 9 29 25)
4(8 28 29 9)
4(9 29 30 10)
4(8 13 33 28)
4(12 32 33 13)
4(9 14 34 29)
4(13 33 34 14)
4(14 34 35 15)
4(12 17 37 32)
4(13 18 38 33)
4(17 37 38 18)
4(14 19 39 34)
4(18 38 39 19)
4(18 22 42 38)
4(24 25 29 28)
4(25 26 30 29)
4(27 28 33 32)
4(28 29 34 33)
4(29 30 35 34)
4(31 32 37 36)
4(32 33 38 37)
4(33 34 39 38)
4(34 35 40 39)
4(37 38 42 41)
4(38 39 43 42)
4(0 2 3 1)
4(5 9 10 6)
4(1 3 14 9)
4(2 13 14 3)
4(9 14 15 10)
4(13 18 19 14)
4(14 19 20 15)
4(18 22 23 19)
4(4 5 25 24)
4(5 6 26 25)
4(6 10 30 26)
4(10 15 35 30)
4(15 20 40 35)
4(19 39 40 20)
4(21 41 42 22)
4(19 23 43 39)
4(22 42 43 23)
4(0 1 9 8)
4(4 8 9 5)
4(0 8 13 2)
4(7 12 13 8)
4(11 16 17 12)
4(12 17 18 13)
4(17 21 22 18)
4(4 24 28 8)
4(7 8 28 27)
4(7 27 32 12)
4(11 12 32 31)
4(11 31 36 16)
4(16 36 37 17)
4(17 37 41 21)
)


// ************************************************************************* //
