/*--------------------------------*- C++ -*----------------------------------*\
  =========                 |
  \\      /  F ield         | OpenFOAM: The Open Source CFD Toolbox
   \\    /   O peration     | Website:  https://openfoam.org
    \\  /    A nd           | Version:  6
     \\/     M anipulation  |
\*---------------------------------------------------------------------------*/
FoamFile
{
    version     2.0;
    format      ascii;
    class       labelList;
    location    "constant/region733/polyMesh";
    object      faceRegionAddressing;
}
// * * * * * * * * * * * * * * * * * * * * * * * * * * * * * * * * * * * * * //


569
(
705407
705409
705410
705412
705413
705415
705418
717561
717563
717564
717565
717566
717567
717568
717569
717570
717571
717572
717573
717574
717575
717576
717577
717578
717579
717580
717581
717582
717584
717587
717755
717757
717758
717760
717761
717763
717764
717766
717767
717769
717772
729718
729720
729721
729722
729723
729724
729725
729726
729727
729728
729729
729730
729731
729732
729733
729734
729735
729736
729737
729738
729739
729740
729741
729742
729743
729744
729746
729747
729912
729914
729915
729917
729918
729919
729920
729921
729922
729923
729924
729925
729926
729927
729928
729929
729930
729931
729932
729933
729935
729938
730109
730111
730112
730114
730115
730117
730118
730120
730123
741875
741877
741878
741880
741881
741882
741883
741884
741885
741886
741887
741888
741889
741890
741891
741892
741893
741894
741895
741896
741897
741898
741899
741900
741901
741902
741903
741904
741905
741906
741907
741910
742072
742074
742075
742076
742077
742078
742079
742080
742081
742082
742083
742084
742085
742086
742087
742088
742089
742090
742091
742092
742093
742094
742095
742098
742266
742268
742269
742271
742272
742273
742274
742275
742276
742277
742278
742279
742280
742281
742282
742283
742286
742463
742465
742466
742468
742469
742471
742474
754035
754037
754038
754039
754040
754041
754042
754043
754044
754045
754046
754047
754048
754049
754050
754051
754052
754053
754054
754055
754056
754057
754058
754059
754060
754061
754062
754063
754064
754065
754066
754067
754229
754231
754232
754234
754235
754236
754237
754238
754239
754240
754241
754242
754243
754244
754245
754246
754247
754248
754249
754250
754251
754252
754253
754254
754255
754257
754258
754426
754428
754429
754430
754431
754432
754433
754434
754435
754436
754437
754438
754439
754440
754441
754442
754443
754444
754445
754446
754620
754622
754623
754625
754626
754628
754629
754630
754631
754632
754634
754637
754822
766192
766195
766198
766199
766201
766202
766204
766205
766207
766208
766210
766211
766213
766214
766216
766217
766219
766220
766222
766223
766226
766389
766392
766393
766395
766396
766398
766399
766401
766402
766404
766405
766407
766408
766410
766411
766413
766414
766583
766586
766589
766590
766592
766593
766595
766596
766598
766599
766601
766602
766605
766780
766783
766786
766787
766789
766790
766792
766977
898176
898238
898239
898240
898301
898302
898303
898304
898364
898365
898366
898367
898368
898428
898429
898430
898431
898432
898491
898492
898493
898494
898495
898496
898555
898556
898557
898558
898559
898560
898619
898620
898621
898622
898623
898624
898683
898684
898685
898686
898687
898688
898748
898749
898750
898751
898752
898812
898813
898814
898815
898816
898876
898877
898878
898879
898880
898942
898943
766194
766197
766200
766203
766206
766209
766212
766215
766218
766221
766224
766227
766391
766394
766397
766400
766403
766406
766409
766412
766415
766418
766585
766588
766591
766594
766597
766600
766603
766606
766782
766785
766788
766791
766794
766797
766979
766982
717562
-717752
-717754
-693255
-693258
705411
705414
705416
705417
-705421
-705424
-705427
-705603
-705606
-705609
-705612
717583
717585
717586
717759
717762
717765
717768
717770
717771
-717775
-717778
-717951
-717954
-717957
-717960
-717963
-729715
-729717
729719
729745
-729750
-729909
729913
729916
729934
729936
729937
-730106
-730108
730110
730113
730116
730119
730121
730122
-730126
-730305
-730308
-730311
-730314
-741872
741876
741879
741908
741909
-742069
-742071
742073
742096
742097
-742263
742267
742270
742284
742285
-742289
-742460
-742462
742464
742467
742470
742472
742473
-742477
-742662
-754032
-754034
754036
754069
-754226
754230
754233
754256
-754423
-754425
754427
754447
754448
-754617
754621
754624
754627
754633
754635
754636
-754817
-754819
754820
754821
-766189
766193
766196
-766386
766390
-766580
766584
766587
-766777
766781
766784
766793
766796
-766974
766978
766980
766981
-693249
-693252
-705403
-705404
-705406
705408
-705597
-705600
-717558
-717560
717756
754068
754070
754449
766225
766416
766417
766604
766795
)


// ************************************************************************* //
