/*--------------------------------*- C++ -*----------------------------------*\
  =========                 |
  \\      /  F ield         | OpenFOAM: The Open Source CFD Toolbox
   \\    /   O peration     | Website:  https://openfoam.org
    \\  /    A nd           | Version:  6
     \\/     M anipulation  |
\*---------------------------------------------------------------------------*/
FoamFile
{
    version     2.0;
    format      ascii;
    class       faceList;
    location    "constant/region733/polyMesh";
    object      faces;
}
// * * * * * * * * * * * * * * * * * * * * * * * * * * * * * * * * * * * * * //


569
(
4(1 6 23 13)
4(12 13 23 22)
4(2 7 24 14)
4(13 14 24 23)
4(3 8 25 15)
4(14 15 25 24)
4(15 16 26 25)
4(11 21 50 39)
4(38 39 50 49)
4(12 22 51 40)
4(21 50 51 22)
4(39 40 51 50)
4(13 23 52 41)
4(22 51 52 23)
4(40 41 52 51)
4(14 24 53 42)
4(23 52 53 24)
4(41 42 53 52)
4(15 25 54 43)
4(24 53 54 25)
4(42 43 54 53)
4(16 26 55 44)
4(25 54 55 26)
4(43 44 55 54)
4(17 27 56 45)
4(26 55 56 27)
4(44 45 56 55)
4(18 28 57 46)
4(45 46 57 56)
4(46 47 58 57)
4(22 31 61 51)
4(50 51 61 60)
4(23 32 62 52)
4(51 52 62 61)
4(24 33 63 53)
4(52 53 63 62)
4(25 34 64 54)
4(53 54 64 63)
4(26 35 65 55)
4(54 55 65 64)
4(55 56 66 65)
4(38 49 90 77)
4(76 77 90 89)
4(39 50 91 78)
4(49 90 91 50)
4(77 78 91 90)
4(40 51 92 79)
4(50 91 92 51)
4(78 79 92 91)
4(41 52 93 80)
4(51 92 93 52)
4(79 80 93 92)
4(42 53 94 81)
4(52 93 94 53)
4(80 81 94 93)
4(43 54 95 82)
4(53 94 95 54)
4(81 82 95 94)
4(44 55 96 83)
4(54 95 96 55)
4(82 83 96 95)
4(45 56 97 84)
4(55 96 97 56)
4(83 84 97 96)
4(46 57 98 85)
4(56 97 98 57)
4(84 85 98 97)
4(57 98 99 58)
4(85 86 99 98)
4(50 60 102 91)
4(90 91 102 101)
4(51 61 103 92)
4(91 92 103 102)
4(52 62 104 93)
4(61 103 104 62)
4(92 93 104 103)
4(53 63 105 94)
4(62 104 105 63)
4(93 94 105 104)
4(54 64 106 95)
4(63 105 106 64)
4(94 95 106 105)
4(55 65 107 96)
4(64 106 107 65)
4(95 96 107 106)
4(56 66 108 97)
4(65 107 108 66)
4(96 97 108 107)
4(57 67 109 98)
4(97 98 109 108)
4(98 99 110 109)
4(62 70 113 104)
4(103 104 113 112)
4(63 71 114 105)
4(104 105 114 113)
4(64 72 115 106)
4(105 106 115 114)
4(65 73 116 107)
4(106 107 116 115)
4(107 108 117 116)
4(76 89 138 125)
4(124 125 138 137)
4(77 90 139 126)
4(125 126 139 138)
4(78 91 140 127)
4(90 139 140 91)
4(126 127 140 139)
4(79 92 141 128)
4(91 140 141 92)
4(127 128 141 140)
4(80 93 142 129)
4(92 141 142 93)
4(128 129 142 141)
4(81 94 143 130)
4(93 142 143 94)
4(129 130 143 142)
4(82 95 144 131)
4(94 143 144 95)
4(130 131 144 143)
4(83 96 145 132)
4(95 144 145 96)
4(131 132 145 144)
4(84 97 146 133)
4(96 145 146 97)
4(132 133 146 145)
4(85 98 147 134)
4(97 146 147 98)
4(133 134 147 146)
4(86 99 148 135)
4(98 147 148 99)
4(134 135 148 147)
4(135 136 149 148)
4(91 102 152 140)
4(139 140 152 151)
4(92 103 153 141)
4(102 152 153 103)
4(140 141 153 152)
4(93 104 154 142)
4(103 153 154 104)
4(141 142 154 153)
4(94 105 155 143)
4(104 154 155 105)
4(142 143 155 154)
4(95 106 156 144)
4(105 155 156 106)
4(143 144 156 155)
4(96 107 157 145)
4(106 156 157 107)
4(144 145 157 156)
4(97 108 158 146)
4(107 157 158 108)
4(145 146 158 157)
4(98 109 159 147)
4(108 158 159 109)
4(146 147 159 158)
4(147 148 160 159)
4(103 112 162 153)
4(152 153 162 161)
4(104 113 163 154)
4(153 154 163 162)
4(105 114 164 155)
4(113 163 164 114)
4(154 155 164 163)
4(106 115 165 156)
4(114 164 165 115)
4(155 156 165 164)
4(107 116 166 157)
4(115 165 166 116)
4(156 157 166 165)
4(108 117 167 158)
4(116 166 167 117)
4(157 158 167 166)
4(158 159 168 167)
4(114 120 172 164)
4(163 164 172 171)
4(115 121 173 165)
4(164 165 173 172)
4(116 122 174 166)
4(165 166 174 173)
4(166 167 175 174)
4(125 138 195 181)
4(180 181 195 194)
4(126 139 196 182)
4(138 195 196 139)
4(181 182 196 195)
4(127 140 197 183)
4(139 196 197 140)
4(182 183 197 196)
4(128 141 198 184)
4(140 197 198 141)
4(183 184 198 197)
4(129 142 199 185)
4(141 198 199 142)
4(184 185 199 198)
4(130 143 200 186)
4(142 199 200 143)
4(185 186 200 199)
4(131 144 201 187)
4(143 200 201 144)
4(186 187 201 200)
4(132 145 202 188)
4(144 201 202 145)
4(187 188 202 201)
4(133 146 203 189)
4(145 202 203 146)
4(188 189 203 202)
4(134 147 204 190)
4(146 203 204 147)
4(189 190 204 203)
4(135 148 205 191)
4(147 204 205 148)
4(190 191 205 204)
4(139 151 208 196)
4(195 196 208 207)
4(140 152 209 197)
4(196 197 209 208)
4(141 153 210 198)
4(152 209 210 153)
4(197 198 210 209)
4(142 154 211 199)
4(153 210 211 154)
4(198 199 211 210)
4(143 155 212 200)
4(154 211 212 155)
4(199 200 212 211)
4(144 156 213 201)
4(155 212 213 156)
4(200 201 213 212)
4(145 157 214 202)
4(156 213 214 157)
4(201 202 214 213)
4(146 158 215 203)
4(157 214 215 158)
4(202 203 215 214)
4(147 159 216 204)
4(158 215 216 159)
4(203 204 216 215)
4(159 216 217 160)
4(204 205 217 216)
4(153 162 220 210)
4(209 210 220 219)
4(154 163 221 211)
4(162 220 221 163)
4(210 211 221 220)
4(155 164 222 212)
4(163 221 222 164)
4(211 212 222 221)
4(156 165 223 213)
4(164 222 223 165)
4(212 213 223 222)
4(157 166 224 214)
4(165 223 224 166)
4(213 214 224 223)
4(158 167 225 215)
4(166 224 225 167)
4(214 215 225 224)
4(159 168 226 216)
4(167 225 226 168)
4(215 216 226 225)
4(163 171 229 221)
4(220 221 229 228)
4(164 172 230 222)
4(221 222 230 229)
4(165 173 231 223)
4(222 223 231 230)
4(166 174 232 224)
4(173 231 232 174)
4(223 224 232 231)
4(167 175 233 225)
4(224 225 233 232)
4(225 226 234 233)
4(231 232 237 236)
4(180 194 252 239)
4(181 195 253 240)
4(182 196 254 241)
4(195 253 254 196)
4(183 197 255 242)
4(196 254 255 197)
4(184 198 256 243)
4(197 255 256 198)
4(185 199 257 244)
4(198 256 257 199)
4(186 200 258 245)
4(199 257 258 200)
4(187 201 259 246)
4(200 258 259 201)
4(188 202 260 247)
4(201 259 260 202)
4(189 203 261 248)
4(202 260 261 203)
4(190 204 262 249)
4(203 261 262 204)
4(204 262 263 205)
4(196 208 265 254)
4(197 209 266 255)
4(208 265 266 209)
4(198 210 267 256)
4(209 266 267 210)
4(199 211 268 257)
4(210 267 268 211)
4(200 212 269 258)
4(211 268 269 212)
4(201 213 270 259)
4(212 269 270 213)
4(202 214 271 260)
4(213 270 271 214)
4(203 215 272 261)
4(214 271 272 215)
4(204 216 273 262)
4(215 272 273 216)
4(209 219 276 266)
4(210 220 277 267)
4(211 221 278 268)
4(220 277 278 221)
4(212 222 279 269)
4(221 278 279 222)
4(213 223 280 270)
4(222 279 280 223)
4(214 224 281 271)
4(223 280 281 224)
4(215 225 282 272)
4(224 281 282 225)
4(225 282 283 226)
4(221 229 285 278)
4(222 230 286 279)
4(223 231 287 280)
4(230 286 287 231)
4(224 232 288 281)
4(231 287 288 232)
4(225 233 289 282)
4(231 236 292 287)
4(179 180 239 238)
4(75 76 125 124)
4(124 125 181 180)
4(180 181 240 239)
4(37 38 77 76)
4(76 77 126 125)
4(125 126 182 181)
4(181 182 241 240)
4(10 11 39 38)
4(38 39 78 77)
4(77 78 127 126)
4(126 127 183 182)
4(182 183 242 241)
4(11 12 40 39)
4(39 40 79 78)
4(78 79 128 127)
4(127 128 184 183)
4(183 184 243 242)
4(0 1 13 12)
4(12 13 41 40)
4(40 41 80 79)
4(79 80 129 128)
4(128 129 185 184)
4(184 185 244 243)
4(1 2 14 13)
4(13 14 42 41)
4(41 42 81 80)
4(80 81 130 129)
4(129 130 186 185)
4(185 186 245 244)
4(2 3 15 14)
4(14 15 43 42)
4(42 43 82 81)
4(81 82 131 130)
4(130 131 187 186)
4(186 187 246 245)
4(3 4 16 15)
4(15 16 44 43)
4(43 44 83 82)
4(82 83 132 131)
4(131 132 188 187)
4(187 188 247 246)
4(16 17 45 44)
4(44 45 84 83)
4(83 84 133 132)
4(132 133 189 188)
4(188 189 248 247)
4(17 18 46 45)
4(45 46 85 84)
4(84 85 134 133)
4(133 134 190 189)
4(189 190 249 248)
4(18 19 47 46)
4(46 47 86 85)
4(85 86 135 134)
4(134 135 191 190)
4(190 191 250 249)
4(86 87 136 135)
4(135 136 192 191)
4(238 239 252 251)
4(239 240 253 252)
4(240 241 254 253)
4(241 242 255 254)
4(242 243 256 255)
4(243 244 257 256)
4(244 245 258 257)
4(245 246 259 258)
4(246 247 260 259)
4(247 248 261 260)
4(248 249 262 261)
4(249 250 263 262)
4(253 254 265 264)
4(254 255 266 265)
4(255 256 267 266)
4(256 257 268 267)
4(257 258 269 268)
4(258 259 270 269)
4(259 260 271 270)
4(260 261 272 271)
4(261 262 273 272)
4(262 263 274 273)
4(265 266 276 275)
4(266 267 277 276)
4(267 268 278 277)
4(268 269 279 278)
4(269 270 280 279)
4(270 271 281 280)
4(271 272 282 281)
4(272 273 283 282)
4(277 278 285 284)
4(278 279 286 285)
4(279 280 287 286)
4(280 281 288 287)
4(281 282 289 288)
4(282 283 290 289)
4(286 287 292 291)
4(287 288 293 292)
4(20 49 50 21)
4(21 50 60 30)
4(49 59 60 50)
4(2 7 8 3)
4(3 8 9 4)
4(6 23 24 7)
4(7 24 25 8)
4(4 9 26 16)
4(8 25 26 9)
4(16 26 27 17)
4(17 27 28 18)
4(18 28 29 19)
4(23 32 33 24)
4(24 33 34 25)
4(25 34 35 26)
4(26 35 36 27)
4(27 56 57 28)
4(19 29 58 47)
4(28 57 58 29)
4(31 61 62 32)
4(32 62 63 33)
4(33 63 64 34)
4(34 64 65 35)
4(27 36 66 56)
4(35 65 66 36)
4(56 66 67 57)
4(57 67 68 58)
4(61 69 70 62)
4(62 70 71 63)
4(63 71 72 64)
4(64 72 73 65)
4(65 73 74 66)
4(37 76 89 48)
4(75 88 89 76)
4(48 89 90 49)
4(47 58 99 86)
4(86 99 100 87)
4(49 90 101 59)
4(59 101 102 60)
4(60 102 103 61)
4(66 108 109 67)
4(58 68 110 99)
4(67 109 110 68)
4(61 103 112 69)
4(102 111 112 103)
4(69 112 113 70)
4(70 113 114 71)
4(71 114 115 72)
4(72 115 116 73)
4(66 74 117 108)
4(73 116 117 74)
4(108 117 118 109)
4(113 119 120 114)
4(114 120 121 115)
4(115 121 122 116)
4(116 122 123 117)
4(75 124 137 88)
4(88 137 138 89)
4(89 138 139 90)
4(87 100 149 136)
4(99 148 149 100)
4(90 139 151 101)
4(138 150 151 139)
4(101 151 152 102)
4(99 110 160 148)
4(109 159 160 110)
4(102 152 161 111)
4(111 161 162 112)
4(112 162 163 113)
4(109 118 168 159)
4(117 167 168 118)
4(159 168 169 160)
4(113 163 171 119)
4(162 170 171 163)
4(119 171 172 120)
4(120 172 173 121)
4(121 173 174 122)
4(117 123 175 167)
4(122 174 175 123)
4(167 175 176 168)
4(173 177 178 174)
4(124 180 194 137)
4(179 193 194 180)
4(137 194 195 138)
4(148 205 206 149)
4(138 195 207 150)
4(150 207 208 151)
4(151 208 209 152)
4(148 160 217 205)
4(152 209 219 161)
4(208 218 219 209)
4(161 219 220 162)
4(160 169 227 217)
4(168 226 227 169)
4(162 220 228 170)
4(170 228 229 171)
4(171 229 230 172)
4(172 230 231 173)
4(174 232 233 175)
4(168 176 234 226)
4(175 233 234 176)
4(173 231 236 177)
4(230 235 236 231)
4(174 178 237 232)
4(177 236 237 178)
4(179 238 251 193)
4(193 251 252 194)
4(194 252 253 195)
4(195 253 264 207)
4(207 264 265 208)
4(208 265 275 218)
4(218 275 276 219)
4(219 276 277 220)
4(220 277 284 228)
4(228 284 285 229)
4(229 285 286 230)
4(232 288 289 233)
4(233 289 290 234)
4(230 286 291 235)
4(235 291 292 236)
4(232 237 293 288)
4(236 292 293 237)
4(0 5 6 1)
4(1 6 7 2)
4(10 20 21 11)
4(0 12 22 5)
4(11 21 22 12)
4(5 22 23 6)
4(21 30 31 22)
4(22 31 32 23)
4(10 38 49 20)
4(37 48 49 38)
4(30 60 61 31)
4(136 149 206 192)
4(191 192 206 205)
4(216 217 227 226)
4(191 205 263 250)
4(205 217 274 263)
4(216 273 274 217)
4(216 226 283 273)
4(226 234 290 283)
)


// ************************************************************************* //
