/*--------------------------------*- C++ -*----------------------------------*\
  =========                 |
  \\      /  F ield         | OpenFOAM: The Open Source CFD Toolbox
   \\    /   O peration     | Website:  https://openfoam.org
    \\  /    A nd           | Version:  6
     \\/     M anipulation  |
\*---------------------------------------------------------------------------*/
FoamFile
{
    version     2.0;
    format      ascii;
    class       labelList;
    note        "nPoints:294  nCells:150  nFaces:569  nInternalFaces:331";
    location    "constant/region733/polyMesh";
    object      neighbour;
}
// * * * * * * * * * * * * * * * * * * * * * * * * * * * * * * * * * * * * * //


331
(
1
6
2
7
3
8
9
5
20
6
13
21
7
14
22
8
15
23
9
16
24
10
17
25
11
18
26
12
27
28
14
30
15
31
16
32
17
33
18
34
35
20
44
21
29
45
22
30
46
23
31
47
24
32
48
25
33
49
26
34
50
27
35
51
28
36
52
37
53
30
55
31
56
32
38
57
33
39
58
34
40
59
35
41
60
36
42
61
37
62
63
39
65
40
66
41
67
42
68
69
44
75
45
76
46
55
77
47
56
78
48
57
79
49
58
80
50
59
81
51
60
82
52
61
83
53
62
84
54
63
85
86
56
88
57
64
89
58
65
90
59
66
91
60
67
92
61
68
93
62
69
94
63
70
95
96
65
97
66
98
67
71
99
68
72
100
69
73
101
70
74
102
103
72
106
73
107
74
108
109
76
113
77
87
114
78
88
115
79
89
116
80
90
117
81
91
118
82
92
119
83
93
120
84
94
121
85
95
122
86
96
123
88
124
89
125
90
97
126
91
98
127
92
99
128
93
100
129
94
101
130
95
102
131
96
103
132
104
133
98
135
99
105
136
100
106
137
101
107
138
102
108
139
103
109
140
104
110
141
106
142
107
143
108
144
109
111
145
110
146
147
149
113
114
115
124
116
125
117
126
118
127
119
128
120
129
121
130
122
131
123
132
133
125
126
134
127
135
128
136
129
137
130
138
131
139
132
140
133
141
135
136
137
142
138
143
139
144
140
145
141
146
147
143
144
145
148
146
149
147
149
)


// ************************************************************************* //
