/*--------------------------------*- C++ -*----------------------------------*\
  =========                 |
  \\      /  F ield         | OpenFOAM: The Open Source CFD Toolbox
   \\    /   O peration     | Website:  https://openfoam.org
    \\  /    A nd           | Version:  6
     \\/     M anipulation  |
\*---------------------------------------------------------------------------*/
FoamFile
{
    version     2.0;
    format      ascii;
    class       labelList;
    note        "nPoints:294  nCells:150  nFaces:569  nInternalFaces:331";
    location    "constant/region733/polyMesh";
    object      owner;
}
// * * * * * * * * * * * * * * * * * * * * * * * * * * * * * * * * * * * * * //


569
(
0
0
1
1
2
2
3
4
4
5
5
5
6
6
6
7
7
7
8
8
8
9
9
9
10
10
10
11
11
12
13
13
14
14
15
15
16
16
17
17
18
19
19
20
20
20
21
21
21
22
22
22
23
23
23
24
24
24
25
25
25
26
26
26
27
27
27
28
28
29
29
30
30
31
31
31
32
32
32
33
33
33
34
34
34
35
35
35
36
36
37
38
38
39
39
40
40
41
41
42
43
43
44
44
45
45
45
46
46
46
47
47
47
48
48
48
49
49
49
50
50
50
51
51
51
52
52
52
53
53
53
54
55
55
56
56
56
57
57
57
58
58
58
59
59
59
60
60
60
61
61
61
62
62
62
63
64
64
65
65
66
66
66
67
67
67
68
68
68
69
69
69
70
71
71
72
72
73
73
74
75
75
76
76
76
77
77
77
78
78
78
79
79
79
80
80
80
81
81
81
82
82
82
83
83
83
84
84
84
85
85
85
87
87
88
88
89
89
89
90
90
90
91
91
91
92
92
92
93
93
93
94
94
94
95
95
95
96
96
97
97
98
98
98
99
99
99
100
100
100
101
101
101
102
102
102
103
103
103
105
105
106
106
107
107
108
108
108
109
109
110
111
112
113
114
114
115
115
116
116
117
117
118
118
119
119
120
120
121
121
122
122
123
124
125
125
126
126
127
127
128
128
129
129
130
130
131
131
132
132
134
135
136
136
137
137
138
138
139
139
140
140
141
142
143
144
144
145
145
146
148
112
43
75
113
19
44
76
114
4
20
45
77
115
5
21
46
78
116
0
6
22
47
79
117
1
7
23
48
80
118
2
8
24
49
81
119
3
9
25
50
82
120
10
26
51
83
121
11
27
52
84
122
12
28
53
85
123
54
86
112
113
114
115
116
117
118
119
120
121
122
123
124
125
126
127
128
129
130
131
132
133
134
135
136
137
138
139
140
141
142
143
144
145
146
147
148
149
4
13
29
2
3
1
2
3
3
10
11
12
15
16
17
18
11
12
12
14
15
16
17
18
18
36
37
38
39
40
41
42
19
43
19
28
54
29
29
30
36
37
37
38
64
38
39
40
41
42
42
70
71
72
73
74
43
43
44
54
54
55
87
55
63
63
64
64
65
70
70
104
71
105
71
72
73
74
74
110
111
75
112
75
86
87
87
88
96
97
134
97
104
104
105
105
106
107
109
110
110
111
148
111
111
112
112
113
124
124
134
134
135
142
142
143
146
147
148
148
149
149
0
1
4
0
5
0
13
14
4
19
13
86
86
104
123
133
133
141
147
)


// ************************************************************************* //
