/*--------------------------------*- C++ -*----------------------------------*\
  =========                 |
  \\      /  F ield         | OpenFOAM: The Open Source CFD Toolbox
   \\    /   O peration     | Website:  https://openfoam.org
    \\  /    A nd           | Version:  6
     \\/     M anipulation  |
\*---------------------------------------------------------------------------*/
FoamFile
{
    version     2.0;
    format      ascii;
    class       vectorField;
    location    "constant/region733/polyMesh";
    object      points;
}
// * * * * * * * * * * * * * * * * * * * * * * * * * * * * * * * * * * * * * //


294
(
(2.73e-06 0 3.77e-06)
(2.795e-06 0 3.77e-06)
(2.860000000000001e-06 0 3.769999999999999e-06)
(2.925e-06 0 3.77e-06)
(2.99e-06 0 3.77e-06)
(2.73e-06 6.5e-08 3.769999999999999e-06)
(2.795e-06 6.5e-08 3.77e-06)
(2.86e-06 6.5e-08 3.77e-06)
(2.925e-06 6.5e-08 3.770000000000001e-06)
(2.99e-06 6.5e-08 3.77e-06)
(2.6e-06 0 3.835000000000001e-06)
(2.665e-06 0 3.835000000000001e-06)
(2.73e-06 0 3.835e-06)
(2.795e-06 0 3.835e-06)
(2.860000000000001e-06 0 3.835000000000001e-06)
(2.925e-06 0 3.835e-06)
(2.99e-06 0 3.835e-06)
(3.055e-06 0 3.835000000000001e-06)
(3.119999999999999e-06 0 3.835e-06)
(3.185e-06 0 3.835e-06)
(2.6e-06 6.5e-08 3.835000000000001e-06)
(2.665e-06 6.5e-08 3.835000000000001e-06)
(2.73e-06 6.5e-08 3.835e-06)
(2.795e-06 6.5e-08 3.835000000000001e-06)
(2.86e-06 6.5e-08 3.835000000000001e-06)
(2.925e-06 6.5e-08 3.835e-06)
(2.99e-06 6.5e-08 3.835000000000001e-06)
(3.055e-06 6.5e-08 3.835000000000001e-06)
(3.120000000000001e-06 6.5e-08 3.835000000000001e-06)
(3.185e-06 6.5e-08 3.835e-06)
(2.665e-06 1.3e-07 3.835000000000001e-06)
(2.73e-06 1.3e-07 3.835000000000001e-06)
(2.795e-06 1.3e-07 3.835e-06)
(2.860000000000001e-06 1.3e-07 3.835000000000001e-06)
(2.925e-06 1.3e-07 3.835000000000001e-06)
(2.99e-06 1.3e-07 3.835e-06)
(3.055e-06 1.3e-07 3.835000000000001e-06)
(2.535e-06 0 3.9e-06)
(2.6e-06 0 3.9e-06)
(2.665e-06 0 3.9e-06)
(2.73e-06 0 3.9e-06)
(2.795e-06 0 3.9e-06)
(2.860000000000001e-06 0 3.9e-06)
(2.925e-06 0 3.9e-06)
(2.99e-06 0 3.9e-06)
(3.055e-06 0 3.9e-06)
(3.119999999999999e-06 0 3.9e-06)
(3.185e-06 0 3.9e-06)
(2.535e-06 6.5e-08 3.9e-06)
(2.6e-06 6.5e-08 3.9e-06)
(2.665e-06 6.500000000000001e-08 3.9e-06)
(2.73e-06 6.5e-08 3.900000000000001e-06)
(2.795e-06 6.5e-08 3.9e-06)
(2.86e-06 6.5e-08 3.9e-06)
(2.924999999999999e-06 6.5e-08 3.9e-06)
(2.99e-06 6.5e-08 3.9e-06)
(3.055e-06 6.5e-08 3.900000000000001e-06)
(3.120000000000001e-06 6.5e-08 3.9e-06)
(3.185e-06 6.5e-08 3.9e-06)
(2.6e-06 1.3e-07 3.9e-06)
(2.665e-06 1.3e-07 3.9e-06)
(2.73e-06 1.3e-07 3.9e-06)
(2.795e-06 1.3e-07 3.900000000000001e-06)
(2.860000000000001e-06 1.3e-07 3.9e-06)
(2.925e-06 1.3e-07 3.9e-06)
(2.99e-06 1.3e-07 3.9e-06)
(3.055e-06 1.3e-07 3.9e-06)
(3.119999999999999e-06 1.3e-07 3.900000000000001e-06)
(3.185e-06 1.3e-07 3.9e-06)
(2.73e-06 1.95e-07 3.9e-06)
(2.795e-06 1.95e-07 3.9e-06)
(2.860000000000001e-06 1.95e-07 3.9e-06)
(2.925e-06 1.95e-07 3.9e-06)
(2.99e-06 1.95e-07 3.9e-06)
(3.055e-06 1.95e-07 3.9e-06)
(2.47e-06 0 3.965000000000001e-06)
(2.535e-06 0 3.965e-06)
(2.6e-06 0 3.964999999999999e-06)
(2.665e-06 0 3.965e-06)
(2.73e-06 0 3.964999999999999e-06)
(2.795e-06 0 3.964999999999999e-06)
(2.860000000000001e-06 0 3.965e-06)
(2.925e-06 0 3.965000000000001e-06)
(2.99e-06 0 3.965e-06)
(3.055e-06 0 3.964999999999999e-06)
(3.119999999999999e-06 0 3.965e-06)
(3.185e-06 0 3.964999999999999e-06)
(3.25e-06 0 3.964999999999999e-06)
(2.47e-06 6.5e-08 3.964999999999999e-06)
(2.535e-06 6.5e-08 3.965e-06)
(2.6e-06 6.5e-08 3.965e-06)
(2.665e-06 6.5e-08 3.965e-06)
(2.73e-06 6.5e-08 3.965e-06)
(2.795e-06 6.5e-08 3.965e-06)
(2.86e-06 6.5e-08 3.965e-06)
(2.925e-06 6.5e-08 3.965000000000001e-06)
(2.99e-06 6.5e-08 3.965e-06)
(3.055e-06 6.5e-08 3.965e-06)
(3.120000000000001e-06 6.5e-08 3.965e-06)
(3.185e-06 6.5e-08 3.965e-06)
(3.25e-06 6.5e-08 3.964999999999999e-06)
(2.6e-06 1.3e-07 3.964999999999999e-06)
(2.665e-06 1.3e-07 3.964999999999999e-06)
(2.73e-06 1.3e-07 3.964999999999999e-06)
(2.795e-06 1.3e-07 3.964999999999999e-06)
(2.860000000000001e-06 1.3e-07 3.965e-06)
(2.925e-06 1.3e-07 3.964999999999999e-06)
(2.99e-06 1.3e-07 3.964999999999999e-06)
(3.055e-06 1.3e-07 3.964999999999999e-06)
(3.119999999999999e-06 1.3e-07 3.965e-06)
(3.185e-06 1.3e-07 3.964999999999999e-06)
(2.665e-06 1.95e-07 3.964999999999999e-06)
(2.73e-06 1.95e-07 3.965e-06)
(2.795e-06 1.95e-07 3.964999999999999e-06)
(2.860000000000001e-06 1.95e-07 3.964999999999999e-06)
(2.925e-06 1.95e-07 3.965e-06)
(2.99e-06 1.95e-07 3.965e-06)
(3.055e-06 1.95e-07 3.964999999999999e-06)
(3.120000000000001e-06 1.95e-07 3.964999999999999e-06)
(2.795e-06 2.6e-07 3.965e-06)
(2.860000000000001e-06 2.6e-07 3.964999999999999e-06)
(2.925e-06 2.6e-07 3.964999999999999e-06)
(2.99e-06 2.6e-07 3.965e-06)
(3.055e-06 2.6e-07 3.965e-06)
(2.47e-06 0 4.03e-06)
(2.535e-06 0 4.03e-06)
(2.6e-06 0 4.03e-06)
(2.665e-06 0 4.03e-06)
(2.73e-06 0 4.03e-06)
(2.795e-06 0 4.03e-06)
(2.860000000000001e-06 0 4.03e-06)
(2.925e-06 0 4.03e-06)
(2.99e-06 0 4.03e-06)
(3.055e-06 0 4.03e-06)
(3.119999999999999e-06 0 4.03e-06)
(3.185e-06 0 4.03e-06)
(3.25e-06 0 4.03e-06)
(2.47e-06 6.5e-08 4.03e-06)
(2.535e-06 6.5e-08 4.03e-06)
(2.6e-06 6.5e-08 4.03e-06)
(2.665e-06 6.5e-08 4.03e-06)
(2.73e-06 6.5e-08 4.03e-06)
(2.795e-06 6.5e-08 4.03e-06)
(2.86e-06 6.5e-08 4.03e-06)
(2.924999999999999e-06 6.500000000000001e-08 4.03e-06)
(2.99e-06 6.5e-08 4.03e-06)
(3.055e-06 6.5e-08 4.03e-06)
(3.120000000000001e-06 6.5e-08 4.03e-06)
(3.185e-06 6.5e-08 4.03e-06)
(3.25e-06 6.5e-08 4.03e-06)
(2.535e-06 1.3e-07 4.03e-06)
(2.6e-06 1.3e-07 4.03e-06)
(2.665e-06 1.3e-07 4.03e-06)
(2.73e-06 1.3e-07 4.03e-06)
(2.795e-06 1.3e-07 4.03e-06)
(2.860000000000001e-06 1.3e-07 4.03e-06)
(2.925e-06 1.3e-07 4.03e-06)
(2.99e-06 1.3e-07 4.03e-06)
(3.055e-06 1.3e-07 4.03e-06)
(3.119999999999999e-06 1.3e-07 4.03e-06)
(3.185e-06 1.3e-07 4.03e-06)
(2.665e-06 1.95e-07 4.03e-06)
(2.73e-06 1.95e-07 4.03e-06)
(2.795e-06 1.95e-07 4.03e-06)
(2.860000000000001e-06 1.95e-07 4.03e-06)
(2.925e-06 1.95e-07 4.03e-06)
(2.99e-06 1.95e-07 4.03e-06)
(3.055e-06 1.95e-07 4.03e-06)
(3.120000000000001e-06 1.95e-07 4.03e-06)
(3.185e-06 1.95e-07 4.03e-06)
(2.73e-06 2.6e-07 4.03e-06)
(2.795e-06 2.6e-07 4.03e-06)
(2.860000000000001e-06 2.6e-07 4.03e-06)
(2.925e-06 2.600000000000001e-07 4.03e-06)
(2.99e-06 2.6e-07 4.03e-06)
(3.055e-06 2.6e-07 4.03e-06)
(3.120000000000001e-06 2.6e-07 4.03e-06)
(2.925e-06 3.25e-07 4.03e-06)
(2.99e-06 3.25e-07 4.03e-06)
(2.405e-06 0 4.095000000000001e-06)
(2.47e-06 0 4.095e-06)
(2.535e-06 0 4.095e-06)
(2.6e-06 0 4.095e-06)
(2.665e-06 0 4.095e-06)
(2.73e-06 0 4.095e-06)
(2.795e-06 0 4.095e-06)
(2.860000000000001e-06 0 4.095e-06)
(2.925e-06 0 4.095e-06)
(2.99e-06 0 4.095e-06)
(3.055e-06 0 4.095e-06)
(3.119999999999999e-06 0 4.095e-06)
(3.185e-06 0 4.095e-06)
(3.25e-06 0 4.095e-06)
(2.405e-06 6.500000000000001e-08 4.095000000000001e-06)
(2.47e-06 6.5e-08 4.095000000000001e-06)
(2.535e-06 6.5e-08 4.095000000000001e-06)
(2.6e-06 6.5e-08 4.095000000000001e-06)
(2.665e-06 6.5e-08 4.095e-06)
(2.73e-06 6.5e-08 4.095e-06)
(2.795e-06 6.5e-08 4.095e-06)
(2.86e-06 6.5e-08 4.095e-06)
(2.925e-06 6.5e-08 4.095e-06)
(2.99e-06 6.5e-08 4.095e-06)
(3.055e-06 6.5e-08 4.095e-06)
(3.120000000000001e-06 6.5e-08 4.095e-06)
(3.185e-06 6.5e-08 4.095e-06)
(3.25e-06 6.5e-08 4.095000000000001e-06)
(2.535e-06 1.3e-07 4.095000000000001e-06)
(2.6e-06 1.3e-07 4.095e-06)
(2.665e-06 1.3e-07 4.095000000000001e-06)
(2.73e-06 1.3e-07 4.095000000000001e-06)
(2.795e-06 1.3e-07 4.095e-06)
(2.860000000000001e-06 1.3e-07 4.095000000000001e-06)
(2.925e-06 1.3e-07 4.095000000000001e-06)
(2.99e-06 1.3e-07 4.095e-06)
(3.055e-06 1.3e-07 4.095000000000001e-06)
(3.119999999999999e-06 1.3e-07 4.095000000000001e-06)
(3.185e-06 1.3e-07 4.095e-06)
(2.6e-06 1.95e-07 4.095000000000001e-06)
(2.665e-06 1.95e-07 4.095000000000001e-06)
(2.73e-06 1.95e-07 4.095e-06)
(2.795e-06 1.95e-07 4.095e-06)
(2.860000000000001e-06 1.95e-07 4.095000000000001e-06)
(2.925e-06 1.95e-07 4.095e-06)
(2.99e-06 1.95e-07 4.095e-06)
(3.055e-06 1.95e-07 4.095e-06)
(3.120000000000001e-06 1.95e-07 4.095000000000001e-06)
(3.185e-06 1.95e-07 4.095e-06)
(2.73e-06 2.6e-07 4.095000000000001e-06)
(2.795e-06 2.6e-07 4.095e-06)
(2.860000000000001e-06 2.6e-07 4.095000000000001e-06)
(2.925e-06 2.6e-07 4.095000000000001e-06)
(2.99e-06 2.6e-07 4.095e-06)
(3.055e-06 2.6e-07 4.095000000000001e-06)
(3.120000000000001e-06 2.6e-07 4.095e-06)
(2.86e-06 3.25e-07 4.095000000000001e-06)
(2.925e-06 3.25e-07 4.095000000000001e-06)
(2.99e-06 3.25e-07 4.095000000000001e-06)
(2.405e-06 0 4.16e-06)
(2.47e-06 0 4.16e-06)
(2.535e-06 0 4.16e-06)
(2.6e-06 0 4.16e-06)
(2.665e-06 0 4.16e-06)
(2.73e-06 0 4.16e-06)
(2.795e-06 0 4.16e-06)
(2.860000000000001e-06 0 4.16e-06)
(2.925e-06 0 4.16e-06)
(2.99e-06 0 4.16e-06)
(3.055e-06 0 4.16e-06)
(3.119999999999999e-06 0 4.16e-06)
(3.185e-06 0 4.16e-06)
(2.405e-06 6.500000000000001e-08 4.16e-06)
(2.47e-06 6.5e-08 4.160000000000001e-06)
(2.535e-06 6.5e-08 4.16e-06)
(2.6e-06 6.5e-08 4.159999999999999e-06)
(2.665e-06 6.5e-08 4.159999999999999e-06)
(2.73e-06 6.5e-08 4.16e-06)
(2.795e-06 6.5e-08 4.16e-06)
(2.86e-06 6.5e-08 4.159999999999999e-06)
(2.925e-06 6.5e-08 4.16e-06)
(2.99e-06 6.5e-08 4.16e-06)
(3.055e-06 6.5e-08 4.16e-06)
(3.120000000000001e-06 6.5e-08 4.159999999999999e-06)
(3.185e-06 6.5e-08 4.159999999999999e-06)
(2.535e-06 1.3e-07 4.160000000000001e-06)
(2.6e-06 1.3e-07 4.160000000000001e-06)
(2.665e-06 1.3e-07 4.160000000000001e-06)
(2.73e-06 1.3e-07 4.16e-06)
(2.795e-06 1.3e-07 4.16e-06)
(2.860000000000001e-06 1.3e-07 4.160000000000001e-06)
(2.925e-06 1.3e-07 4.160000000000001e-06)
(2.99e-06 1.3e-07 4.16e-06)
(3.055e-06 1.3e-07 4.16e-06)
(3.119999999999999e-06 1.3e-07 4.160000000000001e-06)
(3.185e-06 1.3e-07 4.160000000000001e-06)
(2.6e-06 1.95e-07 4.159999999999999e-06)
(2.665e-06 1.95e-07 4.16e-06)
(2.73e-06 1.95e-07 4.16e-06)
(2.795e-06 1.95e-07 4.16e-06)
(2.860000000000001e-06 1.95e-07 4.16e-06)
(2.925e-06 1.95e-07 4.16e-06)
(2.99e-06 1.95e-07 4.16e-06)
(3.055e-06 1.95e-07 4.16e-06)
(3.120000000000001e-06 1.95e-07 4.16e-06)
(2.73e-06 2.6e-07 4.159999999999999e-06)
(2.795e-06 2.6e-07 4.16e-06)
(2.860000000000001e-06 2.6e-07 4.160000000000001e-06)
(2.925e-06 2.6e-07 4.160000000000001e-06)
(2.99e-06 2.6e-07 4.16e-06)
(3.055e-06 2.6e-07 4.159999999999999e-06)
(3.120000000000001e-06 2.6e-07 4.16e-06)
(2.86e-06 3.25e-07 4.16e-06)
(2.925e-06 3.25e-07 4.16e-06)
(2.99e-06 3.25e-07 4.16e-06)
)


// ************************************************************************* //
