/*--------------------------------*- C++ -*----------------------------------*\
  =========                 |
  \\      /  F ield         | OpenFOAM: The Open Source CFD Toolbox
   \\    /   O peration     | Website:  https://openfoam.org
    \\  /    A nd           | Version:  6
     \\/     M anipulation  |
\*---------------------------------------------------------------------------*/
FoamFile
{
    version     2.0;
    format      ascii;
    class       labelList;
    location    "constant/region733/polyMesh";
    object      pointRegionAddressing;
}
// * * * * * * * * * * * * * * * * * * * * * * * * * * * * * * * * * * * * * //


294
(
245092
245093
245094
245095
245096
245157
245158
245159
245160
245161
249315
249316
249317
249318
249319
249320
249321
249322
249323
249324
249380
249381
249382
249383
249384
249385
249386
249387
249388
249389
249446
249447
249448
249449
249450
249451
249452
253539
253540
253541
253542
253543
253544
253545
253546
253547
253548
253549
253604
253605
253606
253607
253608
253609
253610
253611
253612
253613
253614
253670
253671
253672
253673
253674
253675
253676
253677
253678
253679
253737
253738
253739
253740
253741
253742
257763
257764
257765
257766
257767
257768
257769
257770
257771
257772
257773
257774
257775
257828
257829
257830
257831
257832
257833
257834
257835
257836
257837
257838
257839
257840
257895
257896
257897
257898
257899
257900
257901
257902
257903
257904
257961
257962
257963
257964
257965
257966
257967
257968
258028
258029
258030
258031
258032
261988
261989
261990
261991
261992
261993
261994
261995
261996
261997
261998
261999
262000
262053
262054
262055
262056
262057
262058
262059
262060
262061
262062
262063
262064
262065
262119
262120
262121
262122
262123
262124
262125
262126
262127
262128
262129
262186
262187
262188
262189
262190
262191
262192
262193
262194
262252
262253
262254
262255
262256
262257
262258
262320
262321
266212
266213
266214
266215
266216
266217
266218
266219
266220
266221
266222
266223
266224
266225
266277
266278
266279
266280
266281
266282
266283
266284
266285
266286
266287
266288
266289
266290
266344
266345
266346
266347
266348
266349
266350
266351
266352
266353
266354
266410
266411
266412
266413
266414
266415
266416
266417
266418
266419
266477
266478
266479
266480
266481
266482
266483
266544
266545
266546
270437
270438
270439
270440
270441
270442
270443
270444
270445
270446
270447
270448
270449
270502
270503
270504
270505
270506
270507
270508
270509
270510
270511
270512
270513
270514
270569
270570
270571
270572
270573
270574
270575
270576
270577
270578
270579
270635
270636
270637
270638
270639
270640
270641
270642
270643
270702
270703
270704
270705
270706
270707
270708
270769
270770
270771
)


// ************************************************************************* //
