/*--------------------------------*- C++ -*----------------------------------*\
  =========                 |
  \\      /  F ield         | OpenFOAM: The Open Source CFD Toolbox
   \\    /   O peration     | Website:  https://openfoam.org
    \\  /    A nd           | Version:  6
     \\/     M anipulation  |
\*---------------------------------------------------------------------------*/
FoamFile
{
    version     2.0;
    format      ascii;
    class       faceList;
    location    "constant/region7/polyMesh";
    object      faces;
}
// * * * * * * * * * * * * * * * * * * * * * * * * * * * * * * * * * * * * * //


87
(
4(1 4 23 20)
4(3 22 23 4)
4(19 20 23 22)
4(4 23 24 5)
4(20 21 24 23)
4(4 9 28 23)
4(5 10 29 24)
4(9 28 29 10)
4(23 24 29 28)
4(6 11 30 25)
4(10 29 30 11)
4(24 25 30 29)
4(11 30 31 12)
4(10 15 34 29)
4(28 29 34 33)
4(11 16 35 30)
4(29 30 35 34)
4(12 17 36 31)
4(20 23 48 45)
4(23 48 49 24)
4(24 29 52 49)
4(28 51 52 29)
4(29 52 53 30)
4(29 34 55 52)
4(33 54 55 34)
4(39 58 59 40)
4(39 42 61 58)
4(0 3 4 1)
4(3 8 9 4)
4(1 4 5 2)
4(4 9 10 5)
4(9 14 15 10)
4(5 10 11 6)
4(10 15 16 11)
4(6 11 12 7)
4(11 16 17 12)
4(12 17 18 13)
4(0 1 20 19)
4(1 2 21 20)
4(0 19 22 3)
4(6 7 26 25)
4(3 22 27 8)
4(8 27 28 9)
4(7 12 31 26)
4(25 26 31 30)
4(12 13 32 31)
4(9 28 33 14)
4(14 33 34 15)
4(15 34 35 16)
4(16 35 36 17)
4(30 31 36 35)
4(13 18 37 32)
4(17 36 37 18)
4(31 32 37 36)
4(33 39 40 34)
4(38 41 42 39)
4(39 42 43 40)
4(19 20 45 44)
4(20 21 46 45)
4(19 44 47 22)
4(21 24 49 46)
4(24 25 50 49)
4(25 30 53 50)
4(49 50 53 52)
4(30 35 56 53)
4(34 55 56 35)
4(52 53 56 55)
4(34 40 59 55)
4(54 55 59 58)
4(38 57 60 41)
4(41 60 61 42)
4(57 58 61 60)
4(40 43 62 59)
4(42 61 62 43)
4(58 59 62 61)
4(2 5 24 21)
4(5 6 25 24)
4(22 23 28 27)
4(22 47 48 23)
4(44 45 48 47)
4(45 46 49 48)
4(23 48 51 28)
4(48 49 52 51)
4(28 51 54 33)
4(51 52 55 54)
4(33 54 58 39)
4(38 39 58 57)
)


// ************************************************************************* //
