/*--------------------------------*- C++ -*----------------------------------*\
  =========                 |
  \\      /  F ield         | OpenFOAM: The Open Source CFD Toolbox
   \\    /   O peration     | Website:  https://openfoam.org
    \\  /    A nd           | Version:  6
     \\/     M anipulation  |
\*---------------------------------------------------------------------------*/
FoamFile
{
    version     2.0;
    format      ascii;
    class       faceList;
    location    "constant/region554/polyMesh";
    object      faces;
}
// * * * * * * * * * * * * * * * * * * * * * * * * * * * * * * * * * * * * * //


121
(
4(5 46 47 6)
4(3 10 51 44)
4(9 50 51 10)
4(4 11 52 45)
4(10 51 52 11)
4(5 12 53 46)
4(11 52 53 12)
4(6 13 54 47)
4(12 53 54 13)
4(7 14 55 48)
4(13 54 55 14)
4(14 55 56 15)
4(10 19 60 51)
4(18 59 60 19)
4(11 20 61 52)
4(19 60 61 20)
4(12 21 62 53)
4(20 61 62 21)
4(13 22 63 54)
4(21 62 63 22)
4(14 23 64 55)
4(22 63 64 23)
4(15 24 65 56)
4(23 64 65 24)
4(16 25 66 57)
4(24 65 66 25)
4(19 28 69 60)
4(20 29 70 61)
4(28 69 70 29)
4(21 30 71 62)
4(29 70 71 30)
4(22 31 72 63)
4(30 71 72 31)
4(23 32 73 64)
4(31 72 73 32)
4(24 33 74 65)
4(32 73 74 33)
4(29 36 77 70)
4(30 37 78 71)
4(31 38 79 72)
4(32 39 80 73)
4(0 5 6 1)
4(2 9 10 3)
4(3 10 11 4)
4(4 11 12 5)
4(5 12 13 6)
4(6 13 14 7)
4(7 14 15 8)
4(9 18 19 10)
4(10 19 20 11)
4(11 20 21 12)
4(12 21 22 13)
4(13 22 23 14)
4(14 23 24 15)
4(15 24 25 16)
4(16 25 26 17)
4(19 28 29 20)
4(20 29 30 21)
4(21 30 31 22)
4(22 31 32 23)
4(23 32 33 24)
4(24 33 34 25)
4(29 36 37 30)
4(30 37 38 31)
4(31 38 39 32)
4(0 1 42 41)
4(2 3 44 43)
4(3 4 45 44)
4(0 41 46 5)
4(4 5 46 45)
4(1 6 47 42)
4(6 7 48 47)
4(7 8 49 48)
4(8 15 56 49)
4(15 16 57 56)
4(16 17 58 57)
4(41 42 47 46)
4(43 44 51 50)
4(44 45 52 51)
4(45 46 53 52)
4(46 47 54 53)
4(47 48 55 54)
4(48 49 56 55)
4(50 51 60 59)
4(51 52 61 60)
4(52 53 62 61)
4(53 54 63 62)
4(54 55 64 63)
4(55 56 65 64)
4(56 57 66 65)
4(57 58 67 66)
4(59 60 69 68)
4(60 61 70 69)
4(61 62 71 70)
4(62 63 72 71)
4(63 64 73 72)
4(64 65 74 73)
4(65 66 75 74)
4(69 70 77 76)
4(70 71 78 77)
4(71 72 79 78)
4(72 73 80 79)
4(73 74 81 80)
4(18 27 28 19)
4(28 35 36 29)
4(32 39 40 33)
4(2 43 50 9)
4(9 50 59 18)
4(17 26 67 58)
4(25 66 67 26)
4(18 59 68 27)
4(27 68 69 28)
4(25 34 75 66)
4(33 74 75 34)
4(28 69 76 35)
4(35 76 77 36)
4(36 77 78 37)
4(37 78 79 38)
4(38 79 80 39)
4(33 40 81 74)
4(39 80 81 40)
)


// ************************************************************************* //
