/*--------------------------------*- C++ -*----------------------------------*\
  =========                 |
  \\      /  F ield         | OpenFOAM: The Open Source CFD Toolbox
   \\    /   O peration     | Website:  https://openfoam.org
    \\  /    A nd           | Version:  6
     \\/     M anipulation  |
\*---------------------------------------------------------------------------*/
FoamFile
{
    version     2.0;
    format      ascii;
    class       vectorField;
    location    "constant/region554/polyMesh";
    object      points;
}
// * * * * * * * * * * * * * * * * * * * * * * * * * * * * * * * * * * * * * //


82
(
(3.185e-06 2.6e-06 4.095e-06)
(3.25e-06 2.6e-06 4.095e-06)
(2.99e-06 2.665e-06 4.095000000000001e-06)
(3.055e-06 2.665e-06 4.095e-06)
(3.119999999999999e-06 2.665e-06 4.095e-06)
(3.185e-06 2.664999999999999e-06 4.095e-06)
(3.25e-06 2.665e-06 4.095e-06)
(3.315e-06 2.664999999999999e-06 4.095e-06)
(3.38e-06 2.665e-06 4.095000000000001e-06)
(2.99e-06 2.73e-06 4.095000000000001e-06)
(3.055000000000001e-06 2.73e-06 4.095e-06)
(3.119999999999999e-06 2.73e-06 4.095e-06)
(3.185e-06 2.73e-06 4.095e-06)
(3.25e-06 2.73e-06 4.095000000000001e-06)
(3.315e-06 2.73e-06 4.095e-06)
(3.38e-06 2.73e-06 4.095000000000001e-06)
(3.445e-06 2.73e-06 4.095e-06)
(3.51e-06 2.73e-06 4.095000000000001e-06)
(2.99e-06 2.795e-06 4.095e-06)
(3.055e-06 2.795e-06 4.095000000000001e-06)
(3.119999999999999e-06 2.795e-06 4.095000000000001e-06)
(3.185e-06 2.795e-06 4.095e-06)
(3.25e-06 2.795e-06 4.095000000000001e-06)
(3.315e-06 2.795e-06 4.095000000000001e-06)
(3.38e-06 2.795e-06 4.095e-06)
(3.445e-06 2.795e-06 4.095e-06)
(3.51e-06 2.795e-06 4.095e-06)
(2.99e-06 2.86e-06 4.095e-06)
(3.055000000000001e-06 2.860000000000001e-06 4.095000000000001e-06)
(3.119999999999999e-06 2.860000000000001e-06 4.095e-06)
(3.185e-06 2.86e-06 4.095e-06)
(3.25e-06 2.860000000000001e-06 4.095e-06)
(3.315e-06 2.86e-06 4.095e-06)
(3.38e-06 2.86e-06 4.095000000000001e-06)
(3.445e-06 2.86e-06 4.095e-06)
(3.055e-06 2.925e-06 4.095e-06)
(3.119999999999999e-06 2.925e-06 4.095e-06)
(3.185e-06 2.925e-06 4.095e-06)
(3.25e-06 2.925e-06 4.095e-06)
(3.315e-06 2.925e-06 4.095e-06)
(3.38e-06 2.925e-06 4.095000000000001e-06)
(3.185e-06 2.6e-06 4.159999999999999e-06)
(3.25e-06 2.6e-06 4.16e-06)
(2.99e-06 2.665e-06 4.16e-06)
(3.055e-06 2.665e-06 4.159999999999999e-06)
(3.119999999999999e-06 2.665e-06 4.159999999999999e-06)
(3.185e-06 2.665e-06 4.16e-06)
(3.25e-06 2.665e-06 4.16e-06)
(3.315e-06 2.664999999999999e-06 4.159999999999999e-06)
(3.38e-06 2.665e-06 4.160000000000001e-06)
(2.99e-06 2.73e-06 4.16e-06)
(3.055e-06 2.73e-06 4.159999999999999e-06)
(3.119999999999999e-06 2.73e-06 4.159999999999999e-06)
(3.185e-06 2.73e-06 4.160000000000001e-06)
(3.25e-06 2.73e-06 4.16e-06)
(3.315e-06 2.73e-06 4.16e-06)
(3.38e-06 2.73e-06 4.16e-06)
(3.445e-06 2.73e-06 4.16e-06)
(3.51e-06 2.73e-06 4.16e-06)
(2.99e-06 2.795e-06 4.16e-06)
(3.055e-06 2.795e-06 4.16e-06)
(3.119999999999999e-06 2.795e-06 4.16e-06)
(3.185e-06 2.795e-06 4.16e-06)
(3.25e-06 2.795e-06 4.16e-06)
(3.315e-06 2.795e-06 4.16e-06)
(3.38e-06 2.795e-06 4.16e-06)
(3.445e-06 2.795e-06 4.16e-06)
(3.51e-06 2.795e-06 4.16e-06)
(2.99e-06 2.86e-06 4.16e-06)
(3.055e-06 2.860000000000001e-06 4.160000000000001e-06)
(3.119999999999999e-06 2.86e-06 4.159999999999999e-06)
(3.185e-06 2.86e-06 4.16e-06)
(3.25e-06 2.86e-06 4.16e-06)
(3.315e-06 2.86e-06 4.159999999999999e-06)
(3.38e-06 2.860000000000001e-06 4.160000000000001e-06)
(3.445e-06 2.860000000000001e-06 4.16e-06)
(3.055e-06 2.925e-06 4.16e-06)
(3.119999999999999e-06 2.925e-06 4.159999999999999e-06)
(3.185e-06 2.925e-06 4.16e-06)
(3.25e-06 2.925e-06 4.16e-06)
(3.315e-06 2.925e-06 4.159999999999999e-06)
(3.38e-06 2.925e-06 4.160000000000001e-06)
)


// ************************************************************************* //
