/*--------------------------------*- C++ -*----------------------------------*\
  =========                 |
  \\      /  F ield         | OpenFOAM: The Open Source CFD Toolbox
   \\    /   O peration     | Website:  https://openfoam.org
    \\  /    A nd           | Version:  6
     \\/     M anipulation  |
\*---------------------------------------------------------------------------*/
FoamFile
{
    version     2.0;
    format      ascii;
    class       labelList;
    location    "constant/region773/polyMesh";
    object      faceRegionAddressing;
}
// * * * * * * * * * * * * * * * * * * * * * * * * * * * * * * * * * * * * * //


627
(
737230
737231
737232
737233
737234
737235
737236
737237
737238
737239
737240
737421
737423
737424
737425
737426
737427
737428
737429
737430
737431
737615
737617
737618
737619
737620
737622
737811
749005
749006
749007
749008
749009
749010
749011
749012
749013
749014
749015
749016
749017
749018
749193
749194
749195
749196
749197
749198
749199
749200
749201
749202
749203
749204
749205
749206
749207
749208
749209
749384
749385
749386
749387
749388
749389
749390
749391
749392
749393
749394
749395
749396
749397
749398
749399
749400
749575
749577
749578
749579
749580
749581
749582
749583
749584
749585
749586
749587
749588
749589
749590
749591
749769
749771
749772
749773
749774
749775
749776
749777
749778
749779
749780
749781
749782
749963
749965
749966
749968
749969
749970
749971
749972
749973
750160
750162
750164
760786
760787
760788
760789
760790
760791
760792
760793
760794
760795
760796
760971
760972
760973
760974
760975
760976
760977
760978
760979
760980
760981
760982
760983
760984
760985
760986
760987
761159
761160
761161
761162
761163
761164
761165
761166
761167
761168
761169
761170
761171
761172
761173
761174
761175
761176
761177
761178
761347
761349
761350
761351
761352
761353
761354
761355
761356
761357
761358
761359
761360
761361
761362
761363
761364
761365
761366
761367
761368
761369
761541
761543
761544
761545
761546
761547
761548
761549
761550
761551
761552
761553
761554
761555
761556
761557
761558
761559
761560
761735
761736
761737
761738
761739
761740
761741
761742
761743
761744
761745
761746
761747
761748
761749
761750
761751
761926
761928
761929
761930
761931
761932
761933
761934
761935
761936
761937
761938
761939
761940
761941
761942
762120
762122
762123
762125
762126
762127
762128
762129
762130
762131
762132
762133
762317
762319
762320
762322
762323
762324
762515
772752
772753
772755
772756
772758
772759
772761
772762
772764
772937
772938
772940
772941
772943
772944
772946
772947
772949
772950
772952
772953
772955
773125
773126
773128
773129
773131
773132
773134
773135
773137
773138
773140
773141
773143
773144
773146
773316
773317
773319
773320
773322
773323
773325
773326
773328
773329
773331
773332
773334
773335
773337
773507
773508
773510
773511
773513
773514
773516
773517
773519
773520
773522
773523
773525
773526
773528
773698
773701
773702
773704
773705
773707
773708
773710
773711
773713
773714
773716
773717
773719
773892
773895
773896
773898
773899
773901
773902
773904
773905
773907
773908
773910
774086
774089
774090
774092
774093
774095
774096
774098
774099
774101
774280
774283
774284
774286
774287
774289
774290
774292
774474
774477
774480
774481
774483
774671
913832
913833
913834
913894
913895
913896
913897
913898
913899
913900
913956
913957
913958
913959
913960
913961
913962
913963
913964
913965
914019
914020
914021
914022
914023
914024
914025
914026
914027
914028
914029
772754
772757
772760
772763
772765
772939
772942
772945
772948
772951
772954
772956
773127
773130
773133
773136
773139
773142
773145
773147
773318
773321
773324
773327
773330
773333
773336
773338
773509
773512
773515
773518
773521
773524
773527
773529
773700
773703
773706
773709
773712
773715
773718
773720
773894
773897
773900
773903
773906
773909
773911
774088
774091
774094
774097
774100
774102
774282
774285
774288
774291
774293
774476
774479
774482
774484
774673
774675
749964
749576
-749766
-749768
761348
-761538
-761540
-761344
-773122
-773313
-773504
-773695
-725072
-725075
-725078
-725080
-725263
-725266
-725269
-725457
-725651
-736847
-736850
-736853
-736856
-736858
-737035
-737038
-737040
-737041
-737043
-737044
-737046
-737047
-737048
-737049
-737226
-737227
-737229
-737417
-737418
-737420
737422
-737611
-737612
-737614
737616
-737805
-737806
-737808
737810
-738002
-748628
-748631
-748634
-748636
-748813
-748815
-748816
-748818
-748819
-748821
-748822
-748824
-748825
-748826
-748827
-749001
-749002
-749003
-749004
-749189
-749190
-749192
-749381
-749383
-749572
749770
-749960
-749962
749967
-750157
-750159
750161
750163
-750355
-760594
-760596
-760597
-760599
-760600
-760602
-760603
-760604
-760605
-760779
-760781
-760782
-760783
-760784
-760785
-760967
-760968
-760969
-760970
-761156
-761157
-761158
761542
-761732
-761734
-761923
761927
-762117
762121
762124
-762314
-762316
762318
762321
-762511
-762513
762514
-772562
-772565
-772568
-772571
-772573
-772747
-772749
-772750
-772934
-772935
773893
-774083
774087
-774277
774281
-774471
774475
774478
-774668
774672
774674
-725271
-725460
-725462
737621
737809
-737813
-738004
773699
-773889
)


// ************************************************************************* //
