/*--------------------------------*- C++ -*----------------------------------*\
  =========                 |
  \\      /  F ield         | OpenFOAM: The Open Source CFD Toolbox
   \\    /   O peration     | Website:  https://openfoam.org
    \\  /    A nd           | Version:  6
     \\/     M anipulation  |
\*---------------------------------------------------------------------------*/
FoamFile
{
    version     2.0;
    format      ascii;
    class       faceList;
    location    "constant/region773/polyMesh";
    object      faces;
}
// * * * * * * * * * * * * * * * * * * * * * * * * * * * * * * * * * * * * * //


627
(
4(1 6 44 37)
4(5 43 44 6)
4(36 37 44 43)
4(2 7 45 38)
4(6 44 45 7)
4(37 38 45 44)
4(3 8 46 39)
4(7 45 46 8)
4(38 39 46 45)
4(8 46 47 9)
4(39 40 47 46)
4(6 11 51 44)
4(43 44 51 50)
4(7 12 52 45)
4(11 51 52 12)
4(44 45 52 51)
4(8 13 53 46)
4(12 52 53 13)
4(45 46 53 52)
4(13 53 54 14)
4(46 47 54 53)
4(12 16 58 52)
4(51 52 58 57)
4(13 17 59 53)
4(16 58 59 17)
4(52 53 59 58)
4(53 54 60 59)
4(58 59 64 63)
4(22 29 93 84)
4(28 92 93 29)
4(83 84 93 92)
4(23 30 94 85)
4(29 93 94 30)
4(84 85 94 93)
4(24 31 95 86)
4(30 94 95 31)
4(85 86 95 94)
4(25 32 96 87)
4(31 95 96 32)
4(86 87 96 95)
4(32 96 97 33)
4(87 88 97 96)
4(28 35 101 92)
4(34 100 101 35)
4(91 92 101 100)
4(29 36 102 93)
4(35 101 102 36)
4(92 93 102 101)
4(30 37 103 94)
4(36 102 103 37)
4(93 94 103 102)
4(31 38 104 95)
4(37 103 104 38)
4(94 95 104 103)
4(32 39 105 96)
4(38 104 105 39)
4(95 96 105 104)
4(39 105 106 40)
4(96 97 106 105)
4(35 42 109 101)
4(41 108 109 42)
4(100 101 109 108)
4(36 43 110 102)
4(42 109 110 43)
4(101 102 110 109)
4(37 44 111 103)
4(43 110 111 44)
4(102 103 111 110)
4(38 45 112 104)
4(44 111 112 45)
4(103 104 112 111)
4(39 46 113 105)
4(45 112 113 46)
4(104 105 113 112)
4(46 113 114 47)
4(105 106 114 113)
4(42 49 116 109)
4(108 109 116 115)
4(43 50 117 110)
4(49 116 117 50)
4(109 110 117 116)
4(44 51 118 111)
4(50 117 118 51)
4(110 111 118 117)
4(45 52 119 112)
4(51 118 119 52)
4(111 112 119 118)
4(46 53 120 113)
4(52 119 120 53)
4(112 113 120 119)
4(53 120 121 54)
4(113 114 121 120)
4(50 56 124 117)
4(116 117 124 123)
4(51 57 125 118)
4(56 124 125 57)
4(117 118 125 124)
4(52 58 126 119)
4(57 125 126 58)
4(118 119 126 125)
4(53 59 127 120)
4(58 126 127 59)
4(119 120 127 126)
4(59 127 128 60)
4(120 121 128 127)
4(57 62 131 125)
4(124 125 131 130)
4(58 63 132 126)
4(125 126 132 131)
4(59 64 133 127)
4(63 132 133 64)
4(126 127 133 132)
4(64 133 134 65)
4(127 128 134 133)
4(64 67 137 133)
4(132 133 137 136)
4(133 134 138 137)
4(70 77 160 151)
4(76 159 160 77)
4(150 151 160 159)
4(71 78 161 152)
4(77 160 161 78)
4(151 152 161 160)
4(72 79 162 153)
4(78 161 162 79)
4(152 153 162 161)
4(79 162 163 80)
4(153 154 163 162)
4(75 83 167 158)
4(82 166 167 83)
4(157 158 167 166)
4(76 84 168 159)
4(83 167 168 84)
4(158 159 168 167)
4(77 85 169 160)
4(84 168 169 85)
4(159 160 169 168)
4(78 86 170 161)
4(85 169 170 86)
4(160 161 170 169)
4(79 87 171 162)
4(86 170 171 87)
4(161 162 171 170)
4(87 171 172 88)
4(162 163 172 171)
4(82 91 175 166)
4(90 174 175 91)
4(165 166 175 174)
4(83 92 176 167)
4(91 175 176 92)
4(166 167 176 175)
4(84 93 177 168)
4(92 176 177 93)
4(167 168 177 176)
4(85 94 178 169)
4(93 177 178 94)
4(168 169 178 177)
4(86 95 179 170)
4(94 178 179 95)
4(169 170 179 178)
4(87 96 180 171)
4(95 179 180 96)
4(170 171 180 179)
4(96 180 181 97)
4(171 172 181 180)
4(90 99 183 174)
4(173 174 183 182)
4(91 100 184 175)
4(99 183 184 100)
4(174 175 184 183)
4(92 101 185 176)
4(100 184 185 101)
4(175 176 185 184)
4(93 102 186 177)
4(101 185 186 102)
4(176 177 186 185)
4(94 103 187 178)
4(102 186 187 103)
4(177 178 187 186)
4(95 104 188 179)
4(103 187 188 104)
4(178 179 188 187)
4(96 105 189 180)
4(104 188 189 105)
4(179 180 189 188)
4(105 189 190 106)
4(180 181 190 189)
4(100 108 193 184)
4(183 184 193 192)
4(101 109 194 185)
4(108 193 194 109)
4(184 185 194 193)
4(102 110 195 186)
4(109 194 195 110)
4(185 186 195 194)
4(103 111 196 187)
4(110 195 196 111)
4(186 187 196 195)
4(104 112 197 188)
4(111 196 197 112)
4(187 188 197 196)
4(105 113 198 189)
4(112 197 198 113)
4(188 189 198 197)
4(113 198 199 114)
4(189 190 199 198)
4(109 116 202 194)
4(115 201 202 116)
4(193 194 202 201)
4(110 117 203 195)
4(116 202 203 117)
4(194 195 203 202)
4(111 118 204 196)
4(117 203 204 118)
4(195 196 204 203)
4(112 119 205 197)
4(118 204 205 119)
4(196 197 205 204)
4(113 120 206 198)
4(119 205 206 120)
4(197 198 206 205)
4(120 206 207 121)
4(198 199 207 206)
4(116 123 209 202)
4(201 202 209 208)
4(117 124 210 203)
4(123 209 210 124)
4(202 203 210 209)
4(118 125 211 204)
4(124 210 211 125)
4(203 204 211 210)
4(119 126 212 205)
4(125 211 212 126)
4(204 205 212 211)
4(120 127 213 206)
4(126 212 213 127)
4(205 206 213 212)
4(127 213 214 128)
4(206 207 214 213)
4(124 130 216 210)
4(209 210 216 215)
4(125 131 217 211)
4(210 211 217 216)
4(126 132 218 212)
4(131 217 218 132)
4(211 212 218 217)
4(127 133 219 213)
4(132 218 219 133)
4(212 213 219 218)
4(133 219 220 134)
4(213 214 220 219)
4(132 136 223 218)
4(217 218 223 222)
4(133 137 224 219)
4(218 219 224 223)
4(137 224 225 138)
4(219 220 225 224)
4(224 225 228 227)
4(142 150 238 230)
4(149 237 238 150)
4(143 151 239 231)
4(150 238 239 151)
4(144 152 240 232)
4(151 239 240 152)
4(145 153 241 233)
4(152 240 241 153)
4(153 241 242 154)
4(148 157 245 236)
4(156 244 245 157)
4(149 158 246 237)
4(157 245 246 158)
4(150 159 247 238)
4(158 246 247 159)
4(151 160 248 239)
4(159 247 248 160)
4(152 161 249 240)
4(160 248 249 161)
4(153 162 250 241)
4(161 249 250 162)
4(162 250 251 163)
4(156 165 253 244)
4(164 252 253 165)
4(157 166 254 245)
4(165 253 254 166)
4(158 167 255 246)
4(166 254 255 167)
4(159 168 256 247)
4(167 255 256 168)
4(160 169 257 248)
4(168 256 257 169)
4(161 170 258 249)
4(169 257 258 170)
4(162 171 259 250)
4(170 258 259 171)
4(171 259 260 172)
4(165 174 262 253)
4(173 261 262 174)
4(166 175 263 254)
4(174 262 263 175)
4(167 176 264 255)
4(175 263 264 176)
4(168 177 265 256)
4(176 264 265 177)
4(169 178 266 257)
4(177 265 266 178)
4(170 179 267 258)
4(178 266 267 179)
4(171 180 268 259)
4(179 267 268 180)
4(180 268 269 181)
4(174 183 271 262)
4(182 270 271 183)
4(175 184 272 263)
4(183 271 272 184)
4(176 185 273 264)
4(184 272 273 185)
4(177 186 274 265)
4(185 273 274 186)
4(178 187 275 266)
4(186 274 275 187)
4(179 188 276 267)
4(187 275 276 188)
4(180 189 277 268)
4(188 276 277 189)
4(189 277 278 190)
4(183 192 280 271)
4(184 193 281 272)
4(192 280 281 193)
4(185 194 282 273)
4(193 281 282 194)
4(186 195 283 274)
4(194 282 283 195)
4(187 196 284 275)
4(195 283 284 196)
4(188 197 285 276)
4(196 284 285 197)
4(189 198 286 277)
4(197 285 286 198)
4(198 286 287 199)
4(193 201 289 281)
4(194 202 290 282)
4(201 289 290 202)
4(195 203 291 283)
4(202 290 291 203)
4(196 204 292 284)
4(203 291 292 204)
4(197 205 293 285)
4(204 292 293 205)
4(198 206 294 286)
4(205 293 294 206)
4(206 294 295 207)
4(202 209 297 290)
4(203 210 298 291)
4(209 297 298 210)
4(204 211 299 292)
4(210 298 299 211)
4(205 212 300 293)
4(211 299 300 212)
4(206 213 301 294)
4(212 300 301 213)
4(213 301 302 214)
4(210 216 304 298)
4(211 217 305 299)
4(216 304 305 217)
4(212 218 306 300)
4(217 305 306 218)
4(213 219 307 301)
4(218 306 307 219)
4(219 307 308 220)
4(217 222 310 305)
4(218 223 311 306)
4(219 224 312 307)
4(223 311 312 224)
4(224 312 313 225)
4(224 227 315 312)
4(4 9 47 40)
4(9 14 54 47)
4(14 18 60 54)
4(26 33 97 88)
4(33 40 106 97)
4(40 47 114 106)
4(47 54 121 114)
4(54 60 128 121)
4(60 65 134 128)
4(65 68 138 134)
4(73 80 163 154)
4(80 88 172 163)
4(88 97 181 172)
4(97 106 190 181)
4(106 114 199 190)
4(114 121 207 199)
4(121 128 214 207)
4(128 134 220 214)
4(134 138 225 220)
4(138 140 228 225)
4(146 154 242 234)
4(154 163 251 242)
4(163 172 260 251)
4(172 181 269 260)
4(181 190 278 269)
4(190 199 287 278)
4(199 207 295 287)
4(207 214 302 295)
4(214 220 308 302)
4(220 225 313 308)
4(225 228 316 313)
4(229 230 238 237)
4(230 231 239 238)
4(231 232 240 239)
4(232 233 241 240)
4(233 234 242 241)
4(235 236 245 244)
4(236 237 246 245)
4(237 238 247 246)
4(238 239 248 247)
4(239 240 249 248)
4(240 241 250 249)
4(241 242 251 250)
4(243 244 253 252)
4(244 245 254 253)
4(245 246 255 254)
4(246 247 256 255)
4(247 248 257 256)
4(248 249 258 257)
4(249 250 259 258)
4(250 251 260 259)
4(252 253 262 261)
4(253 254 263 262)
4(254 255 264 263)
4(255 256 265 264)
4(256 257 266 265)
4(257 258 267 266)
4(258 259 268 267)
4(259 260 269 268)
4(261 262 271 270)
4(262 263 272 271)
4(263 264 273 272)
4(264 265 274 273)
4(265 266 275 274)
4(266 267 276 275)
4(267 268 277 276)
4(268 269 278 277)
4(270 271 280 279)
4(271 272 281 280)
4(272 273 282 281)
4(273 274 283 282)
4(274 275 284 283)
4(275 276 285 284)
4(276 277 286 285)
4(277 278 287 286)
4(280 281 289 288)
4(281 282 290 289)
4(282 283 291 290)
4(283 284 292 291)
4(284 285 293 292)
4(285 286 294 293)
4(286 287 295 294)
4(289 290 297 296)
4(290 291 298 297)
4(291 292 299 298)
4(292 293 300 299)
4(293 294 301 300)
4(294 295 302 301)
4(297 298 304 303)
4(298 299 305 304)
4(299 300 306 305)
4(300 301 307 306)
4(301 302 308 307)
4(304 305 310 309)
4(305 306 311 310)
4(306 307 312 311)
4(307 308 313 312)
4(311 312 315 314)
4(312 313 316 315)
4(61 130 131 62)
4(48 115 116 49)
4(49 116 123 55)
4(115 122 123 116)
4(98 182 183 99)
4(99 183 192 107)
4(182 191 192 183)
4(89 173 182 98)
4(155 243 252 164)
4(164 252 261 173)
4(173 261 270 182)
4(182 270 279 191)
4(0 5 6 1)
4(1 6 7 2)
4(2 7 8 3)
4(3 8 9 4)
4(5 10 11 6)
4(6 11 12 7)
4(7 12 13 8)
4(11 15 16 12)
4(16 19 20 17)
4(21 28 29 22)
4(22 29 30 23)
4(23 30 31 24)
4(24 31 32 25)
4(25 32 33 26)
4(27 34 35 28)
4(28 35 36 29)
4(0 1 37 36)
4(29 36 37 30)
4(1 2 38 37)
4(30 37 38 31)
4(2 3 39 38)
4(31 38 39 32)
4(3 4 40 39)
4(32 39 40 33)
4(34 41 42 35)
4(0 36 43 5)
4(35 42 43 36)
4(41 48 49 42)
4(5 43 50 10)
4(42 49 50 43)
4(10 50 51 11)
4(49 55 56 50)
4(11 51 57 15)
4(50 56 57 51)
4(15 57 58 16)
4(56 61 62 57)
4(16 58 63 19)
4(57 62 63 58)
4(19 63 64 20)
4(63 66 67 64)
4(69 76 77 70)
4(70 77 78 71)
4(71 78 79 72)
4(72 79 80 73)
4(74 82 83 75)
4(21 22 84 83)
4(75 83 84 76)
4(22 23 85 84)
4(76 84 85 77)
4(23 24 86 85)
4(77 85 86 78)
4(24 25 87 86)
4(78 86 87 79)
4(25 26 88 87)
4(79 87 88 80)
4(81 90 91 82)
4(21 83 92 28)
4(27 28 92 91)
4(82 91 92 83)
4(89 98 99 90)
4(27 91 100 34)
4(90 99 100 91)
4(34 100 108 41)
4(99 107 108 100)
4(41 108 115 48)
4(55 123 124 56)
4(56 124 130 61)
4(123 129 130 124)
4(62 131 132 63)
4(63 132 136 66)
4(131 135 136 132)
4(66 136 137 67)
4(67 137 138 68)
4(137 139 140 138)
4(141 149 150 142)
4(69 70 151 150)
4(142 150 151 143)
4(70 71 152 151)
4(143 151 152 144)
4(71 72 153 152)
4(144 152 153 145)
4(72 73 154 153)
4(145 153 154 146)
4(147 156 157 148)
4(74 75 158 157)
4(148 157 158 149)
4(69 150 159 76)
4(75 76 159 158)
4(149 158 159 150)
4(155 164 165 156)
4(74 157 166 82)
4(81 82 166 165)
4(156 165 166 157)
4(81 165 174 90)
4(89 90 174 173)
4(164 173 174 165)
4(107 192 193 108)
4(108 193 201 115)
4(192 200 201 193)
4(115 201 208 122)
4(122 208 209 123)
4(123 209 215 129)
4(129 215 216 130)
4(130 216 217 131)
4(131 217 222 135)
4(216 221 222 217)
4(135 222 223 136)
4(136 223 224 137)
4(137 224 227 139)
4(223 226 227 224)
4(139 227 228 140)
4(141 142 230 229)
4(142 143 231 230)
4(143 144 232 231)
4(144 145 233 232)
4(145 146 234 233)
4(147 148 236 235)
4(141 229 237 149)
4(148 149 237 236)
4(147 235 244 156)
4(155 156 244 243)
4(200 288 289 201)
4(201 289 296 208)
4(208 296 297 209)
4(209 297 303 215)
4(215 303 304 216)
4(216 304 309 221)
4(221 309 310 222)
4(222 310 311 223)
4(223 311 314 226)
4(226 314 315 227)
4(227 315 316 228)
4(8 13 14 9)
4(12 16 17 13)
4(13 17 18 14)
4(17 59 60 18)
4(17 20 64 59)
4(59 64 65 60)
4(64 67 68 65)
4(191 279 280 192)
4(192 280 288 200)
)


// ************************************************************************* //
