/*--------------------------------*- C++ -*----------------------------------*\
  =========                 |
  \\      /  F ield         | OpenFOAM: The Open Source CFD Toolbox
   \\    /   O peration     | Website:  https://openfoam.org
    \\  /    A nd           | Version:  6
     \\/     M anipulation  |
\*---------------------------------------------------------------------------*/
FoamFile
{
    version     2.0;
    format      ascii;
    class       labelList;
    note        "nPoints:317  nCells:167  nFaces:627  nInternalFaces:375";
    location    "constant/region773/polyMesh";
    object      neighbour;
}
// * * * * * * * * * * * * * * * * * * * * * * * * * * * * * * * * * * * * * //


375
(
1
4
25
2
5
26
3
6
27
7
28
5
31
6
8
32
7
9
33
10
34
9
37
10
11
38
39
42
13
18
58
14
19
59
15
20
60
16
21
61
22
62
18
23
65
19
24
66
20
25
67
21
26
68
22
27
69
28
70
24
29
72
25
30
73
26
31
74
27
32
75
28
33
76
34
77
30
78
31
35
79
32
36
80
33
37
81
34
38
82
39
83
36
85
37
40
86
38
41
87
39
42
88
43
89
41
91
42
92
43
44
93
45
94
45
96
97
47
52
107
48
53
108
49
54
109
55
110
51
57
113
52
58
114
53
59
115
54
60
116
55
61
117
62
118
57
64
120
58
65
121
59
66
122
60
67
123
61
68
124
62
69
125
70
126
64
127
65
71
128
66
72
129
67
73
130
68
74
131
69
75
132
70
76
133
77
134
72
136
73
78
137
74
79
138
75
80
139
76
81
140
77
82
141
83
142
79
84
144
80
85
145
81
86
146
82
87
147
83
88
148
89
149
85
150
86
90
151
87
91
152
88
92
153
89
93
154
94
155
91
156
92
157
93
95
158
94
96
159
97
160
96
162
97
163
98
164
166
100
106
101
107
102
108
103
109
110
105
112
106
113
107
114
108
115
109
116
110
117
118
112
119
113
120
114
121
115
122
116
123
117
124
118
125
126
120
127
121
128
122
129
123
130
124
131
125
132
126
133
134
128
135
129
136
130
137
131
138
132
139
133
140
134
141
142
136
137
143
138
144
139
145
140
146
141
147
142
148
149
144
145
150
146
151
147
152
148
153
149
154
155
151
152
156
153
157
154
158
155
159
160
157
158
161
159
162
160
163
164
162
163
164
165
166
166
)


// ************************************************************************* //
