/*--------------------------------*- C++ -*----------------------------------*\
  =========                 |
  \\      /  F ield         | OpenFOAM: The Open Source CFD Toolbox
   \\    /   O peration     | Website:  https://openfoam.org
    \\  /    A nd           | Version:  6
     \\/     M anipulation  |
\*---------------------------------------------------------------------------*/
FoamFile
{
    version     2.0;
    format      ascii;
    class       labelList;
    note        "nPoints:317  nCells:167  nFaces:627  nInternalFaces:375";
    location    "constant/region773/polyMesh";
    object      owner;
}
// * * * * * * * * * * * * * * * * * * * * * * * * * * * * * * * * * * * * * //


627
(
0
0
0
1
1
1
2
2
2
3
3
4
4
5
5
5
6
6
6
7
7
8
8
9
9
9
10
11
12
12
12
13
13
13
14
14
14
15
15
15
16
16
17
17
17
18
18
18
19
19
19
20
20
20
21
21
21
22
22
23
23
23
24
24
24
25
25
25
26
26
26
27
27
27
28
28
29
29
30
30
30
31
31
31
32
32
32
33
33
33
34
34
35
35
36
36
36
37
37
37
38
38
38
39
39
40
40
41
41
42
42
42
43
43
44
44
45
46
46
46
47
47
47
48
48
48
49
49
50
50
50
51
51
51
52
52
52
53
53
53
54
54
54
55
55
56
56
56
57
57
57
58
58
58
59
59
59
60
60
60
61
61
61
62
62
63
63
64
64
64
65
65
65
66
66
66
67
67
67
68
68
68
69
69
69
70
70
71
71
72
72
72
73
73
73
74
74
74
75
75
75
76
76
76
77
77
78
78
78
79
79
79
80
80
80
81
81
81
82
82
82
83
83
84
84
85
85
85
86
86
86
87
87
87
88
88
88
89
89
90
90
91
91
92
92
92
93
93
93
94
94
95
95
96
96
97
97
98
99
99
100
100
101
101
102
102
103
104
104
105
105
106
106
107
107
108
108
109
109
110
111
111
112
112
113
113
114
114
115
115
116
116
117
117
118
119
119
120
120
121
121
122
122
123
123
124
124
125
125
126
127
127
128
128
129
129
130
130
131
131
132
132
133
133
134
135
136
136
137
137
138
138
139
139
140
140
141
141
142
143
144
144
145
145
146
146
147
147
148
148
149
150
151
151
152
152
153
153
154
154
155
156
157
157
158
158
159
159
160
161
162
163
163
164
165
3
7
10
16
22
28
34
39
43
45
49
55
62
70
77
83
89
94
97
98
103
110
118
126
134
142
149
155
160
164
166
99
100
101
102
103
104
105
106
107
108
109
110
111
112
113
114
115
116
117
118
119
120
121
122
123
124
125
126
127
128
129
130
131
132
133
134
135
136
137
138
139
140
141
142
143
144
145
146
147
148
149
150
151
152
153
154
155
156
157
158
159
160
161
162
163
164
165
166
40
29
35
84
63
71
135
63
111
119
127
135
0
1
2
3
4
5
6
8
11
12
13
14
15
16
17
18
0
19
1
20
2
21
3
22
23
0
24
29
4
30
4
35
8
36
8
40
11
41
11
44
46
47
48
49
50
12
51
13
52
14
53
15
54
16
55
56
12
17
57
63
17
64
23
71
29
35
40
90
41
44
95
44
45
98
99
46
100
47
101
48
102
49
103
104
50
105
46
51
106
111
50
56
112
56
63
119
71
78
143
84
84
90
90
91
95
161
95
96
98
165
98
99
100
101
102
103
104
99
105
104
111
143
150
150
156
156
161
161
162
165
165
166
7
9
10
10
11
43
45
135
143
)


// ************************************************************************* //
