/*--------------------------------*- C++ -*----------------------------------*\
  =========                 |
  \\      /  F ield         | OpenFOAM: The Open Source CFD Toolbox
   \\    /   O peration     | Website:  https://openfoam.org
    \\  /    A nd           | Version:  6
     \\/     M anipulation  |
\*---------------------------------------------------------------------------*/
FoamFile
{
    version     2.0;
    format      ascii;
    class       labelList;
    location    "constant/region773/polyMesh";
    object      pointRegionAddressing;
}
// * * * * * * * * * * * * * * * * * * * * * * * * * * * * * * * * * * * * * //


317
(
256095
256096
256097
256098
256099
256160
256161
256162
256163
256164
256225
256226
256227
256228
256229
256291
256292
256293
256294
256357
256358
260189
260190
260191
260192
260193
260194
260253
260254
260255
260256
260257
260258
260259
260318
260319
260320
260321
260322
260323
260324
260383
260384
260385
260386
260387
260388
260389
260448
260449
260450
260451
260452
260453
260454
260514
260515
260516
260517
260518
260519
260580
260581
260582
260583
260584
260647
260648
260649
264285
264286
264287
264288
264289
264348
264349
264350
264351
264352
264353
264354
264412
264413
264414
264415
264416
264417
264418
264419
264476
264477
264478
264479
264480
264481
264482
264483
264484
264541
264542
264543
264544
264545
264546
264547
264548
264549
264607
264608
264609
264610
264611
264612
264613
264614
264673
264674
264675
264676
264677
264678
264679
264738
264739
264740
264741
264742
264743
264744
264804
264805
264806
264807
264808
264809
264871
264872
264873
264874
264938
264939
268444
268445
268446
268447
268448
268449
268507
268508
268509
268510
268511
268512
268513
268514
268571
268572
268573
268574
268575
268576
268577
268578
268579
268636
268637
268638
268639
268640
268641
268642
268643
268644
268701
268702
268703
268704
268705
268706
268707
268708
268709
268766
268767
268768
268769
268770
268771
268772
268773
268774
268831
268832
268833
268834
268835
268836
268837
268838
268839
268897
268898
268899
268900
268901
268902
268903
268904
268963
268964
268965
268966
268967
268968
268969
269029
269030
269031
269032
269033
269034
269095
269096
269097
269098
269099
269162
269163
269164
272669
272670
272671
272672
272673
272674
272732
272733
272734
272735
272736
272737
272738
272739
272796
272797
272798
272799
272800
272801
272802
272803
272804
272861
272862
272863
272864
272865
272866
272867
272868
272869
272926
272927
272928
272929
272930
272931
272932
272933
272934
272991
272992
272993
272994
272995
272996
272997
272998
272999
273056
273057
273058
273059
273060
273061
273062
273063
273064
273122
273123
273124
273125
273126
273127
273128
273129
273188
273189
273190
273191
273192
273193
273194
273254
273255
273256
273257
273258
273259
273320
273321
273322
273323
273324
273387
273388
273389
)


// ************************************************************************* //
