/*--------------------------------*- C++ -*----------------------------------*\
  =========                 |
  \\      /  F ield         | OpenFOAM: The Open Source CFD Toolbox
   \\    /   O peration     | Website:  https://openfoam.org
    \\  /    A nd           | Version:  6
     \\/     M anipulation  |
\*---------------------------------------------------------------------------*/
FoamFile
{
    version     2.0;
    format      ascii;
    class       vectorField;
    location    "constant/region773/polyMesh";
    object      points;
}
// * * * * * * * * * * * * * * * * * * * * * * * * * * * * * * * * * * * * * //


317
(
(3.9e-06 2.535e-06 3.9e-06)
(3.964999999999999e-06 2.535e-06 3.9e-06)
(4.03e-06 2.535e-06 3.9e-06)
(4.095e-06 2.535e-06 3.9e-06)
(4.16e-06 2.535e-06 3.9e-06)
(3.9e-06 2.6e-06 3.9e-06)
(3.964999999999999e-06 2.6e-06 3.9e-06)
(4.03e-06 2.6e-06 3.9e-06)
(4.095e-06 2.6e-06 3.9e-06)
(4.16e-06 2.6e-06 3.9e-06)
(3.9e-06 2.665e-06 3.9e-06)
(3.965000000000001e-06 2.665e-06 3.9e-06)
(4.03e-06 2.664999999999999e-06 3.900000000000001e-06)
(4.095e-06 2.665e-06 3.9e-06)
(4.16e-06 2.665e-06 3.9e-06)
(3.964999999999999e-06 2.73e-06 3.9e-06)
(4.03e-06 2.73e-06 3.9e-06)
(4.095e-06 2.73e-06 3.9e-06)
(4.16e-06 2.73e-06 3.9e-06)
(4.03e-06 2.795e-06 3.9e-06)
(4.095e-06 2.795e-06 3.9e-06)
(3.835e-06 2.405e-06 3.965e-06)
(3.9e-06 2.405e-06 3.965e-06)
(3.965e-06 2.405e-06 3.965e-06)
(4.03e-06 2.405e-06 3.965e-06)
(4.095000000000001e-06 2.405e-06 3.965e-06)
(4.16e-06 2.405e-06 3.965e-06)
(3.77e-06 2.47e-06 3.964999999999999e-06)
(3.835000000000001e-06 2.47e-06 3.964999999999999e-06)
(3.9e-06 2.47e-06 3.965e-06)
(3.964999999999999e-06 2.47e-06 3.964999999999999e-06)
(4.03e-06 2.47e-06 3.964999999999999e-06)
(4.095000000000001e-06 2.47e-06 3.964999999999999e-06)
(4.16e-06 2.47e-06 3.964999999999999e-06)
(3.769999999999999e-06 2.534999999999999e-06 3.964999999999999e-06)
(3.835e-06 2.534999999999999e-06 3.965000000000001e-06)
(3.9e-06 2.535e-06 3.965e-06)
(3.964999999999999e-06 2.535e-06 3.964999999999999e-06)
(4.03e-06 2.535e-06 3.965e-06)
(4.095000000000001e-06 2.534999999999999e-06 3.965e-06)
(4.16e-06 2.535e-06 3.965e-06)
(3.769999999999999e-06 2.6e-06 3.965e-06)
(3.835e-06 2.6e-06 3.965e-06)
(3.9e-06 2.6e-06 3.964999999999999e-06)
(3.965e-06 2.6e-06 3.964999999999999e-06)
(4.03e-06 2.6e-06 3.964999999999999e-06)
(4.095e-06 2.6e-06 3.964999999999999e-06)
(4.16e-06 2.6e-06 3.964999999999999e-06)
(3.770000000000001e-06 2.665e-06 3.964999999999999e-06)
(3.835000000000001e-06 2.665e-06 3.964999999999999e-06)
(3.9e-06 2.665e-06 3.964999999999999e-06)
(3.964999999999999e-06 2.665e-06 3.964999999999999e-06)
(4.03e-06 2.665e-06 3.964999999999999e-06)
(4.095e-06 2.665e-06 3.965e-06)
(4.16e-06 2.665e-06 3.965e-06)
(3.835e-06 2.73e-06 3.965e-06)
(3.9e-06 2.73e-06 3.965e-06)
(3.964999999999999e-06 2.73e-06 3.964999999999999e-06)
(4.03e-06 2.73e-06 3.964999999999999e-06)
(4.095000000000001e-06 2.73e-06 3.964999999999999e-06)
(4.16e-06 2.73e-06 3.964999999999999e-06)
(3.9e-06 2.795e-06 3.965e-06)
(3.965e-06 2.795e-06 3.964999999999999e-06)
(4.03e-06 2.795e-06 3.965e-06)
(4.095000000000001e-06 2.794999999999999e-06 3.965e-06)
(4.16e-06 2.795e-06 3.964999999999999e-06)
(4.03e-06 2.86e-06 3.964999999999999e-06)
(4.095e-06 2.86e-06 3.964999999999999e-06)
(4.16e-06 2.860000000000001e-06 3.964999999999999e-06)
(3.9e-06 2.275e-06 4.03e-06)
(3.965e-06 2.275e-06 4.03e-06)
(4.03e-06 2.275e-06 4.03e-06)
(4.095e-06 2.275e-06 4.03e-06)
(4.16e-06 2.275e-06 4.03e-06)
(3.769999999999999e-06 2.34e-06 4.03e-06)
(3.835e-06 2.34e-06 4.03e-06)
(3.9e-06 2.34e-06 4.03e-06)
(3.965e-06 2.34e-06 4.03e-06)
(4.03e-06 2.34e-06 4.03e-06)
(4.095e-06 2.34e-06 4.03e-06)
(4.16e-06 2.34e-06 4.03e-06)
(3.705e-06 2.405e-06 4.03e-06)
(3.769999999999999e-06 2.405e-06 4.030000000000001e-06)
(3.835e-06 2.405e-06 4.03e-06)
(3.9e-06 2.405e-06 4.03e-06)
(3.965e-06 2.405e-06 4.03e-06)
(4.03e-06 2.405e-06 4.03e-06)
(4.095e-06 2.405e-06 4.03e-06)
(4.16e-06 2.405e-06 4.03e-06)
(3.64e-06 2.47e-06 4.03e-06)
(3.705e-06 2.47e-06 4.03e-06)
(3.77e-06 2.47e-06 4.03e-06)
(3.835000000000001e-06 2.47e-06 4.03e-06)
(3.9e-06 2.47e-06 4.03e-06)
(3.965000000000001e-06 2.47e-06 4.03e-06)
(4.03e-06 2.47e-06 4.03e-06)
(4.095e-06 2.47e-06 4.03e-06)
(4.16e-06 2.47e-06 4.03e-06)
(3.64e-06 2.535e-06 4.03e-06)
(3.705e-06 2.534999999999999e-06 4.03e-06)
(3.769999999999999e-06 2.534999999999999e-06 4.03e-06)
(3.835e-06 2.535e-06 4.03e-06)
(3.9e-06 2.535e-06 4.03e-06)
(3.965e-06 2.535e-06 4.03e-06)
(4.03e-06 2.535e-06 4.03e-06)
(4.095e-06 2.535e-06 4.03e-06)
(4.16e-06 2.535e-06 4.03e-06)
(3.705e-06 2.6e-06 4.03e-06)
(3.769999999999999e-06 2.6e-06 4.03e-06)
(3.835e-06 2.6e-06 4.03e-06)
(3.9e-06 2.6e-06 4.03e-06)
(3.964999999999999e-06 2.6e-06 4.03e-06)
(4.03e-06 2.6e-06 4.03e-06)
(4.095e-06 2.6e-06 4.03e-06)
(4.16e-06 2.6e-06 4.03e-06)
(3.769999999999999e-06 2.665e-06 4.03e-06)
(3.835000000000001e-06 2.665e-06 4.03e-06)
(3.9e-06 2.665e-06 4.03e-06)
(3.964999999999999e-06 2.665e-06 4.03e-06)
(4.03e-06 2.665e-06 4.03e-06)
(4.095e-06 2.665e-06 4.03e-06)
(4.16e-06 2.665e-06 4.03e-06)
(3.77e-06 2.73e-06 4.03e-06)
(3.835e-06 2.73e-06 4.030000000000001e-06)
(3.9e-06 2.73e-06 4.03e-06)
(3.964999999999999e-06 2.73e-06 4.03e-06)
(4.03e-06 2.73e-06 4.03e-06)
(4.095e-06 2.73e-06 4.03e-06)
(4.16e-06 2.73e-06 4.03e-06)
(3.835e-06 2.795e-06 4.03e-06)
(3.9e-06 2.795e-06 4.03e-06)
(3.964999999999999e-06 2.795e-06 4.03e-06)
(4.03e-06 2.795e-06 4.03e-06)
(4.095e-06 2.795e-06 4.03e-06)
(4.16e-06 2.795e-06 4.03e-06)
(3.964999999999999e-06 2.86e-06 4.03e-06)
(4.03e-06 2.860000000000001e-06 4.03e-06)
(4.095e-06 2.86e-06 4.03e-06)
(4.16e-06 2.860000000000001e-06 4.03e-06)
(4.095e-06 2.924999999999999e-06 4.03e-06)
(4.16e-06 2.925e-06 4.03e-06)
(3.835e-06 2.21e-06 4.095000000000001e-06)
(3.9e-06 2.21e-06 4.095e-06)
(3.964999999999999e-06 2.21e-06 4.095000000000001e-06)
(4.03e-06 2.21e-06 4.095e-06)
(4.095000000000001e-06 2.21e-06 4.095e-06)
(4.16e-06 2.21e-06 4.095000000000001e-06)
(3.705000000000001e-06 2.275e-06 4.095000000000001e-06)
(3.770000000000001e-06 2.275e-06 4.095e-06)
(3.835000000000001e-06 2.275e-06 4.095e-06)
(3.9e-06 2.275e-06 4.095e-06)
(3.964999999999999e-06 2.275e-06 4.095e-06)
(4.03e-06 2.275e-06 4.095000000000001e-06)
(4.095000000000001e-06 2.275e-06 4.095e-06)
(4.16e-06 2.275e-06 4.095e-06)
(3.639999999999999e-06 2.34e-06 4.095e-06)
(3.705e-06 2.339999999999999e-06 4.095000000000001e-06)
(3.770000000000001e-06 2.34e-06 4.095e-06)
(3.835e-06 2.34e-06 4.095000000000001e-06)
(3.9e-06 2.34e-06 4.095e-06)
(3.965e-06 2.34e-06 4.095000000000001e-06)
(4.03e-06 2.34e-06 4.095e-06)
(4.095e-06 2.34e-06 4.095000000000001e-06)
(4.16e-06 2.34e-06 4.095e-06)
(3.639999999999999e-06 2.405e-06 4.095000000000001e-06)
(3.705e-06 2.405e-06 4.095000000000001e-06)
(3.77e-06 2.405e-06 4.095e-06)
(3.835e-06 2.405e-06 4.095e-06)
(3.9e-06 2.405000000000001e-06 4.095000000000001e-06)
(3.965e-06 2.405e-06 4.095e-06)
(4.03e-06 2.405e-06 4.095e-06)
(4.095000000000001e-06 2.405e-06 4.095000000000001e-06)
(4.16e-06 2.405e-06 4.095000000000001e-06)
(3.639999999999999e-06 2.47e-06 4.095000000000001e-06)
(3.705e-06 2.47e-06 4.095e-06)
(3.77e-06 2.47e-06 4.095000000000001e-06)
(3.835000000000001e-06 2.47e-06 4.095000000000001e-06)
(3.9e-06 2.47e-06 4.095e-06)
(3.964999999999999e-06 2.47e-06 4.095000000000001e-06)
(4.03e-06 2.47e-06 4.095000000000001e-06)
(4.095000000000001e-06 2.47e-06 4.095000000000001e-06)
(4.16e-06 2.47e-06 4.095000000000001e-06)
(3.64e-06 2.535e-06 4.095e-06)
(3.705e-06 2.535e-06 4.095e-06)
(3.77e-06 2.534999999999999e-06 4.095000000000001e-06)
(3.835e-06 2.535e-06 4.095000000000001e-06)
(3.9e-06 2.535e-06 4.095000000000001e-06)
(3.964999999999999e-06 2.535e-06 4.095e-06)
(4.03e-06 2.535e-06 4.095000000000001e-06)
(4.095000000000001e-06 2.535e-06 4.095000000000001e-06)
(4.16e-06 2.535e-06 4.095e-06)
(3.64e-06 2.600000000000001e-06 4.095000000000001e-06)
(3.705e-06 2.6e-06 4.095e-06)
(3.770000000000001e-06 2.6e-06 4.095000000000001e-06)
(3.835e-06 2.6e-06 4.095e-06)
(3.9e-06 2.6e-06 4.095e-06)
(3.965e-06 2.600000000000001e-06 4.095000000000001e-06)
(4.03e-06 2.6e-06 4.095e-06)
(4.095e-06 2.6e-06 4.095000000000001e-06)
(4.16e-06 2.6e-06 4.095e-06)
(3.705e-06 2.664999999999999e-06 4.095e-06)
(3.770000000000001e-06 2.664999999999999e-06 4.095000000000001e-06)
(3.835000000000001e-06 2.665e-06 4.095000000000001e-06)
(3.9e-06 2.665e-06 4.095e-06)
(3.964999999999999e-06 2.665e-06 4.095e-06)
(4.03e-06 2.665e-06 4.095000000000001e-06)
(4.095e-06 2.665e-06 4.095e-06)
(4.16e-06 2.665e-06 4.095e-06)
(3.77e-06 2.73e-06 4.095000000000001e-06)
(3.835e-06 2.73e-06 4.095e-06)
(3.9e-06 2.73e-06 4.095000000000001e-06)
(3.964999999999999e-06 2.73e-06 4.095e-06)
(4.03e-06 2.73e-06 4.095000000000001e-06)
(4.095000000000001e-06 2.73e-06 4.095e-06)
(4.16e-06 2.73e-06 4.095000000000001e-06)
(3.835e-06 2.795e-06 4.095000000000001e-06)
(3.9e-06 2.795e-06 4.095e-06)
(3.965e-06 2.795e-06 4.095e-06)
(4.03e-06 2.795e-06 4.095e-06)
(4.095000000000001e-06 2.795e-06 4.095000000000001e-06)
(4.16e-06 2.795e-06 4.095e-06)
(3.9e-06 2.860000000000001e-06 4.095e-06)
(3.965e-06 2.860000000000001e-06 4.095000000000001e-06)
(4.03e-06 2.860000000000001e-06 4.095000000000001e-06)
(4.095e-06 2.86e-06 4.095000000000001e-06)
(4.16e-06 2.860000000000001e-06 4.095e-06)
(4.03e-06 2.925e-06 4.095000000000001e-06)
(4.095000000000001e-06 2.925e-06 4.095000000000001e-06)
(4.16e-06 2.925e-06 4.095e-06)
(3.835e-06 2.21e-06 4.159999999999999e-06)
(3.9e-06 2.21e-06 4.16e-06)
(3.964999999999999e-06 2.21e-06 4.160000000000001e-06)
(4.03e-06 2.21e-06 4.159999999999999e-06)
(4.095e-06 2.21e-06 4.160000000000001e-06)
(4.16e-06 2.21e-06 4.16e-06)
(3.705000000000001e-06 2.275e-06 4.16e-06)
(3.77e-06 2.275e-06 4.16e-06)
(3.835000000000001e-06 2.275e-06 4.16e-06)
(3.9e-06 2.275e-06 4.16e-06)
(3.964999999999999e-06 2.275e-06 4.16e-06)
(4.03e-06 2.275e-06 4.16e-06)
(4.095e-06 2.275e-06 4.16e-06)
(4.16e-06 2.275e-06 4.16e-06)
(3.639999999999999e-06 2.34e-06 4.159999999999999e-06)
(3.705e-06 2.34e-06 4.16e-06)
(3.77e-06 2.34e-06 4.16e-06)
(3.835e-06 2.34e-06 4.16e-06)
(3.9e-06 2.34e-06 4.16e-06)
(3.965e-06 2.34e-06 4.16e-06)
(4.03e-06 2.34e-06 4.16e-06)
(4.095e-06 2.34e-06 4.160000000000001e-06)
(4.16e-06 2.34e-06 4.16e-06)
(3.64e-06 2.405e-06 4.16e-06)
(3.705e-06 2.405e-06 4.16e-06)
(3.77e-06 2.405e-06 4.159999999999999e-06)
(3.835e-06 2.405e-06 4.159999999999999e-06)
(3.9e-06 2.405e-06 4.159999999999999e-06)
(3.965e-06 2.405e-06 4.16e-06)
(4.03e-06 2.405e-06 4.159999999999999e-06)
(4.095e-06 2.405e-06 4.159999999999999e-06)
(4.16e-06 2.405e-06 4.16e-06)
(3.639999999999999e-06 2.47e-06 4.16e-06)
(3.705e-06 2.47e-06 4.16e-06)
(3.769999999999999e-06 2.47e-06 4.16e-06)
(3.835000000000001e-06 2.47e-06 4.160000000000001e-06)
(3.9e-06 2.47e-06 4.16e-06)
(3.964999999999999e-06 2.47e-06 4.160000000000001e-06)
(4.03e-06 2.47e-06 4.16e-06)
(4.095e-06 2.47e-06 4.160000000000001e-06)
(4.16e-06 2.47e-06 4.16e-06)
(3.64e-06 2.535e-06 4.16e-06)
(3.705e-06 2.535e-06 4.16e-06)
(3.769999999999999e-06 2.534999999999999e-06 4.16e-06)
(3.835e-06 2.535e-06 4.16e-06)
(3.9e-06 2.535e-06 4.16e-06)
(3.965e-06 2.535e-06 4.16e-06)
(4.03e-06 2.535e-06 4.160000000000001e-06)
(4.095e-06 2.535e-06 4.16e-06)
(4.16e-06 2.535e-06 4.16e-06)
(3.64e-06 2.6e-06 4.16e-06)
(3.705e-06 2.6e-06 4.16e-06)
(3.770000000000001e-06 2.6e-06 4.160000000000001e-06)
(3.835e-06 2.6e-06 4.159999999999999e-06)
(3.9e-06 2.6e-06 4.16e-06)
(3.965e-06 2.6e-06 4.159999999999999e-06)
(4.03e-06 2.6e-06 4.160000000000001e-06)
(4.095e-06 2.6e-06 4.159999999999999e-06)
(4.16e-06 2.6e-06 4.16e-06)
(3.705e-06 2.664999999999999e-06 4.16e-06)
(3.769999999999999e-06 2.665e-06 4.16e-06)
(3.835000000000001e-06 2.665e-06 4.160000000000001e-06)
(3.9e-06 2.665e-06 4.16e-06)
(3.965000000000001e-06 2.665e-06 4.160000000000001e-06)
(4.03e-06 2.665e-06 4.160000000000001e-06)
(4.095e-06 2.665e-06 4.16e-06)
(4.16e-06 2.665e-06 4.16e-06)
(3.77e-06 2.73e-06 4.16e-06)
(3.835e-06 2.73e-06 4.159999999999999e-06)
(3.9e-06 2.73e-06 4.159999999999999e-06)
(3.964999999999999e-06 2.73e-06 4.16e-06)
(4.03e-06 2.73e-06 4.16e-06)
(4.095e-06 2.73e-06 4.16e-06)
(4.16e-06 2.73e-06 4.16e-06)
(3.835e-06 2.795e-06 4.16e-06)
(3.9e-06 2.795e-06 4.16e-06)
(3.964999999999999e-06 2.795e-06 4.16e-06)
(4.03e-06 2.795e-06 4.16e-06)
(4.095e-06 2.795e-06 4.16e-06)
(4.16e-06 2.795e-06 4.16e-06)
(3.9e-06 2.860000000000001e-06 4.160000000000001e-06)
(3.965e-06 2.860000000000001e-06 4.16e-06)
(4.03e-06 2.860000000000001e-06 4.16e-06)
(4.095e-06 2.86e-06 4.159999999999999e-06)
(4.16e-06 2.860000000000001e-06 4.16e-06)
(4.03e-06 2.925e-06 4.160000000000001e-06)
(4.095e-06 2.925e-06 4.159999999999999e-06)
(4.16e-06 2.925e-06 4.16e-06)
)


// ************************************************************************* //
