/*--------------------------------*- C++ -*----------------------------------*\
  =========                 |
  \\      /  F ield         | OpenFOAM: The Open Source CFD Toolbox
   \\    /   O peration     | Website:  https://openfoam.org
    \\  /    A nd           | Version:  6
     \\/     M anipulation  |
\*---------------------------------------------------------------------------*/
FoamFile
{
    version     2.0;
    format      ascii;
    class       faceList;
    location    "constant/region527/polyMesh";
    object      faces;
}
// * * * * * * * * * * * * * * * * * * * * * * * * * * * * * * * * * * * * * //


567
(
4(1 7 45 37)
4(6 44 45 7)
4(36 37 45 44)
4(7 45 46 8)
4(37 38 46 45)
4(11 49 50 12)
4(6 15 53 44)
4(14 52 53 15)
4(43 44 53 52)
4(7 16 54 45)
4(15 53 54 16)
4(44 45 54 53)
4(8 17 55 46)
4(16 54 55 17)
4(45 46 55 54)
4(9 18 56 47)
4(17 55 56 18)
4(46 47 56 55)
4(10 19 57 48)
4(18 56 57 19)
4(47 48 57 56)
4(11 20 58 49)
4(19 57 58 20)
4(48 49 58 57)
4(12 21 59 50)
4(20 58 59 21)
4(49 50 59 58)
4(21 59 60 22)
4(50 51 60 59)
4(15 24 64 53)
4(52 53 64 63)
4(16 25 65 54)
4(53 54 65 64)
4(17 26 66 55)
4(54 55 66 65)
4(18 27 67 56)
4(55 56 67 66)
4(19 28 68 57)
4(56 57 68 67)
4(20 29 69 58)
4(28 68 69 29)
4(57 58 69 68)
4(21 30 70 59)
4(29 69 70 30)
4(58 59 70 69)
4(30 70 71 31)
4(59 60 71 70)
4(29 33 80 69)
4(68 69 80 79)
4(30 34 81 70)
4(69 70 81 80)
4(70 71 82 81)
4(37 45 105 98)
4(44 104 105 45)
4(97 98 105 104)
4(38 46 106 99)
4(45 105 106 46)
4(98 99 106 105)
4(39 47 107 100)
4(46 106 107 47)
4(99 100 107 106)
4(40 48 108 101)
4(47 107 108 48)
4(100 101 108 107)
4(48 108 109 49)
4(44 53 114 104)
4(52 113 114 53)
4(103 104 114 113)
4(45 54 115 105)
4(53 114 115 54)
4(104 105 115 114)
4(46 55 116 106)
4(54 115 116 55)
4(105 106 116 115)
4(47 56 117 107)
4(55 116 117 56)
4(106 107 117 116)
4(48 57 118 108)
4(56 117 118 57)
4(107 108 118 117)
4(49 58 119 109)
4(57 118 119 58)
4(108 109 119 118)
4(50 59 120 110)
4(58 119 120 59)
4(109 110 120 119)
4(59 120 121 60)
4(53 64 125 114)
4(63 124 125 64)
4(113 114 125 124)
4(54 65 126 115)
4(64 125 126 65)
4(114 115 126 125)
4(55 66 127 116)
4(65 126 127 66)
4(115 116 127 126)
4(56 67 128 117)
4(66 127 128 67)
4(116 117 128 127)
4(57 68 129 118)
4(67 128 129 68)
4(117 118 129 128)
4(58 69 130 119)
4(68 129 130 69)
4(118 119 130 129)
4(59 70 131 120)
4(69 130 131 70)
4(119 120 131 130)
4(60 71 132 121)
4(70 131 132 71)
4(120 121 132 131)
4(71 132 133 72)
4(63 74 135 124)
4(123 124 135 134)
4(64 75 136 125)
4(124 125 136 135)
4(65 76 137 126)
4(75 136 137 76)
4(125 126 137 136)
4(66 77 138 127)
4(76 137 138 77)
4(126 127 138 137)
4(67 78 139 128)
4(77 138 139 78)
4(127 128 139 138)
4(68 79 140 129)
4(78 139 140 79)
4(128 129 140 139)
4(69 80 141 130)
4(79 140 141 80)
4(129 130 141 140)
4(70 81 142 131)
4(80 141 142 81)
4(130 131 142 141)
4(71 82 143 132)
4(81 142 143 82)
4(131 132 143 142)
4(76 85 147 137)
4(136 137 147 146)
4(77 86 148 138)
4(137 138 148 147)
4(78 87 149 139)
4(86 148 149 87)
4(138 139 149 148)
4(79 88 150 140)
4(87 149 150 88)
4(139 140 150 149)
4(80 89 151 141)
4(88 150 151 89)
4(140 141 151 150)
4(81 90 152 142)
4(89 151 152 90)
4(141 142 152 151)
4(142 143 153 152)
4(87 93 157 149)
4(148 149 157 156)
4(88 94 158 150)
4(149 150 158 157)
4(89 95 159 151)
4(150 151 159 158)
4(151 152 160 159)
4(98 105 172 166)
4(104 171 172 105)
4(99 106 173 167)
4(105 172 173 106)
4(100 107 174 168)
4(106 173 174 107)
4(107 174 175 108)
4(104 114 180 171)
4(113 179 180 114)
4(170 171 180 179)
4(105 115 181 172)
4(114 180 181 115)
4(171 172 181 180)
4(106 116 182 173)
4(115 181 182 116)
4(172 173 182 181)
4(107 117 183 174)
4(116 182 183 117)
4(173 174 183 182)
4(108 118 184 175)
4(117 183 184 118)
4(174 175 184 183)
4(109 119 185 176)
4(118 184 185 119)
4(175 176 185 184)
4(119 185 186 120)
4(113 124 189 179)
4(123 188 189 124)
4(178 179 189 188)
4(114 125 190 180)
4(124 189 190 125)
4(179 180 190 189)
4(115 126 191 181)
4(125 190 191 126)
4(180 181 191 190)
4(116 127 192 182)
4(126 191 192 127)
4(181 182 192 191)
4(117 128 193 183)
4(127 192 193 128)
4(182 183 193 192)
4(118 129 194 184)
4(128 193 194 129)
4(183 184 194 193)
4(119 130 195 185)
4(129 194 195 130)
4(184 185 195 194)
4(120 131 196 186)
4(130 195 196 131)
4(131 196 197 132)
4(124 135 199 189)
4(188 189 199 198)
4(125 136 200 190)
4(135 199 200 136)
4(189 190 200 199)
4(126 137 201 191)
4(136 200 201 137)
4(190 191 201 200)
4(127 138 202 192)
4(137 201 202 138)
4(191 192 202 201)
4(128 139 203 193)
4(138 202 203 139)
4(192 193 203 202)
4(129 140 204 194)
4(139 203 204 140)
4(193 194 204 203)
4(130 141 205 195)
4(140 204 205 141)
4(194 195 205 204)
4(131 142 206 196)
4(141 205 206 142)
4(195 196 206 205)
4(142 206 207 143)
4(136 146 209 200)
4(199 200 209 208)
4(137 147 210 201)
4(146 209 210 147)
4(200 201 210 209)
4(138 148 211 202)
4(147 210 211 148)
4(201 202 211 210)
4(139 149 212 203)
4(148 211 212 149)
4(202 203 212 211)
4(140 150 213 204)
4(149 212 213 150)
4(203 204 213 212)
4(141 151 214 205)
4(150 213 214 151)
4(204 205 214 213)
4(142 152 215 206)
4(151 214 215 152)
4(205 206 215 214)
4(152 215 216 153)
4(147 155 219 210)
4(209 210 219 218)
4(148 156 220 211)
4(210 211 220 219)
4(149 157 221 212)
4(211 212 221 220)
4(150 158 222 213)
4(157 221 222 158)
4(212 213 222 221)
4(151 159 223 214)
4(158 222 223 159)
4(213 214 223 222)
4(152 160 224 215)
4(214 215 224 223)
4(158 163 229 222)
4(221 222 229 228)
4(222 223 230 229)
4(171 180 241 233)
4(179 240 241 180)
4(172 181 242 234)
4(180 241 242 181)
4(173 182 243 235)
4(181 242 243 182)
4(174 183 244 236)
4(182 243 244 183)
4(175 184 245 237)
4(183 244 245 184)
4(184 245 246 185)
4(179 189 248 240)
4(188 247 248 189)
4(180 190 249 241)
4(189 248 249 190)
4(181 191 250 242)
4(190 249 250 191)
4(182 192 251 243)
4(191 250 251 192)
4(183 193 252 244)
4(192 251 252 193)
4(184 194 253 245)
4(193 252 253 194)
4(194 253 254 195)
4(189 199 257 248)
4(190 200 258 249)
4(199 257 258 200)
4(191 201 259 250)
4(200 258 259 201)
4(192 202 260 251)
4(201 259 260 202)
4(193 203 261 252)
4(202 260 261 203)
4(194 204 262 253)
4(203 261 262 204)
4(195 205 263 254)
4(204 262 263 205)
4(205 263 264 206)
4(200 209 266 258)
4(208 265 266 209)
4(201 210 267 259)
4(209 266 267 210)
4(202 211 268 260)
4(210 267 268 211)
4(203 212 269 261)
4(211 268 269 212)
4(204 213 270 262)
4(212 269 270 213)
4(205 214 271 263)
4(213 270 271 214)
4(214 271 272 215)
4(209 218 274 266)
4(210 219 275 267)
4(211 220 276 268)
4(219 275 276 220)
4(212 221 277 269)
4(220 276 277 221)
4(213 222 278 270)
4(221 277 278 222)
4(214 223 279 271)
4(222 278 279 223)
4(223 279 280 224)
4(220 227 282 276)
4(221 228 283 277)
4(222 229 284 278)
4(223 230 285 279)
4(208 265 273 217)
4(232 233 241 240)
4(233 234 242 241)
4(234 235 243 242)
4(235 236 244 243)
4(236 237 245 244)
4(237 238 246 245)
4(239 240 248 247)
4(240 241 249 248)
4(241 242 250 249)
4(242 243 251 250)
4(243 244 252 251)
4(244 245 253 252)
4(245 246 254 253)
4(247 248 257 256)
4(248 249 258 257)
4(249 250 259 258)
4(250 251 260 259)
4(251 252 261 260)
4(252 253 262 261)
4(253 254 263 262)
4(254 255 264 263)
4(257 258 266 265)
4(258 259 267 266)
4(259 260 268 267)
4(260 261 269 268)
4(261 262 270 269)
4(262 263 271 270)
4(263 264 272 271)
4(265 266 274 273)
4(266 267 275 274)
4(267 268 276 275)
4(268 269 277 276)
4(269 270 278 277)
4(270 271 279 278)
4(271 272 280 279)
4(275 276 282 281)
4(276 277 283 282)
4(277 278 284 283)
4(278 279 285 284)
4(279 280 286 285)
4(5 14 15 6)
4(0 1 37 36)
4(3 4 42 41)
4(0 36 44 6)
4(5 6 44 43)
4(4 12 50 42)
4(41 42 50 49)
4(12 13 51 50)
4(5 43 52 14)
4(13 22 60 51)
4(14 52 63 23)
4(22 31 71 60)
4(60 71 72 61)
4(62 73 74 63)
4(31 35 82 71)
4(34 81 82 35)
4(71 82 83 72)
4(81 90 91 82)
4(89 95 96 90)
4(36 37 98 97)
4(37 38 99 98)
4(38 39 100 99)
4(39 40 101 100)
4(40 41 102 101)
4(36 97 104 44)
4(43 44 104 103)
4(41 49 109 102)
4(101 102 109 108)
4(49 50 110 109)
4(50 51 111 110)
4(43 103 113 52)
4(51 60 121 111)
4(110 111 121 120)
4(60 61 122 121)
4(52 113 124 63)
4(62 63 124 123)
4(112 123 124 113)
4(61 72 133 122)
4(121 122 133 132)
4(72 83 144 133)
4(82 143 144 83)
4(132 133 144 143)
4(82 91 153 143)
4(90 152 153 91)
4(90 96 160 152)
4(152 160 161 153)
4(97 98 166 165)
4(98 99 167 166)
4(99 100 168 167)
4(100 101 169 168)
4(97 165 171 104)
4(103 104 171 170)
4(165 166 172 171)
4(166 167 173 172)
4(167 168 174 173)
4(101 108 175 169)
4(168 169 175 174)
4(108 109 176 175)
4(109 110 177 176)
4(103 170 179 113)
4(112 113 179 178)
4(110 120 186 177)
4(176 177 186 185)
4(120 121 187 186)
4(185 186 196 195)
4(121 132 197 187)
4(186 187 197 196)
4(132 143 207 197)
4(196 197 207 206)
4(143 153 216 207)
4(206 207 216 215)
4(153 161 225 216)
4(215 216 225 224)
4(170 171 233 232)
4(171 172 234 233)
4(172 173 235 234)
4(173 174 236 235)
4(174 175 237 236)
4(175 176 238 237)
4(170 232 240 179)
4(178 179 240 239)
4(176 185 246 238)
4(185 195 254 246)
4(195 196 255 254)
4(196 206 264 255)
4(206 215 272 264)
4(215 224 280 272)
4(224 231 286 280)
4(0 6 7 1)
4(1 7 8 2)
4(3 11 12 4)
4(6 15 16 7)
4(7 16 17 8)
4(8 17 18 9)
4(9 18 19 10)
4(10 19 20 11)
4(11 20 21 12)
4(12 21 22 13)
4(14 23 24 15)
4(15 24 25 16)
4(16 25 26 17)
4(17 26 27 18)
4(18 27 28 19)
4(19 28 29 20)
4(20 29 30 21)
4(21 30 31 22)
4(28 32 33 29)
4(29 33 34 30)
4(30 34 35 31)
4(1 2 38 37)
4(2 8 46 38)
4(8 9 47 46)
4(38 46 47 39)
4(9 10 48 47)
4(39 47 48 40)
4(3 41 49 11)
4(10 11 49 48)
4(40 48 49 41)
4(23 63 64 24)
4(24 64 65 25)
4(25 65 66 26)
4(26 66 67 27)
4(27 67 68 28)
4(63 74 75 64)
4(64 75 76 65)
4(65 76 77 66)
4(66 77 78 67)
4(28 68 79 32)
4(67 78 79 68)
4(32 79 80 33)
4(33 80 81 34)
4(75 84 85 76)
4(76 85 86 77)
4(77 86 87 78)
4(78 87 88 79)
4(79 88 89 80)
4(80 89 90 81)
4(86 92 93 87)
4(87 93 94 88)
4(88 94 95 89)
4(62 123 134 73)
4(73 134 135 74)
4(74 135 136 75)
4(75 136 146 84)
4(135 145 146 136)
4(84 146 147 85)
4(85 147 148 86)
4(146 154 155 147)
4(86 148 156 92)
4(147 155 156 148)
4(92 156 157 93)
4(93 157 158 94)
4(94 158 159 95)
4(95 159 160 96)
4(157 162 163 158)
4(158 163 164 159)
4(112 178 188 123)
4(123 188 198 134)
4(134 198 199 135)
4(135 199 208 145)
4(145 208 209 146)
4(146 209 218 154)
4(208 217 218 209)
4(154 218 219 155)
4(155 219 220 156)
4(156 220 221 157)
4(159 223 224 160)
4(160 224 225 161)
4(219 226 227 220)
4(157 221 228 162)
4(220 227 228 221)
4(162 228 229 163)
4(159 164 230 223)
4(163 229 230 164)
4(223 230 231 224)
4(178 239 247 188)
4(188 247 256 198)
4(198 256 257 199)
4(199 257 265 208)
4(217 273 274 218)
4(218 274 275 219)
4(219 275 281 226)
4(226 281 282 227)
4(227 282 283 228)
4(228 283 284 229)
4(229 284 285 230)
4(230 285 286 231)
)


// ************************************************************************* //
