/*--------------------------------*- C++ -*----------------------------------*\
  =========                 |
  \\      /  F ield         | OpenFOAM: The Open Source CFD Toolbox
   \\    /   O peration     | Website:  https://openfoam.org
    \\  /    A nd           | Version:  6
     \\/     M anipulation  |
\*---------------------------------------------------------------------------*/
FoamFile
{
    version     2.0;
    format      ascii;
    class       labelList;
    location    "constant/region527/polyMesh";
    object      faceRegionAddressing;
}
// * * * * * * * * * * * * * * * * * * * * * * * * * * * * * * * * * * * * * //


567
(
732177
732178
732179
732181
732182
732193
732365
732366
732367
732368
732369
732370
732371
732372
732373
732374
732375
732376
732377
732378
732379
732380
732381
732382
732383
732384
732385
732387
732388
732556
732558
732559
732561
732562
732564
732565
732567
732568
732570
732571
732572
732573
732574
732575
732576
732578
732579
732762
732764
732765
732767
732770
744337
744338
744339
744340
744341
744342
744343
744344
744345
744346
744347
744348
744350
744525
744526
744527
744528
744529
744530
744531
744532
744533
744534
744535
744536
744537
744538
744539
744540
744541
744542
744543
744544
744545
744547
744716
744717
744718
744719
744720
744721
744722
744723
744724
744725
744726
744727
744728
744729
744730
744731
744732
744733
744734
744735
744736
744737
744738
744739
744741
744904
744906
744907
744909
744910
744911
744912
744913
744914
744915
744916
744917
744918
744919
744920
744921
744922
744923
744924
744925
744926
744927
744928
744929
744930
745101
745103
745104
745106
745107
745108
745109
745110
745111
745112
745113
745114
745115
745116
745117
745118
745121
745298
745300
745301
745303
745304
745306
745309
756497
756498
756500
756501
756503
756504
756507
756685
756686
756687
756688
756689
756690
756691
756692
756693
756694
756695
756696
756697
756698
756699
756700
756701
756702
756704
756873
756874
756875
756876
756877
756878
756879
756880
756881
756882
756883
756884
756885
756886
756887
756888
756889
756890
756891
756892
756893
756894
756895
756898
757064
757066
757067
757068
757069
757070
757071
757072
757073
757074
757075
757076
757077
757078
757079
757080
757081
757082
757083
757084
757085
757086
757087
757089
757258
757260
757261
757262
757263
757264
757265
757266
757267
757268
757269
757270
757271
757272
757273
757274
757275
757276
757277
757278
757280
757452
757454
757455
757457
757458
757460
757461
757462
757463
757464
757465
757466
757467
757469
757652
757654
757657
768845
768846
768848
768849
768851
768852
768854
768855
768857
768858
768861
769033
769034
769036
769037
769039
769040
769042
769043
769045
769046
769048
769049
769052
769224
769227
769228
769230
769231
769233
769234
769236
769237
769239
769240
769242
769243
769246
769418
769419
769421
769422
769424
769425
769427
769428
769430
769431
769433
769434
769437
769609
769612
769615
769616
769618
769619
769621
769622
769624
769625
769628
769806
769809
769812
769815
-769606
768847
768850
768853
768856
768859
768862
769035
769038
769041
769044
769047
769050
769053
769226
769229
769232
769235
769238
769241
769244
769247
769420
769423
769426
769429
769432
769435
769438
769611
769614
769617
769620
769623
769626
769629
769808
769811
769814
769817
769820
-720207
-731987
-732002
-732174
-732175
732192
732194
-732196
-732362
732386
-732553
732577
-732582
-732746
732768
732769
-732773
-732961
-733149
-744147
-744150
-744153
-744156
-744159
-744334
-744335
744349
744351
-744353
-744356
-744522
744546
744548
-744550
-744713
-744714
-744715
744740
744742
744931
744932
744933
745119
745120
745307
-745312
-756307
-756310
-756313
-756316
-756494
-756495
756499
756502
756505
756506
756508
-756510
-756513
-756682
-756683
756703
756705
-756707
756896
756897
756899
757088
757090
757279
757281
757470
757472
-768655
-768658
-768661
-768664
-768667
-768670
-768842
-768843
768860
769051
-769055
769245
769436
769627
769818
-720019
-720022
-720034
-720210
-720213
-720216
-720219
-720222
-720225
-720228
-720398
-720401
-720404
-720407
-720410
-720413
-720416
-720419
-720604
-720607
-720610
-731990
732180
-732184
-732185
-732187
-732188
-732189
-732190
-732191
732557
732560
732563
732566
732569
-732749
-732752
-732755
-732758
-732759
-732761
732763
732766
-732943
-732946
-732949
-732952
-732955
-732958
-733140
-733143
-733146
-744901
744905
744908
-745098
-745100
745102
745105
-745294
-745295
-745297
745299
745302
745305
745308
-745494
-745497
-756870
-757061
757065
-757255
757259
-757449
-757451
757453
757456
757459
757468
757471
-757648
-757649
-757651
757653
757655
757656
-757660
-769030
-769221
769225
-769415
769610
769613
-769803
769807
769810
769813
769816
769819
)


// ************************************************************************* //
