/*--------------------------------*- C++ -*----------------------------------*\
  =========                 |
  \\      /  F ield         | OpenFOAM: The Open Source CFD Toolbox
   \\    /   O peration     | Website:  https://openfoam.org
    \\  /    A nd           | Version:  6
     \\/     M anipulation  |
\*---------------------------------------------------------------------------*/
FoamFile
{
    version     2.0;
    format      ascii;
    class       labelList;
    note        "nPoints:287  nCells:151  nFaces:567  nInternalFaces:339";
    location    "constant/region527/polyMesh";
    object      neighbour;
}
// * * * * * * * * * * * * * * * * * * * * * * * * * * * * * * * * * * * * * //


339
(
1
4
22
5
23
9
4
11
27
5
12
28
6
13
29
7
14
30
8
15
31
9
16
32
10
17
33
18
34
12
35
13
36
14
37
15
38
16
39
17
19
40
18
20
41
21
42
20
50
21
51
52
23
28
65
24
29
66
25
30
67
26
31
68
32
28
35
69
29
36
70
30
37
71
31
38
72
32
39
73
33
40
74
34
41
75
42
36
45
77
37
46
78
38
47
79
39
48
80
40
49
81
41
50
82
42
51
83
43
52
84
53
45
85
46
86
47
54
87
48
55
88
49
56
89
50
57
90
51
58
91
52
59
92
53
60
93
55
95
56
96
57
61
97
58
62
98
59
63
99
60
64
100
101
62
104
63
105
64
106
107
66
70
67
71
68
72
73
70
77
111
71
78
112
72
79
113
73
80
114
74
81
115
75
82
116
83
77
85
117
78
86
118
79
87
119
80
88
120
81
89
121
82
90
122
83
91
123
84
92
93
86
124
87
94
125
88
95
126
89
96
127
90
97
128
91
98
129
92
99
130
93
100
131
101
95
132
96
102
133
97
103
134
98
104
135
99
105
136
100
106
137
101
107
138
108
103
140
104
141
105
142
106
109
143
107
110
144
108
145
110
148
149
112
118
113
119
114
120
115
121
116
122
123
118
124
119
125
120
126
121
127
122
128
123
129
130
125
126
132
127
133
128
134
129
135
130
136
131
137
138
133
139
134
140
135
141
136
142
137
143
138
144
145
140
141
142
146
143
147
144
148
145
149
150
147
148
149
150
)


// ************************************************************************* //
