/*--------------------------------*- C++ -*----------------------------------*\
  =========                 |
  \\      /  F ield         | OpenFOAM: The Open Source CFD Toolbox
   \\    /   O peration     | Website:  https://openfoam.org
    \\  /    A nd           | Version:  6
     \\/     M anipulation  |
\*---------------------------------------------------------------------------*/
FoamFile
{
    version     2.0;
    format      ascii;
    class       labelList;
    note        "nPoints:287  nCells:151  nFaces:567  nInternalFaces:339";
    location    "constant/region527/polyMesh";
    object      owner;
}
// * * * * * * * * * * * * * * * * * * * * * * * * * * * * * * * * * * * * * //


567
(
0
0
0
1
1
2
3
3
3
4
4
4
5
5
5
6
6
6
7
7
7
8
8
8
9
9
9
10
10
11
11
12
12
13
13
14
14
15
15
16
16
16
17
17
17
18
18
19
19
20
20
21
22
22
22
23
23
23
24
24
24
25
25
25
26
27
27
27
28
28
28
29
29
29
30
30
30
31
31
31
32
32
32
33
33
33
34
35
35
35
36
36
36
37
37
37
38
38
38
39
39
39
40
40
40
41
41
41
42
42
42
43
44
44
45
45
46
46
46
47
47
47
48
48
48
49
49
49
50
50
50
51
51
51
52
52
52
54
54
55
55
56
56
56
57
57
57
58
58
58
59
59
59
60
61
61
62
62
63
63
64
65
65
66
66
67
67
68
69
69
69
70
70
70
71
71
71
72
72
72
73
73
73
74
74
74
75
76
76
76
77
77
77
78
78
78
79
79
79
80
80
80
81
81
81
82
82
82
83
83
84
85
85
86
86
86
87
87
87
88
88
88
89
89
89
90
90
90
91
91
91
92
92
92
93
94
94
95
95
95
96
96
96
97
97
97
98
98
98
99
99
99
100
100
100
101
102
102
103
103
104
104
105
105
105
106
106
106
107
107
109
109
110
111
111
112
112
113
113
114
114
115
115
116
117
117
118
118
119
119
120
120
121
121
122
122
123
124
125
125
126
126
127
127
128
128
129
129
130
130
131
132
132
133
133
134
134
135
135
136
136
137
137
138
139
140
141
141
142
142
143
143
144
144
145
146
147
148
149
139
111
112
113
114
115
116
117
118
119
120
121
122
123
124
125
126
127
128
129
130
131
132
133
134
135
136
137
138
139
140
141
142
143
144
145
146
147
148
149
150
3
0
2
0
3
2
2
10
3
10
11
18
43
44
21
21
53
60
64
22
23
24
25
26
22
27
26
26
33
34
27
34
34
43
35
44
76
43
43
53
53
53
60
60
64
108
65
66
67
68
65
69
65
66
67
68
68
74
75
69
76
75
75
84
83
84
84
93
93
101
101
108
108
111
112
113
114
115
116
111
117
116
123
131
131
138
145
150
0
1
2
4
5
6
7
8
9
10
11
12
13
14
15
16
17
18
19
20
21
1
1
6
24
7
25
2
8
26
11
12
13
14
15
45
46
47
48
19
49
19
20
54
55
56
57
58
59
61
62
63
44
44
45
54
94
54
55
102
61
103
61
62
63
64
109
110
76
85
85
94
94
102
139
102
103
104
107
108
146
109
147
109
110
110
150
117
124
124
132
139
140
146
146
147
148
149
150
)


// ************************************************************************* //
