/*--------------------------------*- C++ -*----------------------------------*\
  =========                 |
  \\      /  F ield         | OpenFOAM: The Open Source CFD Toolbox
   \\    /   O peration     | Website:  https://openfoam.org
    \\  /    A nd           | Version:  6
     \\/     M anipulation  |
\*---------------------------------------------------------------------------*/
FoamFile
{
    version     2.0;
    format      ascii;
    class       labelList;
    location    "constant/region527/polyMesh";
    object      pointRegionAddressing;
}
// * * * * * * * * * * * * * * * * * * * * * * * * * * * * * * * * * * * * * //


287
(
254376
254377
254378
254381
254382
254440
254441
254442
254443
254444
254445
254446
254447
254448
254505
254506
254507
254508
254509
254510
254511
254512
254513
254570
254571
254572
254573
254574
254575
254576
254577
254578
254640
254641
254642
254643
258601
258602
258603
258604
258605
258606
258607
258665
258666
258667
258668
258669
258670
258671
258672
258673
258730
258731
258732
258733
258734
258735
258736
258737
258738
258739
258794
258795
258796
258797
258798
258799
258800
258801
258802
258803
258804
258859
258860
258861
258862
258863
258864
258865
258866
258867
258868
258869
258926
258927
258928
258929
258930
258931
258932
258933
258993
258994
258995
258996
258997
262826
262827
262828
262829
262830
262831
262890
262891
262892
262893
262894
262895
262896
262897
262898
262954
262955
262956
262957
262958
262959
262960
262961
262962
262963
262964
263019
263020
263021
263022
263023
263024
263025
263026
263027
263028
263029
263084
263085
263086
263087
263088
263089
263090
263091
263092
263093
263094
263150
263151
263152
263153
263154
263155
263156
263157
263158
263216
263217
263218
263219
263220
263221
263222
263223
263284
263285
263286
267051
267052
267053
267054
267055
267115
267116
267117
267118
267119
267120
267121
267122
267179
267180
267181
267182
267183
267184
267185
267186
267187
267188
267244
267245
267246
267247
267248
267249
267250
267251
267252
267253
267309
267310
267311
267312
267313
267314
267315
267316
267317
267318
267375
267376
267377
267378
267379
267380
267381
267382
267383
267440
267441
267442
267443
267444
267445
267446
267447
267448
267507
267508
267509
267510
267511
267512
271340
271341
271342
271343
271344
271345
271346
271404
271405
271406
271407
271408
271409
271410
271411
271469
271470
271471
271472
271473
271474
271475
271476
271477
271534
271535
271536
271537
271538
271539
271540
271541
271542
271600
271601
271602
271603
271604
271605
271606
271607
271665
271666
271667
271668
271669
271670
271671
271672
271732
271733
271734
271735
271736
271737
)


// ************************************************************************* //
