/*--------------------------------*- C++ -*----------------------------------*\
  =========                 |
  \\      /  F ield         | OpenFOAM: The Open Source CFD Toolbox
   \\    /   O peration     | Website:  https://openfoam.org
    \\  /    A nd           | Version:  6
     \\/     M anipulation  |
\*---------------------------------------------------------------------------*/
FoamFile
{
    version     2.0;
    format      ascii;
    class       vectorField;
    location    "constant/region527/polyMesh";
    object      points;
}
// * * * * * * * * * * * * * * * * * * * * * * * * * * * * * * * * * * * * * //


287
(
(2.015e-06 8.449999999999999e-07 3.9e-06)
(2.08e-06 8.449999999999999e-07 3.900000000000001e-06)
(2.145e-06 8.450000000000001e-07 3.9e-06)
(2.34e-06 8.449999999999999e-07 3.9e-06)
(2.405e-06 8.450000000000001e-07 3.900000000000001e-06)
(1.95e-06 9.1e-07 3.9e-06)
(2.015e-06 9.1e-07 3.9e-06)
(2.08e-06 9.1e-07 3.9e-06)
(2.145e-06 9.1e-07 3.9e-06)
(2.21e-06 9.100000000000001e-07 3.9e-06)
(2.275e-06 9.099999999999998e-07 3.9e-06)
(2.34e-06 9.1e-07 3.9e-06)
(2.405e-06 9.1e-07 3.9e-06)
(2.47e-06 9.1e-07 3.9e-06)
(1.95e-06 9.75e-07 3.9e-06)
(2.015e-06 9.75e-07 3.9e-06)
(2.08e-06 9.75e-07 3.9e-06)
(2.145e-06 9.75e-07 3.9e-06)
(2.21e-06 9.75e-07 3.9e-06)
(2.275e-06 9.75e-07 3.9e-06)
(2.34e-06 9.75e-07 3.9e-06)
(2.405e-06 9.75e-07 3.9e-06)
(2.47e-06 9.75e-07 3.9e-06)
(1.95e-06 1.04e-06 3.9e-06)
(2.015e-06 1.04e-06 3.9e-06)
(2.08e-06 1.04e-06 3.900000000000001e-06)
(2.145e-06 1.04e-06 3.9e-06)
(2.21e-06 1.04e-06 3.9e-06)
(2.275e-06 1.04e-06 3.9e-06)
(2.34e-06 1.04e-06 3.9e-06)
(2.405e-06 1.04e-06 3.900000000000001e-06)
(2.47e-06 1.04e-06 3.9e-06)
(2.275e-06 1.105e-06 3.9e-06)
(2.34e-06 1.105e-06 3.9e-06)
(2.405e-06 1.105e-06 3.9e-06)
(2.47e-06 1.105e-06 3.900000000000001e-06)
(2.015e-06 8.449999999999999e-07 3.964999999999999e-06)
(2.08e-06 8.449999999999999e-07 3.964999999999999e-06)
(2.145e-06 8.449999999999999e-07 3.965e-06)
(2.21e-06 8.449999999999999e-07 3.964999999999999e-06)
(2.275e-06 8.449999999999999e-07 3.964999999999999e-06)
(2.34e-06 8.449999999999999e-07 3.965e-06)
(2.405e-06 8.450000000000001e-07 3.965000000000001e-06)
(1.95e-06 9.1e-07 3.964999999999999e-06)
(2.015e-06 9.1e-07 3.964999999999999e-06)
(2.08e-06 9.100000000000001e-07 3.964999999999999e-06)
(2.145e-06 9.100000000000001e-07 3.965e-06)
(2.21e-06 9.100000000000001e-07 3.964999999999999e-06)
(2.275e-06 9.100000000000001e-07 3.964999999999999e-06)
(2.34e-06 9.1e-07 3.964999999999999e-06)
(2.405e-06 9.100000000000001e-07 3.964999999999999e-06)
(2.47e-06 9.1e-07 3.964999999999999e-06)
(1.95e-06 9.75e-07 3.965e-06)
(2.015e-06 9.75e-07 3.964999999999999e-06)
(2.08e-06 9.75e-07 3.964999999999999e-06)
(2.145e-06 9.75e-07 3.965e-06)
(2.21e-06 9.75e-07 3.965e-06)
(2.275e-06 9.75e-07 3.964999999999999e-06)
(2.34e-06 9.75e-07 3.965e-06)
(2.405e-06 9.75e-07 3.964999999999999e-06)
(2.47e-06 9.75e-07 3.965e-06)
(2.535e-06 9.75e-07 3.964999999999999e-06)
(1.885e-06 1.04e-06 3.964999999999999e-06)
(1.95e-06 1.04e-06 3.964999999999999e-06)
(2.015e-06 1.04e-06 3.964999999999999e-06)
(2.08e-06 1.04e-06 3.964999999999999e-06)
(2.145e-06 1.04e-06 3.964999999999999e-06)
(2.21e-06 1.04e-06 3.964999999999999e-06)
(2.275e-06 1.04e-06 3.964999999999999e-06)
(2.34e-06 1.04e-06 3.964999999999999e-06)
(2.405e-06 1.04e-06 3.965e-06)
(2.47e-06 1.04e-06 3.965e-06)
(2.535e-06 1.04e-06 3.965e-06)
(1.885e-06 1.105e-06 3.965e-06)
(1.95e-06 1.105e-06 3.965e-06)
(2.015e-06 1.105e-06 3.964999999999999e-06)
(2.08e-06 1.105e-06 3.964999999999999e-06)
(2.145e-06 1.105e-06 3.964999999999999e-06)
(2.21e-06 1.105e-06 3.964999999999999e-06)
(2.275e-06 1.105e-06 3.965000000000001e-06)
(2.34e-06 1.105e-06 3.964999999999999e-06)
(2.405e-06 1.105e-06 3.965e-06)
(2.47e-06 1.105e-06 3.965e-06)
(2.535e-06 1.105e-06 3.964999999999999e-06)
(2.015e-06 1.17e-06 3.965e-06)
(2.08e-06 1.17e-06 3.964999999999999e-06)
(2.145e-06 1.17e-06 3.965e-06)
(2.21e-06 1.17e-06 3.965e-06)
(2.275e-06 1.17e-06 3.965e-06)
(2.34e-06 1.17e-06 3.964999999999999e-06)
(2.405e-06 1.17e-06 3.965e-06)
(2.47e-06 1.17e-06 3.965e-06)
(2.145e-06 1.235e-06 3.965e-06)
(2.21e-06 1.235e-06 3.964999999999999e-06)
(2.275e-06 1.235e-06 3.964999999999999e-06)
(2.34e-06 1.235e-06 3.964999999999999e-06)
(2.405e-06 1.235e-06 3.964999999999999e-06)
(2.015e-06 8.449999999999999e-07 4.03e-06)
(2.08e-06 8.449999999999999e-07 4.03e-06)
(2.145e-06 8.449999999999999e-07 4.03e-06)
(2.21e-06 8.449999999999999e-07 4.03e-06)
(2.275e-06 8.449999999999999e-07 4.03e-06)
(2.34e-06 8.449999999999999e-07 4.03e-06)
(1.95e-06 9.1e-07 4.03e-06)
(2.015e-06 9.100000000000001e-07 4.03e-06)
(2.08e-06 9.1e-07 4.03e-06)
(2.145e-06 9.100000000000001e-07 4.03e-06)
(2.21e-06 9.100000000000001e-07 4.03e-06)
(2.275e-06 9.100000000000001e-07 4.03e-06)
(2.34e-06 9.1e-07 4.03e-06)
(2.405e-06 9.1e-07 4.03e-06)
(2.47e-06 9.1e-07 4.03e-06)
(1.885e-06 9.75e-07 4.03e-06)
(1.95e-06 9.75e-07 4.03e-06)
(2.015e-06 9.75e-07 4.03e-06)
(2.08e-06 9.75e-07 4.03e-06)
(2.145e-06 9.75e-07 4.03e-06)
(2.21e-06 9.75e-07 4.03e-06)
(2.275e-06 9.75e-07 4.03e-06)
(2.34e-06 9.75e-07 4.03e-06)
(2.405e-06 9.75e-07 4.03e-06)
(2.47e-06 9.75e-07 4.03e-06)
(2.535e-06 9.75e-07 4.03e-06)
(1.885e-06 1.04e-06 4.03e-06)
(1.95e-06 1.04e-06 4.03e-06)
(2.015e-06 1.04e-06 4.03e-06)
(2.08e-06 1.04e-06 4.03e-06)
(2.145e-06 1.04e-06 4.03e-06)
(2.21e-06 1.04e-06 4.03e-06)
(2.275e-06 1.04e-06 4.03e-06)
(2.34e-06 1.04e-06 4.03e-06)
(2.405e-06 1.04e-06 4.03e-06)
(2.47e-06 1.04e-06 4.03e-06)
(2.535e-06 1.04e-06 4.03e-06)
(1.885e-06 1.105e-06 4.03e-06)
(1.95e-06 1.105e-06 4.030000000000001e-06)
(2.015e-06 1.105e-06 4.03e-06)
(2.08e-06 1.105e-06 4.03e-06)
(2.145e-06 1.105e-06 4.03e-06)
(2.21e-06 1.105e-06 4.030000000000001e-06)
(2.275e-06 1.105e-06 4.03e-06)
(2.34e-06 1.105e-06 4.03e-06)
(2.405e-06 1.105e-06 4.03e-06)
(2.47e-06 1.105e-06 4.03e-06)
(2.535e-06 1.105e-06 4.03e-06)
(1.95e-06 1.17e-06 4.03e-06)
(2.015e-06 1.17e-06 4.03e-06)
(2.08e-06 1.17e-06 4.03e-06)
(2.145e-06 1.17e-06 4.03e-06)
(2.21e-06 1.17e-06 4.03e-06)
(2.275e-06 1.17e-06 4.03e-06)
(2.34e-06 1.17e-06 4.03e-06)
(2.405e-06 1.17e-06 4.03e-06)
(2.47e-06 1.17e-06 4.03e-06)
(2.015e-06 1.235e-06 4.03e-06)
(2.08e-06 1.235e-06 4.03e-06)
(2.145e-06 1.235e-06 4.03e-06)
(2.21e-06 1.235e-06 4.03e-06)
(2.275e-06 1.235e-06 4.03e-06)
(2.34e-06 1.235e-06 4.03e-06)
(2.405e-06 1.235e-06 4.03e-06)
(2.47e-06 1.235e-06 4.03e-06)
(2.21e-06 1.3e-06 4.03e-06)
(2.275e-06 1.3e-06 4.03e-06)
(2.34e-06 1.3e-06 4.03e-06)
(2.015e-06 8.450000000000001e-07 4.095e-06)
(2.08e-06 8.449999999999999e-07 4.095e-06)
(2.145e-06 8.449999999999999e-07 4.095e-06)
(2.21e-06 8.449999999999999e-07 4.095e-06)
(2.275e-06 8.449999999999999e-07 4.095e-06)
(1.95e-06 9.1e-07 4.095000000000001e-06)
(2.015e-06 9.1e-07 4.095e-06)
(2.08e-06 9.1e-07 4.095e-06)
(2.145e-06 9.100000000000001e-07 4.095e-06)
(2.21e-06 9.100000000000001e-07 4.095e-06)
(2.275e-06 9.099999999999998e-07 4.095e-06)
(2.34e-06 9.1e-07 4.095e-06)
(2.405e-06 9.1e-07 4.095e-06)
(1.885e-06 9.75e-07 4.095e-06)
(1.95e-06 9.75e-07 4.095e-06)
(2.015e-06 9.75e-07 4.095e-06)
(2.08e-06 9.75e-07 4.095e-06)
(2.145e-06 9.75e-07 4.095e-06)
(2.21e-06 9.75e-07 4.095e-06)
(2.275e-06 9.75e-07 4.095e-06)
(2.34e-06 9.75e-07 4.095e-06)
(2.405e-06 9.75e-07 4.095e-06)
(2.47e-06 9.75e-07 4.095e-06)
(1.885e-06 1.04e-06 4.095e-06)
(1.95e-06 1.04e-06 4.095e-06)
(2.015e-06 1.04e-06 4.095e-06)
(2.08e-06 1.04e-06 4.095e-06)
(2.145e-06 1.04e-06 4.095000000000001e-06)
(2.21e-06 1.04e-06 4.095e-06)
(2.275e-06 1.04e-06 4.095e-06)
(2.34e-06 1.04e-06 4.095e-06)
(2.405e-06 1.04e-06 4.095000000000001e-06)
(2.47e-06 1.04e-06 4.095e-06)
(1.885e-06 1.105e-06 4.095000000000001e-06)
(1.95e-06 1.105e-06 4.095e-06)
(2.015e-06 1.105e-06 4.095000000000001e-06)
(2.08e-06 1.105e-06 4.095e-06)
(2.145e-06 1.105e-06 4.095000000000001e-06)
(2.21e-06 1.105e-06 4.095e-06)
(2.275e-06 1.105e-06 4.095000000000001e-06)
(2.34e-06 1.105e-06 4.095e-06)
(2.405e-06 1.105e-06 4.095000000000001e-06)
(2.47e-06 1.105e-06 4.095e-06)
(1.95e-06 1.17e-06 4.095000000000001e-06)
(2.015e-06 1.17e-06 4.095000000000001e-06)
(2.08e-06 1.17e-06 4.095e-06)
(2.145e-06 1.17e-06 4.095000000000001e-06)
(2.21e-06 1.17e-06 4.095000000000001e-06)
(2.275e-06 1.17e-06 4.095e-06)
(2.34e-06 1.17e-06 4.095e-06)
(2.405e-06 1.17e-06 4.095e-06)
(2.47e-06 1.17e-06 4.095000000000001e-06)
(1.95e-06 1.235e-06 4.095000000000001e-06)
(2.015e-06 1.235e-06 4.095000000000001e-06)
(2.08e-06 1.235e-06 4.095e-06)
(2.145e-06 1.235e-06 4.095000000000001e-06)
(2.21e-06 1.235e-06 4.095000000000001e-06)
(2.275e-06 1.235e-06 4.095000000000001e-06)
(2.34e-06 1.235e-06 4.095000000000001e-06)
(2.405e-06 1.235e-06 4.095000000000001e-06)
(2.47e-06 1.235e-06 4.095e-06)
(2.08e-06 1.3e-06 4.095000000000001e-06)
(2.145e-06 1.3e-06 4.095000000000001e-06)
(2.21e-06 1.3e-06 4.095000000000001e-06)
(2.275e-06 1.3e-06 4.095000000000001e-06)
(2.34e-06 1.3e-06 4.095000000000001e-06)
(2.405e-06 1.3e-06 4.095000000000001e-06)
(1.95e-06 9.1e-07 4.16e-06)
(2.015e-06 9.100000000000001e-07 4.16e-06)
(2.08e-06 9.1e-07 4.16e-06)
(2.145e-06 9.1e-07 4.16e-06)
(2.21e-06 9.100000000000001e-07 4.16e-06)
(2.275e-06 9.099999999999998e-07 4.16e-06)
(2.34e-06 9.099999999999998e-07 4.16e-06)
(1.885e-06 9.75e-07 4.16e-06)
(1.95e-06 9.75e-07 4.159999999999999e-06)
(2.015e-06 9.75e-07 4.16e-06)
(2.08e-06 9.75e-07 4.16e-06)
(2.145e-06 9.75e-07 4.16e-06)
(2.21e-06 9.75e-07 4.159999999999999e-06)
(2.275e-06 9.75e-07 4.16e-06)
(2.34e-06 9.75e-07 4.16e-06)
(1.885e-06 1.04e-06 4.16e-06)
(1.95e-06 1.04e-06 4.160000000000001e-06)
(2.015e-06 1.04e-06 4.160000000000001e-06)
(2.08e-06 1.04e-06 4.16e-06)
(2.145e-06 1.04e-06 4.160000000000001e-06)
(2.21e-06 1.04e-06 4.160000000000001e-06)
(2.275e-06 1.04e-06 4.16e-06)
(2.34e-06 1.04e-06 4.160000000000001e-06)
(2.405e-06 1.04e-06 4.160000000000001e-06)
(1.885e-06 1.105e-06 4.159999999999999e-06)
(1.95e-06 1.105e-06 4.16e-06)
(2.015e-06 1.105e-06 4.160000000000001e-06)
(2.08e-06 1.105e-06 4.16e-06)
(2.145e-06 1.105e-06 4.16e-06)
(2.21e-06 1.105e-06 4.16e-06)
(2.275e-06 1.105e-06 4.159999999999999e-06)
(2.34e-06 1.105e-06 4.16e-06)
(2.405e-06 1.105e-06 4.16e-06)
(1.95e-06 1.17e-06 4.16e-06)
(2.015e-06 1.17e-06 4.159999999999999e-06)
(2.08e-06 1.17e-06 4.160000000000001e-06)
(2.145e-06 1.17e-06 4.16e-06)
(2.21e-06 1.17e-06 4.16e-06)
(2.275e-06 1.17e-06 4.16e-06)
(2.34e-06 1.17e-06 4.16e-06)
(2.405e-06 1.17e-06 4.16e-06)
(1.95e-06 1.235e-06 4.16e-06)
(2.015e-06 1.235e-06 4.159999999999999e-06)
(2.08e-06 1.235e-06 4.16e-06)
(2.145e-06 1.235e-06 4.159999999999999e-06)
(2.21e-06 1.235e-06 4.16e-06)
(2.275e-06 1.235e-06 4.16e-06)
(2.34e-06 1.235e-06 4.16e-06)
(2.405e-06 1.235e-06 4.160000000000001e-06)
(2.08e-06 1.3e-06 4.16e-06)
(2.145e-06 1.3e-06 4.159999999999999e-06)
(2.21e-06 1.3e-06 4.16e-06)
(2.275e-06 1.3e-06 4.160000000000001e-06)
(2.34e-06 1.3e-06 4.16e-06)
(2.405e-06 1.3e-06 4.160000000000001e-06)
)


// ************************************************************************* //
