/*--------------------------------*- C++ -*----------------------------------*\
  =========                 |
  \\      /  F ield         | OpenFOAM: The Open Source CFD Toolbox
   \\    /   O peration     | Website:  https://openfoam.org
    \\  /    A nd           | Version:  6
     \\/     M anipulation  |
\*---------------------------------------------------------------------------*/
FoamFile
{
    version     2.0;
    format      ascii;
    class       faceList;
    location    "constant/region499/polyMesh";
    object      faces;
}
// * * * * * * * * * * * * * * * * * * * * * * * * * * * * * * * * * * * * * //


84
(
4(13 14 17 16)
4(5 9 26 22)
4(8 25 26 9)
4(21 22 26 25)
4(6 10 27 23)
4(9 26 27 10)
4(22 23 27 26)
4(10 27 28 11)
4(23 24 28 27)
4(9 13 30 26)
4(25 26 30 29)
4(10 14 31 27)
4(13 30 31 14)
4(26 27 31 30)
4(14 31 32 15)
4(27 28 32 31)
4(14 17 34 31)
4(31 32 35 34)
4(22 39 40 23)
4(22 26 43 39)
4(25 42 43 26)
4(38 39 43 42)
4(23 27 44 40)
4(26 43 44 27)
4(39 40 44 43)
4(27 44 45 28)
4(26 30 47 43)
4(27 31 48 44)
4(31 48 49 32)
4(39 43 56 53)
4(2 16 17 3)
4(6 7 24 23)
4(7 11 28 24)
4(8 25 29 12)
4(12 29 30 13)
4(13 30 33 16)
4(16 33 34 17)
4(30 31 34 33)
4(19 20 37 36)
4(20 23 40 37)
4(36 37 40 39)
4(23 24 41 40)
4(24 28 45 41)
4(40 41 45 44)
4(25 42 46 29)
4(29 46 47 30)
4(42 43 47 46)
4(30 47 48 31)
4(43 44 48 47)
4(28 32 49 45)
4(44 45 49 48)
4(31 48 50 34)
4(34 50 51 35)
4(48 49 51 50)
4(39 40 54 53)
4(42 55 56 43)
4(52 53 56 55)
4(40 44 57 54)
4(43 56 57 44)
4(53 54 57 56)
4(0 2 3 1)
4(4 8 9 5)
4(5 9 10 6)
4(6 10 11 7)
4(8 12 13 9)
4(0 1 14 13)
4(9 13 14 10)
4(10 14 15 11)
4(0 13 16 2)
4(1 3 17 14)
4(14 17 18 15)
4(4 5 22 21)
4(5 6 23 22)
4(19 22 23 20)
4(4 21 25 8)
4(11 15 32 28)
4(15 18 35 32)
4(17 34 35 18)
4(19 36 39 22)
4(21 22 39 38)
4(21 38 42 25)
4(32 35 51 49)
4(38 39 53 52)
4(38 52 55 42)
)


// ************************************************************************* //
