/*--------------------------------*- C++ -*----------------------------------*\
  =========                 |
  \\      /  F ield         | OpenFOAM: The Open Source CFD Toolbox
   \\    /   O peration     | Website:  https://openfoam.org
    \\  /    A nd           | Version:  6
     \\/     M anipulation  |
\*---------------------------------------------------------------------------*/
FoamFile
{
    version     2.0;
    format      ascii;
    class       labelList;
    location    "constant/region187/polyMesh";
    object      cellRegionAddressing;
}
// * * * * * * * * * * * * * * * * * * * * * * * * * * * * * * * * * * * * * //


511
(
53257
53258
53259
53322
57352
57353
57354
57355
57356
57417
57418
57419
57420
61448
61449
61450
61451
61452
61453
61512
61513
61514
61515
61516
61517
61577
61578
61579
61580
65544
65545
65546
65547
65548
65549
65550
65608
65609
65610
65611
65612
65613
65614
65673
65674
65675
65676
65677
65737
65738
65739
65740
65741
69640
69641
69642
69643
69644
69645
69646
69647
69704
69705
69706
69707
69708
69709
69710
69711
69769
69770
69771
69772
69773
69774
69775
69833
69834
69835
69836
69837
69838
69839
69898
69899
69900
69901
69902
73736
73737
73738
73739
73740
73741
73742
73743
73744
73800
73801
73802
73803
73804
73805
73806
73807
73808
73865
73866
73867
73868
73869
73870
73871
73872
73929
73930
73931
73932
73933
73934
73935
73936
73994
73995
73996
73997
73998
73999
74060
74061
77831
77832
77833
77834
77835
77836
77837
77838
77839
77840
77841
77896
77897
77898
77899
77900
77901
77902
77903
77904
77905
77961
77962
77963
77964
77965
77966
77967
77968
78025
78026
78027
78028
78029
78030
78031
78032
78090
78091
78092
78093
78094
78095
78155
78156
78157
78158
81927
81928
81929
81930
81931
81932
81933
81934
81935
81936
81937
81992
81993
81994
81995
81996
81997
81998
81999
82000
82001
82056
82057
82058
82059
82060
82061
82062
82063
82064
82065
82121
82122
82123
82124
82125
82126
82127
82128
82129
82186
82187
82188
82189
82190
82191
82192
82251
82252
82253
82254
86023
86024
86025
86026
86027
86028
86029
86030
86031
86032
86033
86034
86088
86089
86090
86091
86092
86093
86094
86095
86096
86097
86098
86152
86153
86154
86155
86156
86157
86158
86159
86160
86161
86217
86218
86219
86220
86221
86222
86223
86224
86225
86282
86283
86284
86285
86286
86287
86288
86346
86347
86348
86349
86350
90119
90120
90121
90122
90123
90124
90125
90126
90127
90128
90129
90130
90184
90185
90186
90187
90188
90189
90190
90191
90192
90193
90194
90248
90249
90250
90251
90252
90253
90254
90255
90256
90257
90313
90314
90315
90316
90317
90318
90319
90320
90321
90378
90379
90380
90381
90382
90383
90384
90443
90444
90445
90446
94215
94216
94217
94218
94219
94220
94221
94222
94223
94224
94225
94226
94280
94281
94282
94283
94284
94285
94286
94287
94288
94289
94290
94344
94345
94346
94347
94348
94349
94350
94351
94352
94353
94354
94409
94410
94411
94412
94413
94414
94415
94416
94417
94474
94475
94476
94477
94478
94479
94540
94541
94542
98312
98313
98314
98315
98316
98317
98318
98319
98320
98321
98322
98376
98377
98378
98379
98380
98381
98382
98383
98384
98385
98386
98440
98441
98442
98443
98444
98445
98446
98447
98448
98449
98505
98506
98507
98508
98509
98510
98511
98512
98570
98571
98572
98573
98574
98575
98636
98637
102408
102409
102410
102411
102412
102413
102414
102415
102416
102417
102418
102472
102473
102474
102475
102476
102477
102478
102479
102480
102481
102482
102537
102538
102539
102540
102541
102542
102543
102544
102545
102601
102602
102603
102604
102605
102606
102607
102608
102666
102667
102668
102669
102670
106505
106506
106507
106508
106509
106510
106511
106512
106513
106571
106572
106573
106574
106575
106576
106577
106635
106636
106637
106638
106639
106640
106700
106701
106702
106703
106766
110606
110607
110608
110671
110672
)


// ************************************************************************* //
