/*--------------------------------*- C++ -*----------------------------------*\
  =========                 |
  \\      /  F ield         | OpenFOAM: The Open Source CFD Toolbox
   \\    /   O peration     | Website:  https://openfoam.org
    \\  /    A nd           | Version:  6
     \\/     M anipulation  |
\*---------------------------------------------------------------------------*/
FoamFile
{
    version     2.0;
    format      ascii;
    class       labelList;
    location    "constant/region187/polyMesh";
    object      faceRegionAddressing;
}
// * * * * * * * * * * * * * * * * * * * * * * * * * * * * * * * * * * * * * //


1788
(
158108
158110
158111
158112
158113
158116
158304
170265
170267
170268
170269
170270
170271
170272
170273
170274
170275
170276
170278
170279
170459
170461
170462
170464
170465
170467
170470
182425
182426
182427
182428
182429
182430
182431
182432
182433
182434
182435
182436
182437
182438
182439
182441
182442
182616
182618
182619
182620
182621
182622
182623
182624
182625
182626
182627
182628
182629
182630
182633
182810
182812
182813
182815
182816
182818
182821
194585
194586
194587
194588
194589
194590
194591
194592
194593
194594
194595
194596
194597
194598
194599
194600
194601
194602
194604
194605
194776
194778
194779
194780
194781
194782
194783
194784
194785
194786
194787
194788
194789
194790
194791
194792
194793
194796
194970
194971
194972
194973
194974
194975
194976
194977
194978
194979
194980
194981
194983
194984
195161
195163
195164
195166
195167
195169
195170
195172
195175
206745
206746
206747
206748
206749
206750
206751
206752
206753
206754
206755
206756
206757
206758
206759
206760
206761
206762
206763
206764
206765
206767
206768
206936
206938
206939
206940
206941
206942
206943
206944
206945
206946
206947
206948
206949
206950
206951
206952
206953
206954
206955
206956
206958
206959
207130
207131
207132
207133
207134
207135
207136
207137
207138
207139
207140
207141
207142
207143
207144
207145
207146
207147
207149
207150
207321
207323
207324
207325
207326
207327
207328
207329
207330
207331
207332
207333
207334
207335
207336
207337
207338
207341
207515
207517
207518
207520
207521
207523
207524
207526
207529
218905
218906
218907
218908
218909
218910
218911
218912
218913
218914
218915
218916
218917
218918
218919
218920
218921
218922
218923
218924
218925
218926
218927
218928
218930
218931
219096
219098
219099
219100
219101
219102
219103
219104
219105
219106
219107
219108
219109
219110
219111
219112
219113
219114
219115
219116
219117
219118
219119
219121
219122
219290
219291
219292
219293
219294
219295
219296
219297
219298
219299
219300
219301
219302
219303
219304
219305
219306
219307
219308
219309
219310
219312
219313
219481
219483
219484
219485
219486
219487
219488
219489
219490
219491
219492
219493
219494
219495
219496
219497
219498
219499
219500
219501
219504
219675
219677
219678
219680
219681
219682
219683
219684
219685
219686
219687
219689
219692
219872
219874
219877
231062
231064
231065
231066
231067
231068
231069
231070
231071
231072
231073
231074
231075
231076
231077
231078
231079
231080
231081
231082
231083
231084
231085
231086
231087
231088
231089
231090
231091
231093
231094
231256
231258
231259
231260
231261
231262
231263
231264
231265
231266
231267
231268
231269
231270
231271
231272
231273
231274
231275
231276
231277
231278
231279
231280
231281
231282
231285
231450
231451
231452
231453
231454
231455
231456
231457
231458
231459
231460
231461
231462
231463
231464
231465
231466
231467
231468
231469
231470
231472
231473
231641
231643
231644
231645
231646
231647
231648
231649
231650
231651
231652
231653
231654
231655
231656
231657
231658
231659
231660
231661
231664
231835
231837
231838
231839
231840
231841
231842
231843
231844
231845
231846
231847
231848
231849
231852
232029
232031
232032
232034
232035
232037
232040
243222
243224
243225
243226
243227
243228
243229
243230
243231
243232
243233
243234
243235
243236
243237
243238
243239
243240
243241
243242
243243
243244
243245
243246
243247
243248
243249
243250
243251
243253
243254
243416
243417
243418
243419
243420
243421
243422
243423
243424
243425
243426
243427
243428
243429
243430
243431
243432
243433
243434
243435
243436
243437
243438
243439
243440
243441
243442
243444
243445
243607
243609
243610
243611
243612
243613
243614
243615
243616
243617
243618
243619
243620
243621
243622
243623
243624
243625
243626
243627
243628
243629
243630
243631
243632
243633
243635
243636
243801
243803
243804
243805
243806
243807
243808
243809
243810
243811
243812
243813
243814
243815
243816
243817
243818
243819
243820
243821
243822
243823
243824
243827
243995
243997
243998
243999
244000
244001
244002
244003
244004
244005
244006
244007
244008
244009
244010
244012
244015
244189
244191
244192
244194
244195
244197
244200
255382
255384
255385
255386
255387
255388
255389
255390
255391
255392
255393
255394
255395
255396
255397
255398
255399
255400
255401
255402
255403
255404
255405
255406
255407
255408
255409
255410
255411
255412
255413
255414
255416
255417
255576
255577
255578
255579
255580
255581
255582
255583
255584
255585
255586
255587
255588
255589
255590
255591
255592
255593
255594
255595
255596
255597
255598
255599
255600
255601
255602
255603
255604
255605
255608
255767
255769
255770
255771
255772
255773
255774
255775
255776
255777
255778
255779
255780
255781
255782
255783
255784
255785
255786
255787
255788
255789
255790
255791
255792
255793
255795
255796
255961
255963
255964
255965
255966
255967
255968
255969
255970
255971
255972
255973
255974
255975
255976
255977
255978
255979
255980
255981
255982
255983
255984
255987
256155
256156
256157
256158
256159
256160
256161
256162
256163
256164
256165
256166
256167
256168
256169
256170
256172
256175
256346
256349
256351
256352
256354
256355
256357
256360
267542
267544
267545
267546
267547
267548
267549
267550
267551
267552
267553
267554
267555
267556
267557
267558
267559
267560
267561
267562
267563
267564
267565
267566
267567
267568
267569
267570
267571
267572
267573
267574
267576
267577
267736
267737
267738
267739
267740
267741
267742
267743
267744
267745
267746
267747
267748
267749
267750
267751
267752
267753
267754
267755
267756
267757
267758
267759
267760
267761
267762
267763
267764
267765
267768
267927
267929
267930
267931
267932
267933
267934
267935
267936
267937
267938
267939
267940
267941
267942
267943
267944
267945
267946
267947
267948
267949
267950
267951
267952
267953
267955
267956
268121
268123
268124
268125
268126
268127
268128
268129
268130
268131
268132
268133
268134
268135
268136
268137
268138
268139
268140
268141
268142
268143
268144
268147
268315
268317
268318
268319
268320
268321
268322
268323
268324
268325
268326
268327
268328
268329
268330
268332
268509
268512
268514
268515
268517
268520
279702
279705
279706
279707
279708
279709
279710
279711
279712
279713
279714
279715
279716
279717
279718
279719
279720
279721
279722
279723
279724
279725
279726
279727
279728
279729
279730
279731
279732
279733
279734
279736
279737
279896
279897
279898
279899
279900
279901
279902
279903
279904
279905
279906
279907
279908
279909
279910
279911
279912
279913
279914
279915
279916
279917
279918
279919
279920
279921
279922
279923
279924
279925
279927
279928
280087
280089
280090
280091
280092
280093
280094
280095
280096
280097
280098
280099
280100
280101
280102
280103
280104
280105
280106
280107
280108
280109
280110
280111
280112
280113
280114
280115
280116
280281
280283
280284
280285
280286
280287
280288
280289
280290
280291
280292
280293
280294
280295
280296
280297
280298
280299
280300
280301
280302
280304
280475
280477
280478
280480
280481
280482
280483
280484
280485
280486
280487
280488
280489
280492
280672
280674
280675
280677
291865
291866
291867
291868
291869
291870
291871
291872
291873
291874
291875
291876
291877
291878
291879
291880
291881
291882
291883
291884
291885
291886
291887
291888
291889
291890
291891
291892
291893
291894
291896
291897
292056
292057
292058
292059
292060
292061
292062
292063
292064
292065
292066
292067
292068
292069
292070
292071
292072
292073
292074
292075
292076
292077
292078
292079
292080
292081
292082
292083
292084
292085
292088
292247
292250
292251
292252
292253
292254
292255
292256
292257
292258
292259
292260
292261
292262
292263
292264
292265
292266
292267
292268
292269
292270
292271
292272
292273
292276
292441
292443
292444
292445
292446
292447
292448
292449
292450
292451
292452
292453
292454
292455
292456
292457
292458
292459
292460
292461
292464
292635
292637
292638
292640
292641
292642
292643
292644
292645
292646
292647
292649
292832
304025
304026
304028
304029
304030
304031
304032
304033
304034
304035
304036
304037
304038
304039
304040
304041
304042
304043
304044
304045
304046
304047
304048
304049
304050
304051
304052
304053
304054
304056
304216
304219
304220
304222
304223
304225
304226
304227
304228
304229
304230
304231
304232
304233
304234
304235
304236
304237
304238
304239
304240
304241
304242
304243
304244
304245
304410
304411
304413
304414
304416
304417
304418
304419
304420
304421
304422
304423
304424
304425
304426
304427
304428
304429
304430
304431
304432
304433
304601
304604
304605
304607
304608
304610
304611
304612
304613
304614
304615
304616
304617
304618
304619
304621
304795
304798
304801
304804
304809
316188
316191
316194
316195
316197
316198
316200
316201
316203
316204
316205
316206
316207
316208
316209
316210
316211
316213
316385
316386
316388
316389
316391
316392
316394
316395
316397
316398
316399
316400
316401
316402
316576
316579
316580
316582
316583
316585
316586
316588
316589
316770
316773
316776
316777
328363
328366
328367
328370
328557
896212
896213
896214
896215
896216
896271
896272
896273
896274
896275
896276
896277
896278
896279
896280
896281
896282
896334
896335
896336
896337
896338
896339
896340
896341
896342
896343
896344
896345
896346
896347
896398
896399
896400
896401
896402
896403
896404
896405
896406
896407
896408
896409
896410
896411
896462
896463
896464
896465
896466
896467
896468
896469
896470
896471
896472
896473
896474
896475
896527
896528
896529
896530
896531
896532
896533
896534
896535
896536
896537
896538
896539
896592
896593
896594
896595
896596
896597
896598
896599
896600
896601
896602
896603
896657
896658
896659
896660
896661
896662
896663
896664
896665
896666
896667
896668
896722
896723
896724
896725
896726
896727
896728
896729
896730
896731
896732
896787
896788
896789
896790
896791
896792
896793
896794
896795
896796
896852
896853
896854
896855
896856
896857
896858
896859
896918
896919
896920
896921
896922
-158105
-158107
158109
158114
158115
-158119
-158299
-158301
158302
158303
-158307
-158310
-170262
170266
170277
-170282
-170456
-170458
170460
170463
170466
170468
170469
-170473
-170652
-170655
-170658
-170661
182440
-182445
182631
182632
-182636
182811
182814
182817
182819
182820
-182824
-183003
-183006
-183009
-183012
-183015
194794
194795
-194799
194982
-194987
-194990
195165
195168
195171
195173
195174
-195178
-195181
-195357
-195360
-195363
-195366
-195369
207148
-207153
207339
207340
-207344
207516
207519
207522
207525
207527
207528
-207532
-207714
-207717
219311
219502
219503
219679
219688
219690
219691
-219869
-219871
219873
219875
219876
-219880
231662
231663
-231667
231850
231851
-231855
232033
232036
232038
232039
255607
255794
255985
255986
256173
256347
256348
267575
267766
267767
267954
-267959
268145
268146
268316
268333
268335
-268506
268510
268511
279735
279926
280117
280118
280119
280303
280305
280306
280307
280476
280479
280490
-280669
280673
280676
280680
291895
292086
292087
292274
292275
292442
292462
292463
-292632
292636
292639
292648
292650
292651
292652
-292829
292833
292834
292835
292837
304055
304057
304246
304247
304248
304434
304435
304436
304602
304620
304622
304623
304624
-304792
304796
304799
304802
304805
304807
304808
316212
316214
316403
316404
316405
316591
316592
316593
316779
316780
316967
316968
328369
328560
328561
328562
304218
-256343
-304598
243443
-243448
-145950
-145953
-145956
-146144
-182422
-182613
182617
-182807
-194582
194603
-194608
-194773
194777
-194967
-195158
195162
-206742
206766
-206771
-206933
206937
206957
-206962
-207127
-207318
207322
-207512
-218902
-218904
218929
-218934
-219093
219097
219120
-219125
-219287
-219478
219482
-219672
219676
-231059
231063
231092
-231253
231257
231283
231284
-231447
-231449
231471
-231476
-231638
231642
-231832
231836
-232026
232030
-243219
243223
243252
-243257
-243413
-243604
243608
243634
-243798
243802
243825
243826
-243992
243996
244011
244013
244014
-244186
-244188
244190
244193
244196
244198
244199
-255379
255383
255415
-255573
255606
-255764
255768
-255958
255962
-256152
256171
256174
256350
256353
256356
256358
256359
-267539
267543
-267733
-267924
267928
-268118
268122
-268312
268331
268334
268513
268516
268518
268519
-279699
279703
279704
-279893
-280084
280088
-280278
280282
-280472
280491
280678
280679
-291862
-292053
-292244
292248
292249
-292438
292836
-304022
304027
-304213
304217
304221
304224
-304407
304412
304415
304603
304606
304609
304797
304800
304803
304806
-316185
316189
316190
316192
316193
316196
316199
316202
-316382
316387
316390
316393
316396
-316573
316577
316578
316581
316584
316587
316590
-316767
316771
316772
316774
316775
316778
316781
-316964
316969
-328360
328364
328365
328368
328371
-328554
328558
328559
)


// ************************************************************************* //
