/*--------------------------------*- C++ -*----------------------------------*\
  =========                 |
  \\      /  F ield         | OpenFOAM: The Open Source CFD Toolbox
   \\    /   O peration     | Website:  https://openfoam.org
    \\  /    A nd           | Version:  6
     \\/     M anipulation  |
\*---------------------------------------------------------------------------*/
FoamFile
{
    version     2.0;
    format      ascii;
    class       faceList;
    location    "constant/region187/polyMesh";
    object      faces;
}
// * * * * * * * * * * * * * * * * * * * * * * * * * * * * * * * * * * * * * //


1788
(
4(1 5 18 12)
4(11 12 18 17)
4(2 6 19 13)
4(5 18 19 6)
4(12 13 19 18)
4(13 14 20 19)
4(18 19 24 23)
4(11 17 35 28)
4(27 28 35 34)
4(12 18 36 29)
4(17 35 36 18)
4(28 29 36 35)
4(13 19 37 30)
4(18 36 37 19)
4(29 30 37 36)
4(14 20 38 31)
4(19 37 38 20)
4(30 31 38 37)
4(20 38 39 21)
4(31 32 39 38)
4(18 23 43 36)
4(35 36 43 42)
4(19 24 44 37)
4(36 37 44 43)
4(20 25 45 38)
4(37 38 45 44)
4(38 39 46 45)
4(28 35 62 54)
4(34 61 62 35)
4(53 54 62 61)
4(29 36 63 55)
4(35 62 63 36)
4(54 55 63 62)
4(30 37 64 56)
4(36 63 64 37)
4(55 56 64 63)
4(31 38 65 57)
4(37 64 65 38)
4(56 57 65 64)
4(32 39 66 58)
4(38 65 66 39)
4(57 58 66 65)
4(39 66 67 40)
4(58 59 67 66)
4(35 42 70 62)
4(61 62 70 69)
4(36 43 71 63)
4(42 70 71 43)
4(62 63 71 70)
4(37 44 72 64)
4(43 71 72 44)
4(63 64 72 71)
4(38 45 73 65)
4(44 72 73 45)
4(64 65 73 72)
4(39 46 74 66)
4(45 73 74 46)
4(65 66 74 73)
4(66 67 75 74)
4(43 49 78 71)
4(70 71 78 77)
4(44 50 79 72)
4(71 72 79 78)
4(45 51 80 73)
4(72 73 80 79)
4(73 74 81 80)
4(54 62 99 90)
4(61 98 99 62)
4(89 90 99 98)
4(55 63 100 91)
4(62 99 100 63)
4(90 91 100 99)
4(56 64 101 92)
4(63 100 101 64)
4(91 92 101 100)
4(57 65 102 93)
4(64 101 102 65)
4(92 93 102 101)
4(58 66 103 94)
4(65 102 103 66)
4(93 94 103 102)
4(59 67 104 95)
4(66 103 104 67)
4(94 95 104 103)
4(67 104 105 68)
4(95 96 105 104)
4(62 70 108 99)
4(98 99 108 107)
4(63 71 109 100)
4(70 108 109 71)
4(99 100 109 108)
4(64 72 110 101)
4(71 109 110 72)
4(100 101 110 109)
4(65 73 111 102)
4(72 110 111 73)
4(101 102 111 110)
4(66 74 112 103)
4(73 111 112 74)
4(102 103 112 111)
4(67 75 113 104)
4(74 112 113 75)
4(103 104 113 112)
4(104 105 114 113)
4(71 78 117 109)
4(77 116 117 78)
4(108 109 117 116)
4(72 79 118 110)
4(78 117 118 79)
4(109 110 118 117)
4(73 80 119 111)
4(79 118 119 80)
4(110 111 119 118)
4(74 81 120 112)
4(80 119 120 81)
4(111 112 120 119)
4(81 120 121 82)
4(112 113 121 120)
4(78 84 125 117)
4(116 117 125 124)
4(79 85 126 118)
4(117 118 126 125)
4(80 86 127 119)
4(118 119 127 126)
4(81 87 128 120)
4(119 120 128 127)
4(120 121 129 128)
4(90 99 149 139)
4(98 148 149 99)
4(138 139 149 148)
4(91 100 150 140)
4(99 149 150 100)
4(139 140 150 149)
4(92 101 151 141)
4(100 150 151 101)
4(140 141 151 150)
4(93 102 152 142)
4(101 151 152 102)
4(141 142 152 151)
4(94 103 153 143)
4(102 152 153 103)
4(142 143 153 152)
4(95 104 154 144)
4(103 153 154 104)
4(143 144 154 153)
4(96 105 155 145)
4(104 154 155 105)
4(144 145 155 154)
4(105 155 156 106)
4(145 146 156 155)
4(99 108 159 149)
4(148 149 159 158)
4(100 109 160 150)
4(108 159 160 109)
4(149 150 160 159)
4(101 110 161 151)
4(109 160 161 110)
4(150 151 161 160)
4(102 111 162 152)
4(110 161 162 111)
4(151 152 162 161)
4(103 112 163 153)
4(111 162 163 112)
4(152 153 163 162)
4(104 113 164 154)
4(112 163 164 113)
4(153 154 164 163)
4(105 114 165 155)
4(113 164 165 114)
4(154 155 165 164)
4(114 165 166 115)
4(155 156 166 165)
4(109 117 169 160)
4(116 168 169 117)
4(159 160 169 168)
4(110 118 170 161)
4(117 169 170 118)
4(160 161 170 169)
4(111 119 171 162)
4(118 170 171 119)
4(161 162 171 170)
4(112 120 172 163)
4(119 171 172 120)
4(162 163 172 171)
4(113 121 173 164)
4(120 172 173 121)
4(163 164 173 172)
4(114 122 174 165)
4(121 173 174 122)
4(164 165 174 173)
4(122 174 175 123)
4(165 166 175 174)
4(117 125 178 169)
4(168 169 178 177)
4(118 126 179 170)
4(125 178 179 126)
4(169 170 179 178)
4(119 127 180 171)
4(126 179 180 127)
4(170 171 180 179)
4(120 128 181 172)
4(127 180 181 128)
4(171 172 181 180)
4(121 129 182 173)
4(128 181 182 129)
4(172 173 182 181)
4(122 130 183 174)
4(129 182 183 130)
4(173 174 183 182)
4(174 175 184 183)
4(126 133 187 179)
4(178 179 187 186)
4(127 134 188 180)
4(179 180 188 187)
4(128 135 189 181)
4(180 181 189 188)
4(129 136 190 182)
4(181 182 190 189)
4(182 183 191 190)
4(139 149 210 198)
4(148 209 210 149)
4(197 198 210 209)
4(140 150 211 199)
4(149 210 211 150)
4(198 199 211 210)
4(141 151 212 200)
4(150 211 212 151)
4(199 200 212 211)
4(142 152 213 201)
4(151 212 213 152)
4(200 201 213 212)
4(143 153 214 202)
4(152 213 214 153)
4(201 202 214 213)
4(144 154 215 203)
4(153 214 215 154)
4(202 203 215 214)
4(145 155 216 204)
4(154 215 216 155)
4(203 204 216 215)
4(146 156 217 205)
4(155 216 217 156)
4(204 205 217 216)
4(156 217 218 157)
4(205 206 218 217)
4(149 159 221 210)
4(209 210 221 220)
4(150 160 222 211)
4(159 221 222 160)
4(210 211 222 221)
4(151 161 223 212)
4(160 222 223 161)
4(211 212 223 222)
4(152 162 224 213)
4(161 223 224 162)
4(212 213 224 223)
4(153 163 225 214)
4(162 224 225 163)
4(213 214 225 224)
4(154 164 226 215)
4(163 225 226 164)
4(214 215 226 225)
4(155 165 227 216)
4(164 226 227 165)
4(215 216 227 226)
4(156 166 228 217)
4(165 227 228 166)
4(216 217 228 227)
4(166 228 229 167)
4(217 218 229 228)
4(160 169 232 222)
4(168 231 232 169)
4(221 222 232 231)
4(161 170 233 223)
4(169 232 233 170)
4(222 223 233 232)
4(162 171 234 224)
4(170 233 234 171)
4(223 224 234 233)
4(163 172 235 225)
4(171 234 235 172)
4(224 225 235 234)
4(164 173 236 226)
4(172 235 236 173)
4(225 226 236 235)
4(165 174 237 227)
4(173 236 237 174)
4(226 227 237 236)
4(166 175 238 228)
4(174 237 238 175)
4(227 228 238 237)
4(175 238 239 176)
4(228 229 239 238)
4(169 178 241 232)
4(231 232 241 240)
4(170 179 242 233)
4(178 241 242 179)
4(232 233 242 241)
4(171 180 243 234)
4(179 242 243 180)
4(233 234 243 242)
4(172 181 244 235)
4(180 243 244 181)
4(234 235 244 243)
4(173 182 245 236)
4(181 244 245 182)
4(235 236 245 244)
4(174 183 246 237)
4(182 245 246 183)
4(236 237 246 245)
4(175 184 247 238)
4(183 246 247 184)
4(237 238 247 246)
4(238 239 248 247)
4(179 187 250 242)
4(241 242 250 249)
4(180 188 251 243)
4(242 243 251 250)
4(181 189 252 244)
4(188 251 252 189)
4(243 244 252 251)
4(182 190 253 245)
4(189 252 253 190)
4(244 245 253 252)
4(183 191 254 246)
4(245 246 254 253)
4(246 247 255 254)
4(189 194 258 252)
4(251 252 258 257)
4(252 253 259 258)
4(197 209 274 262)
4(261 262 274 273)
4(198 210 275 263)
4(209 274 275 210)
4(262 263 275 274)
4(199 211 276 264)
4(210 275 276 211)
4(263 264 276 275)
4(200 212 277 265)
4(211 276 277 212)
4(264 265 277 276)
4(201 213 278 266)
4(212 277 278 213)
4(265 266 278 277)
4(202 214 279 267)
4(213 278 279 214)
4(266 267 279 278)
4(203 215 280 268)
4(214 279 280 215)
4(267 268 280 279)
4(204 216 281 269)
4(215 280 281 216)
4(268 269 281 280)
4(205 217 282 270)
4(216 281 282 217)
4(269 270 282 281)
4(206 218 283 271)
4(217 282 283 218)
4(270 271 283 282)
4(218 283 284 219)
4(271 272 284 283)
4(210 221 286 275)
4(274 275 286 285)
4(211 222 287 276)
4(221 286 287 222)
4(275 276 287 286)
4(212 223 288 277)
4(222 287 288 223)
4(276 277 288 287)
4(213 224 289 278)
4(223 288 289 224)
4(277 278 289 288)
4(214 225 290 279)
4(224 289 290 225)
4(278 279 290 289)
4(215 226 291 280)
4(225 290 291 226)
4(279 280 291 290)
4(216 227 292 281)
4(226 291 292 227)
4(280 281 292 291)
4(217 228 293 282)
4(227 292 293 228)
4(281 282 293 292)
4(218 229 294 283)
4(228 293 294 229)
4(282 283 294 293)
4(283 284 295 294)
4(222 232 298 287)
4(231 297 298 232)
4(286 287 298 297)
4(223 233 299 288)
4(232 298 299 233)
4(287 288 299 298)
4(224 234 300 289)
4(233 299 300 234)
4(288 289 300 299)
4(225 235 301 290)
4(234 300 301 235)
4(289 290 301 300)
4(226 236 302 291)
4(235 301 302 236)
4(290 291 302 301)
4(227 237 303 292)
4(236 302 303 237)
4(291 292 303 302)
4(228 238 304 293)
4(237 303 304 238)
4(292 293 304 303)
4(238 304 305 239)
4(293 294 305 304)
4(232 241 308 298)
4(297 298 308 307)
4(233 242 309 299)
4(241 308 309 242)
4(298 299 309 308)
4(234 243 310 300)
4(242 309 310 243)
4(299 300 310 309)
4(235 244 311 301)
4(243 310 311 244)
4(300 301 311 310)
4(236 245 312 302)
4(244 311 312 245)
4(301 302 312 311)
4(237 246 313 303)
4(245 312 313 246)
4(302 303 313 312)
4(238 247 314 304)
4(246 313 314 247)
4(303 304 314 313)
4(304 305 315 314)
4(242 250 318 309)
4(308 309 318 317)
4(243 251 319 310)
4(250 318 319 251)
4(309 310 319 318)
4(244 252 320 311)
4(251 319 320 252)
4(310 311 320 319)
4(245 253 321 312)
4(252 320 321 253)
4(311 312 321 320)
4(246 254 322 313)
4(253 321 322 254)
4(312 313 322 321)
4(313 314 323 322)
4(251 257 326 319)
4(318 319 326 325)
4(252 258 327 320)
4(319 320 327 326)
4(253 259 328 321)
4(320 321 328 327)
4(321 322 329 328)
4(262 274 344 331)
4(330 331 344 343)
4(263 275 345 332)
4(274 344 345 275)
4(331 332 345 344)
4(264 276 346 333)
4(275 345 346 276)
4(332 333 346 345)
4(265 277 347 334)
4(276 346 347 277)
4(333 334 347 346)
4(266 278 348 335)
4(277 347 348 278)
4(334 335 348 347)
4(267 279 349 336)
4(278 348 349 279)
4(335 336 349 348)
4(268 280 350 337)
4(279 349 350 280)
4(336 337 350 349)
4(269 281 351 338)
4(280 350 351 281)
4(337 338 351 350)
4(270 282 352 339)
4(281 351 352 282)
4(338 339 352 351)
4(271 283 353 340)
4(282 352 353 283)
4(339 340 353 352)
4(283 353 354 284)
4(340 341 354 353)
4(275 286 357 345)
4(285 356 357 286)
4(344 345 357 356)
4(276 287 358 346)
4(286 357 358 287)
4(345 346 358 357)
4(277 288 359 347)
4(287 358 359 288)
4(346 347 359 358)
4(278 289 360 348)
4(288 359 360 289)
4(347 348 360 359)
4(279 290 361 349)
4(289 360 361 290)
4(348 349 361 360)
4(280 291 362 350)
4(290 361 362 291)
4(349 350 362 361)
4(281 292 363 351)
4(291 362 363 292)
4(350 351 363 362)
4(282 293 364 352)
4(292 363 364 293)
4(351 352 364 363)
4(283 294 365 353)
4(293 364 365 294)
4(352 353 365 364)
4(294 365 366 295)
4(353 354 366 365)
4(286 297 369 357)
4(356 357 369 368)
4(287 298 370 358)
4(297 369 370 298)
4(357 358 370 369)
4(288 299 371 359)
4(298 370 371 299)
4(358 359 371 370)
4(289 300 372 360)
4(299 371 372 300)
4(359 360 372 371)
4(290 301 373 361)
4(300 372 373 301)
4(360 361 373 372)
4(291 302 374 362)
4(301 373 374 302)
4(361 362 374 373)
4(292 303 375 363)
4(302 374 375 303)
4(362 363 375 374)
4(293 304 376 364)
4(303 375 376 304)
4(363 364 376 375)
4(294 305 377 365)
4(304 376 377 305)
4(364 365 377 376)
4(305 377 378 306)
4(365 366 378 377)
4(298 308 380 370)
4(369 370 380 379)
4(299 309 381 371)
4(308 380 381 309)
4(370 371 381 380)
4(300 310 382 372)
4(309 381 382 310)
4(371 372 382 381)
4(301 311 383 373)
4(310 382 383 311)
4(372 373 383 382)
4(302 312 384 374)
4(311 383 384 312)
4(373 374 384 383)
4(303 313 385 375)
4(312 384 385 313)
4(374 375 385 384)
4(304 314 386 376)
4(313 385 386 314)
4(375 376 386 385)
4(305 315 387 377)
4(314 386 387 315)
4(376 377 387 386)
4(377 378 388 387)
4(309 318 390 381)
4(380 381 390 389)
4(310 319 391 382)
4(318 390 391 319)
4(381 382 391 390)
4(311 320 392 383)
4(319 391 392 320)
4(382 383 392 391)
4(312 321 393 384)
4(320 392 393 321)
4(383 384 393 392)
4(313 322 394 385)
4(321 393 394 322)
4(384 385 394 393)
4(314 323 395 386)
4(385 386 395 394)
4(386 387 396 395)
4(319 326 399 391)
4(390 391 399 398)
4(320 327 400 392)
4(391 392 400 399)
4(321 328 401 393)
4(392 393 401 400)
4(393 394 402 401)
4(331 344 417 404)
4(403 404 417 416)
4(332 345 418 405)
4(344 417 418 345)
4(404 405 418 417)
4(333 346 419 406)
4(345 418 419 346)
4(405 406 419 418)
4(334 347 420 407)
4(346 419 420 347)
4(406 407 420 419)
4(335 348 421 408)
4(347 420 421 348)
4(407 408 421 420)
4(336 349 422 409)
4(348 421 422 349)
4(408 409 422 421)
4(337 350 423 410)
4(349 422 423 350)
4(409 410 423 422)
4(338 351 424 411)
4(350 423 424 351)
4(410 411 424 423)
4(339 352 425 412)
4(351 424 425 352)
4(411 412 425 424)
4(340 353 426 413)
4(352 425 426 353)
4(412 413 426 425)
4(341 354 427 414)
4(353 426 427 354)
4(413 414 427 426)
4(354 427 428 355)
4(414 415 428 427)
4(345 357 430 418)
4(356 429 430 357)
4(417 418 430 429)
4(346 358 431 419)
4(357 430 431 358)
4(418 419 431 430)
4(347 359 432 420)
4(358 431 432 359)
4(419 420 432 431)
4(348 360 433 421)
4(359 432 433 360)
4(420 421 433 432)
4(349 361 434 422)
4(360 433 434 361)
4(421 422 434 433)
4(350 362 435 423)
4(361 434 435 362)
4(422 423 435 434)
4(351 363 436 424)
4(362 435 436 363)
4(423 424 436 435)
4(352 364 437 425)
4(363 436 437 364)
4(424 425 437 436)
4(353 365 438 426)
4(364 437 438 365)
4(425 426 438 437)
4(354 366 439 427)
4(365 438 439 366)
4(426 427 439 438)
4(427 428 440 439)
4(357 369 442 430)
4(429 430 442 441)
4(358 370 443 431)
4(369 442 443 370)
4(430 431 443 442)
4(359 371 444 432)
4(370 443 444 371)
4(431 432 444 443)
4(360 372 445 433)
4(371 444 445 372)
4(432 433 445 444)
4(361 373 446 434)
4(372 445 446 373)
4(433 434 446 445)
4(362 374 447 435)
4(373 446 447 374)
4(434 435 447 446)
4(363 375 448 436)
4(374 447 448 375)
4(435 436 448 447)
4(364 376 449 437)
4(375 448 449 376)
4(436 437 449 448)
4(365 377 450 438)
4(376 449 450 377)
4(437 438 450 449)
4(377 450 451 378)
4(438 439 451 450)
4(370 380 453 443)
4(442 443 453 452)
4(371 381 454 444)
4(380 453 454 381)
4(443 444 454 453)
4(372 382 455 445)
4(381 454 455 382)
4(444 445 455 454)
4(373 383 456 446)
4(382 455 456 383)
4(445 446 456 455)
4(374 384 457 447)
4(383 456 457 384)
4(446 447 457 456)
4(375 385 458 448)
4(384 457 458 385)
4(447 448 458 457)
4(376 386 459 449)
4(385 458 459 386)
4(448 449 459 458)
4(377 387 460 450)
4(386 459 460 387)
4(449 450 460 459)
4(450 451 461 460)
4(381 390 463 454)
4(389 462 463 390)
4(453 454 463 462)
4(382 391 464 455)
4(390 463 464 391)
4(454 455 464 463)
4(383 392 465 456)
4(391 464 465 392)
4(455 456 465 464)
4(384 393 466 457)
4(392 465 466 393)
4(456 457 466 465)
4(385 394 467 458)
4(393 466 467 394)
4(457 458 467 466)
4(386 395 468 459)
4(458 459 468 467)
4(459 460 469 468)
4(390 398 471 463)
4(391 399 472 464)
4(463 464 472 471)
4(392 400 473 465)
4(464 465 473 472)
4(393 401 474 466)
4(465 466 474 473)
4(466 467 475 474)
4(404 417 490 477)
4(476 477 490 489)
4(405 418 491 478)
4(417 490 491 418)
4(477 478 491 490)
4(406 419 492 479)
4(418 491 492 419)
4(478 479 492 491)
4(407 420 493 480)
4(419 492 493 420)
4(479 480 493 492)
4(408 421 494 481)
4(420 493 494 421)
4(480 481 494 493)
4(409 422 495 482)
4(421 494 495 422)
4(481 482 495 494)
4(410 423 496 483)
4(422 495 496 423)
4(482 483 496 495)
4(411 424 497 484)
4(423 496 497 424)
4(483 484 497 496)
4(412 425 498 485)
4(424 497 498 425)
4(484 485 498 497)
4(413 426 499 486)
4(425 498 499 426)
4(485 486 499 498)
4(414 427 500 487)
4(426 499 500 427)
4(486 487 500 499)
4(427 500 501 428)
4(487 488 501 500)
4(418 430 503 491)
4(429 502 503 430)
4(490 491 503 502)
4(419 431 504 492)
4(430 503 504 431)
4(491 492 504 503)
4(420 432 505 493)
4(431 504 505 432)
4(492 493 505 504)
4(421 433 506 494)
4(432 505 506 433)
4(493 494 506 505)
4(422 434 507 495)
4(433 506 507 434)
4(494 495 507 506)
4(423 435 508 496)
4(434 507 508 435)
4(495 496 508 507)
4(424 436 509 497)
4(435 508 509 436)
4(496 497 509 508)
4(425 437 510 498)
4(436 509 510 437)
4(497 498 510 509)
4(426 438 511 499)
4(437 510 511 438)
4(498 499 511 510)
4(427 439 512 500)
4(438 511 512 439)
4(499 500 512 511)
4(500 501 513 512)
4(430 442 515 503)
4(502 503 515 514)
4(431 443 516 504)
4(442 515 516 443)
4(503 504 516 515)
4(432 444 517 505)
4(443 516 517 444)
4(504 505 517 516)
4(433 445 518 506)
4(444 517 518 445)
4(505 506 518 517)
4(434 446 519 507)
4(445 518 519 446)
4(506 507 519 518)
4(435 447 520 508)
4(446 519 520 447)
4(507 508 520 519)
4(436 448 521 509)
4(447 520 521 448)
4(508 509 521 520)
4(437 449 522 510)
4(448 521 522 449)
4(509 510 522 521)
4(438 450 523 511)
4(449 522 523 450)
4(510 511 523 522)
4(450 523 524 451)
4(511 512 524 523)
4(443 453 527 516)
4(515 516 527 526)
4(444 454 528 517)
4(453 527 528 454)
4(516 517 528 527)
4(445 455 529 518)
4(454 528 529 455)
4(517 518 529 528)
4(446 456 530 519)
4(455 529 530 456)
4(518 519 530 529)
4(447 457 531 520)
4(456 530 531 457)
4(519 520 531 530)
4(448 458 532 521)
4(457 531 532 458)
4(520 521 532 531)
4(449 459 533 522)
4(458 532 533 459)
4(521 522 533 532)
4(450 460 534 523)
4(459 533 534 460)
4(522 523 534 533)
4(523 524 535 534)
4(454 463 537 528)
4(527 528 537 536)
4(455 464 538 529)
4(463 537 538 464)
4(528 529 538 537)
4(456 465 539 530)
4(464 538 539 465)
4(529 530 539 538)
4(457 466 540 531)
4(465 539 540 466)
4(530 531 540 539)
4(458 467 541 532)
4(466 540 541 467)
4(531 532 541 540)
4(459 468 542 533)
4(532 533 542 541)
4(464 472 545 538)
4(465 473 546 539)
4(538 539 546 545)
4(466 474 547 540)
4(539 540 547 546)
4(540 541 548 547)
4(477 490 563 550)
4(478 491 564 551)
4(490 563 564 491)
4(550 551 564 563)
4(479 492 565 552)
4(491 564 565 492)
4(551 552 565 564)
4(480 493 566 553)
4(492 565 566 493)
4(552 553 566 565)
4(481 494 567 554)
4(493 566 567 494)
4(553 554 567 566)
4(482 495 568 555)
4(494 567 568 495)
4(554 555 568 567)
4(483 496 569 556)
4(495 568 569 496)
4(555 556 569 568)
4(484 497 570 557)
4(496 569 570 497)
4(556 557 570 569)
4(485 498 571 558)
4(497 570 571 498)
4(557 558 571 570)
4(486 499 572 559)
4(498 571 572 499)
4(558 559 572 571)
4(487 500 573 560)
4(499 572 573 500)
4(559 560 573 572)
4(500 573 574 501)
4(560 561 574 573)
4(491 503 576 564)
4(502 575 576 503)
4(563 564 576 575)
4(492 504 577 565)
4(503 576 577 504)
4(564 565 577 576)
4(493 505 578 566)
4(504 577 578 505)
4(565 566 578 577)
4(494 506 579 567)
4(505 578 579 506)
4(566 567 579 578)
4(495 507 580 568)
4(506 579 580 507)
4(567 568 580 579)
4(496 508 581 569)
4(507 580 581 508)
4(568 569 581 580)
4(497 509 582 570)
4(508 581 582 509)
4(569 570 582 581)
4(498 510 583 571)
4(509 582 583 510)
4(570 571 583 582)
4(499 511 584 572)
4(510 583 584 511)
4(571 572 584 583)
4(500 512 585 573)
4(511 584 585 512)
4(572 573 585 584)
4(512 585 586 513)
4(573 574 586 585)
4(503 515 588 576)
4(575 576 588 587)
4(504 516 589 577)
4(515 588 589 516)
4(576 577 589 588)
4(505 517 590 578)
4(516 589 590 517)
4(577 578 590 589)
4(506 518 591 579)
4(517 590 591 518)
4(578 579 591 590)
4(507 519 592 580)
4(518 591 592 519)
4(579 580 592 591)
4(508 520 593 581)
4(519 592 593 520)
4(580 581 593 592)
4(509 521 594 582)
4(520 593 594 521)
4(581 582 594 593)
4(510 522 595 583)
4(521 594 595 522)
4(582 583 595 594)
4(511 523 596 584)
4(522 595 596 523)
4(583 584 596 595)
4(512 524 597 585)
4(523 596 597 524)
4(584 585 597 596)
4(516 527 600 589)
4(588 589 600 599)
4(517 528 601 590)
4(527 600 601 528)
4(589 590 601 600)
4(518 529 602 591)
4(528 601 602 529)
4(590 591 602 601)
4(519 530 603 592)
4(529 602 603 530)
4(591 592 603 602)
4(520 531 604 593)
4(530 603 604 531)
4(592 593 604 603)
4(521 532 605 594)
4(531 604 605 532)
4(593 594 605 604)
4(522 533 606 595)
4(532 605 606 533)
4(594 595 606 605)
4(523 534 607 596)
4(595 596 607 606)
4(528 537 610 601)
4(600 601 610 609)
4(529 538 611 602)
4(601 602 611 610)
4(530 539 612 603)
4(538 611 612 539)
4(602 603 612 611)
4(531 540 613 604)
4(539 612 613 540)
4(603 604 613 612)
4(532 541 614 605)
4(540 613 614 541)
4(604 605 614 613)
4(605 606 615 614)
4(539 546 617 612)
4(611 612 617 616)
4(540 547 618 613)
4(612 613 618 617)
4(551 564 633 621)
4(563 632 633 564)
4(620 621 633 632)
4(552 565 634 622)
4(564 633 634 565)
4(621 622 634 633)
4(553 566 635 623)
4(565 634 635 566)
4(622 623 635 634)
4(554 567 636 624)
4(566 635 636 567)
4(623 624 636 635)
4(555 568 637 625)
4(567 636 637 568)
4(624 625 637 636)
4(556 569 638 626)
4(568 637 638 569)
4(625 626 638 637)
4(557 570 639 627)
4(569 638 639 570)
4(626 627 639 638)
4(558 571 640 628)
4(570 639 640 571)
4(627 628 640 639)
4(559 572 641 629)
4(571 640 641 572)
4(628 629 641 640)
4(560 573 642 630)
4(572 641 642 573)
4(629 630 642 641)
4(573 642 643 574)
4(630 631 643 642)
4(564 576 645 633)
4(575 644 645 576)
4(632 633 645 644)
4(565 577 646 634)
4(576 645 646 577)
4(633 634 646 645)
4(566 578 647 635)
4(577 646 647 578)
4(634 635 647 646)
4(567 579 648 636)
4(578 647 648 579)
4(635 636 648 647)
4(568 580 649 637)
4(579 648 649 580)
4(636 637 649 648)
4(569 581 650 638)
4(580 649 650 581)
4(637 638 650 649)
4(570 582 651 639)
4(581 650 651 582)
4(638 639 651 650)
4(571 583 652 640)
4(582 651 652 583)
4(639 640 652 651)
4(572 584 653 641)
4(583 652 653 584)
4(640 641 653 652)
4(573 585 654 642)
4(584 653 654 585)
4(641 642 654 653)
4(642 643 655 654)
4(576 588 657 645)
4(577 589 658 646)
4(588 657 658 589)
4(645 646 658 657)
4(578 590 659 647)
4(589 658 659 590)
4(646 647 659 658)
4(579 591 660 648)
4(590 659 660 591)
4(647 648 660 659)
4(580 592 661 649)
4(591 660 661 592)
4(648 649 661 660)
4(581 593 662 650)
4(592 661 662 593)
4(649 650 662 661)
4(582 594 663 651)
4(593 662 663 594)
4(650 651 663 662)
4(583 595 664 652)
4(594 663 664 595)
4(651 652 664 663)
4(584 596 665 653)
4(595 664 665 596)
4(652 653 665 664)
4(653 654 666 665)
4(589 600 668 658)
4(657 658 668 667)
4(590 601 669 659)
4(600 668 669 601)
4(658 659 669 668)
4(591 602 670 660)
4(601 669 670 602)
4(659 660 670 669)
4(592 603 671 661)
4(602 670 671 603)
4(660 661 671 670)
4(593 604 672 662)
4(603 671 672 604)
4(661 662 672 671)
4(594 605 673 663)
4(604 672 673 605)
4(662 663 673 672)
4(595 606 674 664)
4(605 673 674 606)
4(663 664 674 673)
4(664 665 675 674)
4(601 610 677 669)
4(668 669 677 676)
4(602 611 678 670)
4(669 670 678 677)
4(603 612 679 671)
4(611 678 679 612)
4(670 671 679 678)
4(604 613 680 672)
4(612 679 680 613)
4(671 672 680 679)
4(605 614 681 673)
4(672 673 681 680)
4(612 617 684 679)
4(621 633 699 687)
4(632 698 699 633)
4(622 634 700 688)
4(633 699 700 634)
4(687 688 700 699)
4(623 635 701 689)
4(634 700 701 635)
4(688 689 701 700)
4(624 636 702 690)
4(635 701 702 636)
4(689 690 702 701)
4(625 637 703 691)
4(636 702 703 637)
4(690 691 703 702)
4(626 638 704 692)
4(637 703 704 638)
4(691 692 704 703)
4(627 639 705 693)
4(638 704 705 639)
4(692 693 705 704)
4(628 640 706 694)
4(639 705 706 640)
4(693 694 706 705)
4(629 641 707 695)
4(640 706 707 641)
4(694 695 707 706)
4(630 642 708 696)
4(641 707 708 642)
4(695 696 708 707)
4(642 708 709 643)
4(633 645 711 699)
4(634 646 712 700)
4(645 711 712 646)
4(635 647 713 701)
4(646 712 713 647)
4(636 648 714 702)
4(647 713 714 648)
4(701 702 714 713)
4(637 649 715 703)
4(648 714 715 649)
4(702 703 715 714)
4(638 650 716 704)
4(649 715 716 650)
4(703 704 716 715)
4(639 651 717 705)
4(650 716 717 651)
4(704 705 717 716)
4(640 652 718 706)
4(651 717 718 652)
4(705 706 718 717)
4(641 653 719 707)
4(652 718 719 653)
4(706 707 719 718)
4(642 654 720 708)
4(653 719 720 654)
4(707 708 720 719)
4(646 658 723 712)
4(657 722 723 658)
4(647 659 724 713)
4(658 723 724 659)
4(648 660 725 714)
4(659 724 725 660)
4(713 714 725 724)
4(649 661 726 715)
4(660 725 726 661)
4(714 715 726 725)
4(650 662 727 716)
4(661 726 727 662)
4(715 716 727 726)
4(651 663 728 717)
4(662 727 728 663)
4(716 717 728 727)
4(652 664 729 718)
4(663 728 729 664)
4(717 718 729 728)
4(653 665 730 719)
4(664 729 730 665)
4(718 719 730 729)
4(658 668 733 723)
4(659 669 734 724)
4(668 733 734 669)
4(660 670 735 725)
4(669 734 735 670)
4(661 671 736 726)
4(670 735 736 671)
4(725 726 736 735)
4(662 672 737 727)
4(671 736 737 672)
4(726 727 737 736)
4(663 673 738 728)
4(672 737 738 673)
4(727 728 738 737)
4(664 674 739 729)
4(728 729 739 738)
4(669 677 742 734)
4(670 678 743 735)
4(671 679 744 736)
4(672 680 745 737)
4(737 738 746 745)
4(688 700 758 748)
4(689 701 759 749)
4(690 702 760 750)
4(701 759 760 702)
4(691 703 761 751)
4(702 760 761 703)
4(692 704 762 752)
4(703 761 762 704)
4(693 705 763 753)
4(704 762 763 705)
4(752 753 763 762)
4(694 706 764 754)
4(705 763 764 706)
4(753 754 764 763)
4(695 707 765 755)
4(706 764 765 707)
4(754 755 765 764)
4(707 765 766 708)
4(702 714 768 760)
4(713 767 768 714)
4(703 715 769 761)
4(714 768 769 715)
4(704 716 770 762)
4(715 769 770 716)
4(705 717 771 763)
4(716 770 771 717)
4(706 718 772 764)
4(717 771 772 718)
4(763 764 772 771)
4(707 719 773 765)
4(718 772 773 719)
4(764 765 773 772)
4(714 725 776 768)
4(715 726 777 769)
4(725 776 777 726)
4(716 727 778 770)
4(726 777 778 727)
4(717 728 779 771)
4(727 778 779 728)
4(718 729 780 772)
4(728 779 780 729)
4(726 736 783 777)
4(727 737 784 778)
4(728 738 785 779)
4(737 784 785 738)
4(753 763 794 790)
4(754 764 795 791)
4(763 794 795 764)
4(764 795 796 765)
4(764 772 798 795)
4(196 197 262 261)
4(261 262 331 330)
4(330 331 404 403)
4(403 404 477 476)
4(476 477 550 549)
4(10 11 28 27)
4(27 28 54 53)
4(53 54 90 89)
4(89 90 139 138)
4(138 139 198 197)
4(197 198 263 262)
4(262 263 332 331)
4(331 332 405 404)
4(404 405 478 477)
4(477 478 551 550)
4(550 551 621 620)
4(620 621 687 686)
4(0 1 12 11)
4(11 12 29 28)
4(28 29 55 54)
4(54 55 91 90)
4(90 91 140 139)
4(139 140 199 198)
4(198 199 264 263)
4(263 264 333 332)
4(332 333 406 405)
4(405 406 479 478)
4(478 479 552 551)
4(551 552 622 621)
4(621 622 688 687)
4(687 688 748 747)
4(1 2 13 12)
4(12 13 30 29)
4(29 30 56 55)
4(55 56 92 91)
4(91 92 141 140)
4(140 141 200 199)
4(199 200 265 264)
4(264 265 334 333)
4(333 334 407 406)
4(406 407 480 479)
4(479 480 553 552)
4(552 553 623 622)
4(622 623 689 688)
4(688 689 749 748)
4(2 3 14 13)
4(13 14 31 30)
4(30 31 57 56)
4(56 57 93 92)
4(92 93 142 141)
4(141 142 201 200)
4(200 201 266 265)
4(265 266 335 334)
4(334 335 408 407)
4(407 408 481 480)
4(480 481 554 553)
4(553 554 624 623)
4(623 624 690 689)
4(689 690 750 749)
4(14 15 32 31)
4(31 32 58 57)
4(57 58 94 93)
4(93 94 143 142)
4(142 143 202 201)
4(201 202 267 266)
4(266 267 336 335)
4(335 336 409 408)
4(408 409 482 481)
4(481 482 555 554)
4(554 555 625 624)
4(624 625 691 690)
4(690 691 751 750)
4(32 33 59 58)
4(58 59 95 94)
4(94 95 144 143)
4(143 144 203 202)
4(202 203 268 267)
4(267 268 337 336)
4(336 337 410 409)
4(409 410 483 482)
4(482 483 556 555)
4(555 556 626 625)
4(625 626 692 691)
4(691 692 752 751)
4(59 60 96 95)
4(95 96 145 144)
4(144 145 204 203)
4(203 204 269 268)
4(268 269 338 337)
4(337 338 411 410)
4(410 411 484 483)
4(483 484 557 556)
4(556 557 627 626)
4(626 627 693 692)
4(692 693 753 752)
4(752 753 790 789)
4(96 97 146 145)
4(145 146 205 204)
4(204 205 270 269)
4(269 270 339 338)
4(338 339 412 411)
4(411 412 485 484)
4(484 485 558 557)
4(557 558 628 627)
4(627 628 694 693)
4(693 694 754 753)
4(753 754 791 790)
4(146 147 206 205)
4(205 206 271 270)
4(270 271 340 339)
4(339 340 413 412)
4(412 413 486 485)
4(485 486 559 558)
4(558 559 629 628)
4(628 629 695 694)
4(694 695 755 754)
4(754 755 792 791)
4(206 207 272 271)
4(271 272 341 340)
4(340 341 414 413)
4(413 414 487 486)
4(486 487 560 559)
4(559 560 630 629)
4(629 630 696 695)
4(695 696 756 755)
4(341 342 415 414)
4(414 415 488 487)
4(487 488 561 560)
4(560 561 631 630)
4(630 631 697 696)
4(0 11 17 4)
4(10 16 17 11)
4(4 17 18 5)
4(3 7 20 14)
4(6 19 20 7)
4(14 20 21 15)
4(5 18 23 8)
4(17 22 23 18)
4(6 9 24 19)
4(8 23 24 9)
4(19 24 25 20)
4(20 25 26 21)
4(10 27 34 16)
4(16 34 35 17)
4(15 21 39 32)
4(32 39 40 33)
4(17 35 42 22)
4(34 41 42 35)
4(22 42 43 23)
4(23 43 44 24)
4(24 44 45 25)
4(21 26 46 39)
4(25 45 46 26)
4(39 46 47 40)
4(42 48 49 43)
4(43 49 50 44)
4(44 50 51 45)
4(45 51 52 46)
4(33 40 67 59)
4(59 67 68 60)
4(40 47 75 67)
4(46 74 75 47)
4(67 75 76 68)
4(48 77 78 49)
4(49 78 79 50)
4(50 79 80 51)
4(46 52 81 74)
4(51 80 81 52)
4(74 81 82 75)
4(77 83 84 78)
4(78 84 85 79)
4(79 85 86 80)
4(80 86 87 81)
4(81 87 88 82)
4(68 76 114 105)
4(75 113 114 76)
4(105 114 115 106)
4(75 82 121 113)
4(113 121 122 114)
4(114 122 123 115)
4(84 125 126 85)
4(85 126 127 86)
4(86 127 128 87)
4(82 88 129 121)
4(87 128 129 88)
4(121 129 130 122)
4(122 130 131 123)
4(125 132 133 126)
4(126 133 134 127)
4(127 134 135 128)
4(128 135 136 129)
4(129 136 137 130)
4(115 123 175 166)
4(166 175 176 167)
4(123 131 184 175)
4(130 183 184 131)
4(175 184 185 176)
4(132 186 187 133)
4(133 187 188 134)
4(134 188 189 135)
4(135 189 190 136)
4(130 137 191 183)
4(136 190 191 137)
4(183 191 192 184)
4(188 193 194 189)
4(189 194 195 190)
4(167 176 239 229)
4(176 185 248 239)
4(184 247 248 185)
4(187 250 251 188)
4(190 253 254 191)
4(184 192 255 247)
4(191 254 255 192)
4(188 251 257 193)
4(250 256 257 251)
4(193 257 258 194)
4(190 195 259 253)
4(194 258 259 195)
4(253 259 260 254)
4(239 248 315 305)
4(247 314 315 248)
4(305 315 316 306)
4(247 255 323 314)
4(254 322 323 255)
4(314 323 324 315)
4(257 326 327 258)
4(258 327 328 259)
4(254 260 329 322)
4(259 328 329 260)
4(366 439 440 367)
4(366 378 451 439)
4(378 388 461 451)
4(387 460 461 388)
4(387 396 469 460)
4(397 470 471 398)
4(462 463 471 470)
4(415 428 501 488)
4(428 440 513 501)
4(439 512 513 440)
4(439 451 524 512)
4(512 524 525 513)
4(451 461 535 524)
4(460 534 535 461)
4(462 536 537 463)
4(460 469 543 534)
4(533 534 543 542)
4(463 537 544 471)
4(471 544 545 472)
4(537 538 545 544)
4(488 501 574 561)
4(501 513 586 574)
4(513 525 598 586)
4(524 597 598 525)
4(585 586 598 597)
4(533 606 607 534)
4(524 535 608 597)
4(534 607 608 535)
4(596 597 608 607)
4(536 609 610 537)
4(537 610 611 538)
4(533 542 615 606)
4(538 611 616 545)
4(545 616 617 546)
4(546 617 618 547)
4(613 614 619 618)
4(561 574 643 631)
4(574 586 655 643)
4(585 654 655 586)
4(585 597 666 654)
4(596 665 666 597)
4(599 667 668 600)
4(596 607 675 665)
4(606 674 675 607)
4(600 668 676 609)
4(609 676 677 610)
4(610 677 678 611)
4(613 680 681 614)
4(606 615 682 674)
4(614 681 682 615)
4(673 674 682 681)
4(611 678 683 616)
4(616 683 684 617)
4(678 679 684 683)
4(613 618 685 680)
4(679 680 685 684)
4(631 643 709 697)
4(696 697 709 708)
4(643 655 721 709)
4(654 720 721 655)
4(708 709 721 720)
4(654 666 731 720)
4(665 730 731 666)
4(719 720 731 730)
4(667 732 733 668)
4(673 738 739 674)
4(665 675 740 730)
4(674 739 740 675)
4(729 730 740 739)
4(668 733 741 676)
4(676 741 742 677)
4(677 742 743 678)
4(678 743 744 679)
4(679 744 745 680)
4(673 681 746 738)
4(680 745 746 681)
4(696 708 766 756)
4(755 756 766 765)
4(708 720 774 766)
4(719 773 774 720)
4(765 766 774 773)
4(719 730 781 773)
4(729 780 781 730)
4(772 773 781 780)
4(729 739 786 780)
4(738 785 786 739)
4(738 746 788 785)
4(745 787 788 746)
4(755 765 796 792)
4(765 773 799 796)
4(772 798 799 773)
4(795 796 799 798)
4(698 699 711 710)
4(389 462 470 397)
4(657 722 732 667)
4(284 295 366 354)
4(354 366 367 355)
4(0 4 5 1)
4(1 5 6 2)
4(2 6 7 3)
4(5 8 9 6)
4(27 53 61 34)
4(34 61 69 41)
4(41 69 70 42)
4(42 70 77 48)
4(53 89 98 61)
4(60 68 105 96)
4(96 105 106 97)
4(61 98 107 69)
4(69 107 108 70)
4(70 108 116 77)
4(77 116 124 83)
4(83 124 125 84)
4(89 138 148 98)
4(97 106 156 146)
4(146 156 157 147)
4(98 148 158 107)
4(107 158 159 108)
4(106 115 166 156)
4(156 166 167 157)
4(108 159 168 116)
4(116 168 177 124)
4(124 177 178 125)
4(125 178 186 132)
4(138 197 209 148)
4(196 208 209 197)
4(147 157 218 206)
4(206 218 219 207)
4(148 209 220 158)
4(158 220 221 159)
4(157 167 229 218)
4(218 229 230 219)
4(159 221 231 168)
4(168 231 240 177)
4(177 240 241 178)
4(178 241 249 186)
4(186 249 250 187)
4(196 261 273 208)
4(208 273 274 209)
4(207 219 284 272)
4(209 274 285 220)
4(220 285 286 221)
4(219 230 295 284)
4(229 294 295 230)
4(221 286 297 231)
4(285 296 297 286)
4(229 239 305 294)
4(294 305 306 295)
4(231 297 307 240)
4(240 307 308 241)
4(241 308 317 249)
4(249 317 318 250)
4(250 318 325 256)
4(256 325 326 257)
4(261 330 343 273)
4(273 343 344 274)
4(272 284 354 341)
4(341 354 355 342)
4(274 344 356 285)
4(285 356 368 296)
4(296 368 369 297)
4(295 306 378 366)
4(297 369 379 307)
4(307 379 380 308)
4(306 316 388 378)
4(315 387 388 316)
4(308 380 389 317)
4(317 389 390 318)
4(322 394 395 323)
4(315 324 396 387)
4(323 395 396 324)
4(318 390 398 325)
4(389 397 398 390)
4(325 398 399 326)
4(326 399 400 327)
4(327 400 401 328)
4(322 329 402 394)
4(328 401 402 329)
4(330 403 416 343)
4(343 416 417 344)
4(342 355 428 415)
4(344 417 429 356)
4(355 367 440 428)
4(356 429 441 368)
4(368 441 442 369)
4(369 442 452 379)
4(379 452 453 380)
4(380 453 462 389)
4(394 467 468 395)
4(395 468 469 396)
4(398 471 472 399)
4(399 472 473 400)
4(400 473 474 401)
4(394 402 475 467)
4(401 474 475 402)
4(403 476 489 416)
4(416 489 490 417)
4(417 490 502 429)
4(429 502 514 441)
4(441 514 515 442)
4(442 515 526 452)
4(452 526 527 453)
4(453 527 536 462)
4(467 541 542 468)
4(468 542 543 469)
4(472 545 546 473)
4(473 546 547 474)
4(467 475 548 541)
4(474 547 548 475)
4(476 549 562 489)
4(489 562 563 490)
4(549 550 563 562)
4(490 563 575 502)
4(502 575 587 514)
4(514 587 588 515)
4(515 588 599 526)
4(526 599 600 527)
4(527 600 609 536)
4(541 614 615 542)
4(541 548 619 614)
4(547 618 619 548)
4(550 620 632 563)
4(563 632 644 575)
4(575 644 656 587)
4(587 656 657 588)
4(644 645 657 656)
4(588 657 667 599)
4(617 684 685 618)
4(620 686 698 632)
4(686 687 699 698)
4(632 698 710 644)
4(644 710 711 645)
4(699 700 712 711)
4(700 701 713 712)
4(645 711 722 657)
4(711 712 723 722)
4(712 713 724 723)
4(722 723 733 732)
4(723 724 734 733)
4(724 725 735 734)
4(733 734 742 741)
4(734 735 743 742)
4(735 736 744 743)
4(736 737 745 744)
4(687 747 757 699)
4(699 757 758 700)
4(747 748 758 757)
4(700 758 759 701)
4(748 749 759 758)
4(749 750 760 759)
4(750 751 761 760)
4(751 752 762 761)
4(701 759 767 713)
4(759 760 768 767)
4(760 761 769 768)
4(761 762 770 769)
4(762 763 771 770)
4(713 767 775 724)
4(724 775 776 725)
4(767 768 776 775)
4(768 769 777 776)
4(769 770 778 777)
4(770 771 779 778)
4(771 772 780 779)
4(725 776 782 735)
4(735 782 783 736)
4(776 777 783 782)
4(736 783 784 737)
4(777 778 784 783)
4(778 779 785 784)
4(779 780 786 785)
4(737 784 787 745)
4(784 785 788 787)
4(752 789 793 762)
4(762 793 794 763)
4(789 790 794 793)
4(790 791 795 794)
4(791 792 796 795)
4(763 794 797 771)
4(771 797 798 772)
4(794 795 798 797)
)


// ************************************************************************* //
