/*--------------------------------*- C++ -*----------------------------------*\
  =========                 |
  \\      /  F ield         | OpenFOAM: The Open Source CFD Toolbox
   \\    /   O peration     | Website:  https://openfoam.org
    \\  /    A nd           | Version:  6
     \\/     M anipulation  |
\*---------------------------------------------------------------------------*/
FoamFile
{
    version     2.0;
    format      ascii;
    class       labelList;
    note        "nPoints:800  nCells:511  nFaces:1788  nInternalFaces:1278";
    location    "constant/region187/polyMesh";
    object      neighbour;
}
// * * * * * * * * * * * * * * * * * * * * * * * * * * * * * * * * * * * * * //


1278
(
1
5
2
3
6
7
10
5
13
6
9
14
7
10
15
8
11
16
12
17
10
20
11
21
12
22
23
14
19
29
15
20
30
16
21
31
17
22
32
18
23
33
24
34
20
36
21
25
37
22
26
38
23
27
39
24
28
40
41
26
43
27
44
28
45
46
30
36
53
31
37
54
32
38
55
33
39
56
34
40
57
35
41
58
42
59
37
61
38
43
62
39
44
63
40
45
64
41
46
65
42
47
66
67
44
48
69
45
49
70
46
50
71
47
51
72
52
73
49
76
50
77
51
78
52
79
80
54
61
88
55
62
89
56
63
90
57
64
91
58
65
92
59
66
93
60
67
94
68
95
62
97
63
69
98
64
70
99
65
71
100
66
72
101
67
73
102
68
74
103
75
104
70
76
106
71
77
107
72
78
108
73
79
109
74
80
110
75
81
111
82
112
77
114
78
83
115
79
84
116
80
85
117
81
86
118
82
87
119
120
84
122
85
123
86
124
87
125
126
89
97
131
90
98
132
91
99
133
92
100
134
93
101
135
94
102
136
95
103
137
96
104
138
105
139
98
141
99
106
142
100
107
143
101
108
144
102
109
145
103
110
146
104
111
147
105
112
148
113
149
107
114
151
108
115
152
109
116
153
110
117
154
111
118
155
112
119
156
113
120
157
121
158
115
159
116
122
160
117
123
161
118
124
162
119
125
163
120
126
164
121
127
165
166
123
167
124
168
125
128
169
126
129
170
127
171
172
129
174
175
131
177
132
141
178
133
142
179
134
143
180
135
144
181
136
145
182
137
146
183
138
147
184
139
148
185
140
149
186
150
187
142
188
143
151
189
144
152
190
145
153
191
146
154
192
147
155
193
148
156
194
149
157
195
150
158
196
197
152
159
199
153
160
200
154
161
201
155
162
202
156
163
203
157
164
204
158
165
205
166
206
160
208
161
167
209
162
168
210
163
169
211
164
170
212
165
171
213
166
172
214
215
168
217
169
173
218
170
174
219
171
175
220
172
176
221
222
174
224
175
225
176
226
227
178
228
179
188
229
180
189
230
181
190
231
182
191
232
183
192
233
184
193
234
185
194
235
186
195
236
187
196
237
197
238
189
198
240
190
199
241
191
200
242
192
201
243
193
202
244
194
203
245
195
204
246
196
205
247
197
206
248
207
249
199
251
200
208
252
201
209
253
202
210
254
203
211
255
204
212
256
205
213
257
206
214
258
207
215
259
216
260
209
261
210
217
262
211
218
263
212
219
264
213
220
265
214
221
266
215
222
267
216
223
268
269
218
270
219
224
271
220
225
272
221
226
273
222
227
274
223
275
276
225
278
226
279
227
280
281
229
282
230
240
283
231
241
284
232
242
285
233
243
286
234
244
287
235
245
288
236
246
289
237
247
290
238
248
291
239
249
292
250
293
241
251
294
242
252
295
243
253
296
244
254
297
245
255
298
246
256
299
247
257
300
248
258
301
249
259
302
250
260
303
304
252
305
253
261
306
254
262
307
255
263
308
256
264
309
257
265
310
258
266
311
259
267
312
260
268
313
269
314
262
315
263
270
316
264
271
317
265
272
318
266
273
319
267
274
320
268
275
321
269
276
322
323
271
277
324
272
278
325
273
279
326
274
280
327
275
281
328
276
329
330
278
279
331
280
332
281
333
334
283
335
284
294
336
285
295
337
286
296
338
287
297
339
288
298
340
289
299
341
290
300
342
291
301
343
292
302
344
293
303
345
304
346
295
305
347
296
306
348
297
307
349
298
308
350
299
309
351
300
310
352
301
311
353
302
312
354
303
313
355
304
314
356
357
306
358
307
315
359
308
316
360
309
317
361
310
318
362
311
319
363
312
320
364
313
321
365
314
322
366
323
367
316
369
317
324
370
318
325
371
319
326
372
320
327
373
321
328
374
322
329
375
323
330
376
377
325
378
326
331
379
327
332
380
328
333
381
329
334
382
330
383
332
333
384
334
385
386
336
337
347
387
338
348
388
339
349
389
340
350
390
341
351
391
342
352
392
343
353
393
344
354
394
345
355
395
346
356
396
357
397
348
358
398
349
359
399
350
360
400
351
361
401
352
362
402
353
363
403
354
364
404
355
365
405
356
366
406
357
367
407
368
408
359
409
360
369
410
361
370
411
362
371
412
363
372
413
364
373
414
365
374
415
366
375
416
367
376
417
368
377
418
370
419
371
378
420
372
379
421
373
380
422
374
381
423
375
382
424
376
383
425
377
426
379
427
380
428
381
384
429
382
385
430
383
386
431
432
385
433
386
434
388
398
435
389
399
436
390
400
437
391
401
438
392
402
439
393
403
440
394
404
441
395
405
442
396
406
443
397
407
444
408
445
399
409
446
400
410
447
401
411
448
402
412
449
403
413
450
404
414
451
405
415
452
406
416
453
407
417
454
408
418
455
456
410
411
419
457
412
420
458
413
421
459
414
422
460
415
423
461
416
424
462
417
425
463
418
426
464
465
420
466
421
427
467
422
428
468
423
429
469
424
430
470
425
431
471
426
432
472
473
428
474
429
475
430
433
476
431
434
477
432
478
434
436
446
437
447
479
438
448
480
439
449
481
440
450
482
441
451
483
442
452
484
443
453
485
444
454
486
445
455
487
456
447
448
457
449
458
450
459
488
451
460
489
452
461
490
453
462
491
454
463
492
455
464
493
456
465
494
458
466
459
467
460
468
495
461
469
496
462
470
497
463
471
498
464
472
499
465
473
500
467
468
474
469
475
470
476
501
471
477
502
472
478
503
473
504
475
476
477
478
505
480
481
482
488
483
489
484
490
485
491
506
486
492
507
487
493
508
494
489
495
490
496
491
497
492
498
493
499
509
494
500
510
496
497
501
498
502
499
503
500
504
502
503
504
505
507
508
509
510
510
)


// ************************************************************************* //
