/*--------------------------------*- C++ -*----------------------------------*\
  =========                 |
  \\      /  F ield         | OpenFOAM: The Open Source CFD Toolbox
   \\    /   O peration     | Website:  https://openfoam.org
    \\  /    A nd           | Version:  6
     \\/     M anipulation  |
\*---------------------------------------------------------------------------*/
FoamFile
{
    version     2.0;
    format      ascii;
    class       labelList;
    location    "constant/region187/polyMesh";
    object      pointRegionAddressing;
}
// * * * * * * * * * * * * * * * * * * * * * * * * * * * * * * * * * * * * * //


800
(
54934
54935
54936
54937
54999
55000
55001
55002
55065
55066
59158
59159
59160
59161
59162
59163
59223
59224
59225
59226
59227
59228
59289
59290
59291
59292
59293
63383
63384
63385
63386
63387
63388
63389
63448
63449
63450
63451
63452
63453
63454
63513
63514
63515
63516
63517
63518
63519
63579
63580
63581
63582
63583
67608
67609
67610
67611
67612
67613
67614
67615
67673
67674
67675
67676
67677
67678
67679
67680
67738
67739
67740
67741
67742
67743
67744
67745
67804
67805
67806
67807
67808
67809
67869
67870
67871
67872
67873
67874
71833
71834
71835
71836
71837
71838
71839
71840
71841
71898
71899
71900
71901
71902
71903
71904
71905
71906
71963
71964
71965
71966
71967
71968
71969
71970
71971
72029
72030
72031
72032
72033
72034
72035
72036
72094
72095
72096
72097
72098
72099
72100
72101
72160
72161
72162
72163
72164
72165
76058
76059
76060
76061
76062
76063
76064
76065
76066
76067
76123
76124
76125
76126
76127
76128
76129
76130
76131
76132
76188
76189
76190
76191
76192
76193
76194
76195
76196
76197
76254
76255
76256
76257
76258
76259
76260
76261
76262
76319
76320
76321
76322
76323
76324
76325
76326
76327
76385
76386
76387
76388
76389
76390
76391
76452
76453
76454
80282
80283
80284
80285
80286
80287
80288
80289
80290
80291
80292
80293
80347
80348
80349
80350
80351
80352
80353
80354
80355
80356
80357
80358
80413
80414
80415
80416
80417
80418
80419
80420
80421
80422
80423
80479
80480
80481
80482
80483
80484
80485
80486
80487
80544
80545
80546
80547
80548
80549
80550
80551
80552
80610
80611
80612
80613
80614
80615
80616
80676
80677
80678
80679
80680
84507
84508
84509
84510
84511
84512
84513
84514
84515
84516
84517
84518
84572
84573
84574
84575
84576
84577
84578
84579
84580
84581
84582
84583
84638
84639
84640
84641
84642
84643
84644
84645
84646
84647
84648
84703
84704
84705
84706
84707
84708
84709
84710
84711
84712
84713
84769
84770
84771
84772
84773
84774
84775
84776
84777
84778
84835
84836
84837
84838
84839
84840
84841
84842
84901
84902
84903
84904
84905
88732
88733
88734
88735
88736
88737
88738
88739
88740
88741
88742
88743
88744
88797
88798
88799
88800
88801
88802
88803
88804
88805
88806
88807
88808
88809
88863
88864
88865
88866
88867
88868
88869
88870
88871
88872
88873
88874
88928
88929
88930
88931
88932
88933
88934
88935
88936
88937
88938
88994
88995
88996
88997
88998
88999
89000
89001
89002
89003
89060
89061
89062
89063
89064
89065
89066
89067
89125
89126
89127
89128
89129
89130
92957
92958
92959
92960
92961
92962
92963
92964
92965
92966
92967
92968
92969
93022
93023
93024
93025
93026
93027
93028
93029
93030
93031
93032
93033
93034
93088
93089
93090
93091
93092
93093
93094
93095
93096
93097
93098
93099
93153
93154
93155
93156
93157
93158
93159
93160
93161
93162
93163
93219
93220
93221
93222
93223
93224
93225
93226
93227
93228
93285
93286
93287
93288
93289
93290
93291
93292
93350
93351
93352
93353
93354
93355
97182
97183
97184
97185
97186
97187
97188
97189
97190
97191
97192
97193
97194
97247
97248
97249
97250
97251
97252
97253
97254
97255
97256
97257
97258
97259
97313
97314
97315
97316
97317
97318
97319
97320
97321
97322
97323
97324
97378
97379
97380
97381
97382
97383
97384
97385
97386
97387
97388
97389
97444
97445
97446
97447
97448
97449
97450
97451
97452
97453
97510
97511
97512
97513
97514
97515
97516
97517
97576
97577
97578
97579
97580
101407
101408
101409
101410
101411
101412
101413
101414
101415
101416
101417
101418
101419
101472
101473
101474
101475
101476
101477
101478
101479
101480
101481
101482
101483
101484
101538
101539
101540
101541
101542
101543
101544
101545
101546
101547
101548
101549
101603
101604
101605
101606
101607
101608
101609
101610
101611
101612
101613
101614
101669
101670
101671
101672
101673
101674
101675
101676
101677
101678
101735
101736
101737
101738
101739
101740
101741
101802
101803
101804
101805
105633
105634
105635
105636
105637
105638
105639
105640
105641
105642
105643
105644
105698
105699
105700
105701
105702
105703
105704
105705
105706
105707
105708
105709
105763
105764
105765
105766
105767
105768
105769
105770
105771
105772
105773
105774
105828
105829
105830
105831
105832
105833
105834
105835
105836
105837
105838
105894
105895
105896
105897
105898
105899
105900
105901
105902
105960
105961
105962
105963
105964
105965
105966
106027
106028
106029
109858
109859
109860
109861
109862
109863
109864
109865
109866
109867
109868
109869
109923
109924
109925
109926
109927
109928
109929
109930
109931
109932
109933
109934
109988
109989
109990
109991
109992
109993
109994
109995
109996
109997
109998
109999
110054
110055
110056
110057
110058
110059
110060
110061
110062
110063
110119
110120
110121
110122
110123
110124
110125
110126
110127
110185
110186
110187
110188
110189
110190
114084
114085
114086
114087
114088
114089
114090
114091
114092
114093
114149
114150
114151
114152
114153
114154
114155
114156
114157
114158
114216
114217
114218
114219
114220
114221
114222
114223
114281
114282
114283
114284
114285
114286
114287
114347
114348
114349
114350
114351
114414
114415
118314
118315
118316
118317
118379
118380
118381
118382
118445
118446
118447
)


// ************************************************************************* //
