/*--------------------------------*- C++ -*----------------------------------*\
  =========                 |
  \\      /  F ield         | OpenFOAM: The Open Source CFD Toolbox
   \\    /   O peration     | Website:  https://openfoam.org
    \\  /    A nd           | Version:  6
     \\/     M anipulation  |
\*---------------------------------------------------------------------------*/
FoamFile
{
    version     2.0;
    format      ascii;
    class       vectorField;
    location    "constant/region187/polyMesh";
    object      points;
}
// * * * * * * * * * * * * * * * * * * * * * * * * * * * * * * * * * * * * * //


800
(
(5.85e-07 0 8.449999999999999e-07)
(6.5e-07 0 8.449999999999999e-07)
(7.150000000000001e-07 0 8.449999999999999e-07)
(7.799999999999998e-07 0 8.450000000000001e-07)
(5.85e-07 6.5e-08 8.449999999999999e-07)
(6.5e-07 6.5e-08 8.450000000000001e-07)
(7.149999999999999e-07 6.5e-08 8.449999999999999e-07)
(7.800000000000002e-07 6.5e-08 8.449999999999999e-07)
(6.5e-07 1.3e-07 8.449999999999999e-07)
(7.150000000000001e-07 1.3e-07 8.450000000000001e-07)
(5.2e-07 0 9.1e-07)
(5.849999999999999e-07 0 9.100000000000001e-07)
(6.499999999999999e-07 0 9.1e-07)
(7.150000000000001e-07 0 9.1e-07)
(7.799999999999998e-07 0 9.099999999999998e-07)
(8.450000000000001e-07 0 9.100000000000001e-07)
(5.199999999999999e-07 6.5e-08 9.099999999999998e-07)
(5.849999999999999e-07 6.5e-08 9.1e-07)
(6.5e-07 6.5e-08 9.1e-07)
(7.150000000000001e-07 6.5e-08 9.1e-07)
(7.800000000000002e-07 6.5e-08 9.1e-07)
(8.449999999999999e-07 6.5e-08 9.100000000000001e-07)
(5.85e-07 1.3e-07 9.100000000000001e-07)
(6.5e-07 1.3e-07 9.100000000000002e-07)
(7.150000000000001e-07 1.3e-07 9.1e-07)
(7.799999999999998e-07 1.3e-07 9.1e-07)
(8.450000000000001e-07 1.3e-07 9.100000000000001e-07)
(5.2e-07 0 9.750000000000002e-07)
(5.85e-07 0 9.75e-07)
(6.5e-07 0 9.75e-07)
(7.150000000000001e-07 0 9.75e-07)
(7.799999999999998e-07 0 9.75e-07)
(8.450000000000001e-07 0 9.75e-07)
(9.100000000000001e-07 0 9.75e-07)
(5.199999999999999e-07 6.5e-08 9.75e-07)
(5.85e-07 6.5e-08 9.75e-07)
(6.5e-07 6.5e-08 9.75e-07)
(7.149999999999999e-07 6.5e-08 9.75e-07)
(7.799999999999998e-07 6.5e-08 9.750000000000002e-07)
(8.450000000000001e-07 6.5e-08 9.75e-07)
(9.100000000000001e-07 6.5e-08 9.75e-07)
(5.200000000000001e-07 1.3e-07 9.750000000000002e-07)
(5.85e-07 1.3e-07 9.75e-07)
(6.5e-07 1.3e-07 9.75e-07)
(7.150000000000001e-07 1.3e-07 9.750000000000002e-07)
(7.799999999999998e-07 1.3e-07 9.75e-07)
(8.450000000000001e-07 1.3e-07 9.750000000000002e-07)
(9.100000000000001e-07 1.3e-07 9.75e-07)
(5.85e-07 1.95e-07 9.75e-07)
(6.5e-07 1.95e-07 9.75e-07)
(7.150000000000001e-07 1.95e-07 9.75e-07)
(7.800000000000002e-07 1.95e-07 9.75e-07)
(8.449999999999999e-07 1.95e-07 9.75e-07)
(5.2e-07 0 1.04e-06)
(5.849999999999999e-07 0 1.04e-06)
(6.5e-07 0 1.04e-06)
(7.150000000000001e-07 0 1.04e-06)
(7.799999999999998e-07 0 1.04e-06)
(8.450000000000001e-07 0 1.04e-06)
(9.1e-07 0 1.04e-06)
(9.75e-07 0 1.04e-06)
(5.199999999999999e-07 6.5e-08 1.04e-06)
(5.849999999999999e-07 6.5e-08 1.04e-06)
(6.500000000000001e-07 6.5e-08 1.04e-06)
(7.149999999999999e-07 6.5e-08 1.04e-06)
(7.800000000000002e-07 6.5e-08 1.04e-06)
(8.449999999999999e-07 6.5e-08 1.04e-06)
(9.1e-07 6.5e-08 1.04e-06)
(9.75e-07 6.5e-08 1.04e-06)
(5.200000000000001e-07 1.3e-07 1.04e-06)
(5.85e-07 1.3e-07 1.04e-06)
(6.500000000000001e-07 1.3e-07 1.04e-06)
(7.150000000000001e-07 1.3e-07 1.04e-06)
(7.799999999999998e-07 1.3e-07 1.04e-06)
(8.450000000000001e-07 1.3e-07 1.04e-06)
(9.100000000000001e-07 1.3e-07 1.04e-06)
(9.75e-07 1.3e-07 1.04e-06)
(5.849999999999999e-07 1.95e-07 1.04e-06)
(6.500000000000001e-07 1.95e-07 1.04e-06)
(7.150000000000001e-07 1.95e-07 1.04e-06)
(7.800000000000002e-07 1.95e-07 1.04e-06)
(8.449999999999999e-07 1.95e-07 1.04e-06)
(9.1e-07 1.95e-07 1.04e-06)
(5.849999999999999e-07 2.6e-07 1.04e-06)
(6.5e-07 2.6e-07 1.04e-06)
(7.150000000000001e-07 2.6e-07 1.04e-06)
(7.800000000000002e-07 2.6e-07 1.04e-06)
(8.450000000000001e-07 2.6e-07 1.04e-06)
(9.099999999999998e-07 2.6e-07 1.04e-06)
(5.2e-07 0 1.105e-06)
(5.849999999999999e-07 0 1.105e-06)
(6.5e-07 0 1.105e-06)
(7.150000000000001e-07 0 1.105e-06)
(7.800000000000002e-07 0 1.105e-06)
(8.450000000000001e-07 0 1.105e-06)
(9.1e-07 0 1.105e-06)
(9.75e-07 0 1.105e-06)
(1.04e-06 0 1.105e-06)
(5.199999999999999e-07 6.5e-08 1.105e-06)
(5.849999999999999e-07 6.5e-08 1.105e-06)
(6.5e-07 6.5e-08 1.105e-06)
(7.149999999999999e-07 6.5e-08 1.105e-06)
(7.800000000000002e-07 6.5e-08 1.105e-06)
(8.449999999999999e-07 6.5e-08 1.105e-06)
(9.1e-07 6.5e-08 1.105e-06)
(9.75e-07 6.5e-08 1.105e-06)
(1.04e-06 6.5e-08 1.105e-06)
(5.200000000000001e-07 1.3e-07 1.105e-06)
(5.85e-07 1.3e-07 1.105e-06)
(6.5e-07 1.3e-07 1.105e-06)
(7.150000000000001e-07 1.3e-07 1.105e-06)
(7.800000000000002e-07 1.3e-07 1.105e-06)
(8.450000000000001e-07 1.3e-07 1.105e-06)
(9.1e-07 1.3e-07 1.105e-06)
(9.75e-07 1.3e-07 1.105e-06)
(1.04e-06 1.3e-07 1.105e-06)
(5.849999999999999e-07 1.95e-07 1.105e-06)
(6.5e-07 1.95e-07 1.105e-06)
(7.150000000000001e-07 1.95e-07 1.105e-06)
(7.800000000000002e-07 1.95e-07 1.105e-06)
(8.449999999999999e-07 1.95e-07 1.105e-06)
(9.1e-07 1.95e-07 1.105e-06)
(9.75e-07 1.95e-07 1.105e-06)
(1.04e-06 1.95e-07 1.105e-06)
(5.849999999999999e-07 2.6e-07 1.105e-06)
(6.5e-07 2.6e-07 1.105e-06)
(7.150000000000001e-07 2.6e-07 1.105e-06)
(7.800000000000002e-07 2.6e-07 1.105e-06)
(8.450000000000001e-07 2.6e-07 1.105e-06)
(9.1e-07 2.6e-07 1.105e-06)
(9.75e-07 2.6e-07 1.105e-06)
(1.04e-06 2.6e-07 1.105e-06)
(6.5e-07 3.25e-07 1.105e-06)
(7.149999999999999e-07 3.25e-07 1.105e-06)
(7.800000000000002e-07 3.25e-07 1.105e-06)
(8.449999999999999e-07 3.25e-07 1.105e-06)
(9.100000000000001e-07 3.25e-07 1.105e-06)
(9.75e-07 3.25e-07 1.105e-06)
(5.2e-07 0 1.17e-06)
(5.849999999999999e-07 0 1.17e-06)
(6.5e-07 0 1.17e-06)
(7.150000000000001e-07 0 1.17e-06)
(7.800000000000002e-07 0 1.17e-06)
(8.450000000000001e-07 0 1.17e-06)
(9.1e-07 0 1.17e-06)
(9.75e-07 0 1.17e-06)
(1.04e-06 0 1.17e-06)
(1.105e-06 0 1.17e-06)
(5.199999999999999e-07 6.5e-08 1.17e-06)
(5.849999999999999e-07 6.5e-08 1.17e-06)
(6.5e-07 6.5e-08 1.17e-06)
(7.149999999999999e-07 6.5e-08 1.17e-06)
(7.800000000000002e-07 6.5e-08 1.17e-06)
(8.449999999999999e-07 6.5e-08 1.17e-06)
(9.1e-07 6.5e-08 1.17e-06)
(9.75e-07 6.5e-08 1.17e-06)
(1.04e-06 6.5e-08 1.17e-06)
(1.105e-06 6.499999999999999e-08 1.17e-06)
(5.200000000000001e-07 1.3e-07 1.17e-06)
(5.85e-07 1.3e-07 1.17e-06)
(6.5e-07 1.3e-07 1.17e-06)
(7.150000000000001e-07 1.3e-07 1.17e-06)
(7.800000000000002e-07 1.3e-07 1.17e-06)
(8.450000000000001e-07 1.3e-07 1.17e-06)
(9.099999999999998e-07 1.3e-07 1.17e-06)
(9.75e-07 1.3e-07 1.17e-06)
(1.04e-06 1.3e-07 1.17e-06)
(1.105e-06 1.3e-07 1.17e-06)
(5.849999999999999e-07 1.95e-07 1.17e-06)
(6.5e-07 1.95e-07 1.17e-06)
(7.150000000000001e-07 1.95e-07 1.17e-06)
(7.800000000000002e-07 1.95e-07 1.17e-06)
(8.449999999999999e-07 1.95e-07 1.17e-06)
(9.1e-07 1.95e-07 1.17e-06)
(9.75e-07 1.95e-07 1.17e-06)
(1.04e-06 1.95e-07 1.17e-06)
(1.105e-06 1.95e-07 1.17e-06)
(5.849999999999999e-07 2.6e-07 1.17e-06)
(6.5e-07 2.6e-07 1.17e-06)
(7.150000000000001e-07 2.6e-07 1.17e-06)
(7.800000000000002e-07 2.6e-07 1.17e-06)
(8.450000000000001e-07 2.6e-07 1.17e-06)
(9.099999999999998e-07 2.6e-07 1.17e-06)
(9.75e-07 2.6e-07 1.17e-06)
(1.04e-06 2.6e-07 1.17e-06)
(1.105e-06 2.599999999999999e-07 1.17e-06)
(6.5e-07 3.25e-07 1.17e-06)
(7.149999999999999e-07 3.25e-07 1.17e-06)
(7.800000000000002e-07 3.25e-07 1.17e-06)
(8.449999999999999e-07 3.25e-07 1.17e-06)
(9.100000000000001e-07 3.25e-07 1.17e-06)
(9.75e-07 3.25e-07 1.17e-06)
(1.04e-06 3.25e-07 1.17e-06)
(7.800000000000002e-07 3.899999999999999e-07 1.17e-06)
(8.450000000000001e-07 3.899999999999999e-07 1.17e-06)
(9.1e-07 3.899999999999999e-07 1.17e-06)
(4.55e-07 0 1.235e-06)
(5.2e-07 0 1.235e-06)
(5.849999999999999e-07 0 1.235e-06)
(6.499999999999999e-07 0 1.235e-06)
(7.150000000000001e-07 0 1.235e-06)
(7.799999999999998e-07 0 1.235e-06)
(8.450000000000001e-07 0 1.235e-06)
(9.1e-07 0 1.235e-06)
(9.75e-07 0 1.235e-06)
(1.04e-06 0 1.235e-06)
(1.105e-06 0 1.235e-06)
(1.17e-06 0 1.235e-06)
(4.55e-07 6.5e-08 1.235e-06)
(5.199999999999999e-07 6.5e-08 1.235e-06)
(5.849999999999999e-07 6.5e-08 1.235e-06)
(6.5e-07 6.5e-08 1.235e-06)
(7.149999999999999e-07 6.5e-08 1.235e-06)
(7.800000000000002e-07 6.5e-08 1.235e-06)
(8.449999999999999e-07 6.5e-08 1.235e-06)
(9.1e-07 6.5e-08 1.235e-06)
(9.75e-07 6.5e-08 1.235e-06)
(1.04e-06 6.5e-08 1.235e-06)
(1.105e-06 6.5e-08 1.235e-06)
(1.17e-06 6.5e-08 1.235e-06)
(5.200000000000001e-07 1.3e-07 1.235e-06)
(5.85e-07 1.3e-07 1.235e-06)
(6.5e-07 1.3e-07 1.235e-06)
(7.150000000000001e-07 1.3e-07 1.235e-06)
(7.799999999999998e-07 1.3e-07 1.235e-06)
(8.450000000000001e-07 1.3e-07 1.235e-06)
(9.099999999999998e-07 1.3e-07 1.235e-06)
(9.75e-07 1.3e-07 1.235e-06)
(1.04e-06 1.3e-07 1.235e-06)
(1.105e-06 1.3e-07 1.235e-06)
(1.17e-06 1.3e-07 1.235e-06)
(5.849999999999999e-07 1.95e-07 1.235e-06)
(6.5e-07 1.95e-07 1.235e-06)
(7.150000000000001e-07 1.95e-07 1.235e-06)
(7.800000000000002e-07 1.95e-07 1.235e-06)
(8.449999999999999e-07 1.95e-07 1.235e-06)
(9.1e-07 1.95e-07 1.235e-06)
(9.75e-07 1.95e-07 1.235e-06)
(1.04e-06 1.95e-07 1.235e-06)
(1.105e-06 1.95e-07 1.235e-06)
(5.849999999999999e-07 2.6e-07 1.235e-06)
(6.499999999999999e-07 2.6e-07 1.235e-06)
(7.150000000000001e-07 2.6e-07 1.235e-06)
(7.800000000000002e-07 2.6e-07 1.235e-06)
(8.450000000000001e-07 2.6e-07 1.235e-06)
(9.099999999999998e-07 2.6e-07 1.235e-06)
(9.75e-07 2.6e-07 1.235e-06)
(1.04e-06 2.6e-07 1.235e-06)
(1.105e-06 2.6e-07 1.235e-06)
(6.499999999999999e-07 3.25e-07 1.235e-06)
(7.149999999999999e-07 3.25e-07 1.235e-06)
(7.800000000000002e-07 3.25e-07 1.235e-06)
(8.449999999999999e-07 3.25e-07 1.235e-06)
(9.1e-07 3.25e-07 1.235e-06)
(9.75e-07 3.25e-07 1.235e-06)
(1.04e-06 3.25e-07 1.235e-06)
(7.149999999999999e-07 3.900000000000001e-07 1.235e-06)
(7.800000000000002e-07 3.899999999999999e-07 1.235e-06)
(8.450000000000001e-07 3.899999999999999e-07 1.235e-06)
(9.1e-07 3.899999999999999e-07 1.235e-06)
(9.75e-07 3.900000000000001e-07 1.235e-06)
(4.55e-07 0 1.3e-06)
(5.2e-07 0 1.3e-06)
(5.849999999999999e-07 0 1.3e-06)
(6.5e-07 0 1.3e-06)
(7.149999999999999e-07 0 1.3e-06)
(7.799999999999998e-07 0 1.3e-06)
(8.450000000000001e-07 0 1.3e-06)
(9.1e-07 0 1.3e-06)
(9.75e-07 0 1.3e-06)
(1.04e-06 0 1.3e-06)
(1.105e-06 0 1.3e-06)
(1.17e-06 0 1.3e-06)
(4.55e-07 6.5e-08 1.3e-06)
(5.199999999999999e-07 6.499999999999999e-08 1.3e-06)
(5.849999999999999e-07 6.5e-08 1.3e-06)
(6.5e-07 6.5e-08 1.3e-06)
(7.149999999999999e-07 6.5e-08 1.3e-06)
(7.800000000000002e-07 6.5e-08 1.3e-06)
(8.449999999999999e-07 6.5e-08 1.3e-06)
(9.1e-07 6.5e-08 1.3e-06)
(9.75e-07 6.5e-08 1.3e-06)
(1.04e-06 6.5e-08 1.3e-06)
(1.105e-06 6.5e-08 1.3e-06)
(1.17e-06 6.5e-08 1.3e-06)
(5.200000000000001e-07 1.3e-07 1.3e-06)
(5.85e-07 1.3e-07 1.3e-06)
(6.5e-07 1.3e-07 1.3e-06)
(7.149999999999999e-07 1.3e-07 1.3e-06)
(7.799999999999998e-07 1.3e-07 1.3e-06)
(8.450000000000001e-07 1.3e-07 1.3e-06)
(9.1e-07 1.3e-07 1.3e-06)
(9.75e-07 1.3e-07 1.3e-06)
(1.04e-06 1.3e-07 1.3e-06)
(1.105e-06 1.3e-07 1.3e-06)
(1.17e-06 1.3e-07 1.3e-06)
(5.2e-07 1.95e-07 1.3e-06)
(5.849999999999999e-07 1.95e-07 1.3e-06)
(6.5e-07 1.95e-07 1.3e-06)
(7.149999999999999e-07 1.95e-07 1.3e-06)
(7.800000000000002e-07 1.95e-07 1.3e-06)
(8.449999999999999e-07 1.95e-07 1.3e-06)
(9.1e-07 1.95e-07 1.3e-06)
(9.75e-07 1.95e-07 1.3e-06)
(1.04e-06 1.95e-07 1.3e-06)
(1.105e-06 1.95e-07 1.3e-06)
(1.17e-06 1.95e-07 1.3e-06)
(5.849999999999999e-07 2.6e-07 1.3e-06)
(6.5e-07 2.6e-07 1.3e-06)
(7.149999999999999e-07 2.6e-07 1.3e-06)
(7.800000000000002e-07 2.6e-07 1.3e-06)
(8.450000000000001e-07 2.6e-07 1.3e-06)
(9.1e-07 2.6e-07 1.3e-06)
(9.75e-07 2.6e-07 1.3e-06)
(1.04e-06 2.6e-07 1.3e-06)
(1.105e-06 2.6e-07 1.3e-06)
(1.17e-06 2.6e-07 1.3e-06)
(6.5e-07 3.25e-07 1.3e-06)
(7.149999999999998e-07 3.25e-07 1.3e-06)
(7.800000000000002e-07 3.25e-07 1.3e-06)
(8.449999999999999e-07 3.25e-07 1.3e-06)
(9.100000000000001e-07 3.25e-07 1.3e-06)
(9.75e-07 3.25e-07 1.3e-06)
(1.04e-06 3.25e-07 1.3e-06)
(1.105e-06 3.25e-07 1.3e-06)
(7.149999999999999e-07 3.900000000000001e-07 1.3e-06)
(7.800000000000002e-07 3.899999999999999e-07 1.3e-06)
(8.450000000000001e-07 3.900000000000001e-07 1.3e-06)
(9.1e-07 3.899999999999999e-07 1.3e-06)
(9.75e-07 3.899999999999999e-07 1.3e-06)
(4.55e-07 0 1.365e-06)
(5.2e-07 0 1.365e-06)
(5.849999999999999e-07 0 1.365e-06)
(6.5e-07 0 1.365e-06)
(7.150000000000001e-07 0 1.365e-06)
(7.799999999999998e-07 0 1.365e-06)
(8.450000000000001e-07 0 1.365e-06)
(9.1e-07 0 1.365e-06)
(9.75e-07 0 1.365e-06)
(1.04e-06 0 1.365e-06)
(1.105e-06 0 1.365e-06)
(1.17e-06 0 1.365e-06)
(1.235e-06 0 1.365e-06)
(4.55e-07 6.5e-08 1.365e-06)
(5.199999999999999e-07 6.5e-08 1.364999999999999e-06)
(5.849999999999999e-07 6.5e-08 1.365e-06)
(6.500000000000001e-07 6.5e-08 1.365e-06)
(7.149999999999999e-07 6.5e-08 1.365e-06)
(7.800000000000002e-07 6.5e-08 1.365e-06)
(8.449999999999999e-07 6.5e-08 1.365e-06)
(9.1e-07 6.5e-08 1.365e-06)
(9.75e-07 6.500000000000001e-08 1.365e-06)
(1.04e-06 6.5e-08 1.365e-06)
(1.105e-06 6.5e-08 1.365e-06)
(1.17e-06 6.5e-08 1.365e-06)
(1.235e-06 6.5e-08 1.365e-06)
(5.200000000000001e-07 1.3e-07 1.365e-06)
(5.85e-07 1.3e-07 1.365e-06)
(6.5e-07 1.3e-07 1.365e-06)
(7.150000000000001e-07 1.3e-07 1.365e-06)
(7.799999999999998e-07 1.3e-07 1.365e-06)
(8.450000000000001e-07 1.3e-07 1.365e-06)
(9.1e-07 1.3e-07 1.365e-06)
(9.75e-07 1.3e-07 1.365e-06)
(1.04e-06 1.3e-07 1.365e-06)
(1.105e-06 1.3e-07 1.365e-06)
(1.17e-06 1.3e-07 1.365e-06)
(1.235e-06 1.3e-07 1.365e-06)
(5.2e-07 1.95e-07 1.365e-06)
(5.849999999999999e-07 1.95e-07 1.364999999999999e-06)
(6.5e-07 1.95e-07 1.365e-06)
(7.150000000000001e-07 1.95e-07 1.365e-06)
(7.800000000000002e-07 1.95e-07 1.365e-06)
(8.449999999999999e-07 1.95e-07 1.365e-06)
(9.1e-07 1.95e-07 1.365e-06)
(9.75e-07 1.95e-07 1.365e-06)
(1.04e-06 1.95e-07 1.365e-06)
(1.105e-06 1.95e-07 1.365e-06)
(1.17e-06 1.95e-07 1.365e-06)
(5.849999999999999e-07 2.6e-07 1.365e-06)
(6.5e-07 2.6e-07 1.365e-06)
(7.150000000000001e-07 2.6e-07 1.365e-06)
(7.800000000000002e-07 2.6e-07 1.365e-06)
(8.450000000000001e-07 2.6e-07 1.365e-06)
(9.1e-07 2.6e-07 1.365e-06)
(9.75e-07 2.600000000000001e-07 1.365e-06)
(1.04e-06 2.6e-07 1.365e-06)
(1.105e-06 2.6e-07 1.365e-06)
(1.17e-06 2.6e-07 1.365e-06)
(6.5e-07 3.25e-07 1.365e-06)
(7.149999999999999e-07 3.25e-07 1.365e-06)
(7.800000000000002e-07 3.25e-07 1.365e-06)
(8.449999999999999e-07 3.25e-07 1.365e-06)
(9.100000000000001e-07 3.25e-07 1.365e-06)
(9.75e-07 3.25e-07 1.365e-06)
(1.04e-06 3.25e-07 1.365e-06)
(1.105e-06 3.25e-07 1.365e-06)
(6.500000000000001e-07 3.899999999999999e-07 1.365e-06)
(7.149999999999999e-07 3.899999999999999e-07 1.365e-06)
(7.800000000000002e-07 3.900000000000001e-07 1.365e-06)
(8.450000000000001e-07 3.899999999999999e-07 1.365e-06)
(9.1e-07 3.899999999999999e-07 1.365e-06)
(9.75e-07 3.899999999999999e-07 1.365e-06)
(4.55e-07 0 1.43e-06)
(5.2e-07 0 1.43e-06)
(5.849999999999999e-07 0 1.43e-06)
(6.5e-07 0 1.43e-06)
(7.150000000000001e-07 0 1.43e-06)
(7.799999999999998e-07 0 1.43e-06)
(8.450000000000001e-07 0 1.43e-06)
(9.1e-07 0 1.43e-06)
(9.75e-07 0 1.43e-06)
(1.04e-06 0 1.43e-06)
(1.105e-06 0 1.43e-06)
(1.17e-06 0 1.43e-06)
(1.235e-06 0 1.43e-06)
(4.55e-07 6.5e-08 1.43e-06)
(5.199999999999999e-07 6.5e-08 1.43e-06)
(5.849999999999999e-07 6.5e-08 1.43e-06)
(6.5e-07 6.5e-08 1.43e-06)
(7.149999999999999e-07 6.5e-08 1.43e-06)
(7.800000000000002e-07 6.5e-08 1.43e-06)
(8.449999999999999e-07 6.5e-08 1.43e-06)
(9.1e-07 6.5e-08 1.43e-06)
(9.75e-07 6.5e-08 1.43e-06)
(1.04e-06 6.5e-08 1.43e-06)
(1.105e-06 6.5e-08 1.43e-06)
(1.17e-06 6.5e-08 1.43e-06)
(1.235e-06 6.5e-08 1.43e-06)
(5.200000000000001e-07 1.3e-07 1.43e-06)
(5.85e-07 1.3e-07 1.43e-06)
(6.5e-07 1.3e-07 1.43e-06)
(7.150000000000001e-07 1.3e-07 1.43e-06)
(7.799999999999998e-07 1.3e-07 1.43e-06)
(8.450000000000001e-07 1.3e-07 1.43e-06)
(9.099999999999998e-07 1.3e-07 1.43e-06)
(9.75e-07 1.3e-07 1.43e-06)
(1.04e-06 1.3e-07 1.43e-06)
(1.105e-06 1.3e-07 1.43e-06)
(1.17e-06 1.3e-07 1.43e-06)
(1.235e-06 1.3e-07 1.43e-06)
(5.2e-07 1.95e-07 1.43e-06)
(5.849999999999999e-07 1.95e-07 1.43e-06)
(6.5e-07 1.95e-07 1.43e-06)
(7.150000000000001e-07 1.95e-07 1.43e-06)
(7.800000000000002e-07 1.95e-07 1.43e-06)
(8.449999999999999e-07 1.95e-07 1.43e-06)
(9.1e-07 1.95e-07 1.43e-06)
(9.75e-07 1.95e-07 1.43e-06)
(1.04e-06 1.95e-07 1.43e-06)
(1.105e-06 1.95e-07 1.43e-06)
(1.17e-06 1.95e-07 1.43e-06)
(5.849999999999999e-07 2.6e-07 1.43e-06)
(6.5e-07 2.6e-07 1.43e-06)
(7.150000000000001e-07 2.6e-07 1.43e-06)
(7.800000000000002e-07 2.6e-07 1.43e-06)
(8.450000000000001e-07 2.6e-07 1.43e-06)
(9.1e-07 2.6e-07 1.43e-06)
(9.75e-07 2.6e-07 1.43e-06)
(1.04e-06 2.6e-07 1.43e-06)
(1.105e-06 2.6e-07 1.43e-06)
(1.17e-06 2.6e-07 1.43e-06)
(6.5e-07 3.25e-07 1.43e-06)
(7.149999999999999e-07 3.25e-07 1.43e-06)
(7.800000000000002e-07 3.25e-07 1.43e-06)
(8.449999999999999e-07 3.25e-07 1.43e-06)
(9.1e-07 3.25e-07 1.43e-06)
(9.75e-07 3.25e-07 1.43e-06)
(1.04e-06 3.25e-07 1.43e-06)
(1.105e-06 3.25e-07 1.43e-06)
(6.5e-07 3.900000000000001e-07 1.43e-06)
(7.149999999999999e-07 3.899999999999999e-07 1.43e-06)
(7.800000000000002e-07 3.899999999999999e-07 1.43e-06)
(8.450000000000001e-07 3.899999999999999e-07 1.43e-06)
(9.1e-07 3.899999999999999e-07 1.43e-06)
(9.75e-07 3.899999999999999e-07 1.43e-06)
(4.55e-07 0 1.495e-06)
(5.2e-07 0 1.495e-06)
(5.849999999999999e-07 0 1.495e-06)
(6.5e-07 0 1.495e-06)
(7.150000000000001e-07 0 1.495e-06)
(7.799999999999998e-07 0 1.495e-06)
(8.450000000000001e-07 0 1.495e-06)
(9.100000000000001e-07 0 1.495e-06)
(9.75e-07 0 1.495e-06)
(1.04e-06 0 1.495e-06)
(1.105e-06 0 1.495e-06)
(1.17e-06 0 1.495e-06)
(1.235e-06 0 1.495e-06)
(4.55e-07 6.499999999999999e-08 1.495e-06)
(5.199999999999999e-07 6.5e-08 1.495e-06)
(5.849999999999999e-07 6.5e-08 1.495e-06)
(6.5e-07 6.499999999999999e-08 1.495e-06)
(7.149999999999999e-07 6.5e-08 1.495e-06)
(7.800000000000002e-07 6.5e-08 1.495e-06)
(8.449999999999999e-07 6.5e-08 1.495e-06)
(9.100000000000001e-07 6.5e-08 1.495e-06)
(9.75e-07 6.5e-08 1.495e-06)
(1.04e-06 6.5e-08 1.495e-06)
(1.105e-06 6.5e-08 1.495e-06)
(1.17e-06 6.500000000000001e-08 1.495e-06)
(1.235e-06 6.5e-08 1.495e-06)
(5.200000000000001e-07 1.3e-07 1.495e-06)
(5.85e-07 1.3e-07 1.495e-06)
(6.5e-07 1.3e-07 1.495e-06)
(7.150000000000001e-07 1.3e-07 1.495e-06)
(7.799999999999998e-07 1.3e-07 1.495e-06)
(8.450000000000001e-07 1.3e-07 1.495e-06)
(9.100000000000001e-07 1.3e-07 1.495e-06)
(9.75e-07 1.3e-07 1.494999999999999e-06)
(1.04e-06 1.3e-07 1.495e-06)
(1.105e-06 1.3e-07 1.495e-06)
(1.17e-06 1.3e-07 1.495e-06)
(1.235e-06 1.3e-07 1.495e-06)
(5.2e-07 1.95e-07 1.495e-06)
(5.849999999999999e-07 1.95e-07 1.495e-06)
(6.5e-07 1.95e-07 1.495e-06)
(7.150000000000001e-07 1.95e-07 1.495e-06)
(7.800000000000002e-07 1.95e-07 1.495e-06)
(8.449999999999999e-07 1.95e-07 1.495e-06)
(9.1e-07 1.95e-07 1.495e-06)
(9.75e-07 1.95e-07 1.495e-06)
(1.04e-06 1.95e-07 1.495e-06)
(1.105e-06 1.95e-07 1.495e-06)
(1.17e-06 1.95e-07 1.495e-06)
(1.235e-06 1.95e-07 1.495e-06)
(5.849999999999999e-07 2.6e-07 1.495e-06)
(6.5e-07 2.599999999999999e-07 1.495e-06)
(7.150000000000001e-07 2.6e-07 1.495e-06)
(7.800000000000002e-07 2.6e-07 1.495e-06)
(8.450000000000001e-07 2.6e-07 1.495e-06)
(9.099999999999998e-07 2.6e-07 1.495e-06)
(9.75e-07 2.6e-07 1.495e-06)
(1.04e-06 2.6e-07 1.495e-06)
(1.105e-06 2.6e-07 1.495e-06)
(1.17e-06 2.600000000000001e-07 1.495e-06)
(6.5e-07 3.25e-07 1.495e-06)
(7.149999999999999e-07 3.25e-07 1.495e-06)
(7.800000000000002e-07 3.25e-07 1.495e-06)
(8.449999999999999e-07 3.25e-07 1.495e-06)
(9.100000000000001e-07 3.25e-07 1.495e-06)
(9.75e-07 3.25e-07 1.495e-06)
(1.04e-06 3.25e-07 1.495e-06)
(1.105e-06 3.25e-07 1.495e-06)
(7.149999999999999e-07 3.899999999999999e-07 1.495e-06)
(7.800000000000002e-07 3.899999999999999e-07 1.495e-06)
(8.450000000000001e-07 3.899999999999999e-07 1.495e-06)
(9.100000000000001e-07 3.899999999999999e-07 1.495e-06)
(9.75e-07 3.899999999999999e-07 1.495e-06)
(4.55e-07 0 1.56e-06)
(5.2e-07 0 1.56e-06)
(5.85e-07 0 1.56e-06)
(6.499999999999999e-07 0 1.56e-06)
(7.150000000000001e-07 0 1.56e-06)
(7.799999999999998e-07 0 1.56e-06)
(8.450000000000001e-07 0 1.56e-06)
(9.1e-07 0 1.56e-06)
(9.75e-07 0 1.56e-06)
(1.04e-06 0 1.56e-06)
(1.105e-06 0 1.56e-06)
(1.17e-06 0 1.56e-06)
(1.235e-06 0 1.56e-06)
(4.55e-07 6.5e-08 1.559999999999999e-06)
(5.199999999999999e-07 6.5e-08 1.56e-06)
(5.85e-07 6.5e-08 1.56e-06)
(6.5e-07 6.5e-08 1.56e-06)
(7.149999999999999e-07 6.5e-08 1.56e-06)
(7.800000000000002e-07 6.5e-08 1.56e-06)
(8.450000000000001e-07 6.5e-08 1.56e-06)
(9.100000000000001e-07 6.5e-08 1.56e-06)
(9.75e-07 6.5e-08 1.56e-06)
(1.04e-06 6.5e-08 1.56e-06)
(1.105e-06 6.5e-08 1.56e-06)
(1.17e-06 6.5e-08 1.56e-06)
(1.235e-06 6.5e-08 1.56e-06)
(5.200000000000001e-07 1.3e-07 1.56e-06)
(5.85e-07 1.3e-07 1.56e-06)
(6.5e-07 1.3e-07 1.56e-06)
(7.150000000000001e-07 1.3e-07 1.56e-06)
(7.799999999999998e-07 1.3e-07 1.56e-06)
(8.450000000000001e-07 1.3e-07 1.56e-06)
(9.100000000000001e-07 1.3e-07 1.56e-06)
(9.75e-07 1.3e-07 1.56e-06)
(1.04e-06 1.3e-07 1.56e-06)
(1.105e-06 1.3e-07 1.56e-06)
(1.17e-06 1.3e-07 1.56e-06)
(1.235e-06 1.3e-07 1.56e-06)
(5.2e-07 1.95e-07 1.56e-06)
(5.85e-07 1.95e-07 1.56e-06)
(6.5e-07 1.95e-07 1.56e-06)
(7.150000000000001e-07 1.95e-07 1.56e-06)
(7.800000000000002e-07 1.95e-07 1.56e-06)
(8.449999999999999e-07 1.95e-07 1.56e-06)
(9.1e-07 1.95e-07 1.56e-06)
(9.75e-07 1.95e-07 1.56e-06)
(1.04e-06 1.95e-07 1.56e-06)
(1.105e-06 1.95e-07 1.56e-06)
(1.17e-06 1.95e-07 1.56e-06)
(1.235e-06 1.95e-07 1.56e-06)
(5.85e-07 2.6e-07 1.56e-06)
(6.499999999999999e-07 2.6e-07 1.56e-06)
(7.150000000000001e-07 2.6e-07 1.56e-06)
(7.800000000000002e-07 2.6e-07 1.56e-06)
(8.450000000000001e-07 2.6e-07 1.56e-06)
(9.1e-07 2.6e-07 1.56e-06)
(9.75e-07 2.6e-07 1.56e-06)
(1.04e-06 2.6e-07 1.56e-06)
(1.105e-06 2.6e-07 1.56e-06)
(1.17e-06 2.6e-07 1.56e-06)
(6.499999999999999e-07 3.25e-07 1.56e-06)
(7.149999999999999e-07 3.25e-07 1.56e-06)
(7.800000000000002e-07 3.25e-07 1.559999999999999e-06)
(8.449999999999999e-07 3.25e-07 1.56e-06)
(9.1e-07 3.25e-07 1.56e-06)
(9.75e-07 3.25e-07 1.56e-06)
(1.04e-06 3.25e-07 1.56e-06)
(7.800000000000002e-07 3.899999999999999e-07 1.56e-06)
(8.450000000000001e-07 3.899999999999999e-07 1.56e-06)
(9.100000000000001e-07 3.899999999999999e-07 1.56e-06)
(9.75e-07 3.899999999999999e-07 1.56e-06)
(5.2e-07 0 1.625e-06)
(5.849999999999999e-07 0 1.625e-06)
(6.5e-07 0 1.625e-06)
(7.150000000000001e-07 0 1.625e-06)
(7.799999999999998e-07 0 1.625e-06)
(8.450000000000001e-07 0 1.625e-06)
(9.1e-07 0 1.625e-06)
(9.75e-07 0 1.625e-06)
(1.04e-06 0 1.625e-06)
(1.105e-06 0 1.625e-06)
(1.17e-06 0 1.625e-06)
(1.235e-06 0 1.625e-06)
(5.199999999999999e-07 6.5e-08 1.625e-06)
(5.849999999999999e-07 6.5e-08 1.625e-06)
(6.5e-07 6.5e-08 1.625e-06)
(7.149999999999999e-07 6.5e-08 1.625e-06)
(7.800000000000002e-07 6.5e-08 1.625e-06)
(8.449999999999999e-07 6.5e-08 1.625e-06)
(9.1e-07 6.5e-08 1.625e-06)
(9.75e-07 6.5e-08 1.625e-06)
(1.04e-06 6.5e-08 1.625e-06)
(1.105e-06 6.5e-08 1.625e-06)
(1.17e-06 6.5e-08 1.625e-06)
(1.235e-06 6.5e-08 1.625e-06)
(5.200000000000001e-07 1.3e-07 1.625e-06)
(5.85e-07 1.3e-07 1.625e-06)
(6.5e-07 1.3e-07 1.625e-06)
(7.150000000000001e-07 1.3e-07 1.625e-06)
(7.799999999999998e-07 1.3e-07 1.625e-06)
(8.450000000000001e-07 1.3e-07 1.625e-06)
(9.1e-07 1.3e-07 1.625e-06)
(9.75e-07 1.3e-07 1.625e-06)
(1.04e-06 1.3e-07 1.625e-06)
(1.105e-06 1.3e-07 1.625e-06)
(1.17e-06 1.3e-07 1.625e-06)
(1.235e-06 1.3e-07 1.625e-06)
(5.2e-07 1.95e-07 1.625e-06)
(5.849999999999999e-07 1.95e-07 1.625e-06)
(6.5e-07 1.95e-07 1.625e-06)
(7.150000000000001e-07 1.95e-07 1.625e-06)
(7.800000000000002e-07 1.95e-07 1.625e-06)
(8.449999999999999e-07 1.95e-07 1.625e-06)
(9.1e-07 1.95e-07 1.625e-06)
(9.75e-07 1.95e-07 1.625e-06)
(1.04e-06 1.95e-07 1.625e-06)
(1.105e-06 1.95e-07 1.625e-06)
(1.17e-06 1.95e-07 1.625e-06)
(5.849999999999999e-07 2.6e-07 1.625e-06)
(6.5e-07 2.6e-07 1.625e-06)
(7.150000000000001e-07 2.6e-07 1.625e-06)
(7.800000000000002e-07 2.6e-07 1.625e-06)
(8.450000000000001e-07 2.6e-07 1.625e-06)
(9.1e-07 2.6e-07 1.625e-06)
(9.75e-07 2.6e-07 1.625e-06)
(1.04e-06 2.6e-07 1.625e-06)
(1.105e-06 2.6e-07 1.625e-06)
(6.5e-07 3.25e-07 1.625e-06)
(7.149999999999999e-07 3.25e-07 1.625e-06)
(7.800000000000002e-07 3.25e-07 1.625e-06)
(8.449999999999999e-07 3.25e-07 1.625e-06)
(9.1e-07 3.25e-07 1.625e-06)
(9.75e-07 3.25e-07 1.625e-06)
(1.04e-06 3.25e-07 1.625e-06)
(7.800000000000002e-07 3.899999999999999e-07 1.625e-06)
(8.450000000000001e-07 3.899999999999999e-07 1.625e-06)
(9.1e-07 3.899999999999999e-07 1.625e-06)
(5.2e-07 0 1.69e-06)
(5.849999999999999e-07 0 1.69e-06)
(6.5e-07 0 1.69e-06)
(7.150000000000001e-07 0 1.69e-06)
(7.799999999999998e-07 0 1.69e-06)
(8.450000000000001e-07 0 1.69e-06)
(9.1e-07 0 1.69e-06)
(9.75e-07 0 1.69e-06)
(1.04e-06 0 1.69e-06)
(1.105e-06 0 1.69e-06)
(1.17e-06 0 1.69e-06)
(1.235e-06 0 1.69e-06)
(5.199999999999999e-07 6.5e-08 1.69e-06)
(5.849999999999999e-07 6.5e-08 1.69e-06)
(6.500000000000001e-07 6.5e-08 1.69e-06)
(7.149999999999999e-07 6.5e-08 1.69e-06)
(7.800000000000002e-07 6.5e-08 1.69e-06)
(8.449999999999999e-07 6.5e-08 1.69e-06)
(9.1e-07 6.5e-08 1.69e-06)
(9.75e-07 6.5e-08 1.69e-06)
(1.04e-06 6.5e-08 1.69e-06)
(1.105e-06 6.5e-08 1.69e-06)
(1.17e-06 6.5e-08 1.69e-06)
(1.235e-06 6.5e-08 1.69e-06)
(5.200000000000001e-07 1.3e-07 1.69e-06)
(5.85e-07 1.3e-07 1.69e-06)
(6.5e-07 1.3e-07 1.69e-06)
(7.150000000000001e-07 1.3e-07 1.69e-06)
(7.799999999999998e-07 1.3e-07 1.69e-06)
(8.450000000000001e-07 1.3e-07 1.69e-06)
(9.099999999999998e-07 1.3e-07 1.69e-06)
(9.75e-07 1.3e-07 1.69e-06)
(1.04e-06 1.3e-07 1.69e-06)
(1.105e-06 1.3e-07 1.69e-06)
(1.17e-06 1.3e-07 1.69e-06)
(1.235e-06 1.3e-07 1.69e-06)
(5.849999999999999e-07 1.95e-07 1.69e-06)
(6.5e-07 1.95e-07 1.69e-06)
(7.150000000000001e-07 1.95e-07 1.69e-06)
(7.800000000000002e-07 1.95e-07 1.69e-06)
(8.449999999999999e-07 1.95e-07 1.69e-06)
(9.1e-07 1.95e-07 1.69e-06)
(9.75e-07 1.95e-07 1.69e-06)
(1.04e-06 1.95e-07 1.69e-06)
(1.105e-06 1.95e-07 1.69e-06)
(1.17e-06 1.95e-07 1.69e-06)
(5.849999999999999e-07 2.6e-07 1.69e-06)
(6.5e-07 2.6e-07 1.69e-06)
(7.150000000000001e-07 2.6e-07 1.69e-06)
(7.800000000000002e-07 2.6e-07 1.69e-06)
(8.450000000000001e-07 2.6e-07 1.69e-06)
(9.1e-07 2.6e-07 1.69e-06)
(9.75e-07 2.6e-07 1.69e-06)
(1.04e-06 2.6e-07 1.69e-06)
(1.105e-06 2.6e-07 1.69e-06)
(6.5e-07 3.25e-07 1.69e-06)
(7.149999999999999e-07 3.25e-07 1.69e-06)
(7.800000000000002e-07 3.25e-07 1.69e-06)
(8.449999999999999e-07 3.25e-07 1.69e-06)
(9.1e-07 3.25e-07 1.69e-06)
(9.75e-07 3.25e-07 1.69e-06)
(5.849999999999999e-07 0 1.755e-06)
(6.5e-07 0 1.755e-06)
(7.150000000000001e-07 0 1.755e-06)
(7.799999999999998e-07 0 1.755e-06)
(8.450000000000001e-07 0 1.755e-06)
(9.1e-07 0 1.755e-06)
(9.75e-07 0 1.755e-06)
(1.04e-06 0 1.755e-06)
(1.105e-06 0 1.755e-06)
(1.17e-06 0 1.755e-06)
(5.849999999999999e-07 6.5e-08 1.755e-06)
(6.5e-07 6.5e-08 1.755e-06)
(7.149999999999999e-07 6.5e-08 1.755e-06)
(7.800000000000002e-07 6.5e-08 1.755e-06)
(8.449999999999999e-07 6.5e-08 1.755e-06)
(9.100000000000001e-07 6.5e-08 1.755e-06)
(9.75e-07 6.5e-08 1.755e-06)
(1.04e-06 6.5e-08 1.755000000000001e-06)
(1.105e-06 6.5e-08 1.755e-06)
(1.17e-06 6.5e-08 1.755e-06)
(7.150000000000001e-07 1.3e-07 1.755e-06)
(7.799999999999998e-07 1.3e-07 1.755e-06)
(8.450000000000001e-07 1.3e-07 1.755e-06)
(9.099999999999998e-07 1.3e-07 1.755e-06)
(9.75e-07 1.3e-07 1.755000000000001e-06)
(1.04e-06 1.3e-07 1.755e-06)
(1.105e-06 1.3e-07 1.755e-06)
(1.17e-06 1.3e-07 1.755e-06)
(7.150000000000001e-07 1.95e-07 1.755e-06)
(7.800000000000002e-07 1.95e-07 1.755e-06)
(8.449999999999999e-07 1.95e-07 1.755e-06)
(9.1e-07 1.95e-07 1.755e-06)
(9.75e-07 1.95e-07 1.755e-06)
(1.04e-06 1.95e-07 1.755000000000001e-06)
(1.105e-06 1.95e-07 1.755e-06)
(7.800000000000002e-07 2.6e-07 1.755e-06)
(8.450000000000001e-07 2.6e-07 1.755e-06)
(9.1e-07 2.6e-07 1.755e-06)
(9.75e-07 2.6e-07 1.755e-06)
(1.04e-06 2.6e-07 1.755e-06)
(9.1e-07 3.25e-07 1.755e-06)
(9.75e-07 3.25e-07 1.755e-06)
(9.1e-07 0 1.82e-06)
(9.75e-07 0 1.82e-06)
(1.04e-06 0 1.82e-06)
(1.105e-06 0 1.82e-06)
(9.1e-07 6.5e-08 1.82e-06)
(9.75e-07 6.5e-08 1.82e-06)
(1.04e-06 6.5e-08 1.82e-06)
(1.105e-06 6.5e-08 1.82e-06)
(9.75e-07 1.3e-07 1.82e-06)
(1.04e-06 1.3e-07 1.82e-06)
(1.105e-06 1.3e-07 1.82e-06)
)


// ************************************************************************* //
