/*--------------------------------*- C++ -*----------------------------------*\
  =========                 |
  \\      /  F ield         | OpenFOAM: The Open Source CFD Toolbox
   \\    /   O peration     | Website:  https://openfoam.org
    \\  /    A nd           | Version:  6
     \\/     M anipulation  |
\*---------------------------------------------------------------------------*/
FoamFile
{
    version     2.0;
    format      ascii;
    class       faceList;
    location    "constant/region24/polyMesh";
    object      faces;
}
// * * * * * * * * * * * * * * * * * * * * * * * * * * * * * * * * * * * * * //


67
(
4(1 6 21 16)
4(5 20 21 6)
4(15 16 21 20)
4(4 9 24 19)
4(18 19 24 23)
4(5 10 25 20)
4(19 20 25 24)
4(15 31 32 16)
4(15 20 35 31)
4(19 34 35 20)
4(30 31 35 34)
4(19 24 38 34)
4(33 34 38 37)
4(34 35 39 38)
4(30 42 43 31)
4(34 45 46 35)
4(34 38 48 45)
4(8 23 24 9)
4(23 37 38 24)
4(37 47 48 38)
4(9 24 25 10)
4(24 38 39 25)
4(38 48 49 39)
4(10 25 26 11)
4(3 8 9 4)
4(4 9 10 5)
4(0 5 6 1)
4(5 10 11 6)
4(1 6 7 2)
4(0 1 16 15)
4(12 15 16 13)
4(1 2 17 16)
4(3 4 19 18)
4(0 15 20 5)
4(4 5 20 19)
4(14 19 20 15)
4(3 18 23 8)
4(12 13 29 28)
4(12 28 31 15)
4(14 15 31 30)
4(27 30 31 28)
4(14 30 34 19)
4(18 19 34 33)
4(18 33 37 23)
4(27 28 41 40)
4(27 40 42 30)
4(30 42 45 34)
4(33 34 45 44)
4(33 44 47 37)
4(44 45 48 47)
4(2 7 22 17)
4(6 21 22 7)
4(16 17 22 21)
4(6 11 26 21)
4(20 21 26 25)
4(13 16 32 29)
4(28 29 32 31)
4(16 21 36 32)
4(20 35 36 21)
4(31 32 36 35)
4(20 25 39 35)
4(28 31 43 41)
4(40 41 43 42)
4(31 35 46 43)
4(42 43 46 45)
4(35 39 49 46)
4(45 46 49 48)
)


// ************************************************************************* //
