/*--------------------------------*- C++ -*----------------------------------*\
  =========                 |
  \\      /  F ield         | OpenFOAM: The Open Source CFD Toolbox
   \\    /   O peration     | Website:  https://openfoam.org
    \\  /    A nd           | Version:  6
     \\/     M anipulation  |
\*---------------------------------------------------------------------------*/
FoamFile
{
    version     2.0;
    format      ascii;
    class       faceList;
    location    "constant/region718/polyMesh";
    object      faces;
}
// * * * * * * * * * * * * * * * * * * * * * * * * * * * * * * * * * * * * * //


615
(
4(7 8 11 10)
4(6 20 21 7)
4(15 16 21 20)
4(7 10 27 21)
4(20 21 27 26)
4(21 22 28 27)
4(13 16 41 36)
4(15 40 41 16)
4(16 41 42 17)
4(36 37 42 41)
4(16 21 50 41)
4(20 49 50 21)
4(40 41 50 49)
4(17 22 51 42)
4(21 50 51 22)
4(41 42 51 50)
4(22 51 52 23)
4(42 43 52 51)
4(20 26 60 49)
4(25 59 60 26)
4(48 49 60 59)
4(21 27 61 50)
4(26 60 61 27)
4(49 50 61 60)
4(22 28 62 51)
4(27 61 62 28)
4(50 51 62 61)
4(51 52 63 62)
4(25 31 68 59)
4(58 59 68 67)
4(26 32 69 60)
4(59 60 69 68)
4(27 33 70 61)
4(60 61 70 69)
4(61 62 71 70)
4(37 42 81 75)
4(41 80 81 42)
4(74 75 81 80)
4(38 43 82 76)
4(42 81 82 43)
4(75 76 82 81)
4(43 82 83 44)
4(76 77 83 82)
4(41 50 90 80)
4(49 89 90 50)
4(79 80 90 89)
4(42 51 91 81)
4(50 90 91 51)
4(80 81 91 90)
4(43 52 92 82)
4(51 91 92 52)
4(81 82 92 91)
4(44 53 93 83)
4(52 92 93 53)
4(82 83 93 92)
4(45 54 94 84)
4(53 93 94 54)
4(83 84 94 93)
4(46 55 95 85)
4(84 85 95 94)
4(49 60 100 89)
4(59 99 100 60)
4(88 89 100 99)
4(50 61 101 90)
4(60 100 101 61)
4(89 90 101 100)
4(51 62 102 91)
4(61 101 102 62)
4(90 91 102 101)
4(52 63 103 92)
4(62 102 103 63)
4(91 92 103 102)
4(53 64 104 93)
4(63 103 104 64)
4(92 93 104 103)
4(93 94 105 104)
4(58 67 108 98)
4(97 98 108 107)
4(59 68 109 99)
4(98 99 109 108)
4(60 69 110 100)
4(99 100 110 109)
4(61 70 111 101)
4(100 101 111 110)
4(62 71 112 102)
4(101 102 112 111)
4(63 72 113 103)
4(102 103 113 112)
4(103 104 114 113)
4(75 81 126 120)
4(80 125 126 81)
4(119 120 126 125)
4(76 82 127 121)
4(81 126 127 82)
4(82 127 128 83)
4(79 89 134 124)
4(88 133 134 89)
4(123 124 134 133)
4(80 90 135 125)
4(89 134 135 90)
4(124 125 135 134)
4(81 91 136 126)
4(90 135 136 91)
4(125 126 136 135)
4(82 92 137 127)
4(91 136 137 92)
4(126 127 137 136)
4(83 93 138 128)
4(92 137 138 93)
4(127 128 138 137)
4(84 94 139 129)
4(93 138 139 94)
4(128 129 139 138)
4(94 139 140 95)
4(88 99 145 133)
4(98 144 145 99)
4(132 133 145 144)
4(89 100 146 134)
4(99 145 146 100)
4(133 134 146 145)
4(90 101 147 135)
4(100 146 147 101)
4(134 135 147 146)
4(91 102 148 136)
4(101 147 148 102)
4(135 136 148 147)
4(92 103 149 137)
4(102 148 149 103)
4(136 137 149 148)
4(93 104 150 138)
4(103 149 150 104)
4(137 138 150 149)
4(94 105 151 139)
4(104 150 151 105)
4(138 139 151 150)
4(105 151 152 106)
4(139 140 152 151)
4(98 108 157 144)
4(143 144 157 156)
4(99 109 158 145)
4(144 145 158 157)
4(100 110 159 146)
4(145 146 159 158)
4(101 111 160 147)
4(146 147 160 159)
4(102 112 161 148)
4(147 148 161 160)
4(103 113 162 149)
4(148 149 162 161)
4(104 114 163 150)
4(149 150 163 162)
4(105 115 164 151)
4(150 151 164 163)
4(151 152 165 164)
4(118 124 179 174)
4(123 178 179 124)
4(173 174 179 178)
4(119 125 180 175)
4(124 179 180 125)
4(174 175 180 179)
4(125 180 181 126)
4(175 176 181 180)
4(124 134 188 179)
4(133 187 188 134)
4(178 179 188 187)
4(125 135 189 180)
4(134 188 189 135)
4(179 180 189 188)
4(126 136 190 181)
4(135 189 190 136)
4(180 181 190 189)
4(127 137 191 182)
4(136 190 191 137)
4(181 182 191 190)
4(128 138 192 183)
4(137 191 192 138)
4(182 183 192 191)
4(138 192 193 139)
4(132 144 198 186)
4(143 197 198 144)
4(185 186 198 197)
4(133 145 199 187)
4(144 198 199 145)
4(186 187 199 198)
4(134 146 200 188)
4(145 199 200 146)
4(187 188 200 199)
4(135 147 201 189)
4(146 200 201 147)
4(188 189 201 200)
4(136 148 202 190)
4(147 201 202 148)
4(189 190 202 201)
4(137 149 203 191)
4(148 202 203 149)
4(190 191 203 202)
4(138 150 204 192)
4(149 203 204 150)
4(191 192 204 203)
4(139 151 205 193)
4(150 204 205 151)
4(192 193 205 204)
4(140 152 206 194)
4(151 205 206 152)
4(193 194 206 205)
4(152 206 207 153)
4(143 156 210 197)
4(196 197 210 209)
4(144 157 211 198)
4(197 198 211 210)
4(145 158 212 199)
4(198 199 212 211)
4(146 159 213 200)
4(199 200 213 212)
4(147 160 214 201)
4(200 201 214 213)
4(148 161 215 202)
4(201 202 215 214)
4(149 162 216 203)
4(202 203 216 215)
4(150 163 217 204)
4(203 204 217 216)
4(151 164 218 205)
4(204 205 218 217)
4(152 165 219 206)
4(205 206 219 218)
4(153 166 220 207)
4(206 207 220 219)
4(169 173 227 223)
4(170 174 228 224)
4(173 227 228 174)
4(223 224 228 227)
4(174 228 229 175)
4(224 225 229 228)
4(174 179 234 228)
4(178 233 234 179)
4(227 228 234 233)
4(175 180 235 229)
4(179 234 235 180)
4(228 229 235 234)
4(180 235 236 181)
4(229 230 236 235)
4(178 187 242 233)
4(186 241 242 187)
4(232 233 242 241)
4(179 188 243 234)
4(187 242 243 188)
4(233 234 243 242)
4(180 189 244 235)
4(188 243 244 189)
4(234 235 244 243)
4(181 190 245 236)
4(189 244 245 190)
4(235 236 245 244)
4(182 191 246 237)
4(190 245 246 191)
4(236 237 246 245)
4(191 246 247 192)
4(237 238 247 246)
4(186 198 254 241)
4(197 253 254 198)
4(240 241 254 253)
4(187 199 255 242)
4(198 254 255 199)
4(241 242 255 254)
4(188 200 256 243)
4(199 255 256 200)
4(242 243 256 255)
4(189 201 257 244)
4(200 256 257 201)
4(243 244 257 256)
4(190 202 258 245)
4(201 257 258 202)
4(244 245 258 257)
4(191 203 259 246)
4(202 258 259 203)
4(245 246 259 258)
4(192 204 260 247)
4(203 259 260 204)
4(246 247 260 259)
4(193 205 261 248)
4(204 260 261 205)
4(205 261 262 206)
4(197 210 267 253)
4(252 253 267 266)
4(198 211 268 254)
4(253 254 268 267)
4(199 212 269 255)
4(254 255 269 268)
4(200 213 270 256)
4(255 256 270 269)
4(201 214 271 257)
4(256 257 271 270)
4(202 215 272 258)
4(257 258 272 271)
4(203 216 273 259)
4(258 259 273 272)
4(204 217 274 260)
4(205 218 275 261)
4(206 219 276 262)
4(224 228 283 279)
4(227 282 283 228)
4(228 283 284 229)
4(227 233 288 282)
4(232 287 288 233)
4(228 234 289 283)
4(233 288 289 234)
4(229 235 290 284)
4(234 289 290 235)
4(235 290 291 236)
4(232 241 296 287)
4(240 295 296 241)
4(233 242 297 288)
4(241 296 297 242)
4(234 243 298 289)
4(242 297 298 243)
4(235 244 299 290)
4(243 298 299 244)
4(236 245 300 291)
4(244 299 300 245)
4(237 246 301 292)
4(245 300 301 246)
4(246 301 302 247)
4(240 253 306 295)
4(252 305 306 253)
4(241 254 307 296)
4(253 306 307 254)
4(242 255 308 297)
4(254 307 308 255)
4(243 256 309 298)
4(255 308 309 256)
4(244 257 310 299)
4(256 309 310 257)
4(245 258 311 300)
4(257 310 311 258)
4(246 259 312 301)
4(258 311 312 259)
4(251 265 315 304)
4(252 266 316 305)
4(253 267 317 306)
4(254 268 318 307)
4(255 269 319 308)
4(256 270 320 309)
4(257 271 321 310)
4(258 272 322 311)
4(264 314 315 265)
4(265 315 316 266)
4(155 209 210 156)
4(209 266 267 210)
4(266 316 317 267)
4(66 107 108 67)
4(107 156 157 108)
4(156 210 211 157)
4(210 267 268 211)
4(267 317 318 268)
4(30 67 68 31)
4(67 108 109 68)
4(108 157 158 109)
4(157 211 212 158)
4(211 268 269 212)
4(268 318 319 269)
4(31 68 69 32)
4(68 109 110 69)
4(109 158 159 110)
4(158 212 213 159)
4(212 269 270 213)
4(269 319 320 270)
4(32 69 70 33)
4(69 110 111 70)
4(110 159 160 111)
4(159 213 214 160)
4(213 270 271 214)
4(270 320 321 271)
4(33 70 71 34)
4(70 111 112 71)
4(111 160 161 112)
4(160 214 215 161)
4(214 271 272 215)
4(271 321 322 272)
4(71 112 113 72)
4(112 161 162 113)
4(161 215 216 162)
4(215 272 273 216)
4(272 322 323 273)
4(72 113 114 73)
4(113 162 163 114)
4(162 216 217 163)
4(216 273 274 217)
4(114 163 164 115)
4(163 217 218 164)
4(217 274 275 218)
4(115 164 165 116)
4(164 218 219 165)
4(218 275 276 219)
4(165 219 220 166)
4(219 276 277 220)
4(166 220 221 167)
4(278 279 283 282)
4(279 280 284 283)
4(281 282 288 287)
4(282 283 289 288)
4(283 284 290 289)
4(284 285 291 290)
4(286 287 296 295)
4(287 288 297 296)
4(288 289 298 297)
4(289 290 299 298)
4(290 291 300 299)
4(291 292 301 300)
4(292 293 302 301)
4(294 295 306 305)
4(295 296 307 306)
4(296 297 308 307)
4(297 298 309 308)
4(298 299 310 309)
4(299 300 311 310)
4(300 301 312 311)
4(301 302 313 312)
4(303 304 315 314)
4(304 305 316 315)
4(305 306 317 316)
4(306 307 318 317)
4(307 308 319 318)
4(308 309 320 319)
4(309 310 321 320)
4(310 311 322 321)
4(311 312 323 322)
4(0 2 3 1)
4(4 6 7 5)
4(0 1 8 7)
4(1 3 11 8)
4(4 5 16 15)
4(12 15 16 13)
4(13 16 17 14)
4(5 7 21 16)
4(7 8 22 21)
4(16 21 22 17)
4(17 22 23 18)
4(13 14 37 36)
4(14 17 42 37)
4(17 18 43 42)
4(37 42 43 38)
4(38 43 44 39)
4(18 23 52 43)
4(43 52 53 44)
4(44 53 54 45)
4(45 54 55 46)
4(46 55 56 47)
4(38 39 77 76)
4(39 44 83 77)
4(44 45 84 83)
4(45 46 85 84)
4(222 223 227 226)
4(223 224 279 278)
4(223 278 282 227)
4(226 227 282 281)
4(250 303 314 264)
4(0 7 10 2)
4(6 9 10 7)
4(2 10 11 3)
4(4 15 20 6)
4(6 20 26 9)
4(19 25 26 20)
4(9 26 27 10)
4(8 11 28 22)
4(10 27 28 11)
4(22 28 29 23)
4(24 30 31 25)
4(25 31 32 26)
4(26 32 33 27)
4(27 33 34 28)
4(12 13 36 35)
4(12 35 40 15)
4(35 36 41 40)
4(15 40 49 20)
4(19 20 49 48)
4(19 48 59 25)
4(24 25 59 58)
4(23 29 63 52)
4(28 62 63 29)
4(52 63 64 53)
4(53 64 65 54)
4(24 58 67 30)
4(57 66 67 58)
4(28 34 71 62)
4(62 71 72 63)
4(63 72 73 64)
4(36 37 75 74)
4(37 38 76 75)
4(36 74 80 41)
4(40 41 80 79)
4(46 47 86 85)
4(40 79 89 49)
4(48 49 89 88)
4(78 88 89 79)
4(54 94 95 55)
4(47 56 96 86)
4(55 95 96 56)
4(85 86 96 95)
4(57 58 98 97)
4(48 88 99 59)
4(58 59 99 98)
4(87 98 99 88)
4(54 65 105 94)
4(64 104 105 65)
4(94 105 106 95)
4(57 97 107 66)
4(64 73 114 104)
4(104 114 115 105)
4(105 115 116 106)
4(74 75 120 119)
4(75 76 121 120)
4(76 77 122 121)
4(78 79 124 123)
4(117 123 124 118)
4(74 119 125 80)
4(79 80 125 124)
4(118 124 125 119)
4(120 121 127 126)
4(77 83 128 122)
4(121 122 128 127)
4(83 84 129 128)
4(84 85 130 129)
4(78 123 133 88)
4(87 88 133 132)
4(85 95 140 130)
4(129 130 140 139)
4(87 132 144 98)
4(97 98 144 143)
4(131 143 144 132)
4(95 106 152 140)
4(140 152 153 141)
4(97 143 156 107)
4(142 155 156 143)
4(106 116 165 152)
4(152 165 166 153)
4(153 166 167 154)
4(168 172 173 169)
4(117 118 174 173)
4(169 173 174 170)
4(118 119 175 174)
4(170 174 175 171)
4(119 120 176 175)
4(117 173 178 123)
4(120 126 181 176)
4(126 127 182 181)
4(127 128 183 182)
4(128 129 184 183)
4(131 132 186 185)
4(123 178 187 133)
4(132 133 187 186)
4(177 186 187 178)
4(129 139 193 184)
4(183 184 193 192)
4(139 140 194 193)
4(140 141 195 194)
4(131 185 197 143)
4(142 143 197 196)
4(141 153 207 195)
4(194 195 207 206)
4(153 154 208 207)
4(142 196 209 155)
4(154 167 221 208)
4(207 208 221 220)
4(168 169 223 222)
4(169 170 224 223)
4(170 171 225 224)
4(168 222 226 172)
4(172 226 227 173)
4(171 175 229 225)
4(175 176 230 229)
4(173 227 233 178)
4(177 178 233 232)
4(226 232 233 227)
4(176 181 236 230)
4(181 182 237 236)
4(182 183 238 237)
4(177 232 241 186)
4(185 186 241 240)
4(231 240 241 232)
4(183 192 247 238)
4(192 193 248 247)
4(193 194 249 248)
4(185 240 253 197)
4(196 197 253 252)
4(239 252 253 240)
4(247 248 261 260)
4(194 206 262 249)
4(248 249 262 261)
4(206 207 263 262)
4(250 264 265 251)
4(196 252 266 209)
4(251 265 266 252)
4(207 220 277 263)
4(262 263 277 276)
4(224 225 280 279)
4(225 229 284 280)
4(229 230 285 284)
4(226 281 287 232)
4(231 232 287 286)
4(230 236 291 285)
4(236 237 292 291)
4(237 238 293 292)
4(231 286 295 240)
4(239 240 295 294)
4(238 247 302 293)
4(250 251 304 303)
4(239 294 305 252)
4(251 252 305 304)
4(247 260 313 302)
4(259 260 274 273)
4(260 261 275 274)
4(261 262 276 275)
4(259 312 313 260)
4(259 273 323 312)
)


// ************************************************************************* //
