/*--------------------------------*- C++ -*----------------------------------*\
  =========                 |
  \\      /  F ield         | OpenFOAM: The Open Source CFD Toolbox
   \\    /   O peration     | Website:  https://openfoam.org
    \\  /    A nd           | Version:  6
     \\/     M anipulation  |
\*---------------------------------------------------------------------------*/
FoamFile
{
    version     2.0;
    format      ascii;
    class       labelList;
    location    "constant/region718/polyMesh";
    object      faceRegionAddressing;
}
// * * * * * * * * * * * * * * * * * * * * * * * * * * * * * * * * * * * * * //


615
(
692973
704938
704939
705128
705130
705133
716906
716907
716910
716911
717097
717098
717099
717100
717101
717102
717104
717105
717285
717286
717287
717288
717289
717290
717291
717292
717293
717296
717420
717421
717422
717423
717424
717425
717427
729069
729070
729071
729072
729073
729074
729076
729077
729257
729258
729259
729260
729261
729262
729263
729264
729265
729266
729267
729268
729269
729270
729271
729272
729274
729445
729446
729447
729448
729449
729450
729451
729452
729453
729454
729455
729456
729457
729458
729459
729462
729578
729579
729580
729581
729582
729583
729584
729585
729586
729587
729588
729589
729591
741229
741230
741231
741232
741233
741236
741414
741415
741416
741417
741418
741419
741420
741421
741422
741423
741424
741425
741426
741427
741428
741429
741430
741431
741433
741602
741603
741604
741605
741606
741607
741608
741609
741610
741611
741612
741613
741614
741615
741616
741617
741618
741619
741620
741621
741622
741624
741625
741738
741739
741740
741741
741742
741743
741744
741745
741746
741747
741748
741749
741750
741751
741752
741753
741755
753383
753384
753385
753386
753387
753388
753390
753391
753574
753575
753576
753577
753578
753579
753580
753581
753582
753583
753584
753585
753586
753587
753588
753590
753759
753760
753761
753762
753763
753764
753765
753766
753767
753768
753769
753770
753771
753772
753773
753774
753775
753776
753777
753778
753779
753780
753781
753782
753783
753784
753785
753787
753896
753897
753898
753899
753900
753901
753902
753903
753904
753905
753906
753907
753908
753909
753910
753911
753912
753913
753914
753915
753916
753917
765349
765352
765353
765354
765356
765357
765543
765544
765545
765546
765547
765548
765550
765551
765731
765732
765733
765734
765735
765736
765737
765738
765739
765740
765741
765742
765743
765744
765745
765747
765748
765919
765920
765921
765922
765923
765924
765925
765926
765927
765928
765929
765930
765931
765932
765933
765934
765935
765936
765937
765938
765939
765940
765941
765944
766056
766057
766058
766059
766060
766061
766062
766063
766064
766065
766066
766067
766068
766069
766070
766072
766074
777512
777513
777516
777700
777701
777703
777704
777706
777707
777710
777888
777889
777891
777892
777894
777895
777897
777898
777900
777901
777903
777904
777907
778076
778077
778079
778080
778082
778083
778085
778086
778088
778089
778091
778092
778094
778095
778212
778214
778216
778218
778220
778222
778224
778226
903680
903744
903806
903807
903808
903868
903869
903870
903871
903872
903931
903932
903933
903934
903935
903936
903995
903996
903997
903998
903999
904000
904059
904060
904061
904062
904063
904064
904123
904124
904125
904126
904127
904128
904188
904189
904190
904191
904192
904252
904253
904254
904255
904317
904318
904319
904381
904382
904383
904446
904447
904510
777514
777517
777702
777705
777708
777711
777890
777893
777896
777899
777902
777905
777908
778078
778081
778084
778087
778090
778093
778096
778099
778213
778215
778217
778219
778221
778223
778225
778227
778229
-680813
-692779
-692781
692971
-704747
-704748
-704751
704937
-704941
-704942
-704945
-716719
716909
-716913
-716914
-716917
717103
-717108
-717111
-717114
-717117
-728885
729075
-729079
-729082
765351
-777322
-777509
-777510
-778210
-692968
-692970
692972
-704934
-705125
-705127
705129
705131
705132
-705136
-705261
-705263
-705265
-705267
-716716
-716903
716908
-717094
-717095
-717282
-717283
717294
717295
-717299
-717302
-717418
-717419
717426
-717429
-717431
-728879
-728882
-729066
-729067
-729085
-729254
-729255
-729256
729273
729275
729276
729277
-729440
-729442
-729443
-729444
729460
729461
-729465
-729576
729590
-729593
-729595
-741039
-741042
-741045
-741224
-741225
-741226
-741227
-741228
741234
741235
741237
-741239
-741242
-741411
-741412
741432
741434
-741599
-741600
-741601
741623
-741628
-741736
-741737
741754
-741757
-741759
-753191
-753193
-753194
-753196
-753197
-753199
-753380
753389
-753393
-753396
-753399
-753569
-753571
-753572
-753573
753589
753591
-753593
-753596
-753756
-753757
753786
753788
-753790
-753894
753918
753919
-765159
-765162
-765165
-765346
765350
765355
-765359
-765540
-765541
-765542
765549
-765553
-765556
-765728
-765729
-765730
765746
-765750
-765753
-765916
-765917
-765918
765942
765943
765945
-765947
-766053
-766054
-766055
766076
766077
-777325
777515
-777519
-777697
-777698
777709
-777713
-777716
-777885
-777886
777906
-778071
-778073
-778074
778097
766071
766073
766075
778098
778228
)


// ************************************************************************* //
