/*--------------------------------*- C++ -*----------------------------------*\
  =========                 |
  \\      /  F ield         | OpenFOAM: The Open Source CFD Toolbox
   \\    /   O peration     | Website:  https://openfoam.org
    \\  /    A nd           | Version:  6
     \\/     M anipulation  |
\*---------------------------------------------------------------------------*/
FoamFile
{
    version     2.0;
    format      ascii;
    class       labelList;
    note        "nPoints:324  nCells:160  nFaces:615  nInternalFaces:345";
    location    "constant/region718/polyMesh";
    object      neighbour;
}
// * * * * * * * * * * * * * * * * * * * * * * * * * * * * * * * * * * * * * //


345
(
3
2
6
3
10
11
5
6
7
17
7
10
20
8
11
21
12
22
10
14
27
11
15
28
12
16
29
30
14
34
15
35
16
36
37
18
21
40
19
22
41
23
42
21
28
44
22
29
45
23
30
46
24
31
47
25
32
48
26
49
28
35
51
29
36
52
30
37
53
31
38
54
32
39
55
56
34
58
35
59
36
60
37
61
38
62
39
63
64
41
45
69
42
46
47
44
51
70
45
52
71
46
53
72
47
54
73
48
55
74
49
56
75
57
51
59
77
52
60
78
53
61
79
54
62
80
55
63
81
56
64
82
57
65
83
66
84
59
87
60
88
61
89
62
90
63
91
64
92
65
93
66
94
95
68
70
101
69
71
102
72
103
71
78
105
72
79
106
73
80
107
74
81
108
75
82
109
83
77
87
110
78
88
111
79
89
112
80
90
113
81
91
114
82
92
115
83
93
116
84
94
117
85
95
118
96
87
119
88
120
89
121
90
122
91
123
92
124
93
125
94
126
95
127
96
128
97
129
99
100
101
130
102
131
102
105
133
103
106
134
107
135
105
111
137
106
112
138
107
113
139
108
114
140
109
115
141
116
142
111
120
144
112
121
145
113
122
146
114
123
147
115
124
148
116
125
149
117
126
150
118
127
128
120
153
121
154
122
155
123
156
124
157
125
158
126
159
127
128
129
131
133
134
133
137
134
138
135
139
140
137
144
138
145
139
146
140
147
141
148
142
149
150
144
153
145
154
146
155
147
156
148
157
149
158
150
159
152
153
154
155
156
157
158
159
)


// ************************************************************************* //
