/*--------------------------------*- C++ -*----------------------------------*\
  =========                 |
  \\      /  F ield         | OpenFOAM: The Open Source CFD Toolbox
   \\    /   O peration     | Website:  https://openfoam.org
    \\  /    A nd           | Version:  6
     \\/     M anipulation  |
\*---------------------------------------------------------------------------*/
FoamFile
{
    version     2.0;
    format      ascii;
    class       labelList;
    location    "constant/region718/polyMesh";
    object      pointRegionAddressing;
}
// * * * * * * * * * * * * * * * * * * * * * * * * * * * * * * * * * * * * * //


324
(
240686
240687
240751
240752
244845
244846
244910
244911
244912
244975
244976
244977
249005
249006
249007
249070
249071
249072
249073
249134
249135
249136
249137
249138
249198
249199
249200
249201
249202
249203
249263
249264
249265
249266
249267
253230
253231
253232
253233
253234
253295
253296
253297
253298
253299
253300
253301
253302
253359
253360
253361
253362
253363
253364
253365
253366
253367
253422
253423
253424
253425
253426
253427
253428
253429
253430
253487
253488
253489
253490
253491
253492
253493
253494
257456
257457
257458
257459
257519
257520
257521
257522
257523
257524
257525
257526
257527
257583
257584
257585
257586
257587
257588
257589
257590
257591
257592
257647
257648
257649
257650
257651
257652
257653
257654
257655
257656
257712
257713
257714
257715
257716
257717
257718
257719
257720
257721
261679
261680
261681
261682
261683
261684
261744
261745
261746
261747
261748
261749
261750
261751
261807
261808
261809
261810
261811
261812
261813
261814
261815
261816
261817
261871
261872
261873
261874
261875
261876
261877
261878
261879
261880
261881
261882
261883
261936
261937
261938
261939
261940
261941
261942
261943
261944
261945
261946
261947
261948
265838
265839
265840
265841
265903
265904
265905
265906
265907
265968
265969
265970
265971
265972
265973
265974
265975
266032
266033
266034
266035
266036
266037
266038
266039
266040
266041
266042
266096
266097
266098
266099
266100
266101
266102
266103
266104
266105
266106
266107
266108
266161
266162
266163
266164
266165
266166
266167
266168
266169
266170
266171
266172
266173
270063
270064
270065
270066
270128
270129
270130
270131
270132
270192
270193
270194
270195
270196
270197
270198
270199
270256
270257
270258
270259
270260
270261
270262
270263
270264
270265
270266
270319
270320
270321
270322
270323
270324
270325
270326
270327
270328
270329
270330
270331
270332
270384
270385
270386
270387
270388
270389
270390
270391
270392
270393
270394
270395
270396
270397
274289
274290
274291
274353
274354
274355
274356
274357
274417
274418
274419
274420
274421
274422
274423
274424
274481
274482
274483
274484
274485
274486
274487
274488
274489
274544
274545
274546
274547
274548
274549
274550
274551
274552
274553
274554
274609
274610
274611
274612
274613
274614
274615
274616
274617
274618
)


// ************************************************************************* //
