/*--------------------------------*- C++ -*----------------------------------*\
  =========                 |
  \\      /  F ield         | OpenFOAM: The Open Source CFD Toolbox
   \\    /   O peration     | Website:  https://openfoam.org
    \\  /    A nd           | Version:  6
     \\/     M anipulation  |
\*---------------------------------------------------------------------------*/
FoamFile
{
    version     2.0;
    format      ascii;
    class       faceList;
    location    "constant/region98/polyMesh";
    object      faces;
}
// * * * * * * * * * * * * * * * * * * * * * * * * * * * * * * * * * * * * * //


79
(
4(8 9 15 14)
4(13 14 20 19)
4(8 14 29 23)
4(13 28 29 14)
4(14 29 30 15)
4(23 24 30 29)
4(11 17 33 26)
4(12 18 34 27)
4(13 19 35 28)
4(14 20 36 29)
4(29 30 37 36)
4(29 41 42 30)
4(39 40 42 41)
4(30 37 45 42)
4(42 43 46 45)
4(47 48 50 49)
4(54 55 57 56)
4(1 4 15 9)
4(3 14 15 4)
4(3 6 20 14)
4(5 19 20 6)
4(14 20 21 15)
4(9 15 30 24)
4(16 32 33 17)
4(17 33 34 18)
4(18 34 35 19)
4(19 35 36 20)
4(15 21 37 30)
4(20 36 37 21)
4(30 37 38 31)
4(24 30 42 40)
4(30 31 43 42)
4(31 38 46 43)
4(37 45 46 38)
4(40 42 50 48)
4(42 43 51 50)
4(43 46 53 51)
4(48 50 57 55)
4(55 57 61 59)
4(0 3 4 1)
4(2 5 6 3)
4(0 1 9 8)
4(0 8 14 3)
4(2 3 14 13)
4(7 13 14 8)
4(10 16 17 11)
4(11 17 18 12)
4(2 13 19 5)
4(12 18 19 13)
4(7 8 23 22)
4(8 9 24 23)
4(10 11 26 25)
4(11 12 27 26)
4(7 22 28 13)
4(12 13 28 27)
4(22 23 29 28)
4(10 25 32 16)
4(25 26 33 32)
4(26 27 34 33)
4(27 28 35 34)
4(28 29 36 35)
4(23 24 40 39)
4(23 39 41 29)
4(29 41 44 36)
4(36 44 45 37)
4(41 42 45 44)
4(39 40 48 47)
4(39 47 49 41)
4(41 49 50 42)
4(42 50 52 45)
4(45 52 53 46)
4(50 51 53 52)
4(47 48 55 54)
4(47 54 56 49)
4(49 56 57 50)
4(54 55 59 58)
4(54 58 60 56)
4(56 60 61 57)
4(58 59 61 60)
)


// ************************************************************************* //
