/*--------------------------------*- C++ -*----------------------------------*\
  =========                 |
  \\      /  F ield         | OpenFOAM: The Open Source CFD Toolbox
   \\    /   O peration     | Website:  https://openfoam.org
    \\  /    A nd           | Version:  6
     \\/     M anipulation  |
\*---------------------------------------------------------------------------*/
FoamFile
{
    version     2.0;
    format      ascii;
    class       faceList;
    location    "constant/region742/polyMesh";
    object      faces;
}
// * * * * * * * * * * * * * * * * * * * * * * * * * * * * * * * * * * * * * //


62
(
4(7 8 11 10)
4(6 21 22 7)
4(7 10 25 22)
4(9 24 25 10)
4(21 22 25 24)
4(10 25 26 11)
4(22 23 26 25)
4(10 15 30 25)
4(11 16 31 26)
4(25 26 31 30)
4(12 17 32 27)
4(26 27 32 31)
4(22 25 38 35)
4(25 38 39 26)
4(35 36 39 38)
4(26 31 42 39)
4(0 2 3 1)
4(4 6 7 5)
4(0 1 8 7)
4(0 7 10 2)
4(6 9 10 7)
4(2 10 11 3)
4(9 14 15 10)
4(10 15 16 11)
4(4 5 20 19)
4(5 7 22 20)
4(7 8 23 22)
4(8 11 26 23)
4(11 12 27 26)
4(9 24 29 14)
4(14 29 30 15)
4(24 25 30 29)
4(15 30 31 16)
4(22 23 36 35)
4(24 37 38 25)
4(23 26 39 36)
4(26 27 40 39)
4(25 38 41 30)
4(30 41 42 31)
4(38 39 42 41)
4(39 40 43 42)
4(35 36 45 44)
4(36 39 47 45)
4(38 46 47 39)
4(44 45 47 46)
4(1 3 11 8)
4(11 16 17 12)
4(12 17 18 13)
4(4 19 21 6)
4(19 20 22 21)
4(6 21 24 9)
4(12 13 28 27)
4(16 31 32 17)
4(13 18 33 28)
4(17 32 33 18)
4(27 28 33 32)
4(21 22 35 34)
4(21 34 37 24)
4(34 35 38 37)
4(27 32 43 40)
4(31 42 43 32)
4(35 44 46 38)
)


// ************************************************************************* //
