/*--------------------------------*- C++ -*----------------------------------*\
  =========                 |
  \\      /  F ield         | OpenFOAM: The Open Source CFD Toolbox
   \\    /   O peration     | Website:  https://openfoam.org
    \\  /    A nd           | Version:  6
     \\/     M anipulation  |
\*---------------------------------------------------------------------------*/
FoamFile
{
    version     2.0;
    format      ascii;
    class       labelList;
    location    "constant/region26/polyMesh";
    object      cellRegionAddressing;
}
// * * * * * * * * * * * * * * * * * * * * * * * * * * * * * * * * * * * * * //


451
(
4994
4995
4996
5057
5058
5059
5060
5121
5122
5123
5124
8896
8960
8961
8962
9024
9025
9026
9027
9028
9029
9088
9089
9090
9091
9092
9093
9152
9153
9154
9155
9156
9157
9216
9217
9218
9219
9220
9280
9281
9282
9283
12928
12992
12993
12994
12995
13056
13057
13058
13059
13060
13061
13120
13121
13122
13123
13124
13125
13126
13184
13185
13186
13187
13188
13189
13190
13248
13249
13250
13251
13252
13253
13312
13313
13314
13315
13316
13376
13377
13378
13379
13440
13441
16960
17024
17025
17026
17088
17089
17090
17091
17092
17093
17152
17153
17154
17155
17156
17157
17158
17216
17217
17218
17219
17220
17221
17222
17280
17281
17282
17283
17284
17285
17344
17345
17346
17347
17348
17349
17408
17409
17410
17411
17412
17472
17473
17474
17536
17537
17600
21056
21057
21120
21121
21122
21123
21124
21184
21185
21186
21187
21188
21189
21248
21249
21250
21251
21252
21253
21254
21312
21313
21314
21315
21316
21317
21376
21377
21378
21379
21380
21381
21440
21441
21442
21443
21444
21504
21505
21506
21507
21568
21569
21570
21632
21633
21696
25152
25153
25154
25155
25216
25217
25218
25219
25220
25221
25280
25281
25282
25283
25284
25285
25286
25344
25345
25346
25347
25348
25349
25350
25408
25409
25410
25411
25412
25413
25472
25473
25474
25475
25476
25477
25536
25537
25538
25539
25600
25601
25602
25664
25665
25666
25728
25729
25792
29248
29249
29250
29251
29252
29312
29313
29314
29315
29316
29317
29318
29376
29377
29378
29379
29380
29381
29382
29440
29441
29442
29443
29444
29445
29446
29504
29505
29506
29507
29508
29509
29568
29569
29570
29571
29572
29632
29633
29634
29635
29696
29697
29698
29760
29761
29762
29824
29825
29888
33345
33346
33347
33348
33408
33409
33410
33411
33412
33413
33414
33472
33473
33474
33475
33476
33477
33478
33536
33537
33538
33539
33540
33541
33542
33600
33601
33602
33603
33604
33605
33664
33665
33666
33667
33668
33728
33729
33730
33731
33792
33793
33794
33856
33857
33858
33920
33921
33984
34048
37442
37443
37444
37445
37505
37506
37507
37508
37509
37510
37568
37569
37570
37571
37572
37573
37574
37632
37633
37634
37635
37636
37637
37696
37697
37698
37699
37700
37701
37760
37761
37762
37763
37764
37824
37825
37826
37827
37888
37889
37890
37952
37953
37954
38016
38017
38080
38081
38144
38208
41539
41540
41602
41603
41604
41605
41665
41666
41667
41668
41669
41728
41729
41730
41731
41732
41733
41792
41793
41794
41795
41796
41856
41857
41858
41859
41860
41920
41921
41922
41923
41984
41985
41986
42048
42049
42050
42112
42113
42114
42176
42177
42240
45699
45700
45761
45762
45763
45764
45824
45825
45826
45827
45828
45888
45889
45890
45891
45892
45952
45953
45954
45955
46016
46017
46018
46080
46081
46082
46144
46145
46208
46209
46272
)


// ************************************************************************* //
