/*--------------------------------*- C++ -*----------------------------------*\
  =========                 |
  \\      /  F ield         | OpenFOAM: The Open Source CFD Toolbox
   \\    /   O peration     | Website:  https://openfoam.org
    \\  /    A nd           | Version:  6
     \\/     M anipulation  |
\*---------------------------------------------------------------------------*/
FoamFile
{
    version     2.0;
    format      ascii;
    class       labelList;
    location    "constant/region26/polyMesh";
    object      faceRegionAddressing;
}
// * * * * * * * * * * * * * * * * * * * * * * * * * * * * * * * * * * * * * //


1596
(
14841
14842
14843
14844
14845
14846
14848
14849
15029
15030
15031
15032
15033
15034
15035
15036
15037
15039
15040
15220
15222
15223
15225
15226
15228
15231
26423
26424
26613
26614
26615
26616
26617
26618
26620
26621
26804
26805
26806
26807
26808
26809
26810
26811
26812
26813
26814
26815
26816
26817
26818
26820
26821
26995
26996
26997
26998
26999
27000
27001
27002
27003
27004
27005
27006
27007
27008
27009
27011
27012
27186
27187
27188
27189
27190
27191
27192
27193
27194
27195
27196
27197
27198
27199
27200
27203
27377
27378
27379
27380
27381
27382
27383
27384
27385
27386
27387
27388
27391
27568
27570
27571
27573
27574
27576
27579
38392
38393
38582
38583
38584
38585
38586
38587
38588
38589
38590
38592
38593
38773
38774
38775
38776
38777
38778
38779
38780
38781
38782
38783
38784
38785
38786
38787
38789
38790
38964
38965
38966
38967
38968
38969
38970
38971
38972
38973
38974
38975
38976
38977
38978
38979
38980
38981
38983
38984
39155
39156
39157
39158
39159
39160
39161
39162
39163
39164
39165
39166
39167
39168
39169
39170
39171
39172
39346
39347
39348
39349
39350
39351
39352
39353
39354
39355
39356
39357
39358
39359
39360
39363
39537
39538
39539
39540
39541
39542
39543
39544
39545
39546
39547
39548
39551
39728
39729
39730
39731
39732
39733
39734
39736
39919
39921
39924
50361
50362
50551
50552
50553
50554
50555
50556
50558
50559
50742
50743
50744
50745
50746
50747
50748
50749
50750
50751
50752
50753
50754
50755
50756
50758
50759
50933
50934
50935
50936
50937
50938
50939
50940
50941
50942
50943
50944
50945
50946
50947
50948
50949
50950
50952
50953
51124
51125
51126
51127
51128
51129
51130
51131
51132
51133
51134
51135
51136
51137
51138
51139
51140
51141
51315
51316
51317
51318
51319
51320
51321
51322
51323
51324
51325
51326
51327
51328
51329
51331
51332
51506
51507
51508
51509
51510
51511
51512
51513
51514
51515
51516
51517
51518
51519
51520
51697
51698
51699
51700
51701
51702
51703
51704
51705
51706
51708
51888
51889
51890
51891
51892
51893
51896
52079
52080
52081
52084
52272
62520
62521
62522
62524
62525
62711
62712
62713
62714
62715
62716
62717
62718
62719
62720
62721
62722
62724
62725
62902
62903
62904
62905
62906
62907
62908
62909
62910
62911
62912
62913
62914
62915
62916
62918
62919
63093
63094
63095
63096
63097
63098
63099
63100
63101
63102
63103
63104
63105
63106
63107
63108
63109
63110
63113
63284
63285
63286
63287
63288
63289
63290
63291
63292
63293
63294
63295
63296
63297
63298
63300
63301
63475
63476
63477
63478
63479
63480
63481
63482
63483
63484
63485
63486
63487
63488
63489
63492
63666
63667
63668
63669
63670
63671
63672
63673
63674
63675
63676
63677
63857
63858
63859
63860
63861
63862
63863
63864
63865
64048
64049
64050
64051
64052
64053
64056
64239
64240
64241
64244
64432
74680
74681
74682
74683
74684
74685
74686
74687
74688
74690
74691
74871
74872
74873
74874
74875
74876
74877
74878
74879
74880
74881
74882
74883
74884
74885
74887
74888
75062
75063
75064
75065
75066
75067
75068
75069
75070
75071
75072
75073
75074
75075
75076
75077
75078
75079
75081
75082
75253
75254
75255
75256
75257
75258
75259
75260
75261
75262
75263
75264
75265
75266
75267
75268
75269
75270
75273
75444
75445
75446
75447
75448
75449
75450
75451
75452
75453
75454
75455
75456
75457
75458
75460
75461
75635
75636
75637
75638
75639
75640
75641
75642
75643
75644
75645
75646
75647
75649
75826
75827
75828
75829
75830
75831
75832
75833
75834
75837
76017
76018
76019
76020
76021
76022
76024
76025
76208
76209
76210
76211
76212
76213
76216
76399
76400
76401
76404
76592
86840
86841
86843
86844
86845
86846
86847
86848
86849
86850
86851
86853
86854
87031
87032
87033
87034
87035
87036
87037
87038
87039
87040
87041
87042
87043
87044
87045
87046
87047
87048
87050
87051
87222
87223
87224
87225
87226
87227
87228
87229
87230
87231
87232
87233
87234
87235
87236
87237
87238
87239
87241
87242
87413
87414
87415
87416
87417
87418
87419
87420
87421
87422
87423
87424
87425
87426
87427
87428
87429
87430
87433
87604
87605
87606
87607
87608
87609
87610
87611
87612
87613
87614
87615
87616
87617
87618
87621
87795
87796
87797
87798
87799
87800
87801
87802
87803
87804
87805
87806
87809
87986
87987
87988
87989
87990
87991
87992
87993
87994
87997
88177
88178
88179
88180
88181
88182
88184
88185
88368
88369
88370
88371
88372
88373
88376
88559
88560
88561
88564
88752
99003
99004
99006
99007
99008
99009
99010
99011
99013
99014
99191
99192
99194
99195
99196
99197
99198
99199
99200
99201
99202
99203
99204
99205
99206
99207
99208
99210
99211
99382
99383
99384
99385
99386
99387
99388
99389
99390
99391
99392
99393
99394
99395
99396
99397
99398
99399
99401
99402
99573
99574
99575
99576
99577
99578
99579
99580
99581
99582
99583
99584
99585
99586
99587
99588
99589
99590
99764
99765
99766
99767
99768
99769
99770
99771
99772
99773
99774
99775
99776
99777
99778
99781
99955
99956
99957
99958
99959
99960
99961
99962
99963
99964
99965
99966
99969
100146
100147
100148
100149
100150
100151
100152
100153
100154
100157
100337
100338
100339
100340
100341
100342
100344
100345
100528
100529
100530
100531
100532
100533
100536
100719
100720
100721
100724
100911
100912
101103
111166
111167
111169
111170
111171
111172
111173
111174
111176
111354
111355
111357
111358
111359
111360
111361
111362
111363
111364
111365
111366
111367
111368
111370
111542
111543
111545
111546
111547
111548
111549
111550
111551
111552
111553
111554
111555
111556
111557
111558
111559
111733
111734
111735
111736
111737
111738
111739
111740
111741
111742
111743
111744
111745
111746
111747
111749
111750
111924
111925
111926
111927
111928
111929
111930
111931
111932
111933
111934
111935
111936
111937
111938
112115
112116
112117
112118
112119
112120
112121
112122
112123
112124
112125
112126
112129
112306
112307
112308
112309
112310
112311
112312
112313
112314
112317
112497
112498
112499
112500
112501
112502
112504
112505
112688
112689
112690
112691
112692
112693
112696
112879
112880
112881
112883
112884
113070
113071
113072
113075
113262
113263
123329
123330
123333
123517
123518
123520
123521
123522
123523
123524
123525
123527
123705
123706
123707
123708
123709
123710
123711
123712
123713
123714
123715
123716
123718
123893
123894
123895
123896
123897
123898
123899
123900
123901
123902
123903
123904
123905
123906
123907
124084
124085
124086
124087
124088
124089
124090
124091
124092
124093
124094
124095
124097
124098
124275
124276
124277
124278
124279
124280
124281
124282
124283
124284
124285
124286
124466
124467
124468
124469
124470
124471
124472
124473
124474
124657
124658
124659
124660
124661
124662
124664
124665
124848
124849
124850
124851
124852
124853
124855
125039
125040
125041
125042
125043
125044
125230
125231
125232
135680
135681
135684
135865
135866
135868
135869
135871
135872
135875
136053
136054
136056
136057
136059
136060
136062
136063
136066
136244
136245
136247
136248
136250
136251
136253
136254
136435
136436
136438
136439
136441
136442
136626
136627
136629
136630
136633
136817
136818
136820
136821
137008
137009
137012
137199
137200
905356
905357
905358
905359
905360
905361
905362
905419
905420
905421
905422
905423
905424
905425
905426
905427
905482
905483
905484
905485
905486
905487
905488
905489
905490
905491
905492
905546
905547
905548
905549
905550
905551
905552
905553
905554
905555
905556
905610
905611
905612
905613
905614
905615
905616
905617
905618
905619
905620
905674
905675
905676
905677
905678
905679
905680
905681
905682
905683
905684
905739
905740
905741
905742
905743
905744
905745
905746
905747
905748
905749
905804
905805
905806
905807
905808
905809
905810
905811
905812
905813
905814
905869
905870
905871
905872
905873
905874
905875
905876
905877
905933
905934
905935
905936
905937
905938
905939
905940
50757
-50761
-99019
99193
99209
99400
99592
99593
99779
99968
100155
100156
100343
111168
111175
111177
-111179
-111351
-111352
111356
111369
111371
111544
111560
111561
111562
111748
111939
111941
112128
112315
112316
112503
112694
113452
113453
113454
-123139
-123326
-123327
123331
123332
123334
-123336
-123514
-123515
123519
123526
123528
-123702
-123703
123717
123719
123908
123909
123910
124096
124288
124289
124475
124476
124477
124663
124854
124856
125047
125234
125235
125421
125422
125423
-135490
-135493
-135675
-135677
-135678
135682
135683
135685
-135862
-135863
135867
135870
135873
135874
135876
136055
136058
136061
136064
136065
136067
136246
136249
136252
136255
136256
136257
136258
136437
136440
136443
136444
136445
136446
136628
136631
136632
136634
136819
136822
136823
136824
136825
137010
137011
137013
137201
137202
137203
137204
137390
137391
137392
38982
101102
-101294
-2683
-2686
-2871
-2874
-2877
-2880
-3062
-3065
-3068
-3071
-14264
-14455
-14458
-14461
-14646
-14649
-14651
-14652
-14654
-14655
-14837
-14838
-14839
-14840
-15026
-15028
-15217
-15219
15221
15224
15227
-15410
-15413
-15416
-15419
26422
-26426
-26427
-26429
-26430
-26433
26619
-26623
-26624
-26626
-26627
27010
-27015
27201
27202
27389
27390
27572
27575
27577
27578
-27764
38391
-38395
-38396
-38398
-38399
-38401
38591
-38595
-38596
38788
-38792
-38793
39173
39175
39550
39735
39737
39738
39739
39920
39922
39923
-40112
-50170
-50367
50557
-50561
-50562
-50564
-50565
-50567
50951
51142
51143
51144
51330
51521
51522
51523
51707
51709
51710
51894
51895
52082
52083
52270
52271
-62330
-62333
62523
-62527
-62528
-62530
-62531
-62533
62723
-62727
-62728
62917
-62921
-62922
63111
63112
63299
63490
63491
63678
64431
-74490
-74493
-74496
-74499
74689
-74693
-74694
-74696
74886
-74890
-74891
75080
75271
75272
75459
75650
75651
75652
76214
76215
76402
76403
76590
76591
-86650
-86653
-86656
-86659
-86662
86842
86852
-86856
-86859
87049
87240
87431
87432
87619
87620
87807
87808
87995
87996
88183
88374
88375
88562
88563
88750
88751
-88943
-98813
-98816
-98819
-98822
-99000
-99001
99005
99012
-99016
-99017
99591
100534
100535
100722
100723
100910
-100915
101101
-110976
-110979
-110982
-110985
-111163
-111164
112695
112882
-112887
113073
113074
113261
-123142
124287
125045
125046
125233
99780
99967
111940
112127
39362
39549
27569
-27761
63868
75836
76023
63680
75648
75835
-26629
-26630
50360
-50364
-50365
51711
63679
63866
-26232
-26233
-38201
-38202
64055
64242
39174
39361
63867
64054
-38598
-38599
-2689
-14657
-14658
-14661
14847
-14852
15038
-15043
15229
15230
64243
64430
26819
-26824
)


// ************************************************************************* //
