/*--------------------------------*- C++ -*----------------------------------*\
  =========                 |
  \\      /  F ield         | OpenFOAM: The Open Source CFD Toolbox
   \\    /   O peration     | Website:  https://openfoam.org
    \\  /    A nd           | Version:  6
     \\/     M anipulation  |
\*---------------------------------------------------------------------------*/
FoamFile
{
    version     2.0;
    format      ascii;
    class       faceList;
    location    "constant/region26/polyMesh";
    object      faces;
}
// * * * * * * * * * * * * * * * * * * * * * * * * * * * * * * * * * * * * * //


1596
(
4(1 6 42 35)
4(5 41 42 6)
4(34 35 42 41)
4(2 7 43 36)
4(6 42 43 7)
4(35 36 43 42)
4(7 43 44 8)
4(36 37 44 43)
4(5 10 48 41)
4(9 47 48 10)
4(40 41 48 47)
4(6 11 49 42)
4(10 48 49 11)
4(41 42 49 48)
4(7 12 50 43)
4(11 49 50 12)
4(42 43 50 49)
4(12 50 51 13)
4(43 44 51 50)
4(10 15 55 48)
4(47 48 55 54)
4(11 16 56 49)
4(48 49 56 55)
4(12 17 57 50)
4(49 50 57 56)
4(50 51 58 57)
4(21 71 72 22)
4(66 67 72 71)
4(22 26 79 72)
4(25 78 79 26)
4(71 72 79 78)
4(23 27 80 73)
4(26 79 80 27)
4(72 73 80 79)
4(27 80 81 28)
4(73 74 81 80)
4(26 33 87 79)
4(32 86 87 33)
4(78 79 87 86)
4(27 34 88 80)
4(33 87 88 34)
4(79 80 88 87)
4(28 35 89 81)
4(34 88 89 35)
4(80 81 89 88)
4(29 36 90 82)
4(35 89 90 36)
4(81 82 90 89)
4(30 37 91 83)
4(36 90 91 37)
4(82 83 91 90)
4(37 91 92 38)
4(83 84 92 91)
4(33 40 95 87)
4(39 94 95 40)
4(86 87 95 94)
4(34 41 96 88)
4(40 95 96 41)
4(87 88 96 95)
4(35 42 97 89)
4(41 96 97 42)
4(88 89 97 96)
4(36 43 98 90)
4(42 97 98 43)
4(89 90 98 97)
4(37 44 99 91)
4(43 98 99 44)
4(90 91 99 98)
4(44 99 100 45)
4(91 92 100 99)
4(40 47 103 95)
4(46 102 103 47)
4(94 95 103 102)
4(41 48 104 96)
4(47 103 104 48)
4(95 96 104 103)
4(42 49 105 97)
4(48 104 105 49)
4(96 97 105 104)
4(43 50 106 98)
4(49 105 106 50)
4(97 98 106 105)
4(44 51 107 99)
4(50 106 107 51)
4(98 99 107 106)
4(99 100 108 107)
4(47 54 110 103)
4(53 109 110 54)
4(102 103 110 109)
4(48 55 111 104)
4(54 110 111 55)
4(103 104 111 110)
4(49 56 112 105)
4(55 111 112 56)
4(104 105 112 111)
4(50 57 113 106)
4(56 112 113 57)
4(105 106 113 112)
4(106 107 114 113)
4(54 60 116 110)
4(109 110 116 115)
4(55 61 117 111)
4(110 111 117 116)
4(56 62 118 112)
4(111 112 118 117)
4(112 113 119 118)
4(66 129 130 67)
4(125 126 130 129)
4(67 72 137 130)
4(71 136 137 72)
4(129 130 137 136)
4(68 73 138 131)
4(72 137 138 73)
4(130 131 138 137)
4(69 74 139 132)
4(73 138 139 74)
4(131 132 139 138)
4(74 139 140 75)
4(132 133 140 139)
4(72 79 145 137)
4(78 144 145 79)
4(136 137 145 144)
4(73 80 146 138)
4(79 145 146 80)
4(137 138 146 145)
4(74 81 147 139)
4(80 146 147 81)
4(138 139 147 146)
4(75 82 148 140)
4(81 147 148 82)
4(139 140 148 147)
4(76 83 149 141)
4(82 148 149 83)
4(140 141 149 148)
4(83 149 150 84)
4(141 142 150 149)
4(79 87 153 145)
4(86 152 153 87)
4(144 145 153 152)
4(80 88 154 146)
4(87 153 154 88)
4(145 146 154 153)
4(81 89 155 147)
4(88 154 155 89)
4(146 147 155 154)
4(82 90 156 148)
4(89 155 156 90)
4(147 148 156 155)
4(83 91 157 149)
4(90 156 157 91)
4(148 149 157 156)
4(84 92 158 150)
4(91 157 158 92)
4(149 150 158 157)
4(92 158 159 93)
4(150 151 159 158)
4(87 95 161 153)
4(94 160 161 95)
4(152 153 161 160)
4(88 96 162 154)
4(95 161 162 96)
4(153 154 162 161)
4(89 97 163 155)
4(96 162 163 97)
4(154 155 163 162)
4(90 98 164 156)
4(97 163 164 98)
4(155 156 164 163)
4(91 99 165 157)
4(98 164 165 99)
4(156 157 165 164)
4(92 100 166 158)
4(99 165 166 100)
4(157 158 166 165)
4(95 103 169 161)
4(102 168 169 103)
4(160 161 169 168)
4(96 104 170 162)
4(103 169 170 104)
4(161 162 170 169)
4(97 105 171 163)
4(104 170 171 105)
4(162 163 171 170)
4(98 106 172 164)
4(105 171 172 106)
4(163 164 172 171)
4(99 107 173 165)
4(106 172 173 107)
4(164 165 173 172)
4(165 166 174 173)
4(103 110 176 169)
4(109 175 176 110)
4(168 169 176 175)
4(104 111 177 170)
4(110 176 177 111)
4(169 170 177 176)
4(105 112 178 171)
4(111 177 178 112)
4(170 171 178 177)
4(106 113 179 172)
4(112 178 179 113)
4(171 172 179 178)
4(172 173 180 179)
4(110 116 182 176)
4(115 181 182 116)
4(175 176 182 181)
4(111 117 183 177)
4(116 182 183 117)
4(176 177 183 182)
4(112 118 184 178)
4(177 178 184 183)
4(116 121 187 182)
4(181 182 187 186)
4(182 183 188 187)
4(125 194 195 126)
4(191 192 195 194)
4(126 130 201 195)
4(129 200 201 130)
4(194 195 201 200)
4(127 131 202 196)
4(130 201 202 131)
4(195 196 202 201)
4(131 202 203 132)
4(196 197 203 202)
4(130 137 208 201)
4(136 207 208 137)
4(200 201 208 207)
4(131 138 209 202)
4(137 208 209 138)
4(201 202 209 208)
4(132 139 210 203)
4(138 209 210 139)
4(202 203 210 209)
4(133 140 211 204)
4(139 210 211 140)
4(203 204 211 210)
4(134 141 212 205)
4(140 211 212 141)
4(204 205 212 211)
4(141 212 213 142)
4(205 206 213 212)
4(137 145 216 208)
4(144 215 216 145)
4(207 208 216 215)
4(138 146 217 209)
4(145 216 217 146)
4(208 209 217 216)
4(139 147 218 210)
4(146 217 218 147)
4(209 210 218 217)
4(140 148 219 211)
4(147 218 219 148)
4(210 211 219 218)
4(141 149 220 212)
4(148 219 220 149)
4(211 212 220 219)
4(142 150 221 213)
4(149 220 221 150)
4(212 213 221 220)
4(150 221 222 151)
4(213 214 222 221)
4(145 153 224 216)
4(152 223 224 153)
4(215 216 224 223)
4(146 154 225 217)
4(153 224 225 154)
4(216 217 225 224)
4(147 155 226 218)
4(154 225 226 155)
4(217 218 226 225)
4(148 156 227 219)
4(155 226 227 156)
4(218 219 227 226)
4(149 157 228 220)
4(156 227 228 157)
4(219 220 228 227)
4(150 158 229 221)
4(157 228 229 158)
4(220 221 229 228)
4(153 161 232 224)
4(160 231 232 161)
4(223 224 232 231)
4(154 162 233 225)
4(161 232 233 162)
4(224 225 233 232)
4(155 163 234 226)
4(162 233 234 163)
4(225 226 234 233)
4(156 164 235 227)
4(163 234 235 164)
4(226 227 235 234)
4(157 165 236 228)
4(164 235 236 165)
4(227 228 236 235)
4(165 236 237 166)
4(228 229 237 236)
4(161 169 239 232)
4(168 238 239 169)
4(231 232 239 238)
4(162 170 240 233)
4(169 239 240 170)
4(232 233 240 239)
4(163 171 241 234)
4(170 240 241 171)
4(233 234 241 240)
4(164 172 242 235)
4(171 241 242 172)
4(234 235 242 241)
4(165 173 243 236)
4(172 242 243 173)
4(235 236 243 242)
4(169 176 246 239)
4(175 245 246 176)
4(238 239 246 245)
4(170 177 247 240)
4(176 246 247 177)
4(239 240 247 246)
4(171 178 248 241)
4(177 247 248 178)
4(240 241 248 247)
4(172 179 249 242)
4(241 242 249 248)
4(176 182 252 246)
4(181 251 252 182)
4(245 246 252 251)
4(177 183 253 247)
4(182 252 253 183)
4(246 247 253 252)
4(247 248 254 253)
4(182 187 256 252)
4(186 255 256 187)
4(251 252 256 255)
4(252 253 257 256)
4(255 256 259 258)
4(192 195 266 261)
4(194 265 266 195)
4(260 261 266 265)
4(195 266 267 196)
4(261 262 267 266)
4(195 201 273 266)
4(200 272 273 201)
4(265 266 273 272)
4(196 202 274 267)
4(201 273 274 202)
4(266 267 274 273)
4(197 203 275 268)
4(202 274 275 203)
4(267 268 275 274)
4(198 204 276 269)
4(203 275 276 204)
4(268 269 276 275)
4(204 276 277 205)
4(269 270 277 276)
4(201 208 281 273)
4(207 280 281 208)
4(272 273 281 280)
4(202 209 282 274)
4(208 281 282 209)
4(273 274 282 281)
4(203 210 283 275)
4(209 282 283 210)
4(274 275 283 282)
4(204 211 284 276)
4(210 283 284 211)
4(275 276 284 283)
4(205 212 285 277)
4(211 284 285 212)
4(276 277 285 284)
4(212 285 286 213)
4(277 278 286 285)
4(208 216 289 281)
4(215 288 289 216)
4(280 281 289 288)
4(209 217 290 282)
4(216 289 290 217)
4(281 282 290 289)
4(210 218 291 283)
4(217 290 291 218)
4(282 283 291 290)
4(211 219 292 284)
4(218 291 292 219)
4(283 284 292 291)
4(212 220 293 285)
4(219 292 293 220)
4(284 285 293 292)
4(213 221 294 286)
4(220 293 294 221)
4(285 286 294 293)
4(286 287 295 294)
4(216 224 297 289)
4(223 296 297 224)
4(288 289 297 296)
4(217 225 298 290)
4(224 297 298 225)
4(289 290 298 297)
4(218 226 299 291)
4(225 298 299 226)
4(290 291 299 298)
4(219 227 300 292)
4(226 299 300 227)
4(291 292 300 299)
4(220 228 301 293)
4(227 300 301 228)
4(292 293 301 300)
4(228 301 302 229)
4(293 294 302 301)
4(224 232 304 297)
4(231 303 304 232)
4(296 297 304 303)
4(225 233 305 298)
4(232 304 305 233)
4(297 298 305 304)
4(226 234 306 299)
4(233 305 306 234)
4(298 299 306 305)
4(227 235 307 300)
4(234 306 307 235)
4(299 300 307 306)
4(228 236 308 301)
4(235 307 308 236)
4(300 301 308 307)
4(301 302 309 308)
4(232 239 311 304)
4(238 310 311 239)
4(303 304 311 310)
4(233 240 312 305)
4(239 311 312 240)
4(304 305 312 311)
4(234 241 313 306)
4(240 312 313 241)
4(305 306 313 312)
4(235 242 314 307)
4(241 313 314 242)
4(306 307 314 313)
4(239 246 317 311)
4(245 316 317 246)
4(310 311 317 316)
4(240 247 318 312)
4(246 317 318 247)
4(311 312 318 317)
4(241 248 319 313)
4(247 318 319 248)
4(312 313 319 318)
4(246 252 322 317)
4(251 321 322 252)
4(316 317 322 321)
4(247 253 323 318)
4(252 322 323 253)
4(317 318 323 322)
4(318 319 324 323)
4(252 256 326 322)
4(255 325 326 256)
4(321 322 326 325)
4(322 323 327 326)
4(325 326 329 328)
4(261 266 337 331)
4(265 336 337 266)
4(330 331 337 336)
4(262 267 338 332)
4(266 337 338 267)
4(331 332 338 337)
4(263 268 339 333)
4(267 338 339 268)
4(332 333 339 338)
4(268 339 340 269)
4(333 334 340 339)
4(266 273 345 337)
4(272 344 345 273)
4(336 337 345 344)
4(267 274 346 338)
4(273 345 346 274)
4(337 338 346 345)
4(268 275 347 339)
4(274 346 347 275)
4(338 339 347 346)
4(269 276 348 340)
4(275 347 348 276)
4(339 340 348 347)
4(270 277 349 341)
4(276 348 349 277)
4(340 341 349 348)
4(277 349 350 278)
4(341 342 350 349)
4(273 281 353 345)
4(280 352 353 281)
4(344 345 353 352)
4(274 282 354 346)
4(281 353 354 282)
4(345 346 354 353)
4(275 283 355 347)
4(282 354 355 283)
4(346 347 355 354)
4(276 284 356 348)
4(283 355 356 284)
4(347 348 356 355)
4(277 285 357 349)
4(284 356 357 285)
4(348 349 357 356)
4(278 286 358 350)
4(285 357 358 286)
4(349 350 358 357)
4(286 358 359 287)
4(350 351 359 358)
4(281 289 361 353)
4(288 360 361 289)
4(352 353 361 360)
4(282 290 362 354)
4(289 361 362 290)
4(353 354 362 361)
4(283 291 363 355)
4(290 362 363 291)
4(354 355 363 362)
4(284 292 364 356)
4(291 363 364 292)
4(355 356 364 363)
4(285 293 365 357)
4(292 364 365 293)
4(356 357 365 364)
4(286 294 366 358)
4(293 365 366 294)
4(357 358 366 365)
4(358 359 367 366)
4(289 297 369 361)
4(296 368 369 297)
4(360 361 369 368)
4(290 298 370 362)
4(297 369 370 298)
4(361 362 370 369)
4(291 299 371 363)
4(298 370 371 299)
4(362 363 371 370)
4(292 300 372 364)
4(299 371 372 300)
4(363 364 372 371)
4(293 301 373 365)
4(300 372 373 301)
4(364 365 373 372)
4(301 373 374 302)
4(365 366 374 373)
4(297 304 376 369)
4(303 375 376 304)
4(368 369 376 375)
4(298 305 377 370)
4(304 376 377 305)
4(369 370 377 376)
4(299 306 378 371)
4(305 377 378 306)
4(370 371 378 377)
4(300 307 379 372)
4(306 378 379 307)
4(371 372 379 378)
4(301 308 380 373)
4(372 373 380 379)
4(304 311 383 376)
4(310 382 383 311)
4(375 376 383 382)
4(305 312 384 377)
4(311 383 384 312)
4(376 377 384 383)
4(306 313 385 378)
4(312 384 385 313)
4(377 378 385 384)
4(378 379 386 385)
4(311 317 388 383)
4(316 387 388 317)
4(382 383 388 387)
4(312 318 389 384)
4(317 388 389 318)
4(383 384 389 388)
4(318 389 390 319)
4(384 385 390 389)
4(317 322 392 388)
4(321 391 392 322)
4(387 388 392 391)
4(318 323 393 389)
4(322 392 393 323)
4(388 389 393 392)
4(389 390 394 393)
4(322 326 396 392)
4(325 395 396 326)
4(391 392 396 395)
4(392 393 397 396)
4(395 396 399 398)
4(331 337 407 401)
4(336 406 407 337)
4(332 338 408 402)
4(337 407 408 338)
4(401 402 408 407)
4(333 339 409 403)
4(338 408 409 339)
4(402 403 409 408)
4(334 340 410 404)
4(339 409 410 340)
4(403 404 410 409)
4(340 410 411 341)
4(404 405 411 410)
4(337 345 415 407)
4(344 414 415 345)
4(406 407 415 414)
4(338 346 416 408)
4(345 415 416 346)
4(407 408 416 415)
4(339 347 417 409)
4(346 416 417 347)
4(408 409 417 416)
4(340 348 418 410)
4(347 417 418 348)
4(409 410 418 417)
4(341 349 419 411)
4(348 418 419 349)
4(410 411 419 418)
4(342 350 420 412)
4(349 419 420 350)
4(411 412 420 419)
4(350 420 421 351)
4(412 413 421 420)
4(345 353 423 415)
4(352 422 423 353)
4(414 415 423 422)
4(346 354 424 416)
4(353 423 424 354)
4(415 416 424 423)
4(347 355 425 417)
4(354 424 425 355)
4(416 417 425 424)
4(348 356 426 418)
4(355 425 426 356)
4(417 418 426 425)
4(349 357 427 419)
4(356 426 427 357)
4(418 419 427 426)
4(350 358 428 420)
4(357 427 428 358)
4(419 420 428 427)
4(358 428 429 359)
4(420 421 429 428)
4(353 361 431 423)
4(360 430 431 361)
4(422 423 431 430)
4(354 362 432 424)
4(361 431 432 362)
4(423 424 432 431)
4(355 363 433 425)
4(362 432 433 363)
4(424 425 433 432)
4(356 364 434 426)
4(363 433 434 364)
4(425 426 434 433)
4(357 365 435 427)
4(364 434 435 365)
4(426 427 435 434)
4(358 366 436 428)
4(365 435 436 366)
4(427 428 436 435)
4(428 429 437 436)
4(361 369 439 431)
4(368 438 439 369)
4(430 431 439 438)
4(362 370 440 432)
4(369 439 440 370)
4(431 432 440 439)
4(363 371 441 433)
4(370 440 441 371)
4(432 433 441 440)
4(364 372 442 434)
4(371 441 442 372)
4(433 434 442 441)
4(365 373 443 435)
4(372 442 443 373)
4(434 435 443 442)
4(435 436 444 443)
4(369 376 446 439)
4(375 445 446 376)
4(438 439 446 445)
4(370 377 447 440)
4(376 446 447 377)
4(439 440 447 446)
4(371 378 448 441)
4(377 447 448 378)
4(440 441 448 447)
4(372 379 449 442)
4(378 448 449 379)
4(441 442 449 448)
4(442 443 450 449)
4(376 383 452 446)
4(382 451 452 383)
4(445 446 452 451)
4(377 384 453 447)
4(383 452 453 384)
4(446 447 453 452)
4(378 385 454 448)
4(384 453 454 385)
4(447 448 454 453)
4(448 449 455 454)
4(383 388 457 452)
4(387 456 457 388)
4(451 452 457 456)
4(384 389 458 453)
4(388 457 458 389)
4(452 453 458 457)
4(389 458 459 390)
4(453 454 459 458)
4(388 392 461 457)
4(391 460 461 392)
4(456 457 461 460)
4(389 393 462 458)
4(392 461 462 393)
4(457 458 462 461)
4(458 459 463 462)
4(392 396 465 461)
4(395 464 465 396)
4(460 461 465 464)
4(461 462 466 465)
4(464 465 468 467)
4(402 408 479 472)
4(407 478 479 408)
4(403 409 480 473)
4(408 479 480 409)
4(472 473 480 479)
4(404 410 481 474)
4(409 480 481 410)
4(473 474 481 480)
4(410 481 482 411)
4(474 475 482 481)
4(407 415 486 478)
4(414 485 486 415)
4(408 416 487 479)
4(415 486 487 416)
4(478 479 487 486)
4(409 417 488 480)
4(416 487 488 417)
4(479 480 488 487)
4(410 418 489 481)
4(417 488 489 418)
4(480 481 489 488)
4(411 419 490 482)
4(418 489 490 419)
4(481 482 490 489)
4(412 420 491 483)
4(419 490 491 420)
4(482 483 491 490)
4(420 491 492 421)
4(483 484 492 491)
4(415 423 494 486)
4(422 493 494 423)
4(485 486 494 493)
4(416 424 495 487)
4(423 494 495 424)
4(486 487 495 494)
4(417 425 496 488)
4(424 495 496 425)
4(487 488 496 495)
4(418 426 497 489)
4(425 496 497 426)
4(488 489 497 496)
4(419 427 498 490)
4(426 497 498 427)
4(489 490 498 497)
4(420 428 499 491)
4(427 498 499 428)
4(490 491 499 498)
4(428 499 500 429)
4(491 492 500 499)
4(423 431 502 494)
4(430 501 502 431)
4(493 494 502 501)
4(424 432 503 495)
4(431 502 503 432)
4(494 495 503 502)
4(425 433 504 496)
4(432 503 504 433)
4(495 496 504 503)
4(426 434 505 497)
4(433 504 505 434)
4(496 497 505 504)
4(427 435 506 498)
4(434 505 506 435)
4(497 498 506 505)
4(428 436 507 499)
4(435 506 507 436)
4(498 499 507 506)
4(431 439 510 502)
4(438 509 510 439)
4(501 502 510 509)
4(432 440 511 503)
4(439 510 511 440)
4(502 503 511 510)
4(433 441 512 504)
4(440 511 512 441)
4(503 504 512 511)
4(434 442 513 505)
4(441 512 513 442)
4(504 505 513 512)
4(435 443 514 506)
4(442 513 514 443)
4(505 506 514 513)
4(506 507 515 514)
4(439 446 517 510)
4(445 516 517 446)
4(509 510 517 516)
4(440 447 518 511)
4(446 517 518 447)
4(510 511 518 517)
4(441 448 519 512)
4(447 518 519 448)
4(511 512 519 518)
4(442 449 520 513)
4(448 519 520 449)
4(512 513 520 519)
4(513 514 521 520)
4(446 452 523 517)
4(451 522 523 452)
4(516 517 523 522)
4(447 453 524 518)
4(452 523 524 453)
4(517 518 524 523)
4(448 454 525 519)
4(453 524 525 454)
4(518 519 525 524)
4(519 520 526 525)
4(452 457 528 523)
4(456 527 528 457)
4(522 523 528 527)
4(453 458 529 524)
4(457 528 529 458)
4(523 524 529 528)
4(458 529 530 459)
4(524 525 530 529)
4(457 461 532 528)
4(460 531 532 461)
4(527 528 532 531)
4(458 462 533 529)
4(461 532 533 462)
4(528 529 533 532)
4(529 530 534 533)
4(461 465 536 532)
4(464 535 536 465)
4(531 532 536 535)
4(532 533 537 536)
4(467 538 539 468)
4(535 536 539 538)
4(538 539 542 541)
4(473 480 552 546)
4(479 551 552 480)
4(474 481 553 547)
4(480 552 553 481)
4(546 547 553 552)
4(475 482 554 548)
4(481 553 554 482)
4(547 548 554 553)
4(482 554 555 483)
4(479 487 559 551)
4(486 558 559 487)
4(480 488 560 552)
4(487 559 560 488)
4(551 552 560 559)
4(481 489 561 553)
4(488 560 561 489)
4(552 553 561 560)
4(482 490 562 554)
4(489 561 562 490)
4(553 554 562 561)
4(483 491 563 555)
4(490 562 563 491)
4(554 555 563 562)
4(491 563 564 492)
4(486 494 566 558)
4(493 565 566 494)
4(487 495 567 559)
4(494 566 567 495)
4(558 559 567 566)
4(488 496 568 560)
4(495 567 568 496)
4(559 560 568 567)
4(489 497 569 561)
4(496 568 569 497)
4(560 561 569 568)
4(490 498 570 562)
4(497 569 570 498)
4(561 562 570 569)
4(491 499 571 563)
4(498 570 571 499)
4(562 563 571 570)
4(494 502 574 566)
4(501 573 574 502)
4(565 566 574 573)
4(495 503 575 567)
4(502 574 575 503)
4(566 567 575 574)
4(496 504 576 568)
4(503 575 576 504)
4(567 568 576 575)
4(497 505 577 569)
4(504 576 577 505)
4(568 569 577 576)
4(498 506 578 570)
4(505 577 578 506)
4(569 570 578 577)
4(506 578 579 507)
4(570 571 579 578)
4(502 510 581 574)
4(509 580 581 510)
4(573 574 581 580)
4(503 511 582 575)
4(510 581 582 511)
4(574 575 582 581)
4(504 512 583 576)
4(511 582 583 512)
4(575 576 583 582)
4(505 513 584 577)
4(512 583 584 513)
4(576 577 584 583)
4(506 514 585 578)
4(513 584 585 514)
4(577 578 585 584)
4(510 517 588 581)
4(516 587 588 517)
4(580 581 588 587)
4(511 518 589 582)
4(517 588 589 518)
4(581 582 589 588)
4(512 519 590 583)
4(518 589 590 519)
4(582 583 590 589)
4(513 520 591 584)
4(519 590 591 520)
4(583 584 591 590)
4(584 585 592 591)
4(517 523 594 588)
4(522 593 594 523)
4(587 588 594 593)
4(518 524 595 589)
4(523 594 595 524)
4(588 589 595 594)
4(519 525 596 590)
4(524 595 596 525)
4(589 590 596 595)
4(590 591 597 596)
4(523 528 599 594)
4(527 598 599 528)
4(593 594 599 598)
4(524 529 600 595)
4(528 599 600 529)
4(594 595 600 599)
4(529 600 601 530)
4(595 596 601 600)
4(528 532 603 599)
4(531 602 603 532)
4(598 599 603 602)
4(529 533 604 600)
4(532 603 604 533)
4(599 600 604 603)
4(600 601 605 604)
4(532 536 607 603)
4(535 606 607 536)
4(602 603 607 606)
4(536 607 608 537)
4(603 604 608 607)
4(536 539 611 607)
4(538 610 611 539)
4(606 607 611 610)
4(607 608 612 611)
4(541 613 614 542)
4(610 611 614 613)
4(547 553 622 618)
4(552 621 622 553)
4(553 622 623 554)
4(552 560 627 621)
4(559 626 627 560)
4(553 561 628 622)
4(560 627 628 561)
4(621 622 628 627)
4(554 562 629 623)
4(561 628 629 562)
4(622 623 629 628)
4(562 629 630 563)
4(559 567 633 626)
4(566 632 633 567)
4(625 626 633 632)
4(560 568 634 627)
4(567 633 634 568)
4(626 627 634 633)
4(561 569 635 628)
4(568 634 635 569)
4(627 628 635 634)
4(562 570 636 629)
4(569 635 636 570)
4(628 629 636 635)
4(570 636 637 571)
4(566 574 639 632)
4(573 638 639 574)
4(631 632 639 638)
4(567 575 640 633)
4(574 639 640 575)
4(632 633 640 639)
4(568 576 641 634)
4(575 640 641 576)
4(633 634 641 640)
4(569 577 642 635)
4(576 641 642 577)
4(634 635 642 641)
4(570 578 643 636)
4(577 642 643 578)
4(635 636 643 642)
4(574 581 646 639)
4(580 645 646 581)
4(638 639 646 645)
4(575 582 647 640)
4(581 646 647 582)
4(639 640 647 646)
4(576 583 648 641)
4(582 647 648 583)
4(640 641 648 647)
4(577 584 649 642)
4(583 648 649 584)
4(641 642 649 648)
4(584 649 650 585)
4(642 643 650 649)
4(581 588 652 646)
4(587 651 652 588)
4(645 646 652 651)
4(582 589 653 647)
4(588 652 653 589)
4(646 647 653 652)
4(583 590 654 648)
4(589 653 654 590)
4(647 648 654 653)
4(584 591 655 649)
4(590 654 655 591)
4(648 649 655 654)
4(588 594 658 652)
4(593 657 658 594)
4(651 652 658 657)
4(589 595 659 653)
4(594 658 659 595)
4(652 653 659 658)
4(590 596 660 654)
4(595 659 660 596)
4(653 654 660 659)
4(594 599 663 658)
4(598 662 663 599)
4(657 658 663 662)
4(595 600 664 659)
4(599 663 664 600)
4(658 659 664 663)
4(600 664 665 601)
4(659 660 665 664)
4(599 603 667 663)
4(602 666 667 603)
4(662 663 667 666)
4(600 604 668 664)
4(603 667 668 604)
4(663 664 668 667)
4(604 668 669 605)
4(603 607 671 667)
4(606 670 671 607)
4(666 667 671 670)
4(604 608 672 668)
4(607 671 672 608)
4(667 668 672 671)
4(607 611 675 671)
4(610 674 675 611)
4(670 671 675 674)
4(622 628 685 680)
4(627 684 685 628)
4(628 685 686 629)
4(626 633 689 683)
4(632 688 689 633)
4(627 634 690 684)
4(633 689 690 634)
4(628 635 691 685)
4(634 690 691 635)
4(635 691 692 636)
4(632 639 694 688)
4(638 693 694 639)
4(633 640 695 689)
4(639 694 695 640)
4(634 641 696 690)
4(640 695 696 641)
4(635 642 697 691)
4(641 696 697 642)
4(642 697 698 643)
4(639 646 700 694)
4(645 699 700 646)
4(640 647 701 695)
4(646 700 701 647)
4(641 648 702 696)
4(647 701 702 648)
4(642 649 703 697)
4(648 702 703 649)
4(646 652 706 700)
4(651 705 706 652)
4(647 653 707 701)
4(652 706 707 653)
4(648 654 708 702)
4(653 707 708 654)
4(652 658 711 706)
4(657 710 711 658)
4(653 659 712 707)
4(658 711 712 659)
4(659 712 713 660)
4(658 663 715 711)
4(662 714 715 663)
4(659 664 716 712)
4(663 715 716 664)
4(663 667 719 715)
4(666 718 719 667)
4(667 719 720 668)
4(667 671 722 719)
4(670 721 722 671)
4(19 66 71 21)
4(21 71 78 25)
4(25 78 86 32)
4(32 86 94 39)
4(39 94 102 46)
4(46 102 109 53)
4(53 109 115 59)
4(64 125 129 66)
4(66 129 136 71)
4(71 136 144 78)
4(78 144 152 86)
4(86 152 160 94)
4(94 160 168 102)
4(102 168 175 109)
4(109 175 181 115)
4(115 181 186 120)
4(123 191 194 125)
4(125 194 200 129)
4(129 200 207 136)
4(136 207 215 144)
4(144 215 223 152)
4(152 223 231 160)
4(160 231 238 168)
4(168 238 245 175)
4(175 245 251 181)
4(181 251 255 186)
4(186 255 258 189)
4(191 260 265 194)
4(194 265 272 200)
4(200 272 280 207)
4(207 280 288 215)
4(215 288 296 223)
4(223 296 303 231)
4(231 303 310 238)
4(238 310 316 245)
4(245 316 321 251)
4(251 321 325 255)
4(255 325 328 258)
4(260 330 336 265)
4(265 336 344 272)
4(272 344 352 280)
4(280 352 360 288)
4(288 360 368 296)
4(296 368 375 303)
4(303 375 382 310)
4(310 382 387 316)
4(316 387 391 321)
4(321 391 395 325)
4(325 395 398 328)
4(330 400 406 336)
4(336 406 414 344)
4(344 414 422 352)
4(352 422 430 360)
4(360 430 438 368)
4(368 438 445 375)
4(375 445 451 382)
4(382 451 456 387)
4(387 456 460 391)
4(391 460 464 395)
4(395 464 467 398)
4(406 477 485 414)
4(414 485 493 422)
4(422 493 501 430)
4(430 501 509 438)
4(438 509 516 445)
4(445 516 522 451)
4(451 522 527 456)
4(456 527 531 460)
4(460 531 535 464)
4(464 535 538 467)
4(467 538 541 469)
4(485 557 565 493)
4(493 565 573 501)
4(501 573 580 509)
4(509 580 587 516)
4(516 587 593 522)
4(522 593 598 527)
4(527 598 602 531)
4(531 602 606 535)
4(535 606 610 538)
4(538 610 613 541)
4(541 613 615 543)
4(565 631 638 573)
4(573 638 645 580)
4(580 645 651 587)
4(587 651 657 593)
4(593 657 662 598)
4(598 662 666 602)
4(602 666 670 606)
4(606 670 674 610)
4(610 674 677 613)
4(631 687 693 638)
4(638 693 699 645)
4(645 699 705 651)
4(651 705 710 657)
4(657 710 714 662)
4(662 714 718 666)
4(666 718 721 670)
4(670 721 724 674)
4(135 142 213 206)
4(142 143 214 213)
4(412 413 484 483)
4(477 478 486 485)
4(413 421 492 484)
4(421 429 500 492)
4(436 507 508 437)
4(499 500 508 507)
4(436 444 515 507)
4(449 520 521 450)
4(449 455 526 520)
4(454 525 526 455)
4(454 459 530 525)
4(545 546 552 551)
4(476 483 555 549)
4(548 549 555 554)
4(483 484 556 555)
4(478 550 558 486)
4(485 486 558 557)
4(550 551 559 558)
4(484 492 564 556)
4(555 556 564 563)
4(557 558 566 565)
4(492 500 572 564)
4(499 571 572 500)
4(563 564 572 571)
4(499 507 579 571)
4(507 515 586 579)
4(578 579 586 585)
4(520 591 592 521)
4(520 526 597 591)
4(525 596 597 526)
4(525 530 601 596)
4(530 534 605 601)
4(542 544 616 614)
4(543 615 616 544)
4(613 614 616 615)
4(546 547 618 617)
4(546 617 621 552)
4(551 552 621 620)
4(617 618 622 621)
4(548 554 623 619)
4(618 619 623 622)
4(554 555 624 623)
4(551 620 626 559)
4(558 559 626 625)
4(620 621 627 626)
4(555 563 630 624)
4(623 624 630 629)
4(558 625 632 566)
4(565 566 632 631)
4(563 571 637 630)
4(629 630 637 636)
4(571 579 644 637)
4(578 643 644 579)
4(636 637 644 643)
4(578 585 650 643)
4(591 655 656 592)
4(649 650 656 655)
4(591 597 661 655)
4(596 660 661 597)
4(654 655 661 660)
4(596 601 665 660)
4(601 605 669 665)
4(664 665 669 668)
4(668 669 673 672)
4(611 675 676 612)
4(671 672 676 675)
4(611 614 678 675)
4(613 677 678 614)
4(674 675 678 677)
4(621 622 680 679)
4(622 623 681 680)
4(625 626 683 682)
4(621 679 684 627)
4(626 627 684 683)
4(679 680 685 684)
4(623 629 686 681)
4(680 681 686 685)
4(625 682 688 632)
4(631 632 688 687)
4(682 683 689 688)
4(683 684 690 689)
4(684 685 691 690)
4(629 636 692 686)
4(685 686 692 691)
4(687 688 694 693)
4(688 689 695 694)
4(689 690 696 695)
4(690 691 697 696)
4(636 643 698 692)
4(691 692 698 697)
4(693 694 700 699)
4(694 695 701 700)
4(695 696 702 701)
4(696 697 703 702)
4(643 650 704 698)
4(649 703 704 650)
4(697 698 704 703)
4(699 700 706 705)
4(700 701 707 706)
4(701 702 708 707)
4(649 655 709 703)
4(654 708 709 655)
4(702 703 709 708)
4(705 706 711 710)
4(706 707 712 711)
4(654 660 713 708)
4(707 708 713 712)
4(710 711 715 714)
4(711 712 716 715)
4(660 665 717 713)
4(664 716 717 665)
4(712 713 717 716)
4(714 715 719 718)
4(664 668 720 716)
4(715 716 720 719)
4(718 719 722 721)
4(668 672 723 720)
4(671 722 723 672)
4(719 720 723 722)
4(671 675 725 722)
4(674 724 725 675)
4(721 722 725 724)
4(85 93 159 151)
4(469 541 542 470)
4(541 543 544 542)
4(0 5 6 1)
4(1 6 7 2)
4(4 9 10 5)
4(5 10 11 6)
4(6 11 12 7)
4(7 12 13 8)
4(9 14 15 10)
4(10 15 16 11)
4(11 16 17 12)
4(12 17 18 13)
4(19 21 22 20)
4(21 25 26 22)
4(22 26 27 23)
4(23 27 28 24)
4(25 32 33 26)
4(26 33 34 27)
4(0 1 35 34)
4(27 34 35 28)
4(1 2 36 35)
4(28 35 36 29)
4(32 39 40 33)
4(0 34 41 5)
4(4 5 41 40)
4(33 40 41 34)
4(4 40 47 9)
4(39 46 47 40)
4(9 47 54 14)
4(46 53 54 47)
4(14 54 55 15)
4(15 55 56 16)
4(16 56 57 17)
4(53 59 60 54)
4(54 60 61 55)
4(55 61 62 56)
4(56 62 63 57)
4(20 22 72 67)
4(22 23 73 72)
4(67 72 73 68)
4(23 24 74 73)
4(68 73 74 69)
4(69 74 75 70)
4(24 28 81 74)
4(28 29 82 81)
4(74 81 82 75)
4(29 30 83 82)
4(75 82 83 76)
4(38 45 100 92)
4(92 100 101 93)
4(45 52 108 100)
4(51 107 108 52)
4(51 58 114 107)
4(57 113 114 58)
4(60 116 117 61)
4(61 117 118 62)
4(57 63 119 113)
4(62 118 119 63)
4(116 121 122 117)
4(65 67 130 126)
4(67 68 131 130)
4(126 130 131 127)
4(68 69 132 131)
4(127 131 132 128)
4(69 70 133 132)
4(70 75 140 133)
4(75 76 141 140)
4(133 140 141 134)
4(77 84 150 142)
4(84 85 151 150)
4(142 150 151 143)
4(93 101 167 159)
4(158 159 167 166)
4(113 179 180 114)
4(117 183 184 118)
4(113 119 185 179)
4(118 184 185 119)
4(178 179 185 184)
4(120 186 187 121)
4(117 122 188 183)
4(121 187 188 122)
4(186 189 190 187)
4(123 124 192 191)
4(127 128 197 196)
4(128 132 203 197)
4(132 133 204 203)
4(197 203 204 198)
4(133 134 205 204)
4(198 204 205 199)
4(134 135 206 205)
4(143 151 222 214)
4(151 159 230 222)
4(158 229 230 159)
4(221 222 230 229)
4(158 166 237 229)
4(166 174 244 237)
4(173 243 244 174)
4(236 237 244 243)
4(178 248 249 179)
4(173 180 250 243)
4(179 249 250 180)
4(178 184 254 248)
4(183 253 254 184)
4(183 188 257 253)
4(187 256 257 188)
4(187 190 259 256)
4(189 258 259 190)
4(191 192 261 260)
4(192 193 262 261)
4(193 196 267 262)
4(196 197 268 267)
4(262 267 268 263)
4(197 198 269 268)
4(263 268 269 264)
4(198 199 270 269)
4(199 205 277 270)
4(205 206 278 277)
4(270 277 278 271)
4(206 213 286 278)
4(213 214 287 286)
4(278 286 287 279)
4(214 222 295 287)
4(221 294 295 222)
4(221 229 302 294)
4(229 237 309 302)
4(236 308 309 237)
4(236 243 315 308)
4(258 328 329 259)
4(260 261 331 330)
4(261 262 332 331)
4(262 263 333 332)
4(263 264 334 333)
4(264 269 340 334)
4(269 270 341 340)
4(334 340 341 335)
4(270 271 342 341)
4(271 278 350 342)
4(278 279 351 350)
4(342 350 351 343)
4(279 287 359 351)
4(287 295 367 359)
4(294 366 367 295)
4(294 302 374 366)
4(302 309 381 374)
4(308 380 381 309)
4(373 374 381 380)
4(319 324 394 390)
4(323 393 394 324)
4(323 327 397 393)
4(326 396 397 327)
4(326 329 399 396)
4(328 398 399 329)
4(330 331 401 400)
4(331 332 402 401)
4(332 333 403 402)
4(333 334 404 403)
4(334 335 405 404)
4(400 401 407 406)
4(335 341 411 405)
4(341 342 412 411)
4(342 343 413 412)
4(343 351 421 413)
4(351 359 429 421)
4(359 367 437 429)
4(366 436 437 367)
4(366 374 444 436)
4(373 443 444 374)
4(373 380 450 443)
4(379 449 450 380)
4(379 386 455 449)
4(385 454 455 386)
4(385 390 459 454)
4(390 394 463 459)
4(393 462 463 394)
4(393 397 466 462)
4(396 465 466 397)
4(396 399 468 465)
4(398 467 468 399)
4(467 469 470 468)
4(401 402 472 471)
4(402 403 473 472)
4(403 404 474 473)
4(404 405 475 474)
4(401 471 478 407)
4(406 407 478 477)
4(471 472 479 478)
4(405 411 482 475)
4(411 412 483 482)
4(475 482 483 476)
4(429 437 508 500)
4(459 463 534 530)
4(462 533 534 463)
4(462 466 537 533)
4(465 536 537 466)
4(465 468 539 536)
4(536 539 540 537)
4(468 470 542 539)
4(472 473 546 545)
4(473 474 547 546)
4(474 475 548 547)
4(475 476 549 548)
4(472 545 551 479)
4(478 479 551 550)
4(533 604 605 534)
4(533 537 608 604)
4(604 608 609 605)
4(537 540 612 608)
4(539 611 612 540)
4(539 542 614 611)
4(547 548 619 618)
4(585 592 656 650)
4(605 609 673 669)
4(608 672 673 609)
4(608 612 676 672)
4(443 514 515 444)
4(443 450 521 514)
4(514 585 586 515)
4(514 521 592 585)
4(107 173 174 108)
4(107 114 180 173)
4(59 115 116 60)
4(115 120 121 116)
4(313 314 320 319)
4(313 385 386 314)
4(313 319 390 385)
4(307 308 315 314)
4(307 379 380 308)
4(307 314 386 379)
4(30 31 84 83)
4(76 83 84 77)
4(124 126 195 192)
4(126 127 196 195)
4(192 195 196 193)
4(242 243 250 249)
4(242 314 315 243)
4(242 249 320 314)
4(19 20 67 66)
4(64 66 67 65)
4(64 65 126 125)
4(123 125 126 124)
4(253 323 324 254)
4(253 257 327 323)
4(100 166 167 101)
4(100 108 174 166)
4(248 319 320 249)
4(248 254 324 319)
4(76 77 142 141)
4(134 141 142 135)
4(2 7 8 3)
4(2 3 37 36)
4(29 36 37 30)
4(30 37 38 31)
4(3 8 44 37)
4(37 44 45 38)
4(8 13 51 44)
4(44 51 52 45)
4(13 18 58 51)
4(17 57 58 18)
4(256 326 327 257)
4(256 259 329 326)
4(31 38 92 84)
4(84 92 93 85)
)


// ************************************************************************* //
