/*--------------------------------*- C++ -*----------------------------------*\
  =========                 |
  \\      /  F ield         | OpenFOAM: The Open Source CFD Toolbox
   \\    /   O peration     | Website:  https://openfoam.org
    \\  /    A nd           | Version:  6
     \\/     M anipulation  |
\*---------------------------------------------------------------------------*/
FoamFile
{
    version     2.0;
    format      ascii;
    class       labelList;
    note        "nPoints:726  nCells:451  nFaces:1596  nInternalFaces:1110";
    location    "constant/region26/polyMesh";
    object      neighbour;
}
// * * * * * * * * * * * * * * * * * * * * * * * * * * * * * * * * * * * * * //


1110
(
1
4
23
2
5
24
6
25
4
7
28
5
8
29
6
9
30
10
31
8
34
9
35
10
36
37
12
43
13
15
47
14
16
48
17
49
16
21
53
17
22
54
18
23
55
19
24
56
20
25
57
26
58
22
27
60
23
28
61
24
29
62
25
30
63
26
31
64
32
65
28
33
67
29
34
68
30
35
69
31
36
70
32
37
71
72
34
38
73
35
39
74
36
40
75
37
41
76
77
39
78
40
79
41
80
81
43
85
44
47
88
45
48
89
46
49
90
50
91
48
53
94
49
54
95
50
55
96
51
56
97
52
57
98
58
99
54
60
101
55
61
102
56
62
103
57
63
104
58
64
105
59
65
106
66
107
61
67
108
62
68
109
63
69
110
64
70
111
65
71
112
66
72
113
68
73
114
69
74
115
70
75
116
71
76
117
72
77
118
119
74
78
120
75
79
121
76
80
122
77
81
123
124
79
82
125
80
83
126
81
127
83
128
129
85
131
86
88
133
87
89
134
90
135
89
94
138
90
95
139
91
96
140
92
97
141
93
98
142
99
143
95
101
144
96
102
145
97
103
146
98
104
147
99
105
148
100
106
149
107
150
102
108
151
103
109
152
104
110
153
105
111
154
106
112
155
107
113
156
109
114
157
110
115
158
111
116
159
112
117
160
113
118
161
119
162
115
120
163
116
121
164
117
122
165
118
123
166
119
124
167
121
125
168
122
126
169
123
127
170
124
171
126
128
172
127
129
173
174
129
130
175
176
177
132
133
178
134
179
134
138
182
135
139
183
136
140
184
137
141
185
142
186
139
144
188
140
145
189
141
146
190
142
147
191
143
148
192
149
193
145
151
195
146
152
196
147
153
197
148
154
198
149
155
199
150
156
200
201
152
157
202
153
158
203
154
159
204
155
160
205
156
161
206
162
207
158
163
208
159
164
209
160
165
210
161
166
211
162
167
212
213
164
168
214
165
169
215
166
170
216
167
171
217
169
172
218
170
173
219
171
174
220
173
175
221
174
176
222
223
176
177
224
225
226
179
182
227
180
183
228
181
184
229
185
230
183
188
232
184
189
233
185
190
234
186
191
235
187
192
236
193
237
189
195
239
190
196
240
191
197
241
192
198
242
193
199
243
194
200
244
201
245
196
202
246
197
203
247
198
204
248
199
205
249
200
206
250
201
207
251
252
203
208
253
204
209
254
205
210
255
206
211
256
207
212
257
213
258
209
214
259
210
215
260
211
216
261
212
217
262
213
263
215
218
264
216
219
265
217
220
266
267
219
221
268
220
222
269
223
270
222
224
271
223
225
272
273
225
226
274
275
276
228
232
229
233
277
230
234
278
231
235
279
236
280
233
239
281
234
240
282
235
241
283
236
242
284
237
243
285
238
244
286
245
287
240
246
288
241
247
289
242
248
290
243
249
291
244
250
292
245
251
293
252
294
247
253
295
248
254
296
249
255
297
250
256
298
251
257
299
252
258
300
301
254
259
302
255
260
303
256
261
304
257
262
305
258
263
306
307
260
264
308
261
265
309
262
266
310
263
267
311
312
265
268
313
266
269
314
267
270
315
316
269
271
317
270
272
318
273
319
272
274
320
273
275
321
322
275
276
323
324
325
278
282
279
283
327
280
284
328
285
329
282
288
283
289
331
284
290
332
285
291
333
286
292
334
287
293
335
294
336
289
295
337
290
296
338
291
297
339
292
298
340
293
299
341
294
300
342
301
343
296
302
344
297
303
345
298
304
346
299
305
347
300
306
348
301
307
349
303
308
350
304
309
351
305
310
352
306
311
353
307
312
354
355
309
313
356
310
314
357
311
315
358
312
316
359
360
314
317
361
315
318
362
316
319
363
364
318
320
365
319
321
366
322
367
321
323
368
322
324
369
370
324
325
371
372
326
373
375
328
332
329
333
377
330
334
378
335
332
338
333
339
379
334
340
380
335
341
381
336
342
382
343
338
344
339
345
383
340
346
384
341
347
385
342
348
386
343
349
387
345
350
388
346
351
389
347
352
390
348
353
391
349
354
392
355
393
351
356
394
352
357
395
353
358
396
354
359
397
355
360
398
357
361
399
358
362
400
359
363
401
360
364
402
403
362
365
404
363
366
405
364
367
406
407
366
368
408
367
369
409
370
410
369
371
411
370
372
412
413
372
373
414
374
415
374
375
417
418
376
419
378
380
381
380
384
381
385
420
382
386
421
387
384
389
422
385
390
423
386
391
424
387
392
425
393
389
394
426
390
395
427
391
396
428
392
397
429
393
398
430
395
399
431
396
400
432
397
401
433
398
402
434
403
435
400
404
436
401
405
437
402
406
438
403
407
439
405
408
440
406
409
441
407
410
442
409
411
443
410
412
444
413
445
412
414
446
413
415
447
416
415
417
448
416
418
449
418
419
450
421
424
425
423
427
424
428
425
429
430
427
431
428
432
429
433
430
434
435
432
436
433
437
434
438
435
439
437
440
438
441
439
442
441
443
442
444
445
444
446
445
447
447
448
449
449
450
)


// ************************************************************************* //
