/*--------------------------------*- C++ -*----------------------------------*\
  =========                 |
  \\      /  F ield         | OpenFOAM: The Open Source CFD Toolbox
   \\    /   O peration     | Website:  https://openfoam.org
    \\  /    A nd           | Version:  6
     \\/     M anipulation  |
\*---------------------------------------------------------------------------*/
FoamFile
{
    version     2.0;
    format      ascii;
    class       labelList;
    location    "constant/region26/polyMesh";
    object      pointRegionAddressing;
}
// * * * * * * * * * * * * * * * * * * * * * * * * * * * * * * * * * * * * * //


726
(
5137
5138
5139
5140
5201
5202
5203
5204
5205
5266
5267
5268
5269
5270
5331
5332
5333
5334
5335
9165
9166
9230
9231
9232
9233
9295
9296
9297
9298
9299
9300
9301
9360
9361
9362
9363
9364
9365
9366
9425
9426
9427
9428
9429
9430
9431
9490
9491
9492
9493
9494
9495
9496
9555
9556
9557
9558
9559
9560
9620
9621
9622
9623
9624
13325
13326
13390
13391
13392
13393
13394
13455
13456
13457
13458
13459
13460
13461
13520
13521
13522
13523
13524
13525
13526
13527
13585
13586
13587
13588
13589
13590
13591
13592
13650
13651
13652
13653
13654
13655
13656
13657
13715
13716
13717
13718
13719
13720
13721
13780
13781
13782
13783
13784
13785
13845
13846
13847
13848
13849
13910
13911
13912
17485
17486
17550
17551
17552
17553
17615
17616
17617
17618
17619
17620
17621
17680
17681
17682
17683
17684
17685
17686
17687
17745
17746
17747
17748
17749
17750
17751
17752
17810
17811
17812
17813
17814
17815
17816
17817
17875
17876
17877
17878
17879
17880
17881
17882
17940
17941
17942
17943
17944
17945
17946
18005
18006
18007
18008
18009
18010
18070
18071
18072
18073
18074
18135
18136
18137
18200
18201
21710
21711
21712
21775
21776
21777
21778
21779
21780
21840
21841
21842
21843
21844
21845
21846
21905
21906
21907
21908
21909
21910
21911
21912
21970
21971
21972
21973
21974
21975
21976
21977
22035
22036
22037
22038
22039
22040
22041
22042
22100
22101
22102
22103
22104
22105
22106
22165
22166
22167
22168
22169
22170
22171
22230
22231
22232
22233
22234
22235
22295
22296
22297
22298
22360
22361
22362
22425
22426
25935
25936
25937
25938
25939
26000
26001
26002
26003
26004
26005
26006
26065
26066
26067
26068
26069
26070
26071
26072
26130
26131
26132
26133
26134
26135
26136
26137
26195
26196
26197
26198
26199
26200
26201
26202
26260
26261
26262
26263
26264
26265
26266
26325
26326
26327
26328
26329
26330
26331
26390
26391
26392
26393
26394
26395
26455
26456
26457
26458
26459
26520
26521
26522
26523
26585
26586
26587
26650
26651
30160
30161
30162
30163
30164
30165
30225
30226
30227
30228
30229
30230
30231
30232
30290
30291
30292
30293
30294
30295
30296
30297
30355
30356
30357
30358
30359
30360
30361
30362
30420
30421
30422
30423
30424
30425
30426
30427
30485
30486
30487
30488
30489
30490
30491
30550
30551
30552
30553
30554
30555
30556
30615
30616
30617
30618
30619
30680
30681
30682
30683
30745
30746
30747
30748
30810
30811
30812
30875
30876
34385
34386
34387
34388
34389
34390
34450
34451
34452
34453
34454
34455
34456
34457
34515
34516
34517
34518
34519
34520
34521
34522
34580
34581
34582
34583
34584
34585
34586
34587
34645
34646
34647
34648
34649
34650
34651
34652
34710
34711
34712
34713
34714
34715
34716
34775
34776
34777
34778
34779
34780
34840
34841
34842
34843
34844
34905
34906
34907
34908
34970
34971
34972
34973
35035
35036
35037
35100
35101
35165
35166
38611
38612
38613
38614
38615
38616
38675
38676
38677
38678
38679
38680
38681
38682
38740
38741
38742
38743
38744
38745
38746
38747
38805
38806
38807
38808
38809
38810
38811
38812
38870
38871
38872
38873
38874
38875
38876
38877
38935
38936
38937
38938
38939
38940
38941
39000
39001
39002
39003
39004
39005
39065
39066
39067
39068
39069
39130
39131
39132
39133
39195
39196
39197
39198
39260
39261
39262
39325
39326
39327
39390
39391
39455
39456
42837
42838
42839
42840
42841
42901
42902
42903
42904
42905
42906
42907
42965
42966
42967
42968
42969
42970
42971
42972
43030
43031
43032
43033
43034
43035
43036
43037
43095
43096
43097
43098
43099
43100
43101
43160
43161
43162
43163
43164
43165
43166
43225
43226
43227
43228
43229
43230
43290
43291
43292
43293
43294
43355
43356
43357
43358
43420
43421
43422
43423
43485
43486
43487
43488
43550
43551
43552
43615
43616
43680
43681
47063
47064
47065
47127
47128
47129
47130
47131
47191
47192
47193
47194
47195
47196
47255
47256
47257
47258
47259
47260
47261
47320
47321
47322
47323
47324
47325
47326
47385
47386
47387
47388
47389
47390
47450
47451
47452
47453
47454
47455
47515
47516
47517
47518
47519
47580
47581
47582
47583
47645
47646
47647
47648
47710
47711
47712
47713
47775
47776
47777
47840
47841
51353
51354
51355
51416
51417
51418
51419
51420
51480
51481
51482
51483
51484
51485
51545
51546
51547
51548
51549
51550
51610
51611
51612
51613
51614
51615
51675
51676
51677
51678
51679
51740
51741
51742
51743
51805
51806
51807
51808
51870
51871
51872
51935
51936
51937
52000
52001
)


// ************************************************************************* //
