/*--------------------------------*- C++ -*----------------------------------*\
  =========                 |
  \\      /  F ield         | OpenFOAM: The Open Source CFD Toolbox
   \\    /   O peration     | Website:  https://openfoam.org
    \\  /    A nd           | Version:  6
     \\/     M anipulation  |
\*---------------------------------------------------------------------------*/
FoamFile
{
    version     2.0;
    format      ascii;
    class       faceList;
    location    "constant/region645/polyMesh";
    object      faces;
}
// * * * * * * * * * * * * * * * * * * * * * * * * * * * * * * * * * * * * * //


54
(
4(1 5 23 14)
4(13 14 23 22)
4(2 6 24 15)
4(14 15 24 23)
4(15 16 25 24)
4(9 18 36 27)
4(10 19 37 28)
4(11 20 38 29)
4(12 21 39 30)
4(13 22 40 31)
4(14 23 41 32)
4(15 24 42 33)
4(0 4 5 1)
4(1 5 6 2)
4(2 6 7 3)
4(8 17 18 9)
4(9 18 19 10)
4(10 19 20 11)
4(11 20 21 12)
4(0 13 22 4)
4(12 21 22 13)
4(4 22 23 5)
4(5 23 24 6)
4(6 24 25 7)
4(8 26 35 17)
4(17 35 36 18)
4(26 27 36 35)
4(18 36 37 19)
4(27 28 37 36)
4(19 37 38 20)
4(28 29 38 37)
4(20 38 39 21)
4(29 30 39 38)
4(21 39 40 22)
4(30 31 40 39)
4(22 40 41 23)
4(31 32 41 40)
4(23 41 42 24)
4(32 33 42 41)
4(24 42 43 25)
4(33 34 43 42)
4(0 1 14 13)
4(1 2 15 14)
4(2 3 16 15)
4(3 7 25 16)
4(8 9 27 26)
4(9 10 28 27)
4(10 11 29 28)
4(11 12 30 29)
4(12 13 31 30)
4(13 14 32 31)
4(14 15 33 32)
4(15 16 34 33)
4(16 25 43 34)
)


// ************************************************************************* //
