/*--------------------------------*- C++ -*----------------------------------*\
  =========                 |
  \\      /  F ield         | OpenFOAM: The Open Source CFD Toolbox
   \\    /   O peration     | Website:  https://openfoam.org
    \\  /    A nd           | Version:  6
     \\/     M anipulation  |
\*---------------------------------------------------------------------------*/
FoamFile
{
    version     2.0;
    format      ascii;
    class       labelList;
    location    "constant/region375/polyMesh";
    object      cellRegionAddressing;
}
// * * * * * * * * * * * * * * * * * * * * * * * * * * * * * * * * * * * * * //


3225
(
123052
123053
123112
123113
123114
123115
123116
123117
123175
123176
123177
123178
123179
123180
123238
123239
123240
123241
123242
123243
127014
127078
127079
127080
127081
127082
127083
127084
127085
127086
127142
127143
127144
127145
127146
127147
127148
127149
127150
127151
127205
127206
127207
127208
127209
127210
127211
127212
127213
127214
127215
127269
127270
127271
127272
127273
127274
127275
127276
127277
127278
127279
127332
127333
127334
127335
127336
127337
127338
127339
127340
127341
127342
127397
127398
127399
127400
127401
127402
127403
127404
127405
127462
127463
127464
127465
127466
127467
131107
131108
131109
131110
131111
131112
131113
131171
131172
131173
131174
131175
131176
131177
131178
131179
131180
131181
131182
131183
131184
131235
131236
131237
131238
131239
131240
131241
131242
131243
131244
131245
131246
131247
131248
131299
131300
131301
131302
131303
131304
131305
131306
131307
131308
131309
131310
131311
131312
131364
131365
131366
131367
131368
131369
131370
131371
131372
131373
131374
131375
131376
131428
131429
131430
131431
131432
131433
131434
131435
131436
131437
131438
131439
131440
131492
131493
131494
131495
131496
131497
131498
131499
131500
131501
131502
131503
131556
131557
131558
131559
131560
131561
131562
131563
131564
131565
131621
131622
131623
131624
131625
131626
131627
135202
135203
135204
135205
135206
135207
135208
135209
135210
135211
135212
135267
135268
135269
135270
135271
135272
135273
135274
135275
135276
135277
135278
135279
135280
135281
135331
135332
135333
135334
135335
135336
135337
135338
135339
135340
135341
135342
135343
135344
135345
135395
135396
135397
135398
135399
135400
135401
135402
135403
135404
135405
135406
135407
135408
135409
135459
135460
135461
135462
135463
135464
135465
135466
135467
135468
135469
135470
135471
135472
135473
135523
135524
135525
135526
135527
135528
135529
135530
135531
135532
135533
135534
135535
135536
135537
135588
135589
135590
135591
135592
135593
135594
135595
135596
135597
135598
135599
135600
135601
135652
135653
135654
135655
135656
135657
135658
135659
135660
135661
135662
135663
135664
135716
135717
135718
135719
135720
135721
135722
135723
135724
135725
135726
135781
135782
139298
139299
139300
139301
139302
139303
139304
139305
139306
139307
139308
139363
139364
139365
139366
139367
139368
139369
139370
139371
139372
139373
139374
139375
139376
139377
139427
139428
139429
139430
139431
139432
139433
139434
139435
139436
139437
139438
139439
139440
139441
139442
139491
139492
139493
139494
139495
139496
139497
139498
139499
139500
139501
139502
139503
139504
139505
139506
139555
139556
139557
139558
139559
139560
139561
139562
139563
139564
139565
139566
139567
139568
139569
139570
139619
139620
139621
139622
139623
139624
139625
139626
139627
139628
139629
139630
139631
139632
139633
139634
139684
139685
139686
139687
139688
139689
139690
139691
139692
139693
139694
139695
139696
139697
139698
139748
139749
139750
139751
139752
139753
139754
139755
139756
139757
139758
139759
139760
139761
139812
139813
139814
139815
139816
139817
139818
139819
139820
139821
139822
139823
139824
139877
139878
143394
143395
143396
143397
143398
143399
143400
143401
143402
143403
143404
143405
143461
143462
143463
143464
143465
143466
143467
143468
143469
143470
143471
143472
143473
143474
143525
143526
143527
143528
143529
143530
143531
143532
143533
143534
143535
143536
143537
143538
143588
143589
143590
143591
143592
143593
143594
143595
143596
143597
143598
143599
143600
143601
143602
143603
143652
143653
143654
143655
143656
143657
143658
143659
143660
143661
143662
143663
143664
143665
143666
143667
143716
143717
143718
143719
143720
143721
143722
143723
143724
143725
143726
143727
143728
143729
143730
143731
143780
143781
143782
143783
143784
143785
143786
143787
143788
143789
143790
143791
143792
143793
143794
143795
143844
143845
143846
143847
143848
143849
143850
143851
143852
143853
143854
143855
143856
143857
143858
143859
143908
143909
143910
143911
143912
143913
143914
143915
143916
143917
143918
143919
143920
143921
143922
143973
147491
147492
147493
147494
147495
147496
147497
147498
147499
147500
147501
147559
147560
147561
147562
147563
147564
147565
147566
147567
147568
147569
147570
147571
147622
147623
147624
147625
147626
147627
147628
147629
147630
147631
147632
147633
147634
147635
147686
147687
147688
147689
147690
147691
147692
147693
147694
147695
147696
147697
147698
147699
147700
147749
147750
147751
147752
147753
147754
147755
147756
147757
147758
147759
147760
147761
147762
147763
147764
147813
147814
147815
147816
147817
147818
147819
147820
147821
147822
147823
147824
147825
147826
147827
147828
147877
147878
147879
147880
147881
147882
147883
147884
147885
147886
147887
147888
147889
147890
147891
147892
147941
147942
147943
147944
147945
147946
147947
147948
147949
147950
147951
147952
147953
147954
147955
147956
148005
148006
148007
148008
148010
148011
148012
148013
148014
148015
148016
148017
148018
148019
148020
148081
148082
148083
148589
148590
148591
148592
148653
148654
148655
148656
148657
148717
148718
148719
148720
148721
148782
148783
151589
151590
151591
151592
151593
151594
151595
151596
151597
151655
151656
151657
151658
151659
151660
151661
151662
151663
151664
151665
151666
151667
151719
151720
151721
151722
151723
151724
151725
151726
151727
151728
151729
151730
151731
151732
151733
151782
151783
151784
151785
151786
151787
151788
151789
151790
151791
151792
151793
151794
151795
151796
151797
151846
151847
151848
151849
151850
151851
151852
151853
151854
151855
151856
151857
151858
151859
151860
151861
151910
151911
151912
151913
151914
151915
151916
151917
151918
151919
151920
151921
151922
151923
151924
151925
151974
151975
151976
151977
151978
151979
151980
151981
151982
151983
151984
151985
151986
151987
151988
151989
152039
152040
152041
152042
152043
152044
152045
152046
152047
152048
152049
152050
152051
152052
152053
152106
152107
152108
152109
152110
152111
152112
152113
152114
152115
152116
152117
152176
152177
152178
152179
152180
152622
152623
152624
152625
152684
152685
152686
152687
152688
152689
152748
152749
152750
152751
152752
152753
152754
152812
152813
152814
152815
152816
152817
152818
152819
152876
152877
152878
152879
152880
152881
152882
152941
152942
152943
152944
152945
152946
155688
155689
155690
155691
155692
155693
155751
155752
155753
155754
155755
155756
155757
155758
155759
155760
155761
155762
155763
155764
155815
155816
155817
155818
155819
155820
155821
155822
155823
155824
155825
155826
155827
155828
155829
155879
155880
155881
155882
155883
155884
155885
155886
155887
155888
155889
155890
155891
155892
155893
155894
155942
155943
155944
155945
155946
155947
155948
155949
155950
155951
155952
155953
155954
155955
155956
155957
155958
156007
156008
156009
156010
156011
156012
156013
156014
156015
156016
156017
156018
156019
156020
156021
156022
156071
156072
156073
156074
156075
156076
156077
156078
156079
156080
156081
156082
156083
156084
156085
156086
156136
156137
156138
156139
156140
156141
156142
156143
156144
156145
156146
156147
156148
156149
156150
156201
156202
156203
156204
156205
156206
156207
156208
156209
156210
156211
156212
156213
156271
156272
156273
156274
156275
156276
156277
156717
156718
156719
156720
156721
156779
156780
156781
156782
156783
156784
156785
156786
156843
156844
156845
156846
156847
156848
156849
156850
156907
156908
156909
156910
156911
156912
156913
156914
156915
156972
156973
156974
156975
156976
156977
156978
156979
157037
157038
157039
157040
157041
157042
157043
159783
159784
159785
159786
159787
159788
159789
159790
159791
159847
159848
159849
159850
159851
159852
159853
159854
159855
159856
159857
159858
159859
159911
159912
159913
159914
159915
159916
159917
159918
159919
159920
159921
159922
159923
159924
159925
159975
159976
159977
159978
159979
159980
159981
159982
159983
159984
159985
159986
159987
159988
159989
159990
160039
160040
160041
160042
160043
160044
160045
160046
160047
160048
160049
160050
160051
160052
160053
160054
160103
160104
160105
160106
160107
160108
160109
160110
160111
160112
160113
160114
160115
160116
160117
160118
160119
160167
160168
160169
160170
160171
160172
160173
160174
160175
160176
160177
160178
160179
160180
160181
160182
160183
160232
160233
160234
160235
160236
160237
160238
160239
160240
160241
160242
160243
160244
160245
160246
160297
160298
160299
160300
160301
160302
160303
160304
160305
160306
160307
160308
160309
160310
160365
160366
160367
160368
160369
160750
160751
160812
160813
160814
160815
160816
160817
160875
160876
160877
160878
160879
160880
160881
160882
160939
160940
160941
160942
160943
160944
160945
160946
161003
161004
161005
161006
161007
161008
161009
161010
161068
161069
161070
161071
161072
161073
161074
161075
161133
161134
161135
161136
161137
161138
163880
163881
163882
163883
163884
163885
163943
163944
163945
163946
163947
163948
163949
163950
163951
163952
163953
164007
164008
164009
164010
164011
164012
164013
164014
164015
164016
164017
164018
164019
164071
164072
164073
164074
164075
164076
164077
164078
164079
164080
164081
164082
164083
164084
164135
164136
164137
164138
164139
164140
164141
164142
164143
164144
164145
164146
164147
164148
164199
164200
164201
164202
164203
164204
164205
164206
164207
164208
164209
164210
164211
164212
164263
164264
164265
164266
164267
164268
164269
164270
164271
164272
164273
164274
164275
164328
164329
164330
164331
164332
164333
164334
164335
164336
164337
164338
164339
164393
164394
164395
164396
164397
164398
164399
164400
164401
164458
164459
164460
164461
164462
164463
164464
164845
164846
164908
164909
164910
164911
164912
164971
164972
164973
164974
164975
164976
164977
165035
165036
165037
165038
165039
165040
165041
165042
165099
165100
165101
165102
165103
165104
165105
165106
165165
165166
165167
165168
165169
165170
165233
167977
167978
168040
168041
168042
168043
168044
168045
168047
168103
168104
168105
168106
168107
168108
168109
168110
168111
168112
168167
168168
168169
168170
168171
168172
168173
168174
168175
168176
168177
168178
168231
168232
168233
168234
168235
168236
168237
168238
168239
168240
168241
168242
168295
168296
168297
168298
168299
168300
168301
168302
168303
168304
168305
168306
168359
168360
168361
168362
168363
168364
168365
168366
168367
168368
168369
168370
168423
168424
168425
168426
168427
168428
168429
168430
168431
168432
168433
168488
168489
168490
168491
168492
168493
168494
168495
168496
168552
168553
168554
168555
168556
168557
168558
168559
168618
169005
169006
169007
169068
169069
169070
169071
169072
169132
169133
169134
169135
169136
169137
169196
169197
169198
169199
169200
169201
169262
169263
169264
172137
172199
172200
172201
172202
172203
172263
172264
172265
172266
172267
172268
172269
172327
172328
172329
172330
172331
172332
172333
172334
172335
172336
172391
172392
172393
172394
172395
172396
172397
172398
172399
172400
172401
172455
172456
172457
172458
172459
172460
172461
172462
172463
172464
172465
172519
172520
172521
172522
172523
172524
172525
172526
172527
172528
172583
172584
172585
172586
172587
172588
172589
172590
172591
172647
172648
172649
172650
172651
172652
172653
173165
173166
173167
173229
173230
173231
173232
173293
173294
173295
173296
173297
173358
173359
173360
173361
176164
176165
176166
176229
176230
176293
176294
176295
176358
176359
176360
176361
176423
176424
176425
176426
176427
176487
176488
176489
176490
176491
176492
176493
176551
176552
176553
176554
176555
176556
176557
176558
176615
176616
176617
176618
176619
176620
176621
176622
176678
176679
176680
176681
176682
176683
176684
176685
176686
176741
176742
176743
176744
176745
176746
176747
176748
176804
176805
176806
176867
176868
176869
176870
176931
176932
176933
176995
176996
176997
177059
177060
177262
177263
177264
177265
177325
177326
177327
177328
177329
177330
177389
177390
177391
177392
177393
177394
177395
177454
177455
177456
177457
177458
177520
177521
180257
180258
180259
180260
180261
180262
180263
180322
180323
180324
180325
180326
180327
180386
180387
180388
180389
180390
180391
180450
180451
180452
180453
180454
180455
180515
180516
180517
180518
180519
180580
180582
180645
180647
180648
180649
180708
180710
180711
180712
180713
180771
180772
180773
180774
180775
180776
180777
180834
180835
180836
180837
180838
180839
180840
180898
180899
180900
180901
180902
180903
180904
180961
180962
180963
180964
180965
180966
180967
181025
181026
181027
181028
181029
181030
181031
181089
181090
181091
181092
181093
181094
181153
181154
181155
181156
181157
181158
181218
181219
181220
181221
181222
181284
181285
181295
181296
181297
181298
181299
181358
181359
181360
181361
181362
181363
181364
181365
181366
181421
181422
181423
181424
181425
181426
181427
181428
181429
181430
181485
181486
181487
181488
181489
181490
181491
181492
181493
181494
181550
181551
181552
181553
181554
181555
181556
181557
181558
181615
181616
181617
181618
181619
181620
181621
181622
181681
181682
181683
181684
181685
184352
184353
184354
184355
184356
184357
184358
184359
184417
184418
184419
184420
184421
184422
184423
184481
184482
184483
184484
184485
184486
184487
184546
184547
184548
184549
184550
184610
184611
184612
184613
184614
184675
184676
184677
184678
184738
184739
184740
184741
184742
184743
184802
184803
184804
184805
184806
184807
184864
184865
184866
184867
184868
184869
184870
184871
184872
184928
184929
184930
184931
184932
184933
184934
184935
184936
184992
184993
184994
184995
184996
184997
184998
184999
185000
185056
185057
185058
185059
185060
185061
185062
185063
185064
185120
185121
185122
185123
185124
185125
185126
185127
185184
185185
185186
185187
185188
185189
185190
185191
185248
185249
185250
185251
185252
185253
185254
185255
185269
185313
185314
185315
185316
185317
185318
185319
185329
185330
185331
185332
185333
185334
185378
185379
185380
185381
185382
185383
185390
185391
185392
185393
185394
185395
185396
185397
185398
185399
185443
185444
185445
185446
185453
185454
185455
185456
185457
185458
185459
185460
185461
185462
185463
185464
185517
185518
185519
185520
185521
185522
185523
185524
185525
185526
185527
185528
185581
185582
185583
185584
185585
185586
185587
185588
185589
185590
185591
185592
185645
185646
185647
185648
185649
185650
185651
185652
185653
185654
185655
185656
185710
185711
185712
185713
185714
185715
185716
185717
185718
185719
185720
185775
185776
185777
185778
185779
185780
185781
185782
185783
185784
185842
185843
185844
185845
185846
185847
185908
185909
188448
188449
188450
188451
188452
188453
188454
188512
188513
188514
188515
188516
188517
188578
188579
188580
188772
188834
188835
188836
188837
188838
188896
188897
188898
188899
188900
188901
188902
188903
188959
188960
188961
188962
188963
188964
188965
188966
188967
188968
189023
189024
189025
189026
189027
189028
189029
189030
189031
189032
189087
189088
189089
189090
189091
189092
189093
189094
189095
189096
189151
189152
189153
189154
189155
189156
189157
189158
189159
189160
189215
189216
189217
189218
189219
189220
189221
189222
189223
189224
189280
189281
189282
189283
189284
189285
189286
189287
189288
189344
189345
189346
189347
189348
189349
189350
189351
189352
189363
189364
189365
189366
189409
189410
189411
189412
189413
189414
189415
189416
189424
189425
189426
189427
189428
189429
189430
189431
189473
189474
189475
189476
189477
189478
189479
189480
189485
189486
189487
189488
189489
189490
189491
189492
189493
189494
189495
189496
189538
189539
189540
189541
189542
189543
189544
189548
189549
189550
189551
189552
189553
189554
189555
189556
189557
189558
189559
189560
189603
189604
189605
189606
189607
189608
189611
189612
189613
189614
189615
189616
189617
189618
189619
189620
189621
189622
189623
189624
189669
189670
189671
189675
189676
189677
189678
189679
189680
189681
189682
189683
189684
189685
189686
189687
189688
189740
189741
189742
189743
189744
189745
189746
189747
189748
189749
189750
189751
189752
189806
189807
189808
189809
189810
189811
189812
189813
189814
189815
189816
189871
189872
189873
189874
189875
189876
189877
189878
189879
189880
189937
189938
189939
189940
189941
189942
189943
190004
190005
192545
192546
192993
192994
192995
192996
192997
192998
193056
193057
193058
193059
193060
193061
193062
193063
193119
193120
193121
193122
193123
193124
193125
193126
193127
193128
193183
193184
193185
193186
193187
193188
193189
193190
193191
193192
193247
193248
193249
193250
193251
193252
193253
193254
193255
193256
193312
193313
193314
193315
193316
193317
193318
193319
193320
193376
193377
193378
193379
193380
193381
193382
193383
193384
193440
193441
193442
193443
193444
193445
193446
193447
193448
193458
193459
193460
193461
193462
193505
193506
193507
193508
193509
193510
193511
193512
193513
193519
193520
193521
193522
193523
193524
193525
193526
193527
193569
193570
193571
193572
193573
193574
193575
193576
193577
193581
193582
193583
193584
193585
193586
193587
193588
193589
193590
193591
193634
193635
193636
193637
193638
193639
193640
193641
193642
193643
193644
193645
193646
193647
193648
193649
193650
193651
193652
193653
193654
193655
193698
193699
193700
193701
193702
193703
193704
193705
193706
193707
193708
193709
193710
193711
193712
193713
193714
193715
193716
193717
193718
193719
193764
193765
193766
193767
193768
193769
193770
193771
193772
193773
193774
193775
193776
193777
193778
193779
193780
193781
193782
193783
193830
193831
193832
193835
193836
193837
193838
193839
193840
193841
193842
193843
193844
193845
193846
193847
193901
193902
193903
193904
193905
193906
193907
193908
193909
193910
193911
193912
193967
193968
193969
193970
193971
193972
193973
193974
193975
193976
194034
194035
194036
194037
194038
194039
194101
197153
197154
197155
197156
197157
197158
197216
197217
197218
197219
197220
197221
197222
197223
197280
197281
197282
197283
197284
197285
197286
197287
197288
197344
197345
197346
197347
197348
197349
197350
197351
197352
197408
197409
197410
197411
197412
197413
197414
197415
197416
197417
197473
197474
197475
197476
197477
197478
197479
197480
197481
197537
197538
197539
197540
197541
197542
197543
197544
197545
197554
197555
197556
197557
197601
197602
197603
197604
197605
197606
197607
197608
197609
197615
197616
197617
197618
197619
197620
197621
197622
197665
197666
197667
197668
197669
197670
197671
197672
197673
197674
197676
197677
197678
197679
197680
197681
197682
197683
197684
197685
197686
197687
197730
197731
197732
197733
197734
197735
197736
197737
197738
197739
197740
197741
197742
197743
197744
197745
197746
197747
197748
197749
197750
197751
197794
197795
197796
197797
197798
197799
197800
197801
197802
197803
197804
197805
197806
197807
197808
197809
197810
197811
197812
197813
197814
197815
197859
197860
197861
197862
197863
197864
197865
197866
197867
197868
197869
197870
197871
197872
197873
197874
197875
197876
197877
197878
197879
197925
197926
197927
197928
197929
197930
197931
197932
197933
197934
197935
197936
197937
197938
197939
197940
197941
197942
197991
197997
197998
197999
198000
198001
198002
198003
198004
198063
198064
198065
198066
198067
201250
201251
201252
201313
201314
201315
201316
201317
201318
201376
201377
201378
201379
201380
201381
201382
201383
201440
201441
201442
201443
201444
201445
201446
201447
201448
201505
201506
201507
201508
201509
201510
201511
201512
201569
201570
201571
201572
201573
201574
201575
201576
201633
201634
201635
201636
201637
201638
201639
201640
201641
201650
201651
201698
201699
201700
201701
201702
201703
201704
201705
201712
201713
201714
201715
201716
201717
201762
201763
201764
201765
201766
201767
201768
201769
201770
201771
201772
201773
201774
201775
201776
201777
201778
201779
201780
201781
201782
201826
201827
201828
201829
201830
201831
201832
201833
201834
201835
201836
201837
201838
201839
201840
201841
201842
201843
201844
201845
201846
201891
201892
201893
201894
201895
201896
201897
201898
201899
201900
201901
201902
201903
201904
201905
201906
201907
201908
201909
201910
201956
201957
201958
201959
201960
201961
201962
201963
201964
201965
201966
201967
201968
201969
201970
201971
201972
201973
201974
202021
202022
202023
202024
202025
202026
202027
202028
202029
202030
202031
202032
202033
202034
202035
202036
202037
202086
202087
202088
202089
202094
202095
202096
202097
202098
202099
205411
205412
205473
205474
205475
205476
205477
205478
205538
205539
205540
205541
205542
205543
205602
205603
205604
205605
205606
205607
205608
205666
205667
205668
205669
205670
205671
205672
205730
205731
205732
205733
205734
205735
205736
205737
205794
205795
205796
205797
205798
205799
205800
205801
205809
205810
205811
205812
205858
205859
205860
205861
205862
205863
205864
205865
205866
205867
205869
205870
205871
205872
205873
205874
205875
205876
205877
205922
205923
205924
205925
205926
205927
205928
205929
205930
205931
205932
205933
205934
205935
205936
205937
205938
205939
205940
205941
205987
205988
205989
205990
205991
205992
205993
205994
205995
205996
205997
205998
205999
206000
206001
206002
206003
206004
206005
206052
206053
206054
206055
206056
206057
206058
206059
206060
206061
206062
206063
206064
206065
206066
206067
206068
206069
206118
206119
206120
206121
206122
206123
206124
206126
206127
206128
206129
206130
206131
206132
206185
206186
209701
209702
209766
209767
209828
209829
209830
209831
209832
209891
209892
209893
209894
209895
209896
209897
209955
209956
209957
209958
209959
209960
209961
209962
209963
209967
209968
209969
209970
209971
209972
210019
210020
210021
210022
210023
210024
210025
210026
210027
210028
210029
210030
210031
210032
210033
210034
210035
210036
210083
210084
210085
210086
210087
210088
210089
210090
210091
210092
210093
210094
210095
210096
210097
210098
210099
210100
210149
210150
210151
210152
210153
210154
210155
210156
210157
210159
210160
210161
210162
210163
210216
210217
210218
210219
213927
213928
213989
213990
213991
213992
213993
213994
214052
214053
214054
214055
214056
214057
214058
214059
214116
214117
214118
214119
214120
214121
214122
214123
214127
214128
214180
214181
214182
214183
214184
214185
214186
214187
214188
214193
214194
214247
214248
214249
214250
214251
218086
218087
218088
218089
218090
218149
218150
218151
218152
218153
218154
218213
218214
218215
218216
218217
218218
222183
222184
222185
222186
222246
222247
222248
222249
)


// ************************************************************************* //
