/*--------------------------------*- C++ -*----------------------------------*\
  =========                 |
  \\      /  F ield         | OpenFOAM: The Open Source CFD Toolbox
   \\    /   O peration     | Website:  https://openfoam.org
    \\  /    A nd           | Version:  6
     \\/     M anipulation  |
\*---------------------------------------------------------------------------*/
FoamFile
{
    version     2.0;
    format      ascii;
    class       labelList;
    location    "constant/region375/polyMesh";
    object      faceRegionAddressing;
}
// * * * * * * * * * * * * * * * * * * * * * * * * * * * * * * * * * * * * * //


11045
(
365315
365316
365317
365319
365320
365494
365495
365496
365497
365498
365499
365500
365501
365502
365503
365504
365505
365506
365507
365508
365511
365682
365683
365684
365685
365686
365687
365688
365689
365690
365691
365692
365693
365694
365695
365696
365699
365870
365872
365873
365875
365876
365878
365879
365881
365882
365884
365887
377076
377077
377266
377267
377268
377269
377270
377271
377272
377273
377274
377275
377276
377277
377278
377279
377280
377281
377282
377283
377284
377285
377286
377287
377288
377289
377291
377292
377457
377458
377459
377460
377461
377462
377463
377464
377465
377466
377467
377468
377469
377470
377471
377472
377473
377474
377475
377476
377477
377478
377479
377480
377481
377482
377483
377485
377486
377645
377646
377647
377648
377649
377650
377651
377652
377653
377654
377655
377656
377657
377658
377659
377660
377661
377662
377663
377664
377665
377666
377667
377668
377669
377670
377671
377672
377673
377674
377676
377677
377836
377837
377838
377839
377840
377841
377842
377843
377844
377845
377846
377847
377848
377849
377850
377851
377852
377853
377854
377855
377856
377857
377858
377859
377860
377861
377862
377863
377864
377865
377868
378024
378026
378027
378028
378029
378030
378031
378032
378033
378034
378035
378036
378037
378038
378039
378040
378041
378042
378043
378044
378045
378046
378047
378048
378049
378050
378051
378052
378053
378056
378218
378220
378221
378222
378223
378224
378225
378226
378227
378228
378229
378230
378231
378232
378233
378234
378235
378236
378237
378238
378239
378241
378244
378412
378414
378415
378417
378418
378420
378421
378423
378424
378426
378429
389226
389227
389228
389229
389230
389231
389232
389233
389234
389235
389236
389237
389238
389239
389240
389241
389242
389243
389245
389246
389417
389418
389419
389420
389421
389422
389423
389424
389425
389426
389427
389428
389429
389430
389431
389432
389433
389434
389435
389436
389437
389438
389439
389440
389441
389442
389443
389444
389445
389446
389447
389448
389449
389450
389451
389452
389453
389454
389455
389457
389458
389608
389609
389610
389611
389612
389613
389614
389615
389616
389617
389618
389619
389620
389621
389622
389623
389624
389625
389626
389627
389628
389629
389630
389631
389632
389633
389634
389635
389636
389637
389638
389639
389640
389641
389642
389643
389644
389645
389646
389648
389649
389799
389801
389802
389803
389804
389805
389806
389807
389808
389809
389810
389811
389812
389813
389814
389815
389816
389817
389818
389819
389820
389821
389822
389823
389824
389825
389826
389827
389828
389829
389830
389831
389832
389833
389834
389835
389836
389837
389839
389840
389993
389994
389995
389996
389997
389998
389999
390000
390001
390002
390003
390004
390005
390006
390007
390008
390009
390010
390011
390012
390013
390014
390015
390016
390017
390018
390019
390020
390021
390022
390023
390024
390025
390026
390027
390028
390030
390031
390184
390185
390186
390187
390188
390189
390190
390191
390192
390193
390194
390195
390196
390197
390198
390199
390200
390201
390202
390203
390204
390205
390206
390207
390208
390209
390210
390211
390212
390213
390214
390215
390216
390217
390218
390219
390222
390375
390376
390377
390378
390379
390380
390381
390382
390383
390384
390385
390386
390387
390388
390389
390390
390391
390392
390393
390394
390395
390396
390397
390398
390399
390400
390401
390402
390403
390404
390405
390407
390410
390566
390568
390569
390570
390571
390572
390573
390574
390575
390576
390577
390578
390579
390580
390581
390582
390583
390584
390585
390586
390587
390588
390589
390590
390592
390595
390760
390762
390763
390765
390766
390768
390769
390771
390772
390774
390775
390777
390780
401383
401385
401386
401387
401388
401389
401390
401391
401392
401393
401394
401395
401396
401397
401398
401399
401400
401401
401402
401403
401404
401405
401406
401407
401408
401409
401410
401411
401412
401414
401415
401577
401578
401579
401580
401581
401582
401583
401584
401585
401586
401587
401588
401589
401590
401591
401592
401593
401594
401595
401596
401597
401598
401599
401600
401601
401602
401603
401604
401605
401606
401607
401608
401609
401610
401611
401612
401613
401614
401615
401616
401617
401618
401620
401621
401768
401769
401770
401771
401772
401773
401774
401775
401776
401777
401778
401779
401780
401781
401782
401783
401784
401785
401786
401787
401788
401789
401790
401791
401792
401793
401794
401795
401796
401797
401798
401799
401800
401801
401802
401803
401804
401805
401806
401807
401808
401809
401811
401812
401959
401960
401961
401962
401963
401964
401965
401966
401967
401968
401969
401970
401971
401972
401973
401974
401975
401976
401977
401978
401979
401980
401981
401982
401983
401984
401985
401986
401987
401988
401989
401990
401991
401992
401993
401994
401995
401996
401997
401998
401999
402000
402002
402003
402150
402151
402152
402153
402154
402155
402156
402157
402158
402159
402160
402161
402162
402163
402164
402165
402166
402167
402168
402169
402170
402171
402172
402173
402174
402175
402176
402177
402178
402179
402180
402181
402182
402183
402184
402185
402186
402187
402188
402189
402190
402191
402193
402194
402341
402343
402344
402345
402346
402347
402348
402349
402350
402351
402352
402353
402354
402355
402356
402357
402358
402359
402360
402361
402362
402363
402364
402365
402366
402367
402368
402369
402370
402371
402372
402373
402374
402375
402376
402377
402378
402379
402380
402381
402382
402384
402385
402535
402536
402537
402538
402539
402540
402541
402542
402543
402544
402545
402546
402547
402548
402549
402550
402551
402552
402553
402554
402555
402556
402557
402558
402559
402560
402561
402562
402563
402564
402565
402566
402567
402568
402569
402570
402571
402572
402573
402576
402726
402727
402728
402729
402730
402731
402732
402733
402734
402735
402736
402737
402738
402739
402740
402741
402742
402743
402744
402745
402746
402747
402748
402749
402750
402751
402752
402753
402754
402755
402756
402757
402758
402759
402761
402764
402917
402919
402920
402921
402922
402923
402924
402925
402926
402928
402929
402931
402932
402934
402935
402937
402938
402940
402941
402943
402944
402946
402949
403111
403113
403116
413543
413545
413546
413547
413548
413549
413550
413551
413552
413553
413554
413555
413556
413557
413558
413559
413560
413561
413562
413563
413564
413565
413566
413567
413568
413569
413570
413571
413572
413574
413575
413737
413738
413740
413741
413743
413744
413745
413746
413747
413748
413749
413750
413751
413752
413753
413754
413755
413756
413757
413758
413759
413760
413761
413762
413763
413764
413765
413766
413767
413768
413769
413770
413771
413772
413773
413774
413775
413776
413777
413778
413780
413781
413928
413929
413931
413932
413934
413935
413936
413937
413938
413939
413940
413941
413942
413943
413944
413945
413946
413947
413948
413949
413950
413951
413952
413953
413954
413955
413956
413957
413958
413959
413960
413961
413962
413963
413964
413965
413966
413967
413968
413969
413970
413971
413972
413974
413975
414119
414120
414122
414123
414124
414125
414126
414127
414128
414129
414130
414131
414132
414133
414134
414135
414136
414137
414138
414139
414140
414141
414142
414143
414144
414145
414146
414147
414148
414149
414150
414151
414152
414153
414154
414155
414156
414157
414158
414159
414160
414161
414162
414163
414165
414166
414310
414311
414313
414314
414315
414316
414317
414318
414319
414320
414321
414322
414323
414324
414325
414326
414327
414328
414329
414330
414331
414332
414333
414334
414335
414336
414337
414338
414339
414340
414341
414342
414343
414344
414345
414346
414347
414348
414349
414350
414351
414352
414353
414354
414356
414357
414501
414504
414505
414506
414507
414508
414509
414510
414511
414512
414513
414514
414515
414516
414517
414518
414519
414520
414521
414522
414523
414524
414525
414526
414527
414528
414529
414530
414531
414532
414533
414534
414535
414536
414537
414538
414539
414540
414541
414542
414543
414544
414545
414547
414548
414695
414696
414697
414698
414699
414700
414701
414702
414703
414704
414705
414706
414707
414708
414709
414710
414711
414712
414713
414714
414715
414716
414717
414718
414719
414720
414721
414722
414723
414724
414725
414726
414727
414728
414729
414730
414731
414732
414733
414734
414735
414736
414739
414886
414887
414888
414889
414890
414891
414892
414893
414894
414895
414896
414897
414898
414899
414900
414901
414902
414903
414904
414905
414906
414907
414908
414909
414910
414911
414912
414913
414914
414915
414916
414917
414918
414919
414920
414921
414922
414923
414924
414927
415077
415079
415080
415081
415082
415083
415084
415085
415086
415088
415089
415091
415092
415094
415095
415097
415098
415100
415101
415103
415104
415106
415107
415109
415110
415112
415115
415271
415273
425703
425706
425708
425709
425711
425712
425713
425714
425715
425716
425717
425718
425719
425720
425721
425722
425723
425724
425725
425726
425727
425728
425729
425730
425731
425732
425733
425734
425735
425737
425738
425903
425904
425906
425907
425909
425910
425911
425912
425913
425914
425915
425916
425917
425918
425919
425920
425921
425922
425923
425924
425925
425926
425927
425928
425929
425930
425931
425932
425933
425934
425935
425936
425937
425938
425939
425940
425941
425943
425944
426094
426095
426097
426098
426099
426100
426101
426102
426103
426104
426105
426106
426107
426108
426109
426110
426111
426112
426113
426114
426115
426116
426117
426118
426119
426120
426121
426122
426123
426124
426125
426126
426127
426128
426129
426130
426131
426132
426134
426135
426282
426283
426285
426286
426288
426289
426290
426291
426292
426293
426294
426295
426296
426297
426298
426299
426300
426301
426302
426303
426304
426305
426306
426307
426308
426309
426310
426311
426312
426313
426314
426315
426316
426317
426318
426319
426320
426321
426322
426323
426324
426325
426326
426328
426329
426473
426474
426476
426477
426478
426479
426480
426481
426482
426483
426484
426485
426486
426487
426488
426489
426490
426491
426492
426493
426494
426495
426496
426497
426498
426499
426500
426501
426502
426503
426504
426505
426506
426507
426508
426509
426510
426511
426512
426513
426514
426515
426516
426517
426519
426520
426664
426665
426667
426668
426669
426670
426671
426672
426673
426674
426675
426676
426677
426678
426679
426680
426681
426682
426683
426684
426685
426686
426687
426688
426689
426690
426691
426692
426693
426694
426695
426696
426697
426698
426699
426700
426701
426702
426703
426704
426705
426706
426707
426708
426710
426711
426855
426856
426858
426859
426860
426861
426862
426863
426864
426865
426866
426867
426868
426869
426870
426871
426872
426873
426874
426875
426876
426877
426878
426879
426880
426881
426882
426883
426884
426885
426886
426887
426888
426889
426890
426891
426892
426893
426894
426895
426896
426897
426898
426899
426901
426902
427046
427047
427049
427050
427051
427052
427053
427054
427055
427056
427057
427058
427059
427060
427061
427062
427063
427064
427065
427066
427067
427068
427069
427070
427071
427072
427073
427074
427075
427076
427077
427078
427079
427080
427081
427082
427083
427084
427085
427086
427087
427088
427089
427090
427093
427237
427240
427241
427242
427243
427245
427246
427248
427249
427251
427252
427255
427257
427258
427260
427261
427263
427264
427266
427267
427269
427270
427272
427273
427275
427276
427278
427281
437866
437869
437872
437874
437875
437877
437878
437879
437880
437881
437882
437883
437884
437885
437886
437887
437888
437889
437890
437891
437892
437893
437894
437895
437897
437898
438069
438070
438071
438072
438073
438074
438075
438076
438077
438078
438079
438080
438081
438082
438083
438084
438085
438086
438087
438088
438089
438090
438091
438092
438093
438094
438095
438096
438097
438098
438099
438100
438101
438102
438103
438104
438106
438107
438257
438258
438260
438261
438262
438263
438264
438265
438266
438267
438268
438269
438270
438271
438272
438273
438274
438275
438276
438277
438278
438279
438280
438281
438282
438283
438284
438285
438286
438287
438288
438289
438290
438291
438292
438293
438294
438295
438297
438298
438448
438449
438450
438451
438452
438453
438454
438455
438456
438457
438458
438459
438460
438461
438462
438463
438464
438465
438466
438467
438468
438469
438470
438471
438472
438473
438474
438475
438476
438477
438478
438479
438480
438481
438482
438483
438484
438485
438486
438487
438488
438489
438491
438492
438636
438637
438639
438640
438641
438642
438643
438644
438645
438646
438647
438648
438649
438650
438651
438652
438653
438654
438655
438656
438657
438658
438659
438660
438661
438662
438663
438664
438665
438666
438667
438668
438669
438670
438671
438672
438673
438674
438675
438676
438677
438678
438679
438680
438682
438683
438827
438828
438830
438831
438832
438833
438834
438835
438836
438837
438838
438839
438840
438841
438842
438843
438844
438845
438846
438847
438848
438849
438850
438851
438852
438853
438854
438855
438856
438857
438858
438859
438860
438861
438862
438863
438864
438865
438866
438867
438868
438869
438870
438871
438873
438874
439018
439019
439021
439022
439023
439024
439025
439026
439027
439028
439029
439030
439031
439032
439033
439034
439035
439036
439037
439038
439039
439040
439041
439042
439043
439044
439045
439046
439047
439048
439049
439050
439051
439052
439053
439054
439055
439056
439057
439058
439059
439060
439061
439062
439064
439065
439209
439210
439212
439213
439215
439216
439217
439218
439219
439220
439221
439223
439224
439225
439226
439227
439228
439229
439230
439231
439232
439233
439234
439235
439236
439237
439238
439239
439240
439241
439242
439243
439244
439245
439246
439247
439248
439249
439250
439251
439252
439253
439255
439256
439400
439403
439406
439415
439417
439418
439420
439421
439423
439424
439426
439427
439429
439430
439432
439433
439435
439436
439437
439438
439439
439440
439441
439442
439443
439444
439447
439627
439629
439630
439632
439635
441143
441144
441145
441146
441147
441148
441149
441150
441151
441153
441154
441334
441335
441336
441337
441338
441339
441340
441341
441342
441343
441344
441345
441347
441348
441525
441527
441528
441529
441530
441531
441532
441533
441534
441536
441539
441719
441721
441724
450032
450035
450038
450039
450041
450042
450043
450044
450045
450046
450047
450048
450049
450050
450051
450052
450053
450054
450055
450057
450058
450229
450230
450231
450232
450233
450234
450235
450236
450237
450238
450239
450240
450241
450242
450243
450244
450245
450246
450247
450248
450249
450250
450251
450252
450253
450254
450255
450256
450257
450258
450259
450260
450261
450262
450263
450264
450266
450267
450420
450421
450422
450423
450424
450425
450426
450427
450428
450429
450430
450431
450432
450433
450434
450435
450436
450437
450438
450439
450440
450441
450442
450443
450444
450445
450446
450447
450448
450449
450450
450451
450452
450453
450454
450455
450456
450457
450458
450459
450460
450461
450463
450464
450608
450609
450611
450612
450613
450614
450615
450616
450617
450618
450619
450620
450621
450622
450623
450624
450625
450626
450627
450628
450629
450630
450631
450632
450633
450634
450635
450636
450637
450638
450639
450640
450641
450642
450643
450644
450645
450646
450647
450648
450649
450650
450651
450652
450654
450655
450799
450800
450801
450802
450803
450804
450805
450806
450807
450808
450809
450810
450811
450812
450813
450814
450815
450816
450817
450818
450819
450820
450821
450822
450823
450824
450825
450826
450827
450828
450829
450830
450831
450832
450833
450834
450835
450836
450837
450838
450839
450840
450841
450842
450843
450845
450846
450990
450991
450993
450994
450995
450996
450997
450998
450999
451000
451001
451002
451003
451004
451005
451006
451007
451008
451009
451010
451011
451012
451013
451014
451015
451016
451017
451018
451019
451020
451021
451022
451023
451024
451025
451026
451027
451028
451029
451030
451031
451032
451033
451034
451036
451037
451181
451184
451185
451186
451187
451188
451189
451190
451191
451192
451193
451194
451195
451196
451197
451198
451199
451200
451201
451202
451203
451204
451205
451206
451207
451208
451209
451210
451211
451212
451213
451214
451215
451216
451217
451218
451219
451220
451221
451222
451223
451224
451225
451227
451228
451375
451378
451380
451381
451383
451384
451385
451386
451387
451388
451389
451390
451391
451392
451393
451394
451395
451396
451397
451398
451399
451400
451401
451402
451403
451404
451405
451406
451407
451408
451409
451410
451411
451412
451413
451414
451415
451416
451418
451419
451575
451577
451578
451580
451581
451583
451584
451586
451587
451589
451590
451592
451593
451594
451595
451596
451597
451598
451599
451600
451601
451602
451603
451604
451605
451606
451607
451610
451784
451786
451787
451789
451790
451792
451793
451795
451798
453115
453116
453117
453118
453119
453120
453121
453122
453123
453125
453126
453300
453301
453302
453303
453304
453305
453306
453307
453308
453309
453310
453311
453312
453313
453314
453316
453317
453491
453492
453493
453494
453495
453496
453497
453498
453499
453500
453501
453502
453503
453504
453505
453506
453507
453508
453510
453511
453682
453683
453684
453685
453686
453687
453688
453689
453690
453691
453692
453693
453694
453695
453696
453697
453698
453699
453700
453701
453702
453705
453873
453875
453876
453877
453878
453879
453880
453881
453882
453883
453884
453885
453886
453887
453888
453889
453890
453892
453893
454067
454069
454070
454072
454073
454075
454076
454078
454079
454081
454084
462201
462202
462203
462204
462205
462206
462207
462208
462209
462210
462211
462212
462213
462214
462215
462217
462218
462389
462390
462391
462392
462393
462394
462395
462396
462397
462398
462399
462400
462401
462402
462403
462404
462405
462406
462407
462408
462409
462410
462411
462412
462413
462414
462415
462416
462417
462418
462419
462420
462421
462422
462423
462424
462425
462426
462427
462429
462580
462581
462582
462583
462584
462585
462586
462587
462588
462589
462590
462591
462592
462593
462594
462595
462596
462597
462598
462599
462600
462601
462602
462603
462604
462605
462606
462607
462608
462609
462610
462611
462612
462613
462614
462615
462616
462617
462618
462619
462620
462621
462623
462624
462771
462772
462773
462774
462775
462776
462777
462778
462779
462780
462781
462782
462783
462784
462785
462786
462787
462788
462789
462790
462791
462792
462793
462794
462795
462796
462797
462798
462799
462800
462801
462802
462803
462804
462805
462806
462807
462808
462809
462810
462811
462812
462813
462814
462815
462817
462818
462959
462962
462963
462964
462965
462966
462967
462968
462969
462970
462971
462972
462973
462974
462975
462976
462977
462978
462979
462980
462981
462982
462983
462984
462985
462986
462987
462988
462989
462990
462991
462992
462993
462994
462995
462996
462997
462998
462999
463000
463001
463002
463003
463004
463005
463006
463008
463009
463153
463154
463155
463156
463157
463158
463159
463160
463161
463162
463163
463164
463165
463166
463167
463168
463169
463170
463171
463172
463173
463174
463175
463176
463177
463178
463179
463180
463181
463182
463183
463184
463185
463186
463187
463188
463189
463190
463191
463192
463193
463194
463195
463196
463197
463199
463200
463344
463346
463347
463348
463349
463350
463351
463352
463353
463354
463355
463356
463357
463358
463359
463360
463361
463362
463363
463364
463365
463366
463367
463368
463369
463370
463371
463372
463373
463374
463375
463376
463377
463378
463379
463380
463381
463382
463383
463384
463385
463386
463387
463388
463390
463391
463538
463540
463541
463542
463543
463544
463545
463546
463547
463548
463549
463550
463551
463552
463553
463554
463555
463556
463557
463558
463559
463560
463561
463562
463563
463564
463565
463566
463567
463568
463569
463570
463571
463572
463573
463574
463575
463576
463577
463578
463579
463582
463732
463734
463735
463737
463738
463740
463741
463743
463744
463746
463747
463749
463750
463751
463752
463753
463754
463755
463756
463757
463758
463759
463760
463761
463762
463763
463764
463765
463766
463767
463769
463770
463941
463943
463944
463946
463947
463949
463950
463953
463956
465272
465273
465274
465275
465276
465277
465278
465279
465280
465281
465282
465283
465285
465286
465457
465458
465459
465460
465461
465462
465463
465464
465465
465466
465467
465468
465469
465470
465471
465472
465473
465474
465475
465476
465477
465479
465480
465648
465649
465650
465651
465652
465653
465654
465655
465656
465657
465658
465659
465660
465661
465662
465663
465664
465665
465666
465667
465668
465670
465671
465839
465841
465842
465843
465844
465845
465846
465847
465848
465849
465850
465851
465852
465853
465854
465855
465856
465857
465858
465859
465860
465861
465862
465864
466033
466035
466036
466037
466038
466039
466040
466041
466042
466043
466044
466045
466046
466047
466048
466049
466050
466051
466052
466053
466055
466056
466227
466229
466230
466232
466233
466235
466236
466238
466239
466241
466242
466244
474358
474359
474361
474362
474363
474364
474365
474366
474367
474368
474369
474370
474371
474372
474373
474374
474375
474376
474377
474378
474379
474380
474383
474549
474550
474551
474552
474553
474554
474555
474556
474557
474558
474559
474560
474561
474562
474563
474564
474565
474566
474567
474568
474569
474570
474571
474572
474573
474574
474575
474576
474577
474578
474579
474580
474581
474582
474583
474586
474740
474741
474742
474743
474744
474745
474746
474747
474748
474749
474750
474751
474752
474753
474754
474755
474756
474757
474758
474759
474760
474761
474762
474763
474764
474765
474766
474767
474768
474769
474770
474771
474772
474773
474774
474775
474776
474777
474778
474779
474780
474783
474931
474932
474933
474934
474935
474936
474937
474938
474939
474940
474941
474942
474943
474944
474945
474946
474947
474948
474949
474950
474951
474952
474953
474954
474955
474956
474957
474958
474959
474960
474961
474962
474963
474964
474965
474966
474967
474968
474969
474970
474971
474972
474973
474974
474977
475122
475123
475124
475125
475126
475127
475128
475129
475130
475131
475132
475133
475134
475135
475136
475137
475138
475139
475140
475141
475142
475143
475144
475145
475146
475147
475148
475149
475150
475151
475152
475153
475154
475155
475156
475157
475158
475159
475160
475161
475162
475163
475164
475165
475168
475313
475314
475315
475316
475317
475318
475319
475320
475321
475322
475323
475324
475325
475326
475327
475328
475329
475330
475331
475332
475333
475334
475335
475336
475337
475338
475339
475340
475341
475342
475343
475344
475345
475346
475347
475348
475349
475350
475351
475352
475353
475354
475355
475356
475358
475359
475362
475504
475506
475507
475508
475509
475510
475511
475512
475513
475514
475515
475516
475517
475518
475519
475520
475521
475522
475523
475524
475525
475526
475527
475528
475529
475530
475531
475532
475533
475534
475535
475536
475537
475538
475539
475540
475541
475542
475543
475544
475546
475547
475549
475550
475698
475700
475701
475702
475703
475704
475705
475706
475707
475708
475709
475710
475711
475712
475713
475714
475715
475716
475717
475718
475719
475720
475721
475722
475723
475724
475725
475726
475727
475728
475729
475730
475731
475732
475733
475734
475735
475737
475738
475741
475892
475894
475895
475897
475898
475900
475901
475903
475904
475905
475906
475907
475908
475909
475910
475911
475912
475913
475914
475915
475916
475917
475918
475919
475922
475925
475928
476095
476097
476098
476100
476101
476103
476104
476106
477244
477245
477246
477248
477429
477430
477431
477432
477433
477434
477435
477436
477437
477438
477439
477440
477441
477442
477443
477445
477617
477618
477619
477620
477621
477622
477623
477624
477625
477626
477627
477628
477629
477630
477631
477632
477633
477634
477635
477636
477637
477639
477808
477809
477810
477811
477812
477813
477814
477815
477816
477817
477818
477819
477820
477821
477822
477823
477824
477825
477826
477827
477828
477830
477831
477999
478001
478002
478003
478004
478005
478006
478007
478008
478009
478010
478011
478012
478013
478014
478015
478016
478017
478018
478019
478021
478022
478193
478196
478197
478198
478199
478200
478201
478202
478203
478204
478205
478206
478207
478208
478209
478210
478211
478212
478213
478387
478390
478393
478396
478399
478401
486521
486522
486524
486525
486526
486527
486528
486529
486530
486531
486533
486534
486537
486709
486710
486712
486713
486714
486715
486716
486717
486718
486719
486720
486721
486722
486723
486724
486725
486726
486727
486728
486729
486730
486731
486733
486734
486735
486736
486737
486740
486900
486901
486902
486903
486904
486905
486906
486907
486908
486909
486910
486911
486912
486913
486914
486915
486916
486917
486918
486919
486920
486921
486922
486923
486924
486925
486926
486927
486928
486929
486930
486931
486933
486934
486937
487091
487092
487093
487094
487095
487096
487097
487098
487099
487100
487101
487102
487103
487104
487105
487106
487107
487108
487109
487110
487111
487112
487113
487114
487115
487116
487117
487118
487119
487120
487121
487122
487123
487124
487125
487126
487127
487128
487131
487282
487283
487284
487285
487286
487287
487288
487289
487290
487291
487292
487293
487294
487295
487296
487297
487298
487299
487300
487301
487302
487303
487304
487305
487306
487307
487308
487309
487310
487311
487312
487313
487314
487315
487316
487317
487318
487319
487322
487473
487474
487475
487476
487477
487478
487479
487480
487481
487482
487483
487484
487485
487486
487487
487488
487489
487490
487491
487492
487493
487494
487495
487496
487497
487498
487499
487500
487501
487502
487503
487504
487505
487506
487507
487508
487509
487510
487664
487666
487667
487668
487669
487670
487671
487672
487673
487674
487675
487676
487677
487678
487679
487680
487681
487682
487683
487684
487685
487686
487687
487688
487689
487690
487691
487692
487693
487694
487695
487696
487697
487698
487699
487701
487858
487860
487861
487862
487863
487864
487865
487866
487867
487868
487869
487870
487871
487872
487873
487874
487875
487876
487877
487878
487879
487880
487881
487882
487883
487884
487885
487886
487887
487888
488052
488054
488055
488056
488057
488058
488059
488060
488061
488062
488063
488064
488065
488066
488067
488068
488069
488070
488071
488072
488073
488074
488075
488246
488248
488249
488251
488252
488254
488255
488257
488258
488260
488261
488263
489401
489402
489405
489589
489590
489592
489593
489594
489595
489596
489597
489598
489599
489600
489602
489777
489778
489780
489781
489782
489783
489784
489785
489786
489787
489788
489789
489790
489791
489792
489793
489794
489796
489968
489969
489971
489972
489973
489974
489975
489976
489977
489978
489979
489980
489981
489982
489983
489984
489985
489986
489987
489988
489990
490159
490162
490164
490165
490166
490167
490168
490169
490170
490171
490172
490173
490174
490175
490176
490177
490178
490179
490181
490356
490359
490361
490362
490364
490365
490367
490368
490369
498684
498685
498688
498872
498873
498875
498876
498877
498878
498879
498881
498882
498884
498885
498888
498894
499060
499061
499062
499063
499064
499065
499066
499067
499068
499069
499070
499071
499072
499073
499074
499075
499076
499078
499079
499081
499082
499084
499085
499088
499251
499252
499253
499254
499255
499256
499257
499258
499259
499260
499261
499262
499263
499264
499265
499266
499267
499268
499269
499270
499271
499272
499273
499275
499276
499278
499279
499281
499282
499285
499442
499443
499444
499445
499446
499447
499448
499449
499450
499451
499452
499453
499454
499455
499456
499457
499458
499459
499460
499461
499462
499463
499464
499465
499466
499467
499468
499469
499470
499471
499472
499473
499476
499633
499634
499635
499636
499637
499638
499639
499640
499641
499642
499643
499644
499645
499646
499647
499648
499649
499650
499651
499652
499653
499654
499655
499656
499657
499658
499659
499660
499661
499662
499663
499664
499665
499667
499824
499825
499826
499827
499828
499829
499830
499831
499832
499833
499834
499835
499836
499837
499838
499839
499840
499841
499842
499843
499844
499845
499846
499847
499848
499849
499850
499851
499852
499853
499854
499855
499856
500015
500017
500018
500019
500020
500021
500022
500023
500024
500025
500026
500027
500028
500029
500030
500031
500032
500033
500034
500035
500036
500037
500038
500039
500040
500041
500042
500043
500044
500209
500210
500211
500212
500213
500214
500215
500216
500217
500218
500219
500220
500221
500222
500223
500224
500225
500226
500227
500228
500229
500230
500231
500232
500400
500402
500403
500405
500406
500407
500408
500409
500411
500412
500414
500415
500417
500418
501752
501753
501755
501756
501759
501940
501941
501943
501944
501945
501946
501947
501948
501949
501950
501951
501953
502131
502132
502134
502135
502136
502137
502138
502139
502140
502141
502142
502143
502144
502145
502147
502322
502325
502327
502328
502329
502330
502331
502332
502333
502334
502335
502336
502339
502519
502521
502522
502524
502527
511036
511220
511221
511222
511223
511224
511226
511227
511229
511230
511233
511411
511412
511413
511414
511415
511416
511417
511418
511419
511420
511421
511423
511424
511426
511427
511430
511602
511603
511604
511605
511606
511607
511608
511609
511610
511611
511612
511613
511614
511615
511616
511617
511618
511620
511621
511623
511624
511626
511627
511630
511793
511794
511795
511796
511797
511798
511799
511800
511801
511802
511803
511804
511805
511806
511807
511808
511809
511810
511811
511812
511813
511814
511815
511817
511818
511820
511821
511824
511984
511985
511986
511987
511988
511989
511990
511991
511992
511993
511994
511995
511996
511997
511998
511999
512000
512001
512002
512003
512004
512005
512006
512007
512008
512009
512011
512012
512175
512176
512177
512178
512179
512180
512181
512182
512183
512184
512185
512186
512187
512188
512189
512190
512191
512192
512193
512194
512195
512196
512197
512198
512199
512200
512366
512367
512368
512369
512370
512371
512372
512373
512374
512375
512376
512377
512378
512379
512380
512381
512382
512383
512384
512385
512386
512387
512389
512557
512559
512560
512562
512563
512565
512566
512568
512569
512571
512572
512574
514103
514104
514106
514107
514108
514110
514111
514294
514295
514296
514297
514298
514299
514300
514301
514302
514304
514305
514485
514487
514488
514489
514490
514491
514492
514493
514494
514495
514496
514498
514499
514679
514681
514682
514684
514685
514687
514690
522989
522991
522992
522993
522994
522996
522997
523183
523184
523185
523187
523188
523374
523376
523377
523378
523379
523381
523382
523568
523570
523571
523572
523573
523574
523575
523578
523762
523763
523764
523765
523766
523768
523769
523771
523772
523775
523953
523954
523956
523957
523959
523960
523962
523963
523965
523966
523968
523969
523972
524144
524145
524146
524147
524148
524149
524150
524151
524152
524153
524154
524156
524157
524159
524160
524162
524163
524166
524335
524336
524337
524338
524339
524340
524341
524342
524343
524344
524345
524347
524348
524350
524351
524353
524354
524357
524523
524524
524525
524526
524527
524528
524529
524530
524531
524532
524533
524534
524535
524536
524538
524539
524541
524542
524544
524711
524712
524713
524714
524715
524716
524717
524719
524720
524722
524723
524726
524729
524899
524900
524901
524902
524903
524904
524906
524907
525087
525088
525089
525090
525091
525092
525093
525094
525095
525098
525278
525279
525280
525281
525282
525283
525285
525286
525469
525470
525471
525472
525473
525474
525477
525660
525662
525665
526266
526267
526268
526269
526270
526271
526272
526273
526274
526276
526277
526454
526455
526456
526457
526458
526459
526460
526461
526462
526463
526464
526465
526466
526467
526468
526470
526471
526645
526647
526648
526649
526650
526651
526652
526653
526654
526655
526656
526657
526658
526659
526660
526661
526662
526665
526839
526841
526842
526844
526845
526846
526847
526848
526849
526850
526853
527036
527038
527041
535140
535142
535143
535144
535145
535146
535147
535148
535149
535150
535151
535152
535153
535154
535155
535156
535157
535159
535160
535334
535335
535336
535337
535338
535339
535340
535341
535342
535343
535344
535345
535346
535347
535348
535350
535351
535525
535526
535527
535528
535529
535530
535531
535532
535533
535534
535535
535536
535537
535538
535539
535541
535542
535716
535718
535719
535720
535721
535722
535723
535724
535725
535726
535727
535728
535729
535730
535732
535910
535912
535913
535914
535915
535916
535918
535919
535920
535921
536106
536112
536300
536304
536305
536306
536307
536308
536311
536487
536488
536492
536493
536494
536495
536496
536497
536498
536499
536502
536674
536675
536676
536677
536678
536679
536680
536681
536682
536683
536684
536685
536686
536687
536688
536689
536690
536691
536862
536863
536864
536865
536866
536867
536868
536869
536870
536871
536872
536873
536874
536875
536876
536877
536878
536879
536881
536882
537053
537054
537055
537056
537057
537058
537059
537060
537061
537062
537063
537064
537065
537066
537067
537068
537069
537070
537073
537241
537242
537243
537244
537245
537246
537247
537248
537249
537250
537251
537252
537253
537254
537255
537256
537257
537258
537260
537261
537432
537433
537434
537435
537436
537437
537438
537439
537440
537441
537442
537443
537444
537445
537446
537447
537448
537449
537452
537623
537624
537625
537626
537627
537628
537629
537630
537631
537632
537633
537634
537635
537636
537637
537639
537640
537814
537816
537817
537818
537819
537820
537821
537822
537823
537824
537825
537826
537827
537828
537830
537831
538008
538010
538011
538013
538014
538015
538016
538017
538018
538019
538022
538205
538207
538210
538238
538239
538240
538241
538242
538243
538244
538245
538246
538247
538248
538249
538251
538252
538426
538427
538428
538429
538430
538431
538432
538433
538434
538435
538436
538437
538438
538439
538440
538441
538442
538443
538444
538445
538446
538447
538448
538449
538451
538452
538614
538615
538616
538617
538618
538619
538620
538621
538622
538623
538624
538625
538626
538627
538628
538629
538630
538631
538632
538633
538634
538635
538636
538637
538638
538639
538640
538642
538643
538805
538807
538808
538809
538810
538811
538812
538813
538814
538815
538816
538817
538818
538819
538820
538821
538822
538823
538824
538825
538826
538827
538828
538829
538830
538831
538833
538834
538999
539001
539002
539003
539004
539005
539006
539007
539008
539009
539010
539011
539012
539013
539014
539015
539016
539017
539018
539019
539020
539021
539022
539024
539025
539193
539195
539196
539198
539199
539200
539201
539202
539203
539204
539205
539206
539207
539208
539209
539210
539211
539212
539213
539216
539390
539392
539393
539395
539396
539398
539399
539401
539404
547297
547299
547300
547301
547302
547303
547304
547305
547306
547307
547308
547309
547310
547311
547312
547313
547314
547315
547316
547317
547319
547491
547492
547493
547494
547495
547496
547497
547498
547499
547500
547501
547502
547503
547504
547505
547506
547507
547510
547682
547685
547686
547687
547688
547689
547690
547691
547692
547693
547694
547695
547697
547698
547876
547877
547879
547880
547882
547883
547885
547886
547889
548067
548070
548071
548073
548074
548076
548077
548080
548261
548262
548264
548265
548266
548267
548268
548271
548449
548450
548451
548452
548453
548454
548455
548456
548457
548458
548459
548460
548461
548462
548463
548465
548640
548641
548642
548643
548644
548645
548646
548647
548648
548649
548650
548651
548652
548653
548654
548656
548657
548825
548826
548827
548828
548829
548830
548831
548832
548833
548834
548835
548836
548837
548838
548839
548840
548841
548842
548843
548844
548845
548846
548847
548848
548850
548851
549016
549017
549018
549019
549020
549021
549022
549023
549024
549025
549026
549027
549028
549029
549030
549031
549032
549033
549034
549035
549036
549037
549038
549039
549041
549042
549207
549208
549209
549210
549211
549212
549213
549214
549215
549216
549217
549218
549219
549220
549221
549222
549223
549224
549225
549226
549227
549228
549229
549230
549232
549233
549398
549399
549400
549401
549402
549403
549404
549405
549406
549407
549408
549409
549410
549411
549412
549413
549414
549415
549416
549417
549418
549419
549420
549421
549424
549589
549590
549591
549592
549593
549594
549595
549596
549597
549598
549599
549600
549601
549602
549603
549604
549605
549606
549607
549608
549609
549611
549612
549780
549781
549782
549783
549784
549785
549786
549787
549788
549789
549790
549791
549792
549793
549794
549795
549796
549797
549798
549799
549800
549802
549803
549971
549973
549974
549975
549976
549977
549978
549979
549980
549981
549982
549983
549984
549985
549986
549987
549988
549989
549990
549991
549993
549994
550035
550036
550165
550167
550168
550169
550170
550171
550172
550173
550174
550175
550176
550177
550178
550179
550180
550181
550182
550184
550185
550213
550214
550215
550216
550217
550218
550219
550220
550221
550222
550223
550224
550225
550226
550227
550229
550230
550359
550361
550362
550363
550364
550365
550366
550367
550368
550369
550370
550371
550372
550373
550376
550395
550396
550397
550398
550399
550400
550401
550402
550403
550404
550405
550406
550407
550408
550409
550410
550411
550412
550413
550414
550415
550416
550417
550418
550419
550420
550421
550423
550424
550553
550555
550556
550558
550559
550561
550564
550583
550584
550585
550586
550587
550588
550589
550590
550591
550592
550593
550594
550595
550596
550597
550598
550599
550600
550601
550602
550603
550604
550605
550606
550607
550608
550609
550610
550611
550612
550613
550614
550615
550617
550618
550774
550775
550776
550777
550778
550779
550780
550781
550782
550783
550784
550785
550786
550787
550788
550789
550790
550791
550792
550793
550794
550795
550796
550797
550798
550799
550800
550801
550802
550803
550804
550805
550806
550808
550809
550965
550966
550967
550968
550969
550970
550971
550972
550973
550974
550975
550976
550977
550978
550979
550980
550981
550982
550983
550984
550985
550986
550987
550988
550989
550990
550991
550992
550993
550994
550995
550996
550997
550999
551000
551156
551158
551159
551160
551161
551162
551163
551164
551165
551166
551167
551168
551169
551170
551171
551172
551173
551174
551175
551176
551177
551178
551179
551180
551181
551182
551183
551184
551185
551186
551187
551188
551190
551191
551350
551352
551353
551354
551355
551356
551357
551358
551359
551360
551361
551362
551363
551364
551365
551366
551367
551368
551369
551370
551371
551372
551373
551374
551375
551376
551377
551378
551379
551381
551382
551544
551546
551547
551549
551550
551552
551553
551554
551555
551556
551557
551558
551559
551560
551561
551562
551563
551564
551565
551566
551567
551568
551569
551570
551573
551744
551746
551747
551749
551750
551751
551752
551753
551754
551755
551756
551758
551761
551941
551943
551946
559457
559458
559460
559461
559462
559463
559464
559465
559466
559467
559469
559470
559472
559473
559648
559651
559654
559655
559657
559658
559660
559661
559845
559848
560425
560609
560610
560612
560613
560615
560616
560618
560619
560622
560794
560795
560797
560798
560799
560800
560801
560802
560803
560804
560805
560806
560807
560808
560809
560810
560811
560812
560813
560814
560816
560982
560983
560985
560986
560987
560988
560989
560990
560991
560992
560993
560994
560995
560996
560997
560998
560999
561000
561001
561002
561003
561004
561005
561006
561007
561008
561010
561173
561174
561175
561176
561177
561178
561179
561180
561181
561182
561183
561184
561185
561186
561187
561188
561189
561190
561191
561192
561193
561194
561195
561196
561197
561198
561199
561201
561202
561364
561365
561366
561367
561368
561369
561370
561371
561372
561373
561374
561375
561376
561377
561378
561379
561380
561381
561382
561383
561384
561385
561386
561387
561388
561389
561390
561392
561393
561555
561556
561557
561558
561559
561560
561561
561562
561563
561564
561565
561566
561567
561568
561569
561570
561571
561572
561573
561574
561575
561576
561577
561578
561579
561580
561581
561583
561584
561746
561749
561750
561751
561752
561753
561754
561755
561756
561757
561758
561759
561760
561761
561762
561763
561764
561765
561766
561767
561768
561769
561770
561771
561772
561774
561775
561940
561941
561942
561943
561944
561945
561946
561947
561948
561949
561950
561951
561952
561953
561954
561955
561956
561957
561958
561959
561960
561961
561962
561963
561965
561966
562131
562133
562134
562135
562136
562137
562138
562139
562140
562141
562142
562143
562144
562145
562146
562147
562148
562149
562150
562151
562152
562153
562154
562156
562157
562188
562189
562190
562191
562192
562193
562194
562195
562196
562198
562199
562325
562326
562327
562328
562329
562330
562331
562332
562333
562334
562335
562336
562337
562338
562339
562340
562341
562342
562343
562344
562345
562347
562348
562370
562371
562372
562373
562374
562375
562376
562377
562378
562379
562380
562381
562382
562383
562384
562385
562386
562387
562388
562389
562390
562392
562393
562516
562518
562519
562520
562521
562522
562523
562524
562525
562526
562527
562528
562529
562530
562531
562532
562533
562534
562535
562536
562538
562539
562552
562553
562554
562555
562556
562557
562558
562559
562560
562561
562562
562563
562564
562565
562566
562567
562568
562569
562570
562571
562572
562573
562574
562575
562576
562577
562578
562579
562580
562581
562582
562583
562584
562586
562710
562712
562713
562714
562715
562716
562717
562718
562719
562720
562721
562722
562723
562724
562725
562726
562727
562729
562730
562740
562741
562742
562743
562744
562745
562746
562747
562748
562749
562750
562751
562752
562753
562754
562755
562756
562757
562758
562759
562760
562761
562762
562763
562764
562765
562766
562767
562768
562769
562770
562771
562772
562773
562774
562775
562777
562904
562906
562907
562909
562910
562911
562912
562913
562914
562915
562916
562917
562918
562921
562928
562929
562930
562931
562932
562933
562934
562935
562936
562937
562938
562939
562940
562941
562942
562943
562944
562945
562946
562947
562948
562949
562950
562951
562952
562953
562954
562955
562956
562957
562958
562959
562960
562961
562962
562963
562964
562965
562966
562968
563101
563103
563104
563106
563109
563119
563121
563122
563123
563124
563125
563126
563127
563128
563129
563130
563131
563132
563133
563134
563135
563136
563137
563138
563139
563140
563141
563142
563143
563144
563145
563146
563147
563148
563149
563150
563151
563152
563153
563154
563155
563156
563157
563159
563313
563315
563316
563318
563319
563320
563321
563322
563323
563324
563325
563326
563327
563328
563329
563330
563331
563332
563333
563334
563335
563336
563337
563338
563339
563340
563341
563342
563343
563344
563345
563346
563347
563348
563350
563510
563512
563513
563514
563515
563516
563517
563518
563519
563520
563521
563522
563523
563524
563525
563526
563527
563528
563529
563530
563531
563532
563533
563534
563535
563536
563537
563538
563539
563541
563542
563704
563706
563707
563709
563710
563711
563712
563713
563714
563715
563716
563717
563718
563719
563720
563721
563722
563723
563724
563725
563726
563727
563728
563729
563730
563733
563901
563904
563906
563907
563909
563910
563911
563912
563913
563914
563915
563916
563918
563921
564101
564106
571620
572957
572958
572960
572961
572963
572964
572966
572967
572969
572970
572973
573145
573146
573148
573149
573150
573151
573152
573153
573154
573155
573156
573157
573158
573159
573160
573161
573162
573163
573164
573165
573167
573333
573334
573336
573337
573338
573339
573340
573341
573342
573343
573344
573345
573346
573347
573348
573349
573350
573351
573352
573353
573354
573355
573356
573357
573358
573359
573361
573524
573525
573527
573528
573529
573530
573531
573532
573533
573534
573535
573536
573537
573538
573539
573540
573541
573542
573543
573544
573545
573546
573547
573548
573549
573550
573552
573553
573715
573718
573719
573720
573721
573722
573723
573724
573725
573726
573727
573728
573729
573730
573731
573732
573733
573734
573735
573736
573737
573738
573739
573740
573741
573743
573744
573909
573910
573911
573912
573913
573914
573915
573916
573917
573918
573919
573920
573921
573922
573923
573924
573925
573926
573927
573928
573929
573930
573931
573932
573934
573935
574100
574101
574103
574104
574105
574106
574107
574108
574109
574110
574111
574112
574113
574114
574115
574116
574117
574118
574119
574120
574121
574122
574123
574125
574126
574291
574294
574295
574296
574297
574298
574299
574300
574301
574302
574303
574304
574305
574306
574307
574308
574309
574310
574311
574312
574313
574314
574316
574317
574345
574346
574347
574348
574349
574350
574351
574352
574353
574354
574355
574356
574358
574485
574486
574487
574488
574489
574490
574491
574492
574493
574494
574495
574496
574497
574498
574499
574500
574501
574502
574503
574504
574505
574506
574507
574508
574510
574511
574527
574528
574529
574530
574531
574532
574533
574534
574535
574536
574537
574538
574539
574540
574541
574542
574543
574544
574545
574546
574547
574548
574549
574550
574552
574676
574678
574679
574680
574681
574682
574683
574684
574685
574686
574687
574688
574689
574690
574691
574692
574693
574694
574695
574696
574697
574698
574699
574701
574702
574712
574713
574714
574715
574716
574717
574718
574719
574720
574721
574722
574723
574724
574725
574726
574727
574728
574729
574730
574731
574732
574733
574734
574735
574736
574737
574738
574739
574740
574741
574743
574744
574870
574871
574872
574873
574874
574875
574876
574877
574878
574879
574880
574881
574882
574883
574884
574885
574886
574887
574888
574889
574890
574891
574892
574893
574894
574895
574896
574897
574898
574899
574900
574901
574902
574903
574904
574905
574906
574907
574908
574909
574910
574911
574912
574913
574914
574915
574916
574917
574918
574919
574920
574921
574922
574923
574924
574925
574926
574927
574928
574929
574930
574931
574932
574934
574935
575061
575063
575064
575066
575067
575068
575069
575070
575071
575072
575073
575074
575075
575076
575077
575078
575079
575080
575081
575082
575083
575084
575085
575086
575087
575088
575089
575090
575091
575092
575093
575094
575095
575096
575097
575098
575099
575100
575101
575102
575103
575104
575105
575106
575107
575108
575109
575110
575111
575112
575113
575114
575115
575116
575117
575118
575119
575120
575121
575122
575123
575125
575126
575258
575260
575261
575263
575264
575265
575266
575267
575268
575269
575270
575271
575272
575273
575275
575276
575278
575279
575280
575281
575282
575283
575284
575285
575286
575287
575288
575289
575290
575291
575292
575293
575294
575295
575296
575297
575298
575299
575300
575301
575302
575303
575304
575305
575306
575307
575308
575309
575310
575311
575312
575313
575314
575316
575317
575455
575457
575458
575460
575463
575470
575472
575473
575475
575476
575477
575478
575479
575480
575481
575482
575483
575484
575485
575486
575487
575488
575489
575490
575491
575492
575493
575494
575495
575496
575497
575498
575499
575500
575501
575502
575503
575504
575505
575507
575667
575669
575670
575672
575673
575674
575675
575676
575677
575678
575679
575680
575681
575682
575683
575684
575685
575686
575687
575688
575689
575690
575691
575692
575694
575695
575697
575698
575701
575864
575866
575867
575869
575870
575872
575873
575874
575875
575876
575877
575878
575879
575880
575882
575883
575885
575886
575888
575889
576064
576067
576070
576073
576074
576076
585308
585309
585311
585312
585313
585314
585315
585316
585317
585318
585319
585320
585321
585324
585496
585497
585499
585500
585501
585502
585503
585504
585505
585506
585507
585508
585509
585510
585511
585512
585513
585514
585515
585516
585518
585687
585688
585689
585690
585691
585692
585693
585694
585695
585696
585697
585698
585699
585700
585701
585702
585703
585704
585705
585706
585707
585708
585709
585710
585712
585878
585879
585880
585881
585882
585883
585884
585885
585886
585887
585888
585889
585890
585891
585892
585893
585894
585895
585896
585897
585898
585899
585900
585901
585903
585904
586069
586072
586073
586074
586075
586076
586077
586078
586079
586080
586081
586082
586083
586084
586085
586086
586087
586088
586089
586090
586091
586092
586093
586094
586095
586097
586263
586264
586265
586266
586267
586268
586269
586270
586271
586272
586273
586274
586275
586276
586277
586278
586279
586280
586281
586282
586283
586284
586285
586286
586288
586454
586455
586456
586457
586458
586459
586460
586461
586462
586463
586464
586465
586466
586467
586468
586469
586470
586471
586472
586473
586474
586475
586476
586477
586479
586480
586505
586506
586507
586508
586509
586510
586511
586512
586515
586645
586646
586648
586649
586650
586651
586652
586653
586654
586655
586656
586657
586658
586659
586660
586661
586662
586663
586664
586665
586666
586667
586668
586670
586671
586687
586688
586690
586691
586692
586693
586694
586695
586696
586697
586698
586699
586700
586701
586702
586703
586704
586705
586706
586707
586709
586836
586839
586840
586841
586842
586843
586844
586845
586846
586847
586848
586849
586850
586851
586852
586853
586854
586855
586856
586857
586858
586859
586860
586861
586862
586864
586865
586869
586870
586871
586872
586873
586874
586875
586876
586877
586878
586879
586880
586881
586882
586883
586884
586885
586886
586887
586888
586889
586890
586891
586892
586893
586894
586895
586896
586897
586898
586899
586900
586901
586903
587030
587031
587032
587033
587034
587035
587036
587037
587038
587039
587040
587041
587042
587043
587044
587045
587046
587047
587048
587049
587050
587051
587052
587053
587054
587055
587056
587057
587058
587059
587060
587061
587062
587063
587064
587065
587066
587067
587068
587069
587070
587071
587072
587073
587074
587075
587076
587077
587078
587079
587080
587081
587082
587083
587084
587085
587086
587087
587088
587089
587090
587091
587092
587094
587221
587224
587225
587226
587227
587228
587229
587230
587231
587232
587233
587234
587235
587236
587237
587238
587239
587240
587241
587242
587243
587244
587245
587246
587247
587248
587249
587250
587251
587252
587253
587254
587255
587256
587257
587258
587259
587260
587261
587262
587263
587264
587265
587266
587267
587268
587269
587270
587271
587272
587273
587274
587275
587276
587277
587278
587279
587280
587281
587282
587283
587285
587415
587418
587420
587421
587422
587423
587424
587425
587426
587427
587428
587429
587430
587431
587432
587433
587434
587435
587436
587437
587438
587439
587440
587441
587442
587443
587444
587445
587446
587447
587448
587449
587450
587451
587452
587453
587454
587455
587456
587457
587458
587459
587460
587461
587462
587463
587464
587465
587466
587467
587468
587469
587470
587471
587472
587473
587474
587612
587614
587615
587617
587618
587619
587620
587621
587623
587624
587626
587627
587629
587630
587632
587633
587635
587636
587637
587638
587639
587640
587641
587642
587643
587644
587645
587646
587647
587648
587649
587650
587651
587652
587653
587654
587655
587656
587657
587658
587659
587660
587662
587811
587827
587830
587832
587833
587834
587835
587836
587837
587838
587839
587840
587841
587842
587843
587844
587845
587846
587847
588024
588027
588030
588033
597471
597472
597474
597475
597478
597659
597660
597662
597663
597665
597666
597667
597668
597669
597670
597671
597672
597675
597847
597848
597850
597851
597852
597853
597854
597855
597856
597857
597858
597859
597860
597861
597862
597863
597864
597865
597866
597867
597869
598038
598041
598042
598044
598045
598046
598047
598048
598049
598050
598051
598052
598053
598054
598055
598056
598057
598058
598059
598060
598061
598063
598232
598233
598235
598236
598237
598238
598239
598240
598241
598242
598243
598244
598245
598246
598247
598248
598249
598250
598251
598252
598254
598255
598423
598424
598426
598427
598428
598429
598430
598431
598432
598433
598434
598435
598436
598437
598438
598439
598440
598441
598442
598443
598445
598446
598614
598617
598618
598619
598620
598621
598622
598623
598624
598625
598626
598627
598628
598629
598630
598631
598632
598633
598634
598635
598636
598637
598639
598640
598665
598666
598669
598808
598809
598810
598811
598812
598813
598814
598815
598816
598817
598818
598819
598820
598821
598822
598823
598824
598825
598826
598827
598828
598830
598831
598850
598851
598853
598854
598855
598856
598857
598858
598859
598860
598861
598862
598863
598864
598866
598999
599000
599001
599002
599003
599004
599005
599006
599007
599008
599009
599010
599011
599012
599013
599014
599015
599016
599017
599018
599019
599020
599021
599022
599023
599024
599025
599026
599027
599028
599029
599030
599032
599033
599034
599035
599036
599037
599038
599039
599040
599041
599042
599043
599044
599045
599046
599047
599048
599049
599050
599051
599052
599053
599054
599055
599056
599057
599058
599060
599190
599192
599193
599194
599195
599196
599197
599198
599199
599200
599201
599202
599203
599204
599205
599206
599207
599208
599209
599210
599211
599212
599213
599214
599215
599216
599217
599218
599219
599220
599221
599222
599223
599224
599225
599226
599227
599228
599229
599230
599231
599232
599233
599234
599235
599236
599237
599238
599239
599240
599241
599242
599243
599244
599245
599246
599247
599248
599249
599251
599384
599386
599387
599388
599389
599390
599391
599392
599393
599394
599395
599396
599397
599398
599399
599400
599401
599402
599403
599404
599405
599406
599407
599408
599409
599410
599411
599412
599413
599414
599415
599416
599417
599418
599419
599420
599421
599422
599423
599424
599425
599426
599427
599428
599429
599430
599431
599432
599433
599434
599435
599436
599437
599438
599439
599440
599442
599578
599580
599581
599582
599583
599584
599585
599586
599587
599588
599589
599590
599591
599592
599593
599594
599595
599596
599597
599598
599599
599600
599601
599602
599603
599604
599605
599606
599607
599608
599609
599610
599611
599612
599613
599614
599615
599616
599617
599618
599619
599620
599621
599622
599623
599624
599625
599626
599627
599628
599629
599630
599631
599772
599775
599776
599777
599778
599779
599780
599781
599782
599783
599784
599785
599786
599787
599789
599790
599792
599793
599795
599796
599799
599800
599801
599802
599803
599804
599805
599806
599807
599808
599809
599810
599811
599812
599813
599814
599815
599816
599817
599819
599966
599969
599972
599977
599990
599993
599996
599999
600002
609825
609826
609829
610010
610013
610014
610016
610017
610019
610020
610022
610023
610026
610204
610205
610207
610208
610210
610211
610213
610214
610216
610217
610220
610395
610396
610398
610399
610401
610402
610404
610405
610406
610407
610408
610409
610410
610411
610414
610586
610587
610589
610590
610592
610593
610595
610596
610598
610599
610600
610601
610602
610603
610605
610777
610778
610780
610781
610783
610784
610785
610786
610787
610788
610789
610790
610791
610792
610793
610794
610795
610796
610797
610799
610968
610969
610971
610972
610973
610974
610975
610976
610977
610978
610979
610980
610981
610982
610983
610984
610985
610986
610987
610988
610990
610991
611013
611014
611016
611017
611019
611020
611023
611159
611160
611162
611163
611164
611165
611166
611167
611168
611169
611170
611171
611172
611173
611174
611175
611176
611177
611178
611179
611180
611181
611182
611183
611184
611185
611187
611188
611192
611193
611195
611196
611198
611199
611200
611201
611202
611203
611204
611205
611206
611207
611208
611209
611210
611211
611212
611213
611214
611215
611217
611350
611353
611354
611355
611356
611357
611358
611359
611360
611361
611362
611363
611364
611365
611366
611367
611368
611369
611370
611371
611372
611373
611374
611375
611376
611377
611378
611379
611380
611381
611382
611383
611384
611385
611386
611387
611388
611389
611390
611391
611392
611393
611394
611395
611396
611397
611398
611399
611400
611401
611402
611403
611404
611405
611406
611408
611544
611546
611547
611548
611549
611550
611551
611552
611553
611554
611555
611556
611557
611558
611559
611560
611561
611562
611563
611564
611565
611566
611567
611568
611569
611570
611571
611572
611573
611574
611575
611576
611577
611578
611579
611580
611581
611582
611583
611584
611585
611586
611587
611588
611589
611590
611591
611592
611593
611594
611595
611596
611597
611599
611738
611741
611743
611744
611745
611746
611747
611748
611749
611750
611751
611752
611753
611754
611755
611756
611757
611758
611759
611760
611761
611762
611763
611764
611765
611767
611768
611769
611771
611772
611773
611774
611775
611776
611777
611778
611779
611780
611781
611782
611783
611784
611785
611786
611787
611935
611938
611941
611943
611944
611945
611946
611947
611948
611949
611950
611952
611959
611962
611965
611968
611971
611974
612135
622564
622568
622758
622759
622762
622943
622944
622946
622947
622949
622950
622952
622953
622954
622956
622957
623131
623132
623134
623135
623137
623138
623139
623140
623141
623142
623143
623144
623145
623146
623147
623148
623150
623151
623322
623323
623325
623326
623327
623328
623329
623330
623331
623332
623333
623334
623335
623336
623337
623338
623339
623340
623341
623342
623343
623344
623345
623347
623348
623358
623359
623361
623362
623364
623365
623367
623368
623370
623371
623374
623513
623514
623516
623517
623518
623519
623520
623521
623522
623523
623524
623525
623526
623527
623528
623529
623530
623531
623532
623533
623534
623535
623536
623537
623538
623539
623540
623541
623543
623544
623546
623547
623549
623550
623551
623552
623553
623554
623555
623556
623558
623559
623561
623562
623565
623704
623707
623709
623710
623711
623712
623713
623714
623715
623716
623717
623718
623719
623720
623721
623722
623723
623724
623725
623726
623727
623728
623729
623730
623731
623732
623733
623734
623735
623737
623740
623741
623743
623744
623746
623747
623748
623749
623750
623751
623752
623753
623901
623904
623907
623909
623910
623911
623912
623913
623914
623915
623916
623917
623918
623919
623920
623921
623922
623931
623934
623937
623940
624101
624104
624107
635112
635113
635116
635297
635298
635300
635301
635302
635303
635304
635305
635306
635307
635308
635309
635310
635311
635313
635314
635485
635486
635488
635489
635490
635491
635492
635493
635494
635495
635496
635497
635498
635499
635500
635501
635502
635503
635504
635505
635507
635676
635677
635679
635680
635681
635682
635683
635684
635685
635686
635687
635688
635689
635690
635691
635692
635693
635694
635695
635696
635698
635709
635867
635870
635873
635876
635877
635879
635880
635882
635883
635885
635886
635888
635889
635906
636067
636070
636073
636076
647460
647461
647463
647464
647465
647466
647467
647468
647469
647470
647471
647473
647474
647648
647649
647651
647652
647653
647654
647655
647656
647657
647658
647659
647660
647661
647662
647664
647839
647842
647845
647848
647851
659623
659624
659626
659627
659629
659630
659811
659814
659817
897838
897839
897901
897902
897903
897904
897954
897955
897956
897965
897966
897967
897968
898017
898018
898019
898020
898021
898029
898030
898031
898081
898082
898083
898084
898085
898092
898093
898094
898095
898145
898146
898147
898148
898149
898150
898156
898157
898158
898159
898208
898209
898210
898211
898212
898213
898214
898220
898221
898222
898223
898273
898274
898275
898276
898277
898278
898280
898285
898286
898337
898338
898339
898340
898341
898342
898343
898344
898345
898401
898402
898403
898404
898405
898406
898407
898408
898409
898410
898466
898467
898468
898469
898470
898471
898472
898473
898474
898530
898531
898532
898533
898534
898535
898536
898537
898594
898595
898596
898597
898598
898599
898600
898601
898660
898661
898662
898663
898664
898665
898728
898792
488053
-488243
-488245
574700
-574704
-574705
490161
-502319
474360
-486518
-486519
486523
486711
-498681
-498682
498686
-498869
-498870
498874
-510837
-510845
-511028
-511030
-511032
-511033
-511217
-511219
522995
-523000
523186
-523190
-523191
498883
498886
-511042
-523371
-523373
451377
463345
-463535
514105
-526263
-526264
-538423
-538424
-538425
511816
523971
-523975
537072
537259
-537264
599798
611766
611953
-611956
511422
523577
-523581
499080
499083
-511239
-526283
538806
-538996
-538998
-524707
476099
500410
500413
500416
500419
500420
500422
500597
500598
500599
512388
512558
512567
512570
512573
512575
512576
512577
524545
524548
524718
524721
524724
524727
524730
524732
524733
524905
-524910
-524913
537071
450037
450040
-462198
-462199
-462200
-474355
-561743
501942
-514100
526852
527039
-527044
-353530
-353533
-353536
-353539
-353715
-353718
-353721
-353724
-353727
365318
-365323
-365326
365509
365510
-365514
-365517
365697
365698
-365702
-365705
-365708
-365866
365871
365874
365877
365880
365883
365885
365886
-365890
-365893
-365896
-366060
-366063
-366066
-366069
-366072
-366075
-366078
-366081
-366084
-366254
-366257
-366260
-366263
-366266
-366269
377290
-377294
-377295
-377298
377484
-377489
-377641
377675
-377680
377866
377867
-377871
-378021
378025
378054
378055
-378059
-378062
-378215
-378217
378219
378240
378242
378243
-378247
-378250
-378408
-378409
-378411
378413
378416
378419
378422
378425
378427
378428
-378432
-378435
-378602
-378605
-378608
-378611
-378614
-378617
-378620
-389414
389456
-389461
-389605
389647
-389652
-389796
389800
389838
-389843
-389990
-389992
390029
-390034
-390181
-390183
390220
390221
-390225
-390372
390406
390408
390409
-390413
-390416
-390563
390567
390593
390594
-390598
-390601
-390604
-390757
-390759
390761
390764
-390786
-390789
-390953
-390956
-401380
401384
-401574
401619
-401765
401810
-401815
-401956
402001
-402006
-402147
402192
-402197
-402338
402342
402383
-402388
-402532
402574
402575
-402579
-402723
402760
402762
402763
-402767
-402914
402918
402947
-402952
-402955
-403108
-413540
413544
-413734
413779
-413783
-413784
-413925
413973
-414116
414164
-414169
-414307
414355
-414360
-414498
414502
414546
-414551
-414692
414737
414738
-414742
-414883
414925
414926
-414930
-414933
-415074
415078
415113
-415118
-415121
-415268
-425700
425942
-425947
426133
-426137
-426138
426327
-426332
426518
-426523
426709
-426714
426900
-426905
427091
427092
-427096
-427234
427238
427277
427279
427280
-427284
-427287
-427428
427432
-427469
-427472
-427475
-429188
-429367
-429370
-429373
-429376
-429379
-429561
-429564
438105
438296
-438300
-438301
-438304
438490
-438495
438681
-438686
438872
-438877
439063
-439068
439254
-439259
439445
439446
-439450
439633
439634
-439638
-441140
-441142
-441331
-441333
441346
-441351
-441522
-441524
441526
441535
441537
441538
-441542
-441545
-441715
-441716
-441718
441720
441722
441723
-441727
-441730
-441733
-441909
-441912
-441915
-441918
-441921
-441924
450265
-450269
-450270
-450272
450462
450653
-450658
450844
-450849
451035
-451040
451226
-451231
451417
-451422
451608
451609
451796
451797
-451801
-453488
-453490
-453679
-453681
453703
453704
-453870
453874
453891
-453896
-454064
454068
454071
454074
454077
454080
454082
454083
-454087
-462238
462428
462430
-462432
462622
-462626
462816
463007
463198
-463203
463389
-463394
463580
463581
463768
-463773
463959
463960
-465454
-465645
-465836
465840
-466030
466034
-466224
466228
466231
466234
466237
466240
466243
466245
466246
-474392
-474395
474584
474585
474587
-474589
-474592
474781
474782
474784
-474786
474975
475361
475552
475553
475740
475931
475932
-477614
-477805
-477996
478391
478394
478397
478398
478400
478403
-486549
486738
486739
486741
-486743
-486746
486932
486935
486936
486938
-486940
487129
487130
487132
487320
487323
487511
-489774
-489965
-490156
490366
-490556
490560
498893
-498897
499087
499089
-499091
-499094
499277
499280
499283
499284
499286
499474
499475
499477
499666
499668
499859
-511436
-511439
511629
-511633
511823
512014
-513314
-513502
-513505
523576
523767
523955
-525466
-525468
525476
-525657
-525659
525661
525663
525664
-525668
-525850
-525853
-525856
-525859
-526047
-526050
535731
535733
535922
535923
535924
536110
-536114
536309
536500
537815
-538005
-538007
538009
538012
-538201
-538202
-538204
538206
538209
-538395
-538398
-538401
-538404
547318
547320
547508
547509
547511
547684
547696
547699
547700
547701
547702
547878
547881
547884
547887
547888
547890
-548064
548069
548072
548075
548078
548079
548081
548263
548269
548270
548272
-548274
548464
548466
548655
-548659
-549968
549972
-550162
550166
-550356
-550358
550360
-550550
-550552
550554
550557
550560
550563
550616
-550746
-550749
-550752
-550755
550807
-550943
-550946
550998
551189
551380
551571
551572
551745
551748
551757
551759
551760
-551938
551942
551944
551945
559459
559468
559471
559474
559475
559476
559477
559650
559652
559653
559656
559659
559662
559663
559664
559665
-559842
559846
559847
559849
559850
559851
559852
559853
-560234
-560419
-560421
-560422
560424
560426
-560428
-560431
-560604
-560606
-560607
560611
560614
560617
560620
560621
560623
-560625
-560791
-560792
560796
560815
560817
-560819
-560979
560984
561011
-561170
-561361
-562004
-562007
562132
562197
-562201
-562322
562391
-562395
-562513
562517
562587
-562707
562711
-562901
-562903
562905
562908
-563098
-563100
563102
563105
563158
-563297
563349
563540
563731
563732
563908
563917
563919
563920
-564098
564102
564104
564105
-571617
571621
571622
571623
571624
571625
-572767
-572770
-572773
-572776
-572779
-572782
-572954
-572955
572959
572962
572965
572968
572971
572972
572974
-572976
-573142
-573143
573147
573166
573168
-573170
-573330
573335
573362
-573521
573526
-573712
-574161
-574164
-574167
574357
574359
-574361
574551
574553
574677
574742
-574867
-575058
575062
575065
-575255
-575257
575259
575262
-575452
-575454
575456
575459
-575651
575700
575891
575892
576077
576079
576080
576264
576265
-585118
-585121
-585124
-585127
-585130
-585133
-585305
-585306
585310
585322
585323
585325
-585327
-585493
585498
585517
585519
-585521
-585684
585713
-586318
-586321
-586324
586513
586514
586516
-586518
586708
586710
-586712
586837
586902
586904
-587027
587093
587095
-587218
587222
587223
587286
-587412
587416
587417
587419
-587609
587613
587616
-587806
-587808
-597281
-597284
-597287
-597468
-597469
597473
597476
597477
597479
-597481
-597484
-597656
-597657
597661
597664
597673
597674
597676
-597678
-597844
597868
597870
-597872
598064
-598478
598667
598668
598670
-598672
-598675
598865
598867
-598869
599059
599061
599191
599250
599252
-599381
599385
599441
599443
-599575
599579
599634
-599769
599773
599774
-599963
599967
599968
599970
599971
599973
599974
-609635
-609638
-609820
-609822
-609823
609827
609828
609830
-609832
-609835
610025
610027
-610029
610219
-610223
-610826
-610829
-610832
611018
611021
611022
611024
-611026
611216
611218
-611347
611351
611352
611407
611409
-611541
611545
611598
611600
-611735
611739
611740
611742
611770
611789
-611932
611936
611937
611939
611940
611942
611955
-612132
612136
612137
612139
612140
-623177
-623180
-623183
623366
623369
623372
623373
623375
-623510
623515
623542
623545
623548
623557
623560
623563
623564
623566
-623701
623705
623706
623708
623736
623738
623739
623742
623745
623755
-623898
623902
623903
623905
623906
623908
623923
623924
623925
623927
-623928
623933
623936
623939
-624098
624102
624103
624105
624106
624108
624109
624110
624111
624112
635506
635508
-635673
635678
635697
635699
-635701
-635706
635710
635711
635712
635713
635714
-635716
-635719
-635864
635868
635869
635871
635872
635874
635875
635878
635881
635884
635887
635890
635891
635892
635893
-635903
635907
-636064
636068
636069
636071
636072
636074
636075
636077
636078
636079
636080
636081
647472
647650
647663
647665
-647836
647840
647841
647843
647844
647846
647847
647849
647850
647852
647853
647854
647855
647856
659628
659631
659632
659633
659634
-659808
659812
659813
659815
659816
659818
659819
659820
659821
659822
525097
525284
-525289
525475
-525480
-550580
-550582
514497
-514502
514688
-514693
-522985
-522986
-522988
-523179
523375
-523565
-523567
523569
-523758
-523759
-523761
-523950
-523952
-524141
-524332
-524333
-524334
-524519
-524520
-524521
-524522
536111
536298
536299
-536301
-536302
-536303
536486
-536489
-536490
-536491
-526477
526663
526664
-526668
526851
-526856
-526859
512010
512201
512392
524165
524356
524547
488078
500046
500233
425908
437876
-438066
-438067
450036
-450226
575693
575696
587661
587664
587848
502148
514303
-514307
-514308
453124
487859
-488049
-488051
490370
502338
502525
-502530
487890
499858
500045
476109
488077
488264
-353157
-353160
-353336
-353339
-353342
-353345
-353348
-353351
-353524
-353527
-353712
-364917
-365108
-365111
-365114
-365117
-365120
-365123
-365125
-365126
-365128
-365129
-365132
-365299
-365302
-365304
-365305
-365307
-365308
-365310
-365311
-365312
-365313
-365314
-365487
-365490
-365491
-365492
-365493
-365678
-365679
-365680
-365681
-365867
-365869
-377068
-377071
-377072
-377074
377075
-377079
-377080
-377082
-377083
-377085
-377086
-377088
-377091
-377094
-377097
-377100
-377259
-377262
-377263
-377265
-377450
-377453
-377454
-377455
-377456
-377642
-377644
-377833
-377834
-377835
-389223
-389225
389244
-389248
-389249
-389251
-389252
-389254
-389255
-389257
-389260
-389263
-389266
390591
390767
390770
390773
390776
390778
390779
-390783
401413
-401417
-401420
-401423
-401426
-401429
402927
402930
402933
402936
402939
402942
402945
402948
403112
403114
403115
413573
-413577
-413578
-413580
-413583
-413586
-413589
413739
413742
413930
413933
414121
414312
414503
415087
415090
415093
415096
415099
415102
415105
415108
415111
415114
415272
415274
415275
415276
425704
425705
425707
425710
425736
-425740
-425743
-425746
-425749
-425752
-425900
425905
-426091
-426092
426096
-426279
426284
426287
-426470
426475
-426661
426666
-426852
426857
-427043
427048
427239
427244
427247
427250
427253
427254
427256
427259
427262
427265
427268
427271
427274
427431
427433
-428985
-428988
-428991
-428994
-429176
-429179
-429182
-429185
-437863
437867
437868
437870
437871
437873
437896
-437900
-437903
-437906
-437909
-437912
-437915
-438254
438259
-438445
-438446
-438633
438638
-438824
438829
-439015
439020
-439206
439211
439214
439222
-439397
439401
439402
439404
439405
439407
439408
439409
439410
439411
-439412
439416
439419
439422
439425
439428
439431
439434
-439624
-439626
439628
439631
-440953
-440956
-440957
-440959
-440960
-440962
-440963
-440966
441152
-441156
-441157
-450029
450033
450034
450056
-450060
-450063
-450066
-450069
-450072
-450075
-450417
-450418
-450605
450610
-450796
-450987
450992
-451178
451182
451183
-451372
451376
451379
451382
-451572
-451574
451576
451579
451582
451585
451588
451591
-451781
-451783
451785
451788
451791
451794
-452925
-452928
-452931
-452934
-453110
-453112
-453113
-453114
-453297
-453299
453315
-453319
-453320
453509
-453513
462216
-462220
-462221
-462223
-462224
-462226
-462229
-462232
-462235
-462386
-462577
-462768
-462769
-462956
462960
462961
-463150
-463341
463539
-463729
463733
463736
463739
463742
463745
463748
-463937
-463938
-463940
463942
463945
463948
463951
463952
463954
463955
463957
463958
463961
-465082
-465085
-465086
-465088
-465089
-465091
-465094
-465267
-465269
-465270
-465271
465284
-465288
465478
465669
-465673
465863
465865
466054
466247
474381
474382
474384
-474386
-474389
-474546
-474737
-474928
474976
474978
-475119
475166
475167
475169
-475171
-475310
475357
475360
475363
-475501
475505
475545
475548
475551
475554
-475695
475699
475736
475739
475742
-475889
475893
475896
475899
475902
475920
475921
475923
475924
475926
475927
475929
475930
475933
-476088
-476091
-476092
-476094
476096
476102
476105
476107
476108
-477054
-477057
-477239
-477241
-477242
-477243
477247
477249
-477251
-477254
-477426
-477427
477444
477446
-477448
477638
477640
477829
478000
478020
-478024
-478190
478194
478195
478214
478215
478216
-478384
478388
478389
478392
478395
478402
478404
486532
486535
486536
486538
-486540
-486543
-486546
-486706
486732
-486897
-487088
-487279
487321
-487470
487512
487513
487514
-487661
487665
487700
487702
-487855
-487857
487889
487891
487892
487893
488076
-488242
488247
488250
488253
488256
488259
488262
488265
-488439
-489211
-489214
-489398
-489399
489403
489404
489406
-489408
-489411
-489586
-489587
489591
489601
489603
-489605
489779
489795
489797
-489799
489970
489989
489991
490160
490163
490180
490182
-490353
490357
490358
490360
490363
490371
490372
490373
490559
490561
498687
498689
-498691
-498694
-498697
-498703
498880
498887
498889
-498890
-498891
498895
-499057
499077
499086
-499248
499274
-499439
-499630
-499821
499857
-500012
500016
500047
-500206
-500208
500235
-500397
-500399
500401
500404
500423
-500594
-501562
-501565
-501568
-501749
-501750
501754
501757
501758
501760
-501762
-501937
501952
501954
-501956
-502128
502133
502146
502323
502324
502326
502337
-502516
502520
502523
502526
-510831
-510834
-511025
511035
511037
-511039
-511216
511228
511231
511232
511234
-511236
-511408
-511410
511425
511428
511429
511431
-511433
-511599
511622
511625
511628
511631
-511790
511819
511822
511825
-511981
512013
512015
512016
-512172
512202
512203
512204
-512363
-512365
512390
512391
-512553
-512554
-512556
512561
512564
-512741
-512744
-512747
-512929
-512932
-512935
-512938
-513120
-513123
-513126
-513311
-513317
-513913
-513916
-513919
514109
-514113
-514114
-514117
-514291
-514311
-514482
514486
-514505
-514676
514680
514683
514686
514689
-514878
-514881
-522982
522990
-523176
-523180
-523182
-523367
-523370
-523387
-523558
-523561
-523564
523579
-523584
-523752
-523755
523770
523773
523776
-523781
-523946
523958
523961
523964
523967
523970
523973
-524140
524155
524158
524161
524164
524167
-524328
524346
524349
524352
524355
524358
-524516
524537
524540
524543
524546
524549
-524704
-524708
-524709
-524710
524725
524728
524731
524734
-524896
-524897
-524898
-525083
525096
-525101
-525274
-525275
-525277
-525292
-525465
-525656
-525671
-525862
-526076
-526079
-526080
-526082
-526083
-526085
-526086
-526089
-526092
526275
-526279
-526280
-526286
-526289
-526292
-526451
526469
-526473
-526474
-526480
-526483
-526642
526646
-526671
-526674
-526836
526840
526843
-526862
-526865
-527033
-527035
527037
527040
-527047
-527050
-527053
-527056
-527232
-527235
-527238
-527241
-527244
-535137
-535139
535141
535158
-535331
-535333
535349
-535522
-535524
535540
-535713
535717
-535907
-535909
535911
-536101
-536103
536105
-536117
-536120
-536291
-536294
-536295
-536296
-536297
536310
536312
-536482
-536483
-536484
-536485
536501
536503
-536667
-536670
-536671
-536672
-536673
536692
536693
536694
-536858
-536859
-536861
536880
-537049
-537050
-537051
-537052
-537238
-537240
-537429
-537431
537450
537451
-537620
-537622
537638
-537643
-537811
-537813
537829
-537834
-537876
538020
538021
-538025
-538048
-538051
-538054
-538055
-538057
-538058
-538060
-538061
-538064
-538067
-538070
538208
-538213
-538216
-538235
-538236
-538237
538250
-538254
-538255
-538257
-538258
-538260
-538261
-538264
538450
-538455
-538458
-538611
538641
-538646
-538649
-538802
538832
-538837
-538840
539000
539023
-539028
-539031
-539190
-539192
539194
539197
539214
539215
-539219
-539222
-539386
-539387
-539389
539391
539394
539397
539400
539402
539403
-539407
-539410
-539413
-539586
-539589
-539592
-539595
-539598
-539601
-539783
-539786
-547294
547298
-547488
-547490
-547679
547683
-547873
548068
-548258
-548259
-548446
-548635
-548636
-548637
-548638
-548639
-548822
-548824
548849
-549013
-549015
549040
-549204
-549206
549231
-549395
-549397
549422
549423
-549586
-549588
549610
-549615
-549777
549801
-549806
-549844
549992
-549997
-550023
-550026
-550029
-550030
-550031
-550032
-550033
550034
-550038
-550039
550183
-550188
-550205
-550208
-550210
-550211
-550212
550228
-550232
-550233
550374
550375
-550379
-550392
-550393
-550394
550422
-550426
-550427
550562
-550567
-550570
-550758
-550761
-550770
-550771
-550773
-550949
-550961
-550962
-550964
-551153
-551155
551157
-551347
551351
-551541
551545
551548
551551
-551741
-551743
-559454
-559645
559649
561009
561200
561391
-561552
561582
561747
561748
561773
-561937
561964
-561998
-562001
-562128
562155
-562180
-562183
-562185
-562186
-562187
562346
-562351
-562362
-562365
-562367
-562368
-562369
562537
-562542
-562549
-562550
562585
562728
-562733
-562736
-562737
-562738
-562739
562776
562778
562919
562920
-562924
-562925
-562927
562967
562969
563107
563108
-563112
-563115
-563116
-563118
563120
563160
-563300
-563303
-563310
-563312
563314
563317
563351
-563507
-563509
563511
-563701
563705
563708
-563898
563902
563903
563905
564103
573360
573551
573716
573717
573742
-573906
573933
-573938
-574097
574102
574124
-574129
-574155
-574158
-574288
574292
574293
574315
-574319
-574320
-574337
-574340
-574342
-574343
-574482
574509
-574522
-574524
-574525
-574673
-574707
-574709
-574710
-574711
574933
575124
575274
575277
575315
575461
575462
-575466
-575467
-575469
575471
575474
575506
-575510
-575664
575668
575671
575699
575702
-575861
575865
575868
575871
575881
575884
575887
575890
575893
-576061
576065
576066
576068
576069
576071
576072
576075
576078
576081
-576261
576266
585711
-585875
585902
-585906
-586066
586070
586071
586096
586098
-586260
586287
586289
-586315
-586451
586478
-586497
-586500
-586502
-586503
-586642
586647
586669
-586673
-586679
-586682
-586684
-586685
586689
-586833
586838
586863
-586866
-586867
-586868
587284
587475
587477
587622
587625
587628
587631
587634
587665
587809
587810
-587814
-587817
-587824
587828
587829
587831
587849
587850
-588021
588025
588026
588028
588029
588031
588032
588034
588035
588036
588037
588038
597849
-598035
598039
598040
598043
598062
-598229
598234
598253
-598420
598425
598444
-598448
-598475
-598611
598615
598616
598638
-598660
-598662
-598663
-598805
598829
-598833
-598836
-598839
-598842
-598845
-598847
-598848
598852
-598996
599031
-599187
599632
599633
599788
599791
599794
599797
599818
599820
599821
599822
599975
599976
-599980
-599987
599991
599992
599994
599995
599997
599998
600000
600001
600003
600004
600005
600006
600007
-610007
610011
610012
610015
610018
610021
610024
-610201
610206
610209
610212
610215
610218
610221
-610392
610397
610400
610403
610412
610413
610415
-610583
610588
610591
610594
610597
610604
610606
-610608
-610774
610779
610782
610798
610800
-610823
-610965
610970
610989
-610993
-610996
-611002
-611005
-611008
-611010
-611011
611015
-611156
611161
611186
-611189
-611190
611194
611197
611788
611790
611791
611951
611954
611960
611961
611963
611964
611966
611967
611969
611970
611972
611973
611975
611976
611977
611978
611979
612138
-622374
-622377
-622561
622565
622566
622567
622569
-622571
-622753
-622755
-622756
622760
622761
622763
-622765
-622940
-622941
622945
622948
622951
622955
-622959
-623128
623133
623136
623149
-623153
-623154
-623156
-623168
-623171
-623174
-623319
623324
623346
-623350
-623353
-623355
-623356
623360
623363
623754
623756
623757
623926
623932
623935
623938
623941
623942
623943
623944
623945
-634922
-634925
-635107
-635109
-635110
635114
635115
635117
-635119
-635122
-635294
-635295
635299
635312
-635316
-635482
635487
-635519
-635522
635908
635909
635910
635911
-647270
-647273
-647276
-647279
-647282
-647457
-647458
647462
-647645
-659433
-659436
-659439
-659442
-659620
-659621
659625
-524895
-525084
-525086
535917
536104
-536107
-536108
-536109
511225
523380
-523384
575508
587476
587663
511619
523774
-523778
488266
500234
500421
)


// ************************************************************************* //
