/*--------------------------------*- C++ -*----------------------------------*\
  =========                 |
  \\      /  F ield         | OpenFOAM: The Open Source CFD Toolbox
   \\    /   O peration     | Website:  https://openfoam.org
    \\  /    A nd           | Version:  6
     \\/     M anipulation  |
\*---------------------------------------------------------------------------*/
FoamFile
{
    version     2.0;
    format      ascii;
    class       labelList;
    note        "nPoints:4720  nCells:3225  nFaces:11045  nInternalFaces:8305";
    location    "constant/region375/polyMesh";
    object      neighbour;
}
// * * * * * * * * * * * * * * * * * * * * * * * * * * * * * * * * * * * * * //


8305
(
1
6
36
7
37
3
9
43
4
10
44
5
11
45
6
12
46
7
13
47
48
9
15
53
10
16
54
11
17
55
12
18
56
13
19
57
58
15
64
16
65
17
66
18
67
19
68
69
21
91
22
30
98
23
31
99
24
32
100
25
33
101
26
34
102
27
35
103
28
36
104
29
37
105
38
106
31
41
112
32
42
113
33
43
114
34
44
115
35
45
116
36
46
117
37
47
118
38
48
119
39
49
120
50
121
41
51
125
42
52
126
43
53
127
44
54
128
45
55
129
46
56
130
47
57
131
48
58
132
49
59
133
50
60
134
61
135
52
63
138
53
64
139
54
65
140
55
66
141
56
67
142
57
68
143
58
69
144
59
70
145
60
71
146
61
72
147
148
63
150
64
73
151
65
74
152
66
75
153
67
76
154
68
77
155
69
78
156
70
79
157
71
80
158
72
81
159
160
74
164
75
82
165
76
83
166
77
84
167
78
85
168
79
86
169
80
87
170
81
171
172
83
177
84
178
85
179
86
180
87
181
182
89
95
193
90
96
194
91
97
195
92
98
196
93
99
197
94
100
198
101
199
96
109
203
97
110
204
98
111
205
99
112
206
100
113
207
101
114
208
102
115
209
103
116
210
104
117
211
105
118
212
106
119
213
107
120
214
108
121
215
122
216
110
123
218
111
124
219
112
125
220
113
126
221
114
127
222
115
128
223
116
129
224
117
130
225
118
131
226
119
132
227
120
133
228
121
134
229
122
135
230
136
231
124
233
125
137
234
126
138
235
127
139
236
128
140
237
129
141
238
130
142
239
131
143
240
132
144
241
133
145
242
134
146
243
135
147
244
136
148
245
149
246
138
150
249
139
151
250
140
152
251
141
153
252
142
154
253
143
155
254
144
156
255
145
157
256
146
158
257
147
159
258
148
160
259
149
161
260
162
261
151
163
264
152
164
265
153
165
266
154
166
267
155
167
268
156
168
269
157
169
270
158
170
271
159
171
272
160
172
273
161
173
274
162
174
275
276
164
175
278
165
176
279
166
177
280
167
178
281
168
179
282
169
180
283
170
181
284
171
182
285
172
183
286
173
184
287
174
288
289
176
292
177
185
293
178
186
294
179
187
295
180
188
296
181
189
297
182
190
298
183
191
299
184
300
301
186
306
187
307
188
308
189
309
190
310
191
311
312
193
318
194
203
319
195
204
320
196
205
321
197
206
322
198
207
323
199
208
324
200
209
325
201
210
326
202
211
327
212
328
204
218
329
205
219
330
206
220
331
207
221
332
208
222
333
209
223
334
210
224
335
211
225
336
212
226
337
213
227
338
214
228
339
215
229
340
216
230
341
217
231
342
232
343
219
233
344
220
234
345
221
235
346
222
236
347
223
237
348
224
238
349
225
239
350
226
240
351
227
241
352
228
242
353
229
243
354
230
244
355
231
245
356
232
246
357
247
358
234
248
360
235
249
361
236
250
362
237
251
363
238
252
364
239
253
365
240
254
366
241
255
367
242
256
368
243
257
369
244
258
370
245
259
371
246
260
372
247
261
373
262
374
249
263
376
250
264
377
251
265
378
252
266
379
253
267
380
254
268
381
255
269
382
256
270
383
257
271
384
258
272
385
259
273
386
260
274
387
261
275
388
262
276
389
277
390
264
392
265
278
393
266
279
394
267
280
395
268
281
396
269
282
397
270
283
398
271
284
399
272
285
400
273
286
401
274
287
402
275
288
403
276
289
404
277
290
405
291
406
279
292
408
280
293
409
281
294
410
282
295
411
283
296
412
284
297
413
285
298
414
286
299
415
287
300
416
288
301
417
289
302
418
290
303
419
291
304
420
421
293
305
423
294
306
424
295
307
425
296
308
426
297
309
427
298
310
428
299
311
429
300
312
430
301
313
431
302
314
432
303
315
433
304
434
435
306
437
307
316
438
308
317
439
309
440
310
441
311
442
312
443
313
444
314
445
315
446
447
317
450
451
319
452
320
329
453
321
330
454
322
331
455
323
332
456
324
333
457
325
334
458
326
335
459
327
336
460
328
337
461
338
462
330
344
331
345
332
346
464
333
347
465
334
348
466
335
349
467
336
350
468
337
351
469
338
352
470
339
353
471
340
354
472
341
355
473
342
356
474
343
357
475
358
476
345
360
346
361
347
362
478
348
363
479
349
364
480
350
365
481
351
366
482
352
367
483
353
368
484
354
369
485
355
370
486
356
371
487
357
372
488
358
373
489
359
374
490
375
491
361
376
362
377
492
363
378
493
364
379
494
365
380
495
366
381
496
367
382
497
368
383
498
369
384
499
370
385
500
371
386
501
372
387
502
373
388
503
374
389
504
375
390
505
391
506
377
392
378
393
508
379
394
509
380
395
510
381
396
511
382
397
512
383
398
513
384
399
514
385
400
515
386
401
516
387
402
517
388
403
518
389
404
519
390
405
520
391
406
521
407
522
393
394
408
524
395
409
525
396
410
526
397
411
527
398
412
528
399
413
529
400
414
530
401
415
531
402
416
532
403
417
533
404
418
534
405
419
535
406
420
536
407
421
537
422
538
409
423
540
410
424
541
411
425
542
412
426
543
413
427
544
414
428
545
415
429
546
416
430
547
417
431
548
418
432
549
419
433
550
420
434
551
421
435
552
422
436
553
554
424
437
556
425
438
557
426
439
558
427
440
559
428
441
560
429
442
561
430
443
562
431
444
563
432
445
564
433
446
565
434
447
566
435
448
567
436
449
568
569
438
572
439
450
573
440
451
574
441
575
442
576
443
577
444
578
445
579
446
580
447
581
448
582
449
583
584
451
587
453
454
588
455
589
456
464
590
457
465
591
458
466
592
459
467
593
460
468
594
461
469
595
462
470
596
463
471
597
472
598
465
478
466
479
467
480
599
468
481
600
469
482
601
470
483
602
471
484
603
472
485
604
473
486
605
474
487
606
475
488
607
476
489
608
477
490
609
491
610
479
493
480
494
612
481
495
613
482
496
614
483
497
615
484
498
616
485
499
617
486
500
618
487
501
619
488
502
620
489
503
621
490
504
622
491
505
623
506
624
493
508
494
509
495
510
626
496
511
627
497
512
628
498
513
629
499
514
630
500
515
631
501
516
632
502
517
633
503
518
634
504
519
635
505
520
636
506
521
637
507
522
638
523
639
509
524
510
525
641
511
526
642
512
527
643
513
528
644
514
529
645
515
530
646
516
531
647
517
532
648
518
533
649
519
534
650
520
535
651
521
536
652
522
537
653
523
538
654
539
655
525
540
526
541
657
527
542
658
528
543
659
529
544
660
530
545
661
531
546
662
532
547
663
533
548
664
534
549
665
535
550
666
536
551
667
537
552
668
538
553
669
539
554
670
555
671
541
556
542
557
673
543
558
674
544
559
675
545
560
676
546
561
677
547
562
678
548
563
679
549
564
680
550
565
681
551
566
682
552
567
683
553
568
684
554
569
685
555
570
686
571
687
557
572
558
573
689
559
574
690
560
575
691
561
576
692
562
577
693
563
578
694
564
579
695
565
580
696
566
581
697
567
582
698
568
583
699
569
584
700
570
585
701
571
586
702
703
573
574
587
705
575
706
576
707
577
708
578
579
709
580
710
581
711
582
712
583
713
584
714
585
715
586
716
717
589
590
591
739
592
740
593
599
741
594
600
742
595
601
743
596
602
744
597
603
745
598
604
746
605
747
600
613
748
601
614
749
602
615
750
603
616
751
604
617
752
605
618
753
606
619
754
607
620
755
608
621
756
609
622
757
610
623
758
611
624
759
625
760
613
626
614
627
761
615
628
762
616
629
763
617
630
764
618
631
765
619
632
766
620
633
767
621
634
768
622
635
769
623
636
770
624
637
771
625
638
772
639
773
627
642
776
628
643
777
629
644
778
630
645
779
631
646
780
632
647
781
633
648
782
634
649
783
635
650
784
636
651
785
637
652
786
638
653
787
639
654
788
640
655
789
656
790
642
657
643
658
792
644
659
793
645
660
794
646
661
795
647
662
796
648
663
797
649
664
798
650
665
799
651
666
800
652
667
801
653
668
802
654
669
803
655
670
804
656
671
805
672
806
658
673
659
674
808
660
675
809
661
676
810
662
677
811
663
678
812
664
679
813
665
680
814
666
681
815
667
682
816
668
683
817
669
684
818
670
685
819
671
686
820
672
687
821
688
822
674
689
675
690
824
676
691
825
677
692
826
678
693
827
679
694
828
680
695
829
681
696
830
682
697
831
683
698
832
684
699
833
685
700
834
686
701
835
687
702
836
688
703
837
704
838
690
705
691
706
692
707
840
693
708
841
694
842
695
709
843
696
710
844
697
711
845
698
712
846
699
713
847
700
714
848
701
715
849
702
716
850
703
717
851
704
718
852
719
853
706
707
708
710
855
711
856
712
857
713
858
714
859
715
860
716
861
717
720
862
718
721
863
719
722
864
865
721
868
722
869
870
724
727
877
725
728
878
726
729
879
730
880
728
732
883
729
733
884
730
734
885
731
735
886
736
887
733
890
734
737
891
735
738
892
736
893
894
738
899
900
740
741
742
748
743
749
910
744
750
911
745
751
912
746
752
913
747
753
914
754
915
749
761
916
750
762
917
751
763
918
752
764
919
753
765
920
754
766
921
755
767
922
756
768
923
757
769
924
758
770
925
759
771
926
760
772
927
773
928
762
777
930
763
778
931
764
779
932
765
780
933
766
781
934
767
782
935
768
783
936
769
784
937
770
785
938
771
786
939
772
787
940
773
788
941
774
789
942
775
790
943
791
944
777
792
778
793
945
779
794
946
780
795
947
781
796
948
782
797
949
783
798
950
784
799
951
785
800
952
786
801
953
787
802
954
788
803
955
789
804
956
790
805
957
791
806
958
807
959
793
808
961
794
809
962
795
810
963
796
811
964
797
812
965
798
813
966
799
814
967
800
815
968
801
816
969
802
817
970
803
818
971
804
819
972
805
820
973
806
821
974
807
822
975
823
976
809
824
810
825
978
811
826
979
812
827
980
813
828
981
814
829
982
815
830
983
816
831
984
817
832
985
818
833
986
819
834
987
820
835
988
821
836
989
822
837
990
823
838
991
839
992
825
826
840
994
827
841
995
828
842
996
829
843
997
830
844
998
831
845
999
832
846
1000
833
847
1001
834
848
1002
835
849
1003
836
850
1004
837
851
1005
838
852
1006
839
853
1007
854
1008
841
842
1010
843
1011
844
855
1012
845
856
1013
846
857
1014
847
858
1015
848
859
1016
849
860
1017
850
861
1018
851
862
1019
852
863
1020
853
864
1021
854
865
1022
866
1023
856
1026
857
1027
858
1028
859
1029
860
1030
861
1031
862
867
1032
863
868
1033
864
869
1034
865
870
1035
866
871
1036
1037
868
1039
869
1040
870
1041
871
1042
1043
873
878
1046
874
879
1047
875
880
1048
881
1049
877
882
1051
878
883
1052
879
884
1053
880
885
1054
881
886
1055
887
1056
883
889
1059
884
890
1060
885
891
1061
886
892
1062
887
893
1063
888
894
1064
895
1065
890
897
1067
891
898
1068
892
899
1069
893
900
1070
894
901
1071
895
902
1072
896
903
1073
1074
898
1075
899
904
1076
900
905
1077
901
906
1078
902
907
1079
903
908
1080
909
1081
905
1083
906
1084
907
1085
908
1086
909
1087
1088
911
917
1091
912
918
1092
913
919
1093
914
920
1094
915
921
1095
922
1096
917
930
1099
918
931
1100
919
932
1101
920
933
1102
921
934
1103
922
935
1104
923
936
1105
924
937
1106
925
938
1107
926
939
1108
927
940
1109
928
941
1110
929
942
1111
943
931
945
1112
932
946
1113
933
947
1114
934
948
1115
935
949
1116
936
950
1117
937
951
1118
938
952
1119
939
953
1120
940
954
1121
941
955
1122
942
956
1123
943
957
1124
944
958
1125
959
1126
946
962
1127
947
963
1128
948
964
1129
949
965
1130
950
966
1131
951
967
1132
952
968
1133
953
969
1134
954
970
1135
955
971
1136
956
972
1137
957
973
1138
958
974
1139
959
975
1140
960
976
1141
977
1142
962
963
978
1143
964
979
1144
965
980
1145
966
981
1146
967
982
1147
968
983
1148
969
984
1149
970
985
1150
971
986
1151
972
987
1152
973
988
1153
974
989
1154
975
990
1155
976
991
1156
977
992
1157
993
1158
979
994
1159
980
995
1160
981
996
1161
982
997
1162
983
998
1163
984
999
1164
985
1000
1165
986
1001
1166
987
1002
1167
988
1003
1168
989
1004
1169
990
1005
1170
991
1006
1171
992
1007
1172
993
1008
1173
1009
1174
995
1176
996
1010
1177
997
1011
1178
998
1012
1179
999
1013
1180
1000
1014
1181
1001
1015
1182
1002
1016
1183
1003
1017
1184
1004
1018
1185
1005
1019
1186
1006
1020
1187
1007
1021
1188
1008
1022
1189
1009
1023
1190
1024
1191
1011
1193
1012
1025
1194
1013
1026
1195
1014
1027
1196
1015
1028
1197
1016
1029
1198
1017
1030
1199
1018
1031
1200
1019
1032
1201
1020
1033
1202
1021
1034
1203
1022
1035
1204
1023
1036
1205
1024
1037
1206
1207
1026
1208
1027
1209
1028
1210
1029
1211
1030
1212
1031
1213
1032
1038
1214
1033
1039
1215
1034
1040
1216
1035
1041
1217
1036
1042
1218
1037
1043
1219
1044
1220
1039
1224
1040
1225
1041
1226
1042
1043
1044
1046
1052
1230
1047
1053
1231
1048
1054
1232
1049
1055
1233
1056
1234
1051
1058
1235
1052
1059
1236
1053
1060
1237
1054
1061
1238
1055
1062
1239
1056
1063
1240
1057
1064
1241
1065
1242
1059
1066
1243
1060
1067
1244
1061
1068
1245
1062
1069
1246
1063
1070
1247
1064
1071
1248
1065
1072
1249
1073
1250
1067
1251
1068
1075
1252
1069
1076
1253
1070
1077
1254
1071
1078
1255
1072
1079
1256
1073
1080
1257
1074
1081
1258
1082
1076
1259
1077
1083
1260
1078
1084
1261
1079
1085
1262
1080
1086
1263
1081
1087
1264
1082
1088
1265
1089
1266
1084
1267
1085
1268
1086
1269
1087
1270
1088
1271
1089
1272
1091
1099
1092
1100
1273
1093
1101
1274
1094
1102
1275
1095
1103
1276
1096
1104
1277
1097
1105
1278
1098
1106
1107
1100
1112
1279
1101
1113
1280
1102
1114
1281
1103
1115
1282
1104
1116
1283
1105
1117
1284
1106
1118
1285
1107
1119
1286
1108
1120
1287
1109
1121
1288
1110
1122
1289
1111
1123
1124
1113
1127
1290
1114
1128
1291
1115
1129
1292
1116
1130
1293
1117
1131
1294
1118
1132
1295
1119
1133
1296
1120
1134
1297
1121
1135
1298
1122
1136
1299
1123
1137
1300
1124
1138
1301
1125
1139
1302
1126
1140
1141
1128
1143
1303
1129
1144
1304
1130
1145
1305
1131
1146
1306
1132
1147
1307
1133
1148
1308
1134
1149
1309
1135
1150
1310
1136
1151
1311
1137
1152
1312
1138
1153
1313
1139
1154
1314
1140
1155
1315
1141
1156
1316
1142
1157
1158
1144
1159
1317
1145
1160
1318
1146
1161
1319
1147
1162
1320
1148
1163
1321
1149
1164
1322
1150
1165
1323
1151
1166
1324
1152
1167
1325
1153
1168
1326
1154
1169
1327
1155
1170
1328
1156
1171
1329
1157
1172
1330
1158
1173
1174
1160
1176
1331
1161
1177
1332
1162
1178
1333
1163
1179
1334
1164
1180
1335
1165
1181
1336
1166
1182
1337
1167
1183
1338
1168
1184
1339
1169
1185
1340
1170
1186
1341
1171
1187
1342
1172
1188
1343
1173
1189
1344
1174
1190
1175
1191
1192
1177
1345
1178
1193
1346
1179
1194
1347
1180
1195
1348
1181
1196
1349
1182
1197
1350
1183
1198
1351
1184
1199
1352
1185
1200
1353
1186
1201
1354
1187
1202
1355
1188
1203
1356
1189
1204
1357
1190
1205
1191
1206
1192
1207
1194
1358
1195
1208
1359
1196
1209
1360
1197
1210
1361
1198
1211
1362
1199
1212
1363
1200
1213
1364
1201
1214
1365
1202
1215
1366
1203
1216
1367
1204
1217
1368
1205
1218
1369
1206
1219
1207
1220
1221
1209
1370
1210
1371
1211
1372
1212
1373
1213
1222
1374
1214
1223
1375
1215
1224
1376
1216
1225
1377
1217
1226
1378
1218
1219
1220
1221
1223
1382
1224
1383
1225
1384
1226
1385
1228
1231
1387
1232
1230
1236
1388
1231
1237
1389
1232
1238
1390
1233
1239
1391
1234
1240
1392
1241
1236
1243
1393
1237
1244
1394
1238
1245
1395
1239
1246
1396
1240
1247
1397
1241
1248
1398
1242
1249
1399
1250
1244
1251
1400
1245
1252
1401
1246
1253
1402
1247
1254
1403
1248
1255
1404
1249
1256
1405
1250
1257
1406
1258
1407
1252
1408
1253
1259
1409
1254
1260
1410
1255
1261
1411
1256
1262
1412
1257
1263
1413
1258
1264
1414
1265
1415
1260
1261
1267
1416
1262
1268
1417
1263
1269
1418
1264
1270
1419
1265
1271
1420
1266
1272
1421
1268
1269
1270
1271
1272
1422
1274
1280
1275
1281
1423
1276
1282
1424
1277
1283
1278
1284
1285
1280
1290
1281
1291
1425
1282
1292
1426
1283
1293
1427
1284
1294
1428
1285
1295
1429
1286
1296
1430
1287
1297
1288
1298
1431
1289
1299
1300
1291
1303
1432
1292
1304
1433
1293
1305
1434
1294
1306
1435
1295
1307
1436
1296
1308
1437
1297
1309
1438
1298
1310
1439
1299
1311
1440
1300
1312
1441
1301
1313
1302
1314
1315
1304
1317
1442
1305
1318
1443
1306
1319
1444
1307
1320
1445
1308
1321
1446
1309
1322
1447
1310
1323
1448
1311
1324
1449
1312
1325
1450
1313
1326
1451
1314
1327
1452
1315
1328
1453
1316
1329
1330
1318
1331
1454
1319
1332
1455
1320
1333
1456
1321
1334
1457
1322
1335
1458
1323
1336
1459
1324
1337
1460
1325
1338
1461
1326
1339
1462
1327
1340
1463
1328
1341
1464
1329
1342
1465
1330
1343
1344
1332
1345
1466
1333
1346
1467
1334
1347
1468
1335
1348
1469
1336
1349
1470
1337
1350
1471
1338
1351
1472
1339
1352
1473
1340
1353
1474
1341
1354
1475
1342
1355
1476
1343
1356
1477
1344
1357
1346
1478
1347
1358
1479
1348
1359
1480
1349
1360
1481
1350
1361
1482
1351
1362
1483
1352
1363
1484
1353
1364
1485
1354
1365
1486
1355
1366
1487
1356
1367
1488
1357
1368
1489
1369
1359
1491
1360
1370
1492
1361
1371
1493
1362
1372
1494
1363
1373
1495
1364
1374
1496
1365
1375
1497
1366
1376
1498
1367
1377
1499
1368
1378
1500
1369
1371
1502
1372
1379
1503
1373
1380
1504
1374
1381
1505
1375
1382
1506
1376
1383
1507
1377
1384
1508
1378
1385
1509
1380
1512
1381
1513
1382
1514
1383
1515
1384
1516
1385
1517
1387
1389
1390
1389
1394
1390
1395
1519
1391
1396
1520
1392
1397
1521
1398
1394
1400
1395
1401
1522
1396
1402
1523
1397
1403
1524
1398
1404
1525
1399
1405
1526
1406
1401
1408
1402
1409
1527
1403
1410
1528
1404
1411
1529
1405
1412
1530
1406
1413
1531
1407
1414
1532
1415
1409
1410
1533
1411
1416
1534
1412
1417
1535
1413
1418
1536
1414
1419
1537
1415
1420
1538
1421
1417
1418
1539
1419
1540
1420
1541
1421
1422
1424
1426
1427
1426
1433
1427
1434
1542
1428
1435
1429
1436
1430
1437
1438
1440
1433
1442
1543
1434
1443
1544
1435
1444
1545
1436
1445
1546
1437
1446
1547
1438
1447
1439
1448
1440
1449
1441
1450
1451
1443
1454
1548
1444
1455
1549
1445
1456
1550
1446
1457
1551
1447
1458
1552
1448
1459
1553
1449
1460
1554
1450
1461
1451
1462
1452
1463
1453
1464
1465
1455
1466
1555
1456
1467
1556
1457
1468
1557
1458
1469
1558
1459
1470
1559
1460
1471
1560
1461
1472
1561
1462
1473
1562
1463
1474
1563
1464
1475
1564
1465
1476
1477
1467
1478
1565
1468
1479
1566
1469
1480
1567
1470
1481
1568
1471
1482
1569
1472
1483
1570
1473
1484
1571
1474
1485
1572
1475
1486
1573
1476
1487
1574
1477
1488
1575
1489
1479
1490
1576
1480
1491
1577
1481
1492
1578
1482
1493
1579
1483
1494
1580
1484
1495
1581
1485
1496
1582
1486
1497
1583
1487
1498
1584
1488
1499
1585
1489
1500
1586
1491
1587
1492
1501
1588
1493
1502
1589
1494
1503
1590
1495
1504
1591
1496
1505
1592
1497
1506
1593
1498
1507
1594
1499
1508
1595
1500
1509
1596
1502
1510
1598
1503
1511
1599
1504
1512
1600
1505
1513
1601
1506
1514
1602
1507
1515
1603
1508
1516
1604
1509
1517
1605
1511
1607
1512
1608
1513
1518
1609
1514
1610
1515
1611
1516
1612
1517
1520
1523
1521
1524
1525
1523
1527
1524
1528
1613
1525
1529
1614
1526
1530
1615
1531
1528
1533
1529
1534
1616
1530
1535
1617
1531
1536
1618
1532
1537
1619
1538
1534
1535
1620
1536
1539
1621
1537
1540
1622
1538
1541
1623
1624
1540
1625
1541
1626
1627
1545
1544
1548
1636
1545
1549
1546
1550
1547
1551
1552
1549
1555
1638
1550
1556
1639
1551
1557
1640
1552
1558
1553
1559
1554
1560
1561
1556
1565
1641
1557
1566
1642
1558
1567
1643
1559
1568
1644
1560
1569
1645
1561
1570
1562
1571
1563
1572
1564
1573
1574
1566
1576
1646
1567
1577
1647
1568
1578
1648
1569
1579
1649
1570
1580
1650
1571
1581
1651
1572
1582
1652
1573
1583
1574
1584
1575
1585
1586
1577
1587
1653
1578
1588
1654
1579
1589
1655
1580
1590
1656
1581
1591
1657
1582
1592
1658
1583
1593
1659
1584
1594
1660
1585
1595
1586
1596
1588
1597
1661
1589
1598
1662
1590
1599
1663
1591
1600
1664
1592
1601
1665
1593
1602
1666
1594
1603
1667
1595
1604
1668
1596
1605
1598
1606
1670
1599
1607
1671
1600
1608
1672
1601
1609
1673
1602
1610
1674
1603
1611
1675
1604
1612
1676
1605
1677
1607
1680
1608
1681
1609
1682
1610
1683
1611
1684
1612
1685
1614
1616
1615
1617
1701
1618
1702
1617
1620
1705
1618
1621
1706
1619
1622
1707
1623
1708
1621
1711
1622
1625
1712
1623
1626
1713
1624
1627
1714
1628
1715
1626
1718
1627
1719
1628
1720
1721
1630
1728
1631
1632
1729
1633
1730
1633
1634
1735
1635
1736
1635
1741
1636
1637
1742
1638
1743
1638
1748
1639
1641
1749
1640
1642
1643
1642
1646
1754
1643
1647
1644
1648
1645
1649
1650
1647
1653
1648
1654
1649
1655
1650
1656
1651
1657
1652
1658
1659
1654
1661
1758
1655
1662
1759
1656
1663
1760
1657
1664
1658
1665
1659
1666
1660
1667
1668
1662
1670
1763
1663
1671
1764
1664
1672
1765
1665
1673
1666
1674
1667
1675
1668
1676
1677
1670
1679
1769
1671
1680
1770
1672
1681
1771
1673
1682
1772
1674
1683
1675
1684
1676
1685
1677
1679
1687
1776
1680
1688
1777
1681
1778
1682
1779
1683
1684
1685
1687
1690
1782
1688
1691
1783
1692
1784
1690
1693
1789
1691
1694
1790
1692
1695
1791
1792
1694
1696
1796
1695
1697
1797
1698
1798
1697
1699
1803
1698
1700
1804
1805
1700
1809
1810
1702
1706
1825
1703
1707
1826
1704
1708
1827
1709
1828
1706
1711
1834
1707
1712
1835
1708
1713
1836
1709
1714
1837
1710
1715
1838
1716
1839
1712
1844
1713
1718
1845
1714
1719
1846
1715
1720
1847
1716
1721
1848
1717
1722
1849
1850
1719
1854
1720
1855
1721
1723
1856
1722
1724
1857
1858
1724
1864
1865
1726
1877
1727
1732
1878
1728
1733
1879
1729
1734
1880
1730
1735
1881
1731
1736
1882
1737
1883
1733
1738
1885
1734
1739
1886
1735
1740
1887
1736
1741
1888
1737
1742
1889
1743
1890
1739
1744
1892
1740
1745
1893
1741
1746
1894
1742
1747
1895
1743
1748
1896
1749
1897
1745
1898
1746
1750
1899
1747
1751
1900
1748
1752
1901
1749
1753
1902
1754
1751
1904
1752
1755
1905
1753
1906
1754
1756
1907
1909
1911
1915
1759
1763
1917
1760
1764
1765
1767
1920
1763
1769
1922
1764
1770
1923
1765
1771
1772
1767
1774
1927
1768
1775
1928
1769
1776
1929
1770
1777
1930
1771
1778
1931
1772
1779
1932
1774
1780
1935
1775
1781
1936
1776
1782
1937
1777
1783
1938
1778
1784
1939
1779
1785
1940
1786
1941
1781
1788
1944
1782
1789
1945
1783
1790
1946
1784
1791
1947
1785
1792
1948
1786
1793
1949
1950
1788
1794
1952
1789
1795
1953
1790
1796
1954
1791
1797
1955
1792
1798
1956
1793
1799
1957
1800
1958
1795
1801
1961
1796
1802
1962
1797
1803
1963
1798
1804
1964
1799
1805
1965
1800
1806
1966
1967
1802
1807
1969
1803
1808
1970
1804
1809
1971
1805
1810
1972
1806
1811
1973
1812
1974
1808
1977
1809
1813
1978
1810
1814
1979
1811
1815
1980
1812
1816
1981
1817
1982
1814
1986
1815
1987
1816
1818
1988
1817
1819
1989
1990
1819
2000
2001
1821
1826
2005
1822
1827
2006
1823
1828
2007
1824
1829
2008
1830
2009
1826
1835
2019
1827
1836
2020
1828
1837
2021
1829
1838
2022
1830
1839
2023
1831
1840
2024
1832
1841
2025
1833
1842
2026
1843
2027
1835
1844
2030
1836
1845
2031
1837
1846
2032
1838
1847
2033
1839
1848
2034
1840
1849
2035
1841
1850
2036
1842
1851
2037
1843
1852
2038
1853
2039
1845
2042
1846
1854
2043
1847
1855
2044
1848
1856
2045
1849
1857
2046
1850
1858
2047
1851
1859
2048
1852
1860
2049
1853
1861
2050
1862
2051
1855
2055
1856
1863
2056
1857
1864
2057
1858
1865
2058
1859
1866
2059
1860
1867
2060
1861
1868
2061
1862
1869
2062
1870
2063
1864
2067
1865
2068
1866
1871
2069
1867
1872
2070
1868
1873
2071
1869
1874
2072
1870
1875
2073
2074
1872
2079
1873
2080
1874
2081
1875
2082
2083
1877
2095
1878
1884
2096
1879
1885
2097
1880
1886
2098
1881
1887
2099
1882
1888
2100
1883
1889
2101
1890
1885
1891
2103
1886
1892
2104
1887
1893
2105
1888
1894
2106
1889
1895
2107
1890
1896
1897
1892
1893
1898
2108
1894
1899
2109
1895
1900
2110
1896
1901
1897
1902
1899
1903
1900
1904
1901
1905
1902
1906
1907
1904
1905
1908
1906
1909
1907
1910
1911
1909
1913
1910
1914
2111
1911
1915
1916
1913
1918
2112
1914
1919
2113
1915
1920
2114
1916
1921
2115
1917
1922
2116
1923
1919
1926
2119
1920
1927
2120
1921
1928
2121
1922
1929
2122
1923
1930
2123
1931
2124
1925
1933
2126
1926
1934
2127
1927
1935
2128
1928
1936
2129
1929
1937
2130
1930
1938
2131
1931
1939
2132
1932
1940
2133
1941
2134
1934
1942
2136
1935
1943
2137
1936
1944
2138
1937
1945
2139
1938
1946
2140
1939
1947
2141
1940
1948
2142
1941
1949
2143
1950
2144
1943
1951
2146
1944
1952
2147
1945
1953
2148
1946
1954
2149
1947
1955
2150
1948
1956
2151
1949
1957
2152
1950
1958
2153
1959
2154
1952
1960
2156
1953
1961
2157
1954
1962
2158
1955
1963
2159
1956
1964
2160
1957
1965
2161
1958
1966
2162
1959
1967
2163
2164
1961
1968
2166
1962
1969
2167
1963
1970
2168
1964
1971
2169
1965
1972
2170
1966
1973
2171
1967
1974
2172
1975
2173
1969
1976
2175
1970
1977
2176
1971
1978
2177
1972
1979
2178
1973
1980
2179
1974
1981
2180
1975
1982
2181
1983
2182
1977
2184
1978
1985
2185
1979
1986
2186
1980
1987
2187
1981
1988
2188
1982
1989
2189
1983
1990
2190
1991
2191
1996
2195
1986
2197
1987
1998
2198
1988
1999
2199
1989
2000
2200
1990
2001
2201
1991
2002
2202
2003
2203
1993
2007
2206
1994
2008
2207
1995
2009
2208
1996
2010
2209
1997
2011
2210
2012
2211
1999
2214
2000
2014
2215
2001
2015
2216
2002
2016
2217
2003
2017
2218
2219
2005
2019
2222
2006
2020
2223
2007
2021
2224
2008
2022
2225
2009
2023
2226
2010
2024
2227
2011
2025
2228
2012
2026
2229
2013
2027
2230
2028
2231
2015
2234
2016
2235
2017
2236
2237
2019
2030
2241
2020
2031
2242
2021
2032
2243
2022
2033
2244
2023
2034
2245
2024
2035
2246
2025
2036
2247
2026
2037
2248
2027
2038
2249
2028
2039
2250
2029
2040
2251
2041
2252
2031
2042
2261
2032
2043
2262
2033
2044
2263
2034
2045
2264
2035
2046
2265
2036
2047
2266
2037
2048
2267
2038
2049
2268
2039
2050
2269
2040
2051
2270
2041
2052
2271
2053
2272
2043
2054
2278
2044
2055
2279
2045
2056
2280
2046
2057
2281
2047
2058
2282
2048
2059
2283
2049
2060
2284
2050
2061
2285
2051
2062
2286
2052
2063
2287
2053
2064
2288
2065
2289
2055
2291
2056
2066
2292
2057
2067
2293
2058
2068
2294
2059
2069
2295
2060
2070
2296
2061
2071
2297
2062
2072
2298
2063
2073
2299
2064
2074
2300
2065
2075
2301
2076
2302
2067
2303
2068
2077
2304
2069
2078
2305
2070
2079
2306
2071
2080
2307
2072
2081
2308
2073
2082
2309
2074
2083
2310
2075
2084
2311
2076
2085
2312
2086
2313
2078
2314
2079
2315
2080
2316
2081
2087
2317
2082
2088
2318
2083
2089
2319
2084
2090
2320
2085
2091
2321
2086
2092
2322
2323
2088
2325
2089
2326
2090
2093
2327
2091
2094
2328
2092
2329
2330
2094
2331
2332
2096
2102
2097
2103
2333
2098
2104
2334
2099
2105
2100
2106
2101
2107
2103
2104
2105
2108
2106
2109
2107
2110
2109
2110
2114
2113
2119
2114
2120
2115
2121
2116
2122
2123
2118
2126
2119
2127
2335
2120
2128
2336
2121
2129
2337
2122
2130
2338
2123
2131
2339
2124
2132
2340
2133
2126
2135
2127
2136
2341
2128
2137
2342
2129
2138
2343
2130
2139
2344
2131
2140
2345
2132
2141
2346
2133
2142
2347
2134
2143
2348
2144
2136
2145
2349
2137
2146
2350
2138
2147
2351
2139
2148
2352
2140
2149
2353
2141
2150
2354
2142
2151
2355
2143
2152
2356
2144
2153
2357
2154
2358
2146
2155
2359
2147
2156
2360
2148
2157
2361
2149
2158
2362
2150
2159
2363
2151
2160
2364
2152
2161
2365
2153
2162
2366
2154
2163
2367
2164
2368
2156
2165
2369
2157
2166
2370
2158
2167
2371
2159
2168
2372
2160
2169
2373
2161
2170
2374
2162
2171
2375
2163
2172
2376
2164
2173
2377
2174
2378
2166
2167
2175
2379
2168
2176
2380
2169
2177
2381
2170
2178
2382
2171
2179
2383
2172
2180
2384
2173
2181
2385
2174
2182
2386
2183
2387
2176
2184
2388
2177
2185
2389
2178
2186
2390
2179
2187
2391
2180
2188
2392
2181
2189
2393
2182
2190
2394
2183
2191
2395
2192
2396
2185
2397
2186
2197
2398
2187
2198
2399
2188
2199
2400
2189
2200
2401
2190
2201
2402
2191
2202
2403
2192
2203
2404
2204
2405
2194
2208
2407
2195
2209
2408
2196
2210
2409
2211
2410
2198
2213
2411
2199
2214
2412
2200
2215
2413
2201
2216
2414
2202
2217
2415
2203
2218
2416
2204
2219
2417
2220
2418
2206
2224
2421
2207
2225
2422
2208
2226
2423
2209
2227
2424
2210
2228
2425
2211
2229
2426
2212
2230
2427
2231
2428
2214
2429
2215
2233
2430
2216
2234
2431
2217
2235
2432
2218
2236
2433
2219
2237
2434
2220
2238
2435
2239
2436
2222
2241
2438
2223
2242
2439
2224
2243
2440
2225
2244
2441
2226
2245
2442
2227
2246
2443
2228
2247
2444
2229
2248
2445
2230
2249
2446
2231
2250
2447
2232
2251
2448
2252
2234
2449
2235
2253
2450
2236
2254
2451
2237
2255
2452
2238
2256
2453
2239
2257
2454
2258
2455
2241
2260
2459
2242
2261
2460
2243
2262
2461
2244
2263
2462
2245
2264
2463
2246
2265
2464
2247
2266
2465
2248
2267
2466
2249
2268
2467
2250
2269
2468
2251
2270
2469
2252
2271
2470
2272
2254
2472
2255
2473
2256
2273
2474
2257
2274
2475
2258
2275
2476
2477
2260
2276
2480
2261
2277
2481
2262
2278
2482
2263
2279
2483
2264
2280
2484
2265
2281
2485
2266
2282
2486
2267
2283
2487
2268
2284
2488
2269
2285
2489
2270
2286
2490
2271
2287
2491
2272
2288
2492
2289
2274
2494
2275
2495
2496
2277
2500
2278
2290
2501
2279
2291
2502
2280
2292
2503
2281
2293
2504
2282
2294
2505
2283
2295
2506
2284
2296
2507
2285
2297
2508
2286
2298
2509
2287
2299
2510
2288
2300
2511
2289
2301
2512
2302
2291
2517
2292
2518
2293
2303
2519
2294
2304
2520
2295
2305
2521
2296
2306
2522
2297
2307
2523
2298
2308
2524
2299
2309
2525
2300
2310
2526
2301
2311
2527
2302
2312
2528
2313
2304
2530
2305
2314
2531
2306
2315
2532
2307
2316
2533
2308
2317
2534
2309
2318
2535
2310
2319
2536
2311
2320
2537
2312
2321
2538
2313
2322
2539
2323
2540
2315
2541
2316
2542
2317
2324
2543
2318
2325
2544
2319
2326
2545
2320
2327
2546
2321
2328
2547
2322
2329
2548
2323
2330
2549
2550
2325
2326
2551
2327
2552
2328
2331
2553
2329
2332
2554
2330
2555
2556
2332
2557
2334
2336
2342
2337
2343
2338
2344
2339
2345
2340
2346
2347
2342
2350
2343
2351
2558
2344
2352
2559
2345
2353
2560
2346
2354
2561
2347
2355
2562
2348
2356
2563
2357
2350
2359
2351
2360
2564
2352
2361
2565
2353
2362
2566
2354
2363
2567
2355
2364
2568
2356
2365
2569
2357
2366
2570
2358
2367
2571
2368
2360
2369
2361
2370
2572
2362
2371
2573
2363
2372
2574
2364
2373
2575
2365
2374
2576
2366
2375
2577
2367
2376
2578
2368
2377
2579
2378
2580
2370
2371
2379
2581
2372
2380
2582
2373
2381
2583
2374
2382
2584
2375
2383
2585
2376
2384
2586
2377
2385
2587
2378
2386
2588
2387
2589
2380
2388
2590
2381
2389
2591
2382
2390
2592
2383
2391
2593
2384
2392
2594
2385
2393
2595
2386
2394
2596
2387
2395
2597
2396
2598
2389
2397
2390
2398
2600
2391
2399
2601
2392
2400
2602
2393
2401
2603
2394
2402
2604
2395
2403
2605
2396
2404
2606
2405
2607
2398
2399
2411
2609
2400
2412
2610
2401
2413
2611
2402
2414
2612
2403
2415
2613
2404
2416
2614
2405
2417
2615
2418
2616
2407
2423
2618
2408
2424
2619
2409
2425
2620
2410
2426
2621
2427
2412
2429
2622
2413
2430
2623
2414
2431
2624
2415
2432
2625
2416
2433
2626
2417
2434
2627
2418
2435
2628
2419
2436
2629
2437
2630
2421
2440
2631
2422
2441
2632
2423
2442
2633
2424
2443
2634
2425
2444
2635
2426
2445
2636
2427
2446
2637
2428
2447
2638
2448
2430
2639
2431
2449
2640
2432
2450
2641
2433
2451
2642
2434
2452
2643
2435
2453
2644
2436
2454
2645
2437
2455
2646
2456
2647
2439
2460
2650
2440
2461
2651
2441
2462
2652
2442
2463
2653
2443
2464
2654
2444
2465
2655
2445
2466
2656
2446
2467
2657
2447
2468
2658
2448
2469
2659
2470
2660
2450
2471
2661
2451
2472
2662
2452
2473
2663
2453
2474
2664
2454
2475
2665
2455
2476
2666
2456
2477
2667
2457
2478
2668
2458
2479
2669
2459
2480
2670
2460
2481
2671
2461
2482
2672
2462
2483
2673
2463
2484
2674
2464
2485
2675
2465
2486
2676
2466
2487
2677
2467
2488
2678
2468
2489
2679
2469
2490
2680
2470
2491
2681
2492
2682
2472
2683
2473
2684
2474
2493
2685
2475
2494
2686
2476
2495
2687
2477
2496
2688
2478
2497
2689
2479
2498
2690
2480
2499
2691
2481
2500
2692
2482
2501
2693
2483
2502
2694
2484
2503
2695
2485
2504
2696
2486
2505
2697
2487
2506
2698
2488
2507
2699
2489
2508
2700
2490
2509
2701
2491
2510
2702
2492
2511
2703
2512
2704
2494
2706
2495
2707
2496
2513
2708
2497
2514
2709
2498
2515
2710
2499
2711
2500
2712
2501
2516
2713
2502
2517
2714
2503
2518
2715
2504
2519
2716
2505
2520
2717
2506
2521
2718
2507
2522
2719
2508
2523
2720
2509
2524
2721
2510
2525
2722
2511
2526
2723
2512
2527
2724
2528
2725
2514
2727
2515
2728
2729
2517
2732
2518
2733
2519
2529
2734
2520
2530
2735
2521
2531
2736
2522
2532
2737
2523
2533
2738
2524
2534
2739
2525
2535
2740
2526
2536
2741
2527
2537
2742
2528
2538
2743
2539
2530
2745
2531
2746
2532
2541
2747
2533
2542
2748
2534
2543
2749
2535
2544
2750
2536
2545
2751
2537
2546
2752
2538
2547
2539
2548
2540
2549
2550
2542
2753
2543
2754
2544
2755
2545
2551
2756
2546
2552
2757
2547
2553
2548
2554
2549
2555
2550
2556
2552
2553
2554
2555
2557
2556
2559
2565
2560
2566
2758
2561
2567
2759
2562
2568
2760
2563
2569
2570
2565
2572
2566
2573
2761
2567
2574
2762
2568
2575
2763
2569
2576
2764
2570
2577
2765
2571
2578
2766
2579
2573
2581
2767
2574
2582
2768
2575
2583
2769
2576
2584
2770
2577
2585
2771
2578
2586
2772
2579
2587
2773
2580
2588
2774
2589
2582
2590
2775
2583
2591
2776
2584
2592
2777
2585
2593
2778
2586
2594
2779
2587
2595
2780
2588
2596
2781
2589
2597
2782
2598
2783
2591
2592
2600
2784
2593
2601
2785
2594
2602
2786
2595
2603
2787
2596
2604
2788
2597
2605
2789
2598
2606
2790
2599
2607
2791
2608
2601
2609
2792
2602
2610
2793
2603
2611
2794
2604
2612
2795
2605
2613
2796
2606
2614
2797
2607
2615
2798
2608
2616
2799
2617
2610
2622
2800
2611
2623
2801
2612
2624
2802
2613
2625
2803
2614
2626
2804
2615
2627
2805
2616
2628
2806
2617
2629
2807
2630
2808
2619
2634
2809
2620
2635
2810
2621
2636
2637
2623
2639
2624
2640
2811
2625
2641
2812
2626
2642
2813
2627
2643
2814
2628
2644
2815
2629
2645
2816
2630
2646
2817
2647
2818
2632
2652
2633
2653
2819
2634
2654
2820
2635
2655
2821
2636
2656
2822
2637
2657
2823
2638
2658
2824
2659
2640
2641
2661
2825
2642
2662
2826
2643
2663
2827
2644
2664
2828
2645
2665
2829
2646
2666
2830
2647
2667
2831
2648
2668
2832
2669
2833
2650
2671
2835
2651
2672
2836
2652
2673
2837
2653
2674
2838
2654
2675
2839
2655
2676
2840
2656
2677
2841
2657
2678
2842
2658
2679
2843
2659
2680
2844
2660
2681
2845
2682
2662
2683
2846
2663
2684
2847
2664
2685
2848
2665
2686
2849
2666
2687
2850
2667
2688
2851
2668
2689
2852
2669
2690
2853
2670
2691
2854
2671
2692
2855
2672
2693
2856
2673
2694
2857
2674
2695
2858
2675
2696
2859
2676
2697
2860
2677
2698
2861
2678
2699
2862
2679
2700
2863
2680
2701
2864
2681
2702
2865
2682
2703
2866
2704
2684
2685
2705
2867
2686
2706
2868
2687
2707
2869
2688
2708
2870
2689
2709
2871
2690
2710
2872
2691
2711
2873
2692
2712
2874
2693
2713
2875
2694
2714
2876
2695
2715
2877
2696
2716
2878
2697
2717
2879
2698
2718
2880
2699
2719
2881
2700
2720
2882
2701
2721
2883
2702
2722
2884
2703
2723
2885
2704
2724
2886
2725
2706
2707
2887
2708
2726
2888
2709
2727
2889
2710
2728
2890
2711
2729
2891
2712
2730
2892
2713
2731
2893
2714
2732
2894
2715
2733
2895
2716
2734
2896
2717
2735
2897
2718
2736
2898
2719
2737
2899
2720
2738
2900
2721
2739
2901
2722
2740
2902
2723
2741
2903
2724
2742
2904
2725
2743
2905
2727
2906
2728
2907
2729
2744
2908
2730
2909
2731
2910
2732
2911
2733
2912
2734
2913
2735
2745
2914
2736
2746
2915
2737
2747
2916
2738
2748
2917
2739
2749
2918
2740
2750
2919
2741
2751
2920
2742
2752
2921
2743
2922
2924
2746
2747
2927
2748
2753
2928
2749
2754
2929
2750
2755
2930
2751
2756
2931
2752
2757
2932
2754
2755
2756
2757
2759
2762
2760
2763
2764
2762
2768
2763
2769
2764
2770
2933
2765
2771
2934
2766
2772
2773
2768
2775
2769
2776
2935
2770
2777
2936
2771
2778
2937
2772
2779
2938
2773
2780
2939
2774
2781
2940
2782
2776
2777
2784
2778
2785
2941
2779
2786
2942
2780
2787
2943
2781
2788
2944
2782
2789
2945
2783
2790
2946
2791
2785
2792
2786
2793
2947
2787
2794
2948
2788
2795
2949
2789
2796
2950
2790
2797
2951
2791
2798
2952
2799
2953
2793
2800
2794
2801
2954
2795
2802
2955
2796
2803
2956
2797
2804
2957
2798
2805
2958
2799
2806
2959
2807
2960
2801
2802
2811
2961
2803
2812
2962
2804
2813
2963
2805
2814
2964
2806
2815
2965
2807
2816
2966
2808
2817
2967
2818
2968
2810
2821
2822
2812
2825
2969
2813
2826
2970
2814
2827
2971
2815
2828
2972
2816
2829
2973
2817
2830
2974
2818
2831
2975
2832
2976
2820
2839
2821
2840
2977
2822
2841
2978
2823
2842
2979
2824
2843
2980
2844
2826
2846
2981
2827
2847
2982
2828
2848
2983
2829
2849
2984
2830
2850
2985
2831
2851
2986
2832
2852
2987
2833
2853
2988
2834
2854
2989
2835
2855
2990
2836
2856
2837
2857
2991
2838
2858
2992
2839
2859
2993
2840
2860
2994
2841
2861
2995
2842
2862
2996
2843
2863
2997
2844
2864
2998
2845
2865
2999
2866
2847
3000
2848
2867
3001
2849
2868
3002
2850
2869
3003
2851
2870
3004
2852
2871
3005
2853
2872
3006
2854
2873
3007
2855
2874
3008
2856
2875
3009
2857
2876
3010
2858
2877
3011
2859
2878
3012
2860
2879
3013
2861
2880
3014
2862
2881
3015
2863
2882
3016
2864
2883
3017
2865
2884
3018
2866
2885
3019
2886
2868
3020
2869
2887
3021
2870
2888
3022
2871
2889
3023
2872
2890
3024
2873
2891
3025
2874
2892
3026
2875
2893
3027
2876
2894
3028
2877
2895
3029
2878
2896
3030
2879
2897
3031
2880
2898
3032
2881
2899
3033
2882
2900
3034
2883
2901
3035
2884
2902
3036
2885
2903
3037
2886
2904
3038
2905
2888
3039
2889
2906
3040
2890
2907
3041
2891
2908
3042
2892
2909
3043
2893
2910
3044
2894
2911
3045
2895
2912
3046
2896
2913
3047
2897
2914
3048
2898
2915
3049
2899
2916
3050
2900
2917
3051
2901
2918
3052
2902
2919
3053
2903
2920
3054
2904
2921
3055
2905
2922
3056
2907
2908
2923
3057
2909
2924
3058
2910
2925
3059
2911
2926
3060
2912
3061
2913
3062
2914
3063
2915
2916
2927
3064
2917
2928
3065
2918
2929
3066
2919
2930
3067
2920
2931
3068
2921
2932
3069
2922
3070
2924
2925
2926
3071
2928
2929
2930
2931
2932
2934
2937
2938
2936
2937
2941
2938
2942
2939
2943
2940
2944
2945
2942
2947
2943
2948
2944
2949
2945
2950
2946
2951
2952
2948
2954
2949
2955
2950
2956
2951
2957
3073
2952
2958
3074
2953
2959
2960
2955
2961
2956
2962
2957
2963
2958
2964
2959
2965
3075
2960
2966
3076
2967
2962
2969
2963
2970
2964
2971
3077
2965
2972
3078
2966
2973
3079
2967
2974
3080
2968
2975
3081
2976
2970
2981
2971
2982
3082
2972
2983
3083
2973
2984
3084
2974
2985
3085
2975
2986
3086
2976
2987
3087
2988
3088
2978
2995
2979
2996
2980
2997
2998
2982
3000
2983
3001
3089
2984
3002
3090
2985
3003
3091
2986
3004
3092
2987
3005
3093
2988
3006
3094
2989
3007
3095
2990
3008
3096
3009
3097
2992
3011
2993
3012
2994
3013
3098
2995
3014
3099
2996
3015
3100
2997
3016
3101
2998
3017
3102
2999
3018
3103
3019
3001
3002
3020
3104
3003
3021
3105
3004
3022
3106
3005
3023
3107
3006
3024
3108
3007
3025
3109
3008
3026
3110
3009
3027
3111
3010
3028
3112
3011
3029
3113
3012
3030
3114
3013
3031
3115
3014
3032
3116
3015
3033
3117
3016
3034
3118
3017
3035
3119
3018
3036
3120
3019
3037
3121
3038
3021
3122
3022
3039
3123
3023
3040
3124
3024
3041
3125
3025
3042
3126
3026
3043
3127
3027
3044
3128
3028
3045
3129
3029
3046
3130
3030
3047
3131
3031
3048
3132
3032
3049
3133
3033
3050
3134
3034
3051
3135
3035
3052
3136
3036
3053
3137
3037
3054
3138
3038
3055
3139
3056
3040
3041
3140
3042
3057
3141
3043
3058
3142
3044
3059
3143
3045
3060
3144
3046
3061
3145
3047
3062
3146
3048
3063
3147
3049
3148
3050
3064
3051
3065
3149
3052
3066
3150
3053
3067
3151
3054
3068
3152
3055
3069
3153
3056
3070
3058
3059
3060
3154
3061
3071
3155
3062
3072
3156
3063
3157
3065
3066
3067
3068
3069
3070
3072
3074
3075
3076
3079
3080
3078
3083
3079
3084
3080
3085
3081
3086
3158
3087
3159
3083
3089
3084
3090
3085
3091
3160
3086
3092
3161
3087
3093
3162
3088
3094
3163
3095
3164
3090
3104
3091
3105
3166
3092
3106
3167
3093
3107
3168
3094
3108
3169
3095
3109
3170
3096
3110
3171
3097
3111
3172
3112
3173
3099
3116
3100
3117
3101
3118
3102
3119
3103
3120
3121
3105
3122
3106
3123
3174
3107
3124
3175
3108
3125
3176
3109
3126
3177
3110
3127
3178
3111
3128
3179
3112
3129
3180
3113
3130
3181
3114
3131
3115
3132
3116
3133
3117
3134
3182
3118
3135
3183
3119
3136
3120
3137
3121
3138
3139
3123
3124
3184
3125
3140
3185
3126
3141
3186
3127
3142
3187
3128
3143
3188
3129
3144
3189
3130
3145
3190
3131
3146
3191
3132
3147
3192
3133
3148
3134
3135
3149
3136
3150
3137
3151
3193
3138
3152
3194
3139
3153
3141
3142
3143
3195
3144
3154
3196
3145
3155
3197
3146
3156
3198
3147
3157
3199
3148
3150
3151
3152
3153
3155
3156
3157
3159
3162
3163
3161
3167
3162
3168
3200
3163
3169
3201
3164
3170
3202
3165
3171
3203
3172
3204
3167
3174
3168
3175
3205
3169
3176
3206
3170
3177
3207
3171
3178
3208
3172
3179
3209
3173
3180
3210
3181
3175
3184
3176
3185
3211
3177
3186
3212
3178
3187
3213
3179
3188
3214
3180
3189
3215
3181
3190
3216
3191
3183
3185
3186
3187
3188
3195
3189
3196
3190
3197
3191
3198
3192
3199
3194
3196
3197
3198
3199
3201
3206
3202
3207
3217
3203
3208
3218
3204
3209
3219
3210
3220
3206
3211
3207
3212
3221
3208
3213
3222
3209
3214
3223
3210
3215
3224
3216
3212
3213
3214
3215
3216
3218
3222
3219
3223
3220
3224
3222
3223
3224
)


// ************************************************************************* //
