/*--------------------------------*- C++ -*----------------------------------*\
  =========                 |
  \\      /  F ield         | OpenFOAM: The Open Source CFD Toolbox
   \\    /   O peration     | Website:  https://openfoam.org
    \\  /    A nd           | Version:  6
     \\/     M anipulation  |
\*---------------------------------------------------------------------------*/
FoamFile
{
    version     2.0;
    format      ascii;
    class       labelList;
    location    "constant/region375/polyMesh";
    object      pointRegionAddressing;
}
// * * * * * * * * * * * * * * * * * * * * * * * * * * * * * * * * * * * * * //


4720
(
126924
126925
126926
126985
126986
126987
126988
126989
126990
126991
127049
127050
127051
127052
127053
127054
127055
127056
127113
127114
127115
127116
127117
127118
127119
127120
127178
127179
127180
127181
127182
127183
127184
131013
131014
131078
131079
131080
131081
131082
131083
131084
131085
131086
131087
131143
131144
131145
131146
131147
131148
131149
131150
131151
131152
131153
131207
131208
131209
131210
131211
131212
131213
131214
131215
131216
131217
131218
131272
131273
131274
131275
131276
131277
131278
131279
131280
131281
131282
131283
131336
131337
131338
131339
131340
131341
131342
131343
131344
131345
131346
131347
131348
131401
131402
131403
131404
131405
131406
131407
131408
131409
131410
131411
131412
131467
131468
131469
131470
131471
131472
131473
131474
131475
131476
131533
131534
131535
131536
131537
131538
131539
135235
135236
135237
135238
135239
135240
135241
135242
135300
135301
135302
135303
135304
135305
135306
135307
135308
135309
135310
135311
135312
135313
135314
135365
135366
135367
135368
135369
135370
135371
135372
135373
135374
135375
135376
135377
135378
135379
135430
135431
135432
135433
135434
135435
135436
135437
135438
135439
135440
135441
135442
135443
135444
135495
135496
135497
135498
135499
135500
135501
135502
135503
135504
135505
135506
135507
135508
135509
135561
135562
135563
135564
135565
135566
135567
135568
135569
135570
135571
135572
135573
135574
135626
135627
135628
135629
135630
135631
135632
135633
135634
135635
135636
135637
135638
135639
135691
135692
135693
135694
135695
135696
135697
135698
135699
135700
135701
135702
135703
135756
135757
135758
135759
135760
135761
135762
135763
135764
135765
135766
135822
135823
135824
135825
135826
135827
135828
135829
139459
139460
139461
139462
139463
139464
139465
139466
139467
139468
139469
139470
139524
139525
139526
139527
139528
139529
139530
139531
139532
139533
139534
139535
139536
139537
139538
139539
139540
139590
139591
139592
139593
139594
139595
139596
139597
139598
139599
139600
139601
139602
139603
139604
139605
139655
139656
139657
139658
139659
139660
139661
139662
139663
139664
139665
139666
139667
139668
139669
139670
139720
139721
139722
139723
139724
139725
139726
139727
139728
139729
139730
139731
139732
139733
139734
139735
139785
139786
139787
139788
139789
139790
139791
139792
139793
139794
139795
139796
139797
139798
139799
139800
139850
139851
139852
139853
139854
139855
139856
139857
139858
139859
139860
139861
139862
139863
139864
139865
139916
139917
139918
139919
139920
139921
139922
139923
139924
139925
139926
139927
139928
139929
139930
139981
139982
139983
139984
139985
139986
139987
139988
139989
139990
139991
139992
139993
139994
140046
140047
140048
140049
140050
140051
140052
140053
140054
140055
140056
140057
140112
140113
140114
143684
143685
143686
143687
143688
143689
143690
143691
143692
143693
143694
143695
143749
143750
143751
143752
143753
143754
143755
143756
143757
143758
143759
143760
143761
143762
143763
143764
143765
143815
143816
143817
143818
143819
143820
143821
143822
143823
143824
143825
143826
143827
143828
143829
143830
143831
143880
143881
143882
143883
143884
143885
143886
143887
143888
143889
143890
143891
143892
143893
143894
143895
143896
143945
143946
143947
143948
143949
143950
143951
143952
143953
143954
143955
143956
143957
143958
143959
143960
143961
144010
144011
144012
144013
144014
144015
144016
144017
144018
144019
144020
144021
144022
144023
144024
144025
144026
144075
144076
144077
144078
144079
144080
144081
144082
144083
144084
144085
144086
144087
144088
144089
144090
144091
144141
144142
144143
144144
144145
144146
144147
144148
144149
144150
144151
144152
144153
144154
144155
144156
144206
144207
144208
144209
144210
144211
144212
144213
144214
144215
144216
144217
144218
144219
144220
144271
144272
144273
144274
144275
144276
144277
144278
144279
144280
144281
144282
144283
144284
144337
144338
144339
147909
147910
147911
147912
147913
147914
147915
147916
147917
147918
147919
147920
147921
147974
147975
147976
147977
147978
147979
147980
147981
147982
147983
147984
147985
147986
147987
147988
147989
147990
147991
148040
148041
148042
148043
148044
148045
148046
148047
148048
148049
148050
148051
148052
148053
148054
148055
148056
148105
148106
148107
148108
148109
148110
148111
148112
148113
148114
148115
148116
148117
148118
148119
148120
148121
148122
148170
148171
148172
148173
148174
148175
148176
148177
148178
148179
148180
148181
148182
148183
148184
148185
148186
148187
148235
148236
148237
148238
148239
148240
148241
148242
148243
148244
148245
148246
148247
148248
148249
148250
148251
148252
148300
148301
148302
148303
148304
148305
148306
148307
148308
148309
148310
148311
148312
148313
148314
148315
148316
148317
148366
148367
148368
148369
148370
148371
148372
148373
148374
148375
148376
148377
148378
148379
148380
148381
148382
148431
148432
148433
148434
148435
148436
148437
148438
148439
148440
148441
148442
148443
148444
148445
148446
148447
148496
148497
148498
148499
148500
148501
148502
148503
148504
148505
148506
148507
148508
148509
148510
148511
148562
148563
148564
152134
152135
152136
152137
152138
152139
152140
152141
152142
152143
152144
152145
152146
152199
152200
152201
152202
152203
152204
152205
152206
152207
152208
152209
152210
152211
152212
152213
152214
152215
152216
152217
152267
152268
152269
152270
152271
152272
152273
152274
152275
152276
152277
152278
152279
152280
152281
152282
152331
152332
152333
152334
152335
152336
152337
152338
152339
152340
152341
152342
152343
152344
152345
152346
152347
152348
152396
152397
152398
152399
152400
152401
152402
152403
152404
152405
152406
152407
152408
152409
152410
152411
152412
152413
152461
152462
152463
152464
152465
152466
152467
152468
152469
152470
152471
152472
152473
152474
152475
152476
152477
152478
152526
152527
152528
152529
152530
152531
152532
152533
152534
152535
152536
152537
152538
152539
152540
152541
152542
152543
152591
152592
152593
152594
152595
152596
152597
152598
152599
152600
152601
152602
152603
152604
152605
152606
152607
152608
152656
152657
152658
152659
152660
152661
152662
152663
152664
152665
152666
152667
152668
152669
152670
152671
152672
152673
152721
152722
152723
152724
152725
152726
152727
152728
152729
152730
152731
152732
152733
152734
152735
152736
152737
152738
152787
152788
152799
152800
152801
152802
153250
153251
153252
153253
153254
153315
153316
153317
153318
153319
153320
153380
153381
153382
153383
153384
153385
153445
153446
153447
153448
153449
153450
153511
153512
153513
156360
156361
156362
156363
156364
156365
156366
156367
156368
156369
156370
156371
156425
156426
156427
156428
156429
156430
156431
156432
156433
156434
156435
156436
156437
156438
156439
156440
156441
156442
156493
156494
156495
156496
156497
156498
156499
156500
156501
156502
156503
156504
156505
156506
156507
156508
156509
156558
156559
156560
156561
156562
156563
156564
156565
156566
156567
156568
156569
156570
156571
156572
156573
156574
156622
156623
156624
156625
156626
156627
156628
156629
156630
156631
156632
156633
156634
156635
156636
156637
156638
156639
156687
156688
156689
156690
156691
156692
156693
156694
156695
156696
156697
156698
156699
156700
156701
156702
156703
156704
156752
156753
156754
156755
156756
156757
156758
156759
156760
156761
156762
156763
156764
156765
156766
156767
156768
156769
156817
156818
156819
156820
156821
156822
156823
156824
156825
156826
156827
156828
156829
156830
156831
156832
156833
156834
156882
156883
156884
156885
156886
156887
156888
156889
156890
156891
156892
156893
156894
156895
156896
156897
156898
156899
156947
156948
156949
156950
156951
156952
156953
156954
156955
156956
156957
156958
156959
156960
156961
156962
156963
156964
157023
157024
157025
157026
157027
157028
157411
157412
157413
157414
157415
157474
157475
157476
157477
157478
157479
157480
157539
157540
157541
157542
157543
157544
157545
157546
157604
157605
157606
157607
157608
157609
157610
157611
157612
157669
157670
157671
157672
157673
157674
157675
157676
157677
157734
157735
157736
157737
157738
157739
157740
157741
157800
157801
157802
157803
157804
157805
157806
160587
160588
160589
160590
160591
160592
160593
160594
160595
160596
160652
160653
160654
160655
160656
160657
160658
160659
160660
160661
160662
160663
160664
160665
160666
160667
160668
160719
160720
160721
160722
160723
160724
160725
160726
160727
160728
160729
160730
160731
160732
160733
160734
160783
160784
160785
160786
160787
160788
160789
160790
160791
160792
160793
160794
160795
160796
160797
160798
160799
160800
160848
160849
160850
160851
160852
160853
160854
160855
160856
160857
160858
160859
160860
160861
160862
160863
160864
160865
160913
160914
160915
160916
160917
160918
160919
160920
160921
160922
160923
160924
160925
160926
160927
160928
160929
160930
160978
160979
160980
160981
160982
160983
160984
160985
160986
160987
160988
160989
160990
160991
160992
160993
160994
160995
161043
161044
161045
161046
161047
161048
161049
161050
161051
161052
161053
161054
161055
161056
161057
161058
161059
161060
161109
161110
161111
161112
161113
161114
161115
161116
161117
161118
161119
161120
161121
161122
161123
161124
161125
161176
161177
161178
161179
161180
161181
161182
161183
161184
161185
161186
161187
161188
161189
161247
161248
161249
161250
161251
161252
161253
161254
161635
161636
161637
161638
161639
161640
161698
161699
161700
161701
161702
161703
161704
161705
161706
161763
161764
161765
161766
161767
161768
161769
161770
161771
161828
161829
161830
161831
161832
161833
161834
161835
161836
161837
161893
161894
161895
161896
161897
161898
161899
161900
161901
161902
161959
161960
161961
161962
161963
161964
161965
161966
161967
162025
162026
162027
162028
162029
162030
162031
162032
164814
164815
164816
164817
164818
164819
164820
164821
164822
164823
164879
164880
164881
164882
164883
164884
164885
164886
164887
164888
164889
164890
164891
164892
164893
164944
164945
164946
164947
164948
164949
164950
164951
164952
164953
164954
164955
164956
164957
164958
164959
165009
165010
165011
165012
165013
165014
165015
165016
165017
165018
165019
165020
165021
165022
165023
165024
165025
165073
165074
165075
165076
165077
165078
165079
165080
165081
165082
165083
165084
165085
165086
165087
165088
165089
165090
165138
165139
165140
165141
165142
165143
165144
165145
165146
165147
165148
165149
165150
165151
165152
165153
165154
165155
165156
165204
165205
165206
165207
165208
165209
165210
165211
165212
165213
165214
165215
165216
165217
165218
165219
165220
165221
165269
165270
165271
165272
165273
165274
165275
165276
165277
165278
165279
165280
165281
165282
165283
165284
165285
165286
165335
165336
165337
165338
165339
165340
165341
165342
165343
165344
165345
165346
165347
165348
165349
165350
165401
165402
165403
165404
165405
165406
165407
165408
165409
165410
165411
165412
165413
165414
165415
165470
165471
165472
165473
165474
165475
165476
165477
165478
165479
165796
165797
165798
165859
165860
165861
165862
165863
165864
165865
165923
165924
165925
165926
165927
165928
165929
165930
165931
165988
165989
165990
165991
165992
165993
165994
165995
165996
166053
166054
166055
166056
166057
166058
166059
166060
166061
166062
166118
166119
166120
166121
166122
166123
166124
166125
166126
166127
166184
166185
166186
166187
166188
166189
166190
166191
166192
166250
166251
166252
166253
166254
166255
166256
166257
169039
169040
169041
169042
169043
169044
169045
169046
169047
169048
169104
169105
169106
169107
169108
169109
169110
169111
169112
169113
169114
169115
169116
169117
169169
169170
169171
169172
169173
169174
169175
169176
169177
169178
169179
169180
169181
169182
169183
169184
169234
169235
169236
169237
169238
169239
169240
169241
169242
169243
169244
169245
169246
169247
169248
169249
169250
169299
169300
169301
169302
169303
169304
169305
169306
169307
169308
169309
169310
169311
169312
169313
169314
169315
169364
169365
169366
169367
169368
169369
169370
169371
169372
169373
169374
169375
169376
169377
169378
169379
169380
169381
169429
169430
169431
169432
169433
169434
169435
169436
169437
169438
169439
169440
169441
169442
169443
169444
169445
169446
169494
169495
169496
169497
169498
169499
169500
169501
169502
169503
169504
169505
169506
169507
169508
169509
169510
169511
169560
169561
169562
169563
169564
169565
169566
169567
169568
169569
169570
169571
169572
169573
169574
169575
169626
169627
169628
169629
169630
169631
169632
169633
169634
169635
169636
169637
169638
169639
169640
169692
169693
169694
169695
169696
169697
169698
169699
169700
170020
170021
170022
170023
170084
170085
170086
170087
170088
170089
170090
170148
170149
170150
170151
170152
170153
170154
170155
170156
170213
170214
170215
170216
170217
170218
170219
170220
170221
170278
170279
170280
170281
170282
170283
170284
170285
170286
170343
170344
170345
170346
170347
170348
170349
170350
170351
170352
170409
170410
170411
170412
170413
170414
170415
170416
170417
170475
170476
170477
170478
170479
170480
170481
173265
173266
173267
173268
173269
173270
173271
173329
173330
173331
173332
173333
173334
173335
173336
173337
173338
173339
173340
173394
173395
173396
173397
173398
173399
173400
173401
173402
173403
173404
173405
173406
173407
173459
173460
173461
173462
173463
173464
173465
173466
173467
173468
173469
173470
173471
173472
173473
173524
173525
173526
173527
173528
173529
173530
173531
173532
173533
173534
173535
173536
173537
173538
173589
173590
173591
173592
173593
173594
173595
173596
173597
173598
173599
173600
173601
173602
173603
173654
173655
173656
173657
173658
173659
173660
173661
173662
173663
173664
173665
173666
173667
173668
173719
173720
173721
173722
173723
173724
173725
173726
173727
173728
173729
173730
173731
173732
173784
173785
173786
173787
173788
173789
173790
173791
173792
173793
173794
173795
173796
173797
173850
173851
173852
173853
173854
173855
173856
173857
173858
173859
173860
173915
173916
173917
173918
173919
173920
173921
173922
173923
173924
173982
173983
174245
174246
174247
174309
174310
174311
174312
174313
174314
174373
174374
174375
174376
174377
174378
174379
174380
174438
174439
174440
174441
174442
174443
174444
174445
174446
174503
174504
174505
174506
174507
174508
174509
174510
174511
174568
174569
174570
174571
174572
174573
174574
174575
174576
174635
174636
174637
174638
174639
174640
174641
174704
174705
177491
177492
177493
177555
177556
177557
177558
177559
177560
177561
177562
177563
177619
177620
177621
177622
177623
177624
177625
177626
177627
177628
177629
177684
177685
177686
177687
177688
177689
177690
177691
177692
177693
177694
177695
177696
177749
177750
177751
177752
177753
177754
177755
177756
177757
177758
177759
177760
177761
177814
177815
177816
177817
177818
177819
177820
177821
177822
177823
177824
177825
177826
177879
177880
177881
177882
177883
177884
177885
177886
177887
177888
177889
177890
177891
177944
177945
177946
177947
177948
177949
177950
177951
177952
177953
177954
177955
177956
178009
178010
178011
178012
178013
178014
178015
178016
178017
178018
178019
178020
178074
178075
178076
178077
178078
178079
178080
178081
178082
178083
178084
178139
178140
178141
178142
178143
178144
178145
178146
178147
178148
178207
178208
178535
178536
178537
178538
178599
178600
178601
178602
178603
178604
178664
178665
178666
178667
178668
178669
178670
178729
178730
178731
178732
178733
178734
178735
178794
178795
178796
178797
178798
178799
178800
178861
178862
178863
178864
178865
181711
181712
181713
181714
181776
181777
181778
181779
181781
181782
181842
181843
181844
181845
181846
181847
181848
181849
181907
181908
181909
181910
181911
181912
181913
181914
181915
181916
181973
181974
181975
181976
181977
181978
181979
181980
181981
181982
181983
181984
182039
182040
182041
182042
182043
182044
182045
182046
182047
182048
182049
182050
182104
182105
182106
182107
182108
182109
182110
182111
182112
182113
182114
182115
182169
182170
182171
182172
182173
182174
182175
182176
182177
182178
182179
182180
182233
182234
182235
182236
182237
182238
182239
182240
182241
182242
182243
182244
182297
182298
182299
182300
182301
182302
182303
182304
182305
182306
182307
182308
182361
182362
182363
182364
182365
182366
182367
182368
182369
182370
182371
182425
182426
182427
182428
182429
182490
182491
182492
182493
182494
182555
182556
182557
182558
182620
182621
182622
182623
182685
182686
182687
182825
182826
182827
182828
182829
182830
182890
182891
182892
182893
182894
182895
182896
182955
182956
182957
182958
182959
182960
182961
182962
183020
183021
183022
183023
183024
183025
183026
183027
183086
183087
183088
183089
183090
183091
183153
183154
183155
185933
185934
185935
185936
185937
185938
185939
185940
185998
185999
186000
186001
186002
186003
186004
186005
186064
186065
186066
186067
186068
186069
186070
186129
186130
186131
186132
186133
186134
186135
186136
186137
186194
186195
186196
186197
186198
186199
186200
186201
186202
186203
186204
186260
186261
186262
186263
186264
186265
186266
186267
186268
186269
186270
186271
186326
186327
186328
186329
186330
186331
186332
186333
186334
186335
186336
186337
186391
186392
186393
186394
186395
186396
186397
186398
186399
186400
186401
186402
186455
186456
186457
186458
186459
186460
186461
186462
186463
186464
186465
186466
186467
186519
186520
186521
186522
186523
186524
186525
186526
186527
186528
186529
186530
186531
186532
186584
186585
186586
186587
186588
186589
186590
186591
186592
186593
186594
186595
186648
186649
186650
186651
186652
186653
186654
186655
186656
186713
186714
186715
186716
186717
186718
186719
186720
186778
186779
186780
186781
186782
186783
186784
186785
186843
186844
186845
186846
186847
186848
186849
186908
186909
186910
186911
186912
186913
186914
186974
186975
186976
186977
186978
186979
186987
186988
186989
186990
186991
186992
187041
187042
187043
187051
187052
187053
187054
187055
187056
187057
187058
187059
187060
187115
187116
187117
187118
187119
187120
187121
187122
187123
187124
187125
187180
187181
187182
187183
187184
187185
187186
187187
187188
187189
187190
187245
187246
187247
187248
187249
187250
187251
187252
187253
187254
187255
187311
187312
187313
187314
187315
187316
187317
187318
187319
187320
187377
187378
187379
187380
187381
187382
187383
187384
187385
187444
187445
187446
187447
187448
187449
190157
190158
190159
190160
190161
190162
190163
190164
190165
190222
190223
190224
190225
190226
190227
190228
190229
190230
190288
190289
190290
190291
190292
190293
190294
190295
190353
190354
190355
190356
190357
190358
190359
190360
190419
190420
190421
190422
190423
190424
190425
190484
190485
190486
190487
190488
190489
190490
190549
190550
190551
190552
190553
190554
190555
190556
190557
190614
190615
190616
190617
190618
190619
190620
190621
190622
190677
190678
190679
190680
190681
190682
190683
190684
190685
190686
190687
190742
190743
190744
190745
190746
190747
190748
190749
190750
190751
190752
190807
190808
190809
190810
190811
190812
190813
190814
190815
190816
190872
190873
190874
190875
190876
190877
190878
190879
190880
190881
190937
190938
190939
190940
190941
190942
190943
190944
190945
190946
191002
191003
191004
191005
191006
191007
191008
191009
191010
191067
191068
191069
191070
191071
191072
191073
191074
191075
191088
191089
191132
191133
191134
191135
191136
191137
191138
191139
191140
191149
191150
191151
191152
191153
191154
191155
191198
191199
191200
191201
191202
191203
191204
191205
191211
191212
191213
191214
191215
191216
191217
191218
191219
191220
191221
191264
191265
191266
191267
191268
191269
191270
191275
191276
191277
191278
191279
191280
191281
191282
191283
191284
191285
191286
191287
191330
191331
191332
191333
191334
191340
191341
191342
191343
191344
191345
191346
191347
191348
191349
191350
191351
191352
191405
191406
191407
191408
191409
191410
191411
191412
191413
191414
191415
191416
191417
191470
191471
191472
191473
191474
191475
191476
191477
191478
191479
191480
191481
191482
191535
191536
191537
191538
191539
191540
191541
191542
191543
191544
191545
191546
191547
191601
191602
191603
191604
191605
191606
191607
191608
191609
191610
191611
191612
191667
191668
191669
191670
191671
191672
191673
191674
191675
191676
191677
191735
191736
191737
191738
191739
191740
191741
191802
191803
191804
194382
194383
194384
194385
194386
194387
194388
194389
194390
194447
194448
194449
194450
194451
194452
194453
194454
194455
194512
194513
194514
194515
194516
194517
194518
194519
194520
194578
194579
194580
194581
194582
194583
194584
194585
194644
194645
194646
194647
194648
194649
194709
194710
194711
194712
194713
194714
194774
194775
194776
194777
194778
194779
194780
194837
194838
194839
194840
194841
194842
194843
194844
194845
194901
194902
194903
194904
194905
194906
194907
194908
194909
194910
194911
194966
194967
194968
194969
194970
194971
194972
194973
194974
194975
194976
195031
195032
195033
195034
195035
195036
195037
195038
195039
195040
195041
195096
195097
195098
195099
195100
195101
195102
195103
195104
195105
195106
195161
195162
195163
195164
195165
195166
195167
195168
195169
195170
195171
195226
195227
195228
195229
195230
195231
195232
195233
195234
195235
195236
195292
195293
195294
195295
195296
195297
195298
195299
195300
195301
195311
195312
195313
195314
195315
195357
195358
195359
195360
195361
195362
195363
195364
195365
195366
195373
195374
195375
195376
195377
195378
195379
195380
195381
195423
195424
195425
195426
195427
195428
195429
195430
195431
195435
195436
195437
195438
195439
195440
195441
195442
195443
195444
195445
195446
195447
195488
195489
195490
195491
195492
195493
195494
195495
195496
195499
195500
195501
195502
195503
195504
195505
195506
195507
195508
195509
195510
195511
195512
195554
195555
195556
195557
195558
195559
195560
195561
195563
195564
195565
195566
195567
195568
195569
195570
195571
195572
195573
195574
195575
195576
195577
195620
195621
195622
195623
195624
195625
195626
195628
195629
195630
195631
195632
195633
195634
195635
195636
195637
195638
195639
195640
195641
195642
195687
195688
195689
195690
195693
195694
195695
195696
195697
195698
195699
195700
195701
195702
195703
195704
195705
195706
195707
195759
195760
195761
195762
195763
195764
195765
195766
195767
195768
195769
195770
195771
195772
195826
195827
195828
195829
195830
195831
195832
195833
195834
195835
195836
195837
195892
195893
195894
195895
195896
195897
195898
195899
195900
195901
195902
195959
195960
195961
195962
195963
195964
195965
195966
196027
196028
196029
198607
198608
198609
198610
198611
198612
198613
198614
198672
198673
198674
198675
198676
198677
198678
198679
198737
198738
198739
198740
198741
198742
198743
198804
198805
198806
198807
198936
198937
198999
199000
199001
199002
199003
199004
199062
199063
199064
199065
199066
199067
199068
199069
199070
199126
199127
199128
199129
199130
199131
199132
199133
199134
199135
199136
199191
199192
199193
199194
199195
199196
199197
199198
199199
199200
199201
199256
199257
199258
199259
199260
199261
199262
199263
199264
199265
199266
199321
199322
199323
199324
199325
199326
199327
199328
199329
199330
199331
199386
199387
199388
199389
199390
199391
199392
199393
199394
199395
199396
199451
199452
199453
199454
199455
199456
199457
199458
199459
199460
199461
199517
199518
199519
199520
199521
199522
199523
199524
199525
199526
199535
199536
199537
199538
199539
199540
199582
199583
199584
199585
199586
199587
199588
199589
199590
199591
199592
199597
199598
199599
199600
199601
199602
199603
199604
199605
199606
199648
199649
199650
199651
199652
199653
199654
199655
199656
199657
199660
199661
199662
199663
199664
199665
199666
199667
199668
199669
199670
199671
199672
199713
199714
199715
199716
199717
199718
199719
199720
199721
199722
199723
199724
199725
199726
199727
199728
199729
199730
199731
199732
199733
199734
199735
199736
199737
199779
199780
199781
199782
199783
199784
199785
199786
199787
199788
199789
199790
199791
199792
199793
199794
199795
199796
199797
199798
199799
199800
199801
199802
199844
199845
199846
199847
199848
199849
199850
199851
199852
199853
199854
199855
199856
199857
199858
199859
199860
199861
199862
199863
199864
199865
199866
199867
199911
199912
199913
199914
199915
199916
199917
199918
199919
199920
199921
199922
199923
199924
199925
199926
199927
199928
199929
199930
199931
199932
199978
199979
199980
199981
199983
199984
199985
199986
199987
199988
199989
199990
199991
199992
199993
199994
199995
199996
199997
200050
200051
200052
200053
200054
200055
200056
200057
200058
200059
200060
200061
200062
200117
200118
200119
200120
200121
200122
200123
200124
200125
200126
200127
200184
200185
200186
200187
200188
200189
200190
200191
200252
200253
200254
202833
202834
202835
202898
202899
202900
203288
203289
203290
203291
203292
203293
203294
203352
203353
203354
203355
203356
203357
203358
203359
203360
203416
203417
203418
203419
203420
203421
203422
203423
203424
203425
203426
203481
203482
203483
203484
203485
203486
203487
203488
203489
203490
203491
203546
203547
203548
203549
203550
203551
203552
203553
203554
203555
203556
203611
203612
203613
203614
203615
203616
203617
203618
203619
203620
203621
203622
203677
203678
203679
203680
203681
203682
203683
203684
203685
203686
203687
203742
203743
203744
203745
203746
203747
203748
203749
203750
203751
203752
203760
203761
203762
203763
203764
203765
203807
203808
203809
203810
203811
203812
203813
203814
203815
203816
203817
203822
203823
203824
203825
203826
203827
203828
203829
203830
203831
203873
203874
203875
203876
203877
203878
203879
203880
203881
203882
203883
203884
203885
203886
203887
203888
203889
203890
203891
203892
203893
203894
203895
203896
203938
203939
203940
203941
203942
203943
203944
203945
203946
203947
203948
203949
203950
203951
203952
203953
203954
203955
203956
203957
203958
203959
203960
203961
204004
204005
204006
204007
204008
204009
204010
204011
204012
204013
204014
204015
204016
204017
204018
204019
204020
204021
204022
204023
204024
204025
204026
204069
204070
204071
204072
204073
204074
204075
204076
204077
204078
204079
204080
204081
204082
204083
204084
204085
204086
204087
204088
204089
204090
204091
204135
204136
204137
204138
204139
204140
204141
204142
204143
204144
204145
204146
204147
204148
204149
204150
204151
204152
204153
204154
204155
204156
204202
204203
204204
204205
204206
204207
204208
204209
204210
204211
204212
204213
204214
204215
204216
204217
204218
204219
204220
204221
204222
204269
204270
204275
204276
204277
204278
204279
204280
204281
204282
204283
204284
204285
204286
204287
204342
204343
204344
204345
204346
204347
204348
204349
204350
204351
204352
204410
204411
204412
204413
204414
204415
204416
204478
204479
207578
207579
207580
207581
207582
207583
207584
207642
207643
207644
207645
207646
207647
207648
207649
207650
207707
207708
207709
207710
207711
207712
207713
207714
207715
207716
207772
207773
207774
207775
207776
207777
207778
207779
207780
207781
207837
207838
207839
207840
207841
207842
207843
207844
207845
207846
207847
207902
207903
207904
207905
207906
207907
207908
207909
207910
207911
207912
207968
207969
207970
207971
207972
207973
207974
207975
207976
207977
207985
207986
207987
207988
207989
208033
208034
208035
208036
208037
208038
208039
208040
208041
208042
208047
208048
208049
208050
208051
208052
208053
208054
208055
208098
208099
208100
208101
208102
208103
208104
208105
208106
208107
208108
208109
208110
208111
208112
208113
208114
208115
208116
208117
208118
208119
208120
208121
208163
208164
208165
208166
208167
208168
208169
208170
208171
208172
208173
208174
208175
208176
208177
208178
208179
208180
208181
208182
208183
208184
208185
208186
208229
208230
208231
208232
208233
208234
208235
208236
208237
208238
208239
208240
208241
208242
208243
208244
208245
208246
208247
208248
208249
208250
208251
208294
208295
208296
208297
208298
208299
208300
208301
208302
208303
208304
208305
208306
208307
208308
208309
208310
208311
208312
208313
208314
208315
208316
208360
208361
208362
208363
208364
208365
208366
208367
208368
208369
208370
208371
208372
208373
208374
208375
208376
208377
208378
208379
208380
208381
208427
208428
208429
208430
208431
208432
208433
208434
208435
208436
208437
208438
208439
208440
208441
208442
208443
208444
208445
208493
208494
208495
208496
208497
208500
208501
208502
208503
208504
208505
208506
208507
208508
208567
208568
208569
208570
208571
208572
211804
211805
211806
211807
211868
211869
211870
211871
211872
211873
211874
211932
211933
211934
211935
211936
211937
211938
211939
211940
211997
211998
211999
212000
212001
212002
212003
212004
212005
212006
212062
212063
212064
212065
212066
212067
212068
212069
212070
212071
212128
212129
212130
212131
212132
212133
212134
212135
212136
212193
212194
212195
212196
212197
212198
212199
212200
212201
212202
212210
212211
212212
212258
212259
212260
212261
212262
212263
212264
212265
212266
212267
212273
212274
212275
212276
212277
212278
212279
212324
212325
212326
212327
212328
212329
212330
212331
212332
212333
212334
212335
212336
212337
212338
212339
212340
212341
212342
212343
212344
212345
212389
212390
212391
212392
212393
212394
212395
212396
212397
212398
212399
212400
212401
212402
212403
212404
212405
212406
212407
212408
212409
212410
212454
212455
212456
212457
212458
212459
212460
212461
212462
212463
212464
212465
212466
212467
212468
212469
212470
212471
212472
212473
212474
212475
212520
212521
212522
212523
212524
212525
212526
212527
212528
212529
212530
212531
212532
212533
212534
212535
212536
212537
212538
212539
212540
212586
212587
212588
212589
212590
212591
212592
212593
212594
212595
212596
212597
212598
212599
212600
212601
212602
212603
212604
212605
212652
212653
212654
212655
212656
212657
212658
212659
212660
212661
212662
212663
212664
212665
212666
212667
212668
212669
212718
212719
212720
212721
212722
212723
212726
212727
212728
212729
212730
212731
212732
216095
216096
216097
216158
216159
216160
216161
216162
216163
216164
216223
216224
216225
216226
216227
216228
216229
216230
216289
216290
216291
216292
216293
216294
216295
216296
216354
216355
216356
216357
216358
216359
216360
216361
216419
216420
216421
216422
216423
216424
216425
216426
216427
216484
216485
216486
216487
216488
216489
216490
216491
216492
216499
216500
216501
216502
216503
216549
216550
216551
216552
216553
216554
216555
216556
216557
216558
216559
216560
216561
216562
216563
216564
216565
216566
216567
216568
216569
216614
216615
216616
216617
216618
216619
216620
216621
216622
216623
216624
216625
216626
216627
216628
216629
216630
216631
216632
216633
216634
216679
216680
216681
216682
216683
216684
216685
216686
216687
216688
216689
216690
216691
216692
216693
216694
216695
216696
216697
216698
216699
216745
216746
216747
216748
216749
216750
216751
216752
216753
216754
216755
216756
216757
216758
216759
216760
216761
216762
216763
216764
216811
216812
216813
216814
216815
216816
216817
216818
216819
216820
216821
216822
216823
216824
216825
216826
216827
216828
216829
216878
216879
216880
216881
216882
216883
216884
216885
216886
216887
216888
216889
216890
216891
216892
216893
216946
216947
216948
220517
220518
220519
220582
220583
220584
220585
220646
220647
220648
220649
220650
220651
220710
220711
220712
220713
220714
220715
220716
220717
220718
220775
220776
220777
220778
220779
220780
220781
220782
220783
220784
220787
220788
220789
220790
220791
220792
220793
220840
220841
220842
220843
220844
220845
220846
220847
220848
220849
220850
220851
220852
220853
220854
220855
220856
220857
220858
220905
220906
220907
220908
220909
220910
220911
220912
220913
220914
220915
220916
220917
220918
220919
220920
220921
220922
220923
220970
220971
220972
220973
220974
220975
220976
220977
220978
220979
220980
220981
220982
220983
220984
220985
220986
220987
220988
221037
221038
221039
221040
221041
221042
221043
221044
221045
221046
221047
221048
221049
221050
221051
221052
221105
221106
221107
221108
221109
224874
224875
224876
224937
224938
224939
224940
224941
224942
224943
225001
225002
225003
225004
225005
225006
225007
225008
225009
225066
225067
225068
225069
225070
225071
225072
225073
225074
225077
225078
225079
225131
225132
225133
225134
225135
225136
225137
225138
225139
225140
225142
225143
225144
225145
225146
225196
225197
225198
225199
225200
225201
225202
225203
225204
225205
225209
225210
225211
225264
225265
225266
225267
225268
225269
229163
229164
229165
229166
229167
229168
229227
229228
229229
229230
229231
229232
229233
229292
229293
229294
229295
229296
229297
229298
229357
229358
229359
229360
229361
229362
229363
233389
233390
233391
233392
233393
233453
233454
233455
233456
233457
233458
233518
233519
233520
233521
233522
)


// ************************************************************************* //
