/*--------------------------------*- C++ -*----------------------------------*\
  =========                 |
  \\      /  F ield         | OpenFOAM: The Open Source CFD Toolbox
   \\    /   O peration     | Website:  https://openfoam.org
    \\  /    A nd           | Version:  6
     \\/     M anipulation  |
\*---------------------------------------------------------------------------*/
FoamFile
{
    version     2.0;
    format      ascii;
    class       faceList;
    location    "constant/region169/polyMesh";
    object      faces;
}
// * * * * * * * * * * * * * * * * * * * * * * * * * * * * * * * * * * * * * //


58
(
4(14 15 18 17)
4(5 19 20 6)
4(16 17 20 19)
4(7 21 22 8)
4(19 20 22 21)
4(9 23 24 10)
4(21 22 24 23)
4(23 24 26 25)
4(14 17 33 30)
4(16 32 33 17)
4(19 35 36 20)
4(21 37 38 22)
4(23 39 40 24)
4(25 41 42 26)
4(6 8 22 20)
4(8 10 24 22)
4(29 30 33 32)
4(15 18 34 31)
4(17 33 34 18)
4(30 31 34 33)
4(17 20 36 33)
4(32 33 36 35)
4(20 22 38 36)
4(35 36 38 37)
4(22 24 40 38)
4(37 38 40 39)
4(24 26 42 40)
4(39 40 42 41)
4(26 28 44 42)
4(41 42 44 43)
4(0 3 4 1)
4(2 5 6 3)
4(5 7 8 6)
4(7 9 10 8)
4(9 11 12 10)
4(0 1 15 14)
4(0 14 17 3)
4(2 3 17 16)
4(13 16 17 14)
4(1 4 18 15)
4(3 17 18 4)
4(2 16 19 5)
4(3 6 20 17)
4(5 19 21 7)
4(7 21 23 9)
4(9 23 25 11)
4(10 12 26 24)
4(11 25 26 12)
4(25 27 28 26)
4(13 14 30 29)
4(14 15 31 30)
4(13 29 32 16)
4(16 32 35 19)
4(19 35 37 21)
4(21 37 39 23)
4(23 39 41 25)
4(25 41 43 27)
4(27 43 44 28)
)


// ************************************************************************* //
