/*--------------------------------*- C++ -*----------------------------------*\
  =========                 |
  \\      /  F ield         | OpenFOAM: The Open Source CFD Toolbox
   \\    /   O peration     | Website:  https://openfoam.org
    \\  /    A nd           | Version:  6
     \\/     M anipulation  |
\*---------------------------------------------------------------------------*/
FoamFile
{
    version     2.0;
    format      ascii;
    class       labelList;
    location    "constant/region575/polyMesh";
    object      faceRegionAddressing;
}
// * * * * * * * * * * * * * * * * * * * * * * * * * * * * * * * * * * * * * //


421
(
741085
741086
741087
741089
741090
741276
741277
741278
741279
741280
741281
741283
741284
741467
741470
741471
741472
741473
741474
741475
741477
741478
741652
741653
741654
741655
741656
741657
741659
753054
753055
753056
753057
753058
753059
753061
753062
753242
753244
753245
753246
753247
753248
753249
753250
753251
753252
753253
753255
753256
753436
753438
753439
753440
753441
753442
753443
753444
753445
753446
753447
753449
753450
753630
753631
753632
753633
753634
753635
753636
753637
753638
753639
753640
753641
753643
753644
753812
753813
753814
753815
753816
753817
753818
753819
753820
753821
753823
765023
765024
765027
765028
765211
765212
765214
765215
765216
765217
765218
765219
765220
765221
765222
765224
765225
765402
765405
765406
765407
765408
765409
765410
765411
765412
765413
765414
765415
765416
765418
765419
765596
765598
765599
765600
765601
765602
765603
765604
765605
765606
765607
765608
765609
765610
765611
765612
765613
765615
765616
765790
765791
765792
765793
765794
765795
765796
765797
765798
765799
765800
765801
765802
765803
765804
765805
765806
765807
765809
765810
765972
765973
765974
765975
765976
765977
765978
765979
765980
765981
765982
765983
765985
777186
777187
777190
777374
777375
777377
777378
777380
777381
777383
777384
777387
777565
777566
777568
777569
777571
777572
777574
777575
777577
777578
777580
777581
777584
777756
777759
777760
777762
777763
777765
777766
777768
777769
777771
777772
777774
777775
777778
777950
777951
777953
777954
777956
777957
777959
777960
777962
777963
777965
777966
777968
777969
777972
778132
778134
778136
778138
778140
778142
778144
901117
901118
901119
901120
901181
901182
901183
901184
901245
901246
901247
901248
901309
901310
901311
901312
901374
901375
901376
901438
901439
901440
901503
901504
901568
-741273
-741464
741468
741469
-741650
-753239
753243
-753433
753437
-753627
-753810
765403
-765593
765597
-765787
-765970
777757
-777947
-778130
-728927
-728930
-729118
-729121
-729124
-729309
-729312
-729315
-729318
-729493
-729495
-729497
-729499
-740895
-740896
-740898
-740899
-740902
-741082
-741084
741088
-741092
-741093
-741096
741282
-741286
-741287
-741290
741476
-741480
-741481
-741484
741658
-741661
-741663
-752864
-752865
-752867
-752868
-752870
-753051
-753052
-753053
753060
-753064
-753065
753254
-753258
-753259
753448
-753452
-753453
-753456
753642
-753646
-753647
-753650
753822
-753825
-764833
-764836
-765020
-765021
765025
765026
-765030
-765031
-765033
-765208
765213
765223
-765227
-765228
-765399
765404
765417
-765421
-765422
-765424
-765425
765614
-765618
-765619
765808
-765813
765984
-765987
-776996
-776999
-777183
-777184
777189
-777193
-777196
-777371
777386
-777390
-777393
-777562
777583
-777587
-777753
777777
-777781
777971
778146
777188
777191
777376
777379
777382
777385
777388
777567
777570
777573
777576
777579
777582
777585
777758
777761
777764
777767
777770
777773
777776
777779
777952
777955
777958
777961
777964
777967
777970
777973
778133
778135
778137
778139
778141
778143
778145
778147
)


// ************************************************************************* //
