/*--------------------------------*- C++ -*----------------------------------*\
  =========                 |
  \\      /  F ield         | OpenFOAM: The Open Source CFD Toolbox
   \\    /   O peration     | Website:  https://openfoam.org
    \\  /    A nd           | Version:  6
     \\/     M anipulation  |
\*---------------------------------------------------------------------------*/
FoamFile
{
    version     2.0;
    format      ascii;
    class       faceList;
    location    "constant/region575/polyMesh";
    object      faces;
}
// * * * * * * * * * * * * * * * * * * * * * * * * * * * * * * * * * * * * * //


421
(
4(1 4 35 29)
4(3 34 35 4)
4(28 29 35 34)
4(4 35 36 5)
4(29 30 36 35)
4(4 8 41 35)
4(7 40 41 8)
4(34 35 41 40)
4(5 9 42 36)
4(8 41 42 9)
4(35 36 42 41)
4(9 42 43 10)
4(36 37 43 42)
4(8 13 48 41)
4(9 14 49 42)
4(13 48 49 14)
4(41 42 49 48)
4(10 15 50 43)
4(14 49 50 15)
4(42 43 50 49)
4(15 50 51 16)
4(43 44 51 50)
4(14 19 56 49)
4(48 49 56 55)
4(15 20 57 50)
4(49 50 57 56)
4(16 21 58 51)
4(50 51 58 57)
4(51 52 59 58)
4(24 29 73 67)
4(28 72 73 29)
4(66 67 73 72)
4(25 30 74 68)
4(29 73 74 30)
4(67 68 74 73)
4(30 74 75 31)
4(68 69 75 74)
4(28 34 79 72)
4(71 72 79 78)
4(29 35 80 73)
4(34 79 80 35)
4(72 73 80 79)
4(30 36 81 74)
4(35 80 81 36)
4(73 74 81 80)
4(31 37 82 75)
4(36 81 82 37)
4(74 75 82 81)
4(37 82 83 38)
4(75 76 83 82)
4(35 41 88 80)
4(79 80 88 87)
4(36 42 89 81)
4(41 88 89 42)
4(80 81 89 88)
4(37 43 90 82)
4(42 89 90 43)
4(81 82 90 89)
4(38 44 91 83)
4(43 90 91 44)
4(82 83 91 90)
4(44 91 92 45)
4(83 84 92 91)
4(42 49 97 89)
4(48 96 97 49)
4(88 89 97 96)
4(43 50 98 90)
4(49 97 98 50)
4(89 90 98 97)
4(44 51 99 91)
4(50 98 99 51)
4(90 91 99 98)
4(45 52 100 92)
4(51 99 100 52)
4(91 92 100 99)
4(52 100 101 53)
4(92 93 101 100)
4(49 56 105 97)
4(96 97 105 104)
4(50 57 106 98)
4(97 98 106 105)
4(51 58 107 99)
4(98 99 107 106)
4(52 59 108 100)
4(99 100 108 107)
4(53 60 109 101)
4(100 101 109 108)
4(101 102 110 109)
4(63 67 118 113)
4(66 117 118 67)
4(67 118 119 68)
4(113 114 119 118)
4(66 72 124 117)
4(71 123 124 72)
4(67 73 125 118)
4(72 124 125 73)
4(117 118 125 124)
4(68 74 126 119)
4(73 125 126 74)
4(118 119 126 125)
4(69 75 127 120)
4(74 126 127 75)
4(119 120 127 126)
4(75 127 128 76)
4(120 121 128 127)
4(72 79 133 124)
4(73 80 134 125)
4(79 133 134 80)
4(124 125 134 133)
4(74 81 135 126)
4(80 134 135 81)
4(125 126 135 134)
4(75 82 136 127)
4(81 135 136 82)
4(126 127 136 135)
4(76 83 137 128)
4(82 136 137 83)
4(127 128 137 136)
4(83 137 138 84)
4(128 129 138 137)
4(80 88 143 134)
4(133 134 143 142)
4(81 89 144 135)
4(88 143 144 89)
4(134 135 144 143)
4(82 90 145 136)
4(89 144 145 90)
4(135 136 145 144)
4(83 91 146 137)
4(90 145 146 91)
4(136 137 146 145)
4(84 92 147 138)
4(91 146 147 92)
4(137 138 147 146)
4(85 93 148 139)
4(92 147 148 93)
4(138 139 148 147)
4(93 148 149 94)
4(139 140 149 148)
4(89 97 153 144)
4(96 152 153 97)
4(143 144 153 152)
4(90 98 154 145)
4(97 153 154 98)
4(144 145 154 153)
4(91 99 155 146)
4(98 154 155 99)
4(145 146 155 154)
4(92 100 156 147)
4(99 155 156 100)
4(146 147 156 155)
4(93 101 157 148)
4(100 156 157 101)
4(147 148 157 156)
4(94 102 158 149)
4(101 157 158 102)
4(148 149 158 157)
4(102 158 159 103)
4(149 150 159 158)
4(97 105 162 153)
4(152 153 162 161)
4(98 106 163 154)
4(153 154 163 162)
4(99 107 164 155)
4(154 155 164 163)
4(100 108 165 156)
4(155 156 165 164)
4(101 109 166 157)
4(156 157 166 165)
4(102 110 167 158)
4(157 158 167 166)
4(158 159 168 167)
4(114 119 175 171)
4(118 174 175 119)
4(119 175 176 120)
4(118 125 180 174)
4(124 179 180 125)
4(119 126 181 175)
4(125 180 181 126)
4(120 127 182 176)
4(126 181 182 127)
4(121 128 183 177)
4(127 182 183 128)
4(128 183 184 129)
4(125 134 188 180)
4(133 187 188 134)
4(126 135 189 181)
4(134 188 189 135)
4(127 136 190 182)
4(135 189 190 136)
4(128 137 191 183)
4(136 190 191 137)
4(129 138 192 184)
4(137 191 192 138)
4(130 139 193 185)
4(138 192 193 139)
4(139 193 194 140)
4(134 143 197 188)
4(135 144 198 189)
4(143 197 198 144)
4(136 145 199 190)
4(144 198 199 145)
4(137 146 200 191)
4(145 199 200 146)
4(138 147 201 192)
4(146 200 201 147)
4(139 148 202 193)
4(147 201 202 148)
4(140 149 203 194)
4(148 202 203 149)
4(149 203 204 150)
4(144 153 207 198)
4(152 206 207 153)
4(145 154 208 199)
4(153 207 208 154)
4(146 155 209 200)
4(154 208 209 155)
4(147 156 210 201)
4(155 209 210 156)
4(148 157 211 202)
4(156 210 211 157)
4(149 158 212 203)
4(157 211 212 158)
4(150 159 213 204)
4(158 212 213 159)
4(159 213 214 160)
4(153 162 216 207)
4(154 163 217 208)
4(155 164 218 209)
4(156 165 219 210)
4(157 166 220 211)
4(158 167 221 212)
4(159 168 222 213)
4(18 55 56 19)
4(55 104 105 56)
4(104 161 162 105)
4(161 215 216 162)
4(19 56 57 20)
4(56 105 106 57)
4(105 162 163 106)
4(162 216 217 163)
4(20 57 58 21)
4(57 106 107 58)
4(106 163 164 107)
4(163 217 218 164)
4(21 58 59 22)
4(58 107 108 59)
4(107 164 165 108)
4(164 218 219 165)
4(59 108 109 60)
4(108 165 166 109)
4(165 219 220 166)
4(60 109 110 61)
4(109 166 167 110)
4(166 220 221 167)
4(110 167 168 111)
4(167 221 222 168)
4(168 222 223 169)
4(3 34 40 7)
4(7 40 47 12)
4(12 47 48 13)
4(40 41 48 47)
4(13 48 55 18)
4(27 71 78 33)
4(33 78 79 34)
4(34 79 87 40)
4(40 87 88 41)
4(41 88 96 48)
4(48 96 104 55)
4(78 132 133 79)
4(79 133 142 87)
4(87 142 143 88)
4(88 143 152 96)
4(96 152 161 104)
4(142 196 197 143)
4(143 197 206 152)
4(152 206 215 161)
4(0 3 4 1)
4(1 4 5 2)
4(3 7 8 4)
4(4 8 9 5)
4(5 9 10 6)
4(7 12 13 8)
4(8 13 14 9)
4(9 14 15 10)
4(10 15 16 11)
4(13 18 19 14)
4(14 19 20 15)
4(15 20 21 16)
4(16 21 22 17)
4(0 1 29 28)
4(23 28 29 24)
4(1 2 30 29)
4(24 29 30 25)
4(25 30 31 26)
4(0 28 34 3)
4(27 33 34 28)
4(2 5 36 30)
4(5 6 37 36)
4(30 36 37 31)
4(31 37 38 32)
4(6 10 43 37)
4(10 11 44 43)
4(37 43 44 38)
4(38 44 45 39)
4(11 16 51 44)
4(16 17 52 51)
4(44 51 52 45)
4(45 52 53 46)
4(17 22 59 52)
4(52 59 60 53)
4(53 60 61 54)
4(23 24 67 66)
4(62 66 67 63)
4(24 25 68 67)
4(63 67 68 64)
4(25 26 69 68)
4(23 66 72 28)
4(27 28 72 71)
4(65 71 72 66)
4(26 31 75 69)
4(31 32 76 75)
4(69 75 76 70)
4(32 38 83 76)
4(38 39 84 83)
4(76 83 84 77)
4(39 45 92 84)
4(45 46 93 92)
4(84 92 93 85)
4(85 93 94 86)
4(46 53 101 93)
4(53 54 102 101)
4(93 101 102 94)
4(94 102 103 95)
4(54 61 110 102)
4(102 110 111 103)
4(62 63 113 112)
4(63 64 114 113)
4(62 112 117 66)
4(65 66 117 116)
4(112 113 118 117)
4(64 68 119 114)
4(68 69 120 119)
4(114 119 120 115)
4(69 70 121 120)
4(65 116 123 71)
4(116 117 124 123)
4(70 76 128 121)
4(76 77 129 128)
4(121 128 129 122)
4(71 123 132 78)
4(123 124 133 132)
4(77 84 138 129)
4(84 85 139 138)
4(129 138 139 130)
4(85 86 140 139)
4(130 139 140 131)
4(86 94 149 140)
4(94 95 150 149)
4(140 149 150 141)
4(95 103 159 150)
4(150 159 160 151)
4(103 111 168 159)
4(159 168 169 160)
4(113 114 171 170)
4(114 115 172 171)
4(113 170 174 118)
4(117 118 174 173)
4(115 120 176 172)
4(120 121 177 176)
4(121 122 178 177)
4(117 173 179 124)
4(122 129 184 178)
4(129 130 185 184)
4(130 131 186 185)
4(124 179 187 133)
4(131 140 194 186)
4(140 141 195 194)
4(133 187 196 142)
4(141 150 204 195)
4(150 151 205 204)
4(151 160 214 205)
4(160 169 223 214)
4(170 171 175 174)
4(171 172 176 175)
4(173 174 180 179)
4(174 175 181 180)
4(175 176 182 181)
4(176 177 183 182)
4(177 178 184 183)
4(179 180 188 187)
4(180 181 189 188)
4(181 182 190 189)
4(182 183 191 190)
4(183 184 192 191)
4(184 185 193 192)
4(185 186 194 193)
4(187 188 197 196)
4(188 189 198 197)
4(189 190 199 198)
4(190 191 200 199)
4(191 192 201 200)
4(192 193 202 201)
4(193 194 203 202)
4(194 195 204 203)
4(197 198 207 206)
4(198 199 208 207)
4(199 200 209 208)
4(200 201 210 209)
4(201 202 211 210)
4(202 203 212 211)
4(203 204 213 212)
4(204 205 214 213)
4(206 207 216 215)
4(207 208 217 216)
4(208 209 218 217)
4(209 210 219 218)
4(210 211 220 219)
4(211 212 221 220)
4(212 213 222 221)
4(213 214 223 222)
)


// ************************************************************************* //
