/*--------------------------------*- C++ -*----------------------------------*\
  =========                 |
  \\      /  F ield         | OpenFOAM: The Open Source CFD Toolbox
   \\    /   O peration     | Website:  https://openfoam.org
    \\  /    A nd           | Version:  6
     \\/     M anipulation  |
\*---------------------------------------------------------------------------*/
FoamFile
{
    version     2.0;
    format      ascii;
    class       labelList;
    note        "nPoints:224  nCells:109  nFaces:421  nInternalFaces:233";
    location    "constant/region575/polyMesh";
    object      neighbour;
}
// * * * * * * * * * * * * * * * * * * * * * * * * * * * * * * * * * * * * * //


233
(
1
2
17
3
18
3
5
21
4
6
22
7
23
6
7
9
26
8
10
27
11
28
10
31
11
32
12
33
34
14
17
40
15
18
41
19
42
17
44
18
21
45
19
22
46
20
23
47
24
48
22
50
23
26
51
24
27
52
25
28
53
29
54
27
31
57
28
32
58
29
33
59
30
34
60
35
61
32
64
33
65
34
66
35
67
36
68
69
38
40
41
71
40
44
41
45
73
42
46
74
43
47
75
48
76
45
46
50
78
47
51
79
48
52
80
49
53
81
54
82
51
85
52
57
86
53
58
87
54
59
88
55
60
89
56
61
90
62
91
58
64
93
59
65
94
60
66
95
61
67
96
62
68
97
63
69
98
70
99
65
101
66
102
67
103
68
104
69
105
70
106
107
72
74
75
74
78
75
79
76
80
77
81
82
79
85
80
86
81
87
82
88
83
89
84
90
91
86
87
93
88
94
89
95
90
96
91
97
92
98
99
94
101
95
102
96
103
97
104
98
105
99
106
100
107
108
102
103
104
105
106
107
108
)


// ************************************************************************* //
