/*--------------------------------*- C++ -*----------------------------------*\
  =========                 |
  \\      /  F ield         | OpenFOAM: The Open Source CFD Toolbox
   \\    /   O peration     | Website:  https://openfoam.org
    \\  /    A nd           | Version:  6
     \\/     M anipulation  |
\*---------------------------------------------------------------------------*/
FoamFile
{
    version     2.0;
    format      ascii;
    class       labelList;
    note        "nPoints:224  nCells:109  nFaces:421  nInternalFaces:233";
    location    "constant/region575/polyMesh";
    object      owner;
}
// * * * * * * * * * * * * * * * * * * * * * * * * * * * * * * * * * * * * * //


421
(
0
0
0
1
1
2
2
2
3
3
3
4
4
5
6
6
6
7
7
7
8
8
9
9
10
10
11
11
12
13
13
13
14
14
14
15
15
16
16
17
17
17
18
18
18
19
19
19
20
20
21
21
22
22
22
23
23
23
24
24
24
25
25
26
26
26
27
27
27
28
28
28
29
29
29
30
30
31
31
32
32
33
33
34
34
35
35
36
37
37
38
38
39
39
40
40
40
41
41
41
42
42
42
43
43
44
45
45
45
46
46
46
47
47
47
48
48
48
49
49
50
50
51
51
51
52
52
52
53
53
53
54
54
54
55
55
55
56
56
57
57
57
58
58
58
59
59
59
60
60
60
61
61
61
62
62
62
63
63
64
64
65
65
66
66
67
67
68
68
69
69
70
71
71
72
73
73
74
74
75
75
76
76
77
78
78
79
79
80
80
81
81
82
82
83
83
84
85
86
86
87
87
88
88
89
89
90
90
91
91
92
93
93
94
94
95
95
96
96
97
97
98
98
99
99
100
101
102
103
104
105
106
107
9
31
64
101
10
32
65
102
11
33
66
103
12
34
67
104
35
68
105
36
69
106
70
107
108
2
5
5
5
9
16
16
21
21
26
31
44
50
50
57
64
85
93
101
0
1
2
3
4
5
6
7
8
9
10
11
12
0
13
1
14
15
0
16
1
4
19
20
4
8
24
25
8
12
29
30
12
35
36
13
37
14
38
15
13
16
39
15
20
43
20
25
49
25
30
55
56
30
36
62
63
36
70
37
38
37
39
37
38
42
72
43
39
39
43
49
77
44
44
49
55
83
56
84
56
63
92
63
100
70
108
71
72
71
73
72
76
77
73
77
83
84
78
84
92
85
92
100
100
108
71
72
73
74
75
76
77
78
79
80
81
82
83
84
85
86
87
88
89
90
91
92
93
94
95
96
97
98
99
100
101
102
103
104
105
106
107
108
)


// ************************************************************************* //
