/*--------------------------------*- C++ -*----------------------------------*\
  =========                 |
  \\      /  F ield         | OpenFOAM: The Open Source CFD Toolbox
   \\    /   O peration     | Website:  https://openfoam.org
    \\  /    A nd           | Version:  6
     \\/     M anipulation  |
\*---------------------------------------------------------------------------*/
FoamFile
{
    version     2.0;
    format      ascii;
    class       labelList;
    location    "constant/region575/polyMesh";
    object      pointRegionAddressing;
}
// * * * * * * * * * * * * * * * * * * * * * * * * * * * * * * * * * * * * * //


224
(
257408
257409
257410
257473
257474
257475
257476
257538
257539
257540
257541
257542
257603
257604
257605
257606
257607
257608
257669
257670
257671
257672
257673
261568
261569
261570
261571
261632
261633
261634
261635
261636
261637
261697
261698
261699
261700
261701
261702
261703
261763
261764
261765
261766
261767
261768
261769
261828
261829
261830
261831
261832
261833
261834
261835
261894
261895
261896
261897
261898
261899
261900
265728
265729
265730
265792
265793
265794
265795
265796
265797
265857
265858
265859
265860
265861
265862
265863
265922
265923
265924
265925
265926
265927
265928
265929
265930
265988
265989
265990
265991
265992
265993
265994
265995
265996
266054
266055
266056
266057
266058
266059
266060
266061
266119
266120
266121
266122
266123
266124
266125
266126
269953
269954
269955
269956
270017
270018
270019
270020
270021
270022
270023
270082
270083
270084
270085
270086
270087
270088
270089
270090
270147
270148
270149
270150
270151
270152
270153
270154
270155
270156
270213
270214
270215
270216
270217
270218
270219
270220
270221
270222
270279
270280
270281
270282
270283
270284
270285
270286
270287
270344
270345
270346
270347
270348
270349
270350
270351
270352
274179
274180
274181
274243
274244
274245
274246
274247
274248
274308
274309
274310
274311
274312
274313
274314
274315
274373
274374
274375
274376
274377
274378
274379
274380
274381
274438
274439
274440
274441
274442
274443
274444
274445
274446
274447
274504
274505
274506
274507
274508
274509
274510
274511
274512
274569
274570
274571
274572
274573
274574
274575
274576
274577
)


// ************************************************************************* //
