/*--------------------------------*- C++ -*----------------------------------*\
  =========                 |
  \\      /  F ield         | OpenFOAM: The Open Source CFD Toolbox
   \\    /   O peration     | Website:  https://openfoam.org
    \\  /    A nd           | Version:  6
     \\/     M anipulation  |
\*---------------------------------------------------------------------------*/
FoamFile
{
    version     2.0;
    format      ascii;
    class       faceList;
    location    "constant/region1/polyMesh";
    object      faces;
}
// * * * * * * * * * * * * * * * * * * * * * * * * * * * * * * * * * * * * * //


48
(
4(1 4 17 13)
4(3 16 17 4)
4(12 13 17 16)
4(4 17 18 5)
4(13 14 18 17)
4(4 7 20 17)
4(16 17 20 19)
4(7 20 21 8)
4(12 16 29 25)
4(13 17 30 26)
4(16 29 30 17)
4(25 26 30 29)
4(11 12 25 24)
4(0 1 13 12)
4(12 13 26 25)
4(25 26 35 34)
4(1 2 14 13)
4(13 14 27 26)
4(0 3 4 1)
4(3 6 7 4)
4(1 4 5 2)
4(4 7 8 5)
4(7 9 10 8)
4(2 5 18 14)
4(5 8 21 18)
4(17 18 21 20)
4(8 10 23 21)
4(9 22 23 10)
4(20 21 23 22)
4(14 18 31 27)
4(17 30 31 18)
4(26 27 31 30)
4(17 20 33 30)
4(29 30 33 32)
4(26 30 37 35)
4(29 36 37 30)
4(34 35 37 36)
4(0 12 16 3)
4(11 15 16 12)
4(3 16 19 6)
4(6 19 20 7)
4(7 20 22 9)
4(11 24 28 15)
4(15 28 29 16)
4(24 25 29 28)
4(16 29 32 19)
4(19 32 33 20)
4(25 34 36 29)
)


// ************************************************************************* //
