/*--------------------------------*- C++ -*----------------------------------*\
  =========                 |
  \\      /  F ield         | OpenFOAM: The Open Source CFD Toolbox
   \\    /   O peration     | Website:  https://openfoam.org
    \\  /    A nd           | Version:  6
     \\/     M anipulation  |
\*---------------------------------------------------------------------------*/
FoamFile
{
    version     2.0;
    format      ascii;
    class       faceList;
    location    "constant/region559/polyMesh";
    object      faces;
}
// * * * * * * * * * * * * * * * * * * * * * * * * * * * * * * * * * * * * * //


44
(
4(1 6 19 13)
4(2 7 20 14)
4(13 14 20 19)
4(3 8 21 15)
4(7 20 21 8)
4(14 15 21 20)
4(15 16 22 21)
4(14 20 32 27)
4(15 21 33 28)
4(16 22 34 29)
4(0 5 6 1)
4(1 6 7 2)
4(2 7 8 3)
4(7 10 11 8)
4(1 2 14 13)
4(2 3 15 14)
4(3 4 16 15)
4(5 18 19 6)
4(6 19 20 7)
4(7 20 24 10)
4(10 24 25 11)
4(15 16 29 28)
4(16 17 30 29)
4(3 8 9 4)
4(0 1 13 12)
4(0 12 18 5)
4(12 13 19 18)
4(4 9 22 16)
4(8 21 22 9)
4(16 22 23 17)
4(8 11 25 21)
4(20 21 25 24)
4(13 14 27 26)
4(14 15 28 27)
4(13 26 31 19)
4(19 31 32 20)
4(26 27 32 31)
4(20 32 33 21)
4(27 28 33 32)
4(21 33 34 22)
4(28 29 34 33)
4(17 23 35 30)
4(22 34 35 23)
4(29 30 35 34)
)


// ************************************************************************* //
