/*--------------------------------*- C++ -*----------------------------------*\
  =========                 |
  \\      /  F ield         | OpenFOAM: The Open Source CFD Toolbox
   \\    /   O peration     | Website:  https://openfoam.org
    \\  /    A nd           | Version:  6
     \\/     M anipulation  |
\*---------------------------------------------------------------------------*/
FoamFile
{
    version     2.0;
    format      ascii;
    class       labelList;
    location    "constant/region364/polyMesh";
    object      cellRegionAddressing;
}
// * * * * * * * * * * * * * * * * * * * * * * * * * * * * * * * * * * * * * //


260
(
114694
114695
114696
118789
118790
118791
118792
118793
118794
118854
118855
118856
118857
118858
118917
118918
118919
118920
118921
118982
118983
118984
122885
122886
122887
122888
122889
122890
122891
122892
122893
122949
122950
122951
122952
122953
122954
122955
122956
122957
123013
123014
123015
123016
123017
123018
123019
123020
123077
123078
123079
123080
123081
123082
126981
126982
126983
126984
126985
126986
126987
126988
126989
126990
127045
127046
127047
127048
127049
127050
127051
127052
127053
127054
127109
127110
127111
127112
127113
127114
127115
127116
127173
127174
127175
127176
127177
131077
131078
131079
131080
131081
131082
131083
131084
131085
131086
131141
131142
131143
131144
131145
131146
131147
131148
131149
131150
131205
131206
131207
131208
131209
131210
131211
135173
135174
135175
135176
135177
135178
135179
135180
135181
135182
135238
135239
135240
135241
135242
135243
135244
135245
135303
135304
135305
139269
139270
139271
139272
139273
139274
139275
139276
139277
139335
139336
139337
139338
139339
143360
143361
143362
143363
143364
143365
143366
143367
143368
143369
143370
143371
143372
147456
147457
147458
147459
147460
147461
147462
147463
147464
151552
151553
151554
151555
151556
151557
151558
151559
151616
151617
151618
151619
151620
155648
155649
155650
155651
155652
155653
155654
155655
155712
155713
155714
155715
155716
155717
159744
159745
159746
159747
159748
159749
159750
159808
159809
159810
159811
159812
159813
163840
163841
163842
163843
163844
163845
163846
163904
163905
163906
163907
163908
163909
167936
167937
167938
167939
167940
167941
168000
168001
168002
168003
168004
172032
172033
172034
172035
172036
172096
172097
172098
172099
172100
176128
176129
176130
176131
176132
176192
176193
176194
176195
176256
176257
180224
180225
180226
180288
)


// ************************************************************************* //
