/*--------------------------------*- C++ -*----------------------------------*\
  =========                 |
  \\      /  F ield         | OpenFOAM: The Open Source CFD Toolbox
   \\    /   O peration     | Website:  https://openfoam.org
    \\  /    A nd           | Version:  6
     \\/     M anipulation  |
\*---------------------------------------------------------------------------*/
FoamFile
{
    version     2.0;
    format      ascii;
    class       labelList;
    location    "constant/region364/polyMesh";
    object      faceRegionAddressing;
}
// * * * * * * * * * * * * * * * * * * * * * * * * * * * * * * * * * * * * * //


996
(
340499
340501
340502
340504
340507
352656
352658
352659
352660
352661
352662
352663
352664
352665
352666
352667
352668
352669
352670
352672
352673
352850
352851
352852
352853
352854
352855
352856
352857
352858
352859
352860
352861
352864
353038
353040
353041
353042
353043
353044
353045
353046
353047
353048
353049
353052
353232
353234
353235
353237
353240
364816
364817
364818
364819
364820
364821
364822
364823
364824
364825
364826
364827
364828
364829
364830
364831
364832
364833
364834
364835
364836
364837
364838
364839
364841
364842
365007
365008
365009
365010
365011
365012
365013
365014
365015
365016
365017
365018
365019
365020
365021
365022
365023
365024
365025
365026
365027
365028
365029
365030
365033
365198
365199
365200
365201
365202
365203
365204
365205
365206
365207
365208
365209
365210
365211
365212
365213
365214
365215
365216
365218
365221
365389
365391
365392
365394
365395
365397
365398
365400
365401
365403
376976
376977
376978
376979
376980
376981
376982
376983
376984
376985
376986
376987
376988
376989
376990
376991
376992
376993
376994
376995
376996
376997
376998
376999
377000
377001
377002
377004
377005
377167
377168
377169
377170
377171
377172
377173
377174
377175
377176
377177
377178
377179
377180
377181
377182
377183
377184
377185
377186
377187
377188
377189
377190
377191
377193
377196
377358
377359
377360
377361
377362
377363
377364
377365
377366
377367
377368
377369
377370
377371
377372
377373
377375
377376
377378
377549
377552
377555
377558
389136
389137
389138
389139
389140
389141
389142
389143
389144
389145
389146
389147
389148
389149
389150
389151
389152
389153
389154
389155
389156
389157
389158
389159
389160
389161
389162
389164
389165
389327
389328
389330
389331
389332
389333
389334
389335
389336
389337
389338
389339
389340
389341
389342
389343
389344
389345
389346
389347
389348
389350
389351
389353
389518
389521
389524
389526
389527
389529
389530
389532
389533
401296
401298
401299
401300
401301
401302
401303
401304
401305
401306
401307
401308
401309
401310
401311
401312
401313
401314
401315
401316
401317
401318
401319
401320
401321
401322
401490
401493
401494
401495
401496
401497
401498
401499
401500
401501
401502
401504
401505
401507
401508
401684
401687
413456
413458
413459
413461
413462
413463
413464
413465
413466
413467
413468
413469
413470
413471
413472
413473
413474
413475
413476
413477
413479
413653
413656
413659
413662
425601
425603
425604
425606
425607
425609
425610
425612
425613
425615
425616
425618
425619
425621
425622
425624
425625
425627
425628
425631
425634
437761
437763
437764
437766
437767
437769
437770
437772
437773
437775
437776
437778
437779
437781
437782
437784
449921
449922
449923
449924
449925
449926
449927
449928
449929
449930
449931
449932
449933
449934
449935
449936
449938
449939
449941
449944
450112
450114
450115
450117
450118
450120
450121
450123
450126
462081
462082
462083
462084
462085
462086
462087
462088
462089
462090
462091
462092
462093
462094
462095
462096
462097
462098
462099
462101
462272
462274
462275
462277
462278
462280
462281
462283
462284
462286
462289
474241
474242
474243
474244
474245
474246
474247
474248
474249
474250
474251
474252
474253
474254
474255
474256
474257
474258
474261
474432
474434
474435
474437
474438
474440
474441
474443
474444
474446
474449
486401
486402
486403
486404
486405
486406
486407
486408
486409
486410
486411
486412
486413
486414
486415
486416
486417
486418
486592
486594
486595
486597
486598
486600
486601
486603
486604
486606
498561
498562
498563
498564
498565
498566
498567
498568
498569
498570
498571
498572
498573
498574
498575
498752
498754
498755
498757
498758
498760
498761
498763
498766
510721
510722
510723
510724
510725
510726
510727
510728
510729
510730
510731
510732
510734
510735
510912
510914
510915
510917
510918
510920
510921
510923
522881
522882
522883
522884
522885
522886
522887
522888
522889
522890
522891
523072
523073
523074
523075
523076
523078
523263
535041
535042
535044
895780
895781
895782
895783
895784
895785
895786
895787
895788
895789
895844
895845
895846
895847
895848
895849
895850
895851
895852
895853
895908
895909
895910
895911
895912
895913
895914
895915
895916
895917
895972
895973
895974
895975
895976
895977
895978
895979
895980
896036
896037
896038
896039
896040
896041
896042
896043
896044
896094
896095
896096
896097
896098
896099
896100
896101
896102
896103
896104
896105
896106
896157
896158
896159
896160
896161
896162
896163
896164
896165
896166
896167
896168
896169
896221
896222
896223
896224
896225
896226
896227
896228
896229
896230
896231
896285
896286
896287
896288
896289
896290
896291
896292
896293
896350
896351
896352
896353
896354
896355
896356
896414
896415
896416
896417
896418
896419
896420
896479
896480
896481
896482
896483
896484
896543
896544
896545
896546
896547
896548
896607
896608
896609
896610
896611
896672
896673
896674
907457
907521
907585
907586
907649
907650
907713
907714
907777
907778
907841
907842
907905
907906
907969
907970
907971
908033
908034
-328341
-328344
-328347
510926
522894
523081
-340496
-340498
340500
340503
340506
-340513
-340692
-340695
-340698
-340701
-340704
-340880
-340883
-340886
-340889
-340892
-341074
-341077
-341080
-352653
352657
352671
-352676
-352679
-352682
-352847
-352848
-352849
352862
352863
-352867
-352870
-352873
-353035
353050
353051
-353055
-353058
-353061
353238
-353243
-353246
-364813
364840
-364845
-365004
365031
-365036
-365195
-365386
-376973
-377164
-377355
-389133
-389324
-389515
-413443
-413446
-413449
425630
425633
425636
425639
437785
462102
462104
474259
486419
486420
486421
486607
498576
498578
510733
510924
522892
522893
522895
523077
523080
523083
523265
523268
535043
535045
535046
535047
535048
535049
535232
535233
535234
353039
-353229
-353231
353233
353236
353239
365032
365217
365219
365220
365390
365393
365396
365399
365402
365404
365405
365406
377003
377192
377194
377195
377374
377377
377379
377380
377381
377550
377551
377553
377554
377556
377557
377559
377560
377561
377562
377563
389163
389329
389349
389352
389354
389355
389356
389519
389520
389522
389523
389525
389528
389531
389534
389535
389536
389537
389538
-401293
401297
401323
401324
401325
-401487
401491
401492
401503
401506
401509
401510
401511
401512
401513
-401681
401685
401686
401688
401689
401690
401691
401692
-413452
-413453
-413455
413457
413460
413478
413480
413481
413482
-413650
413654
413655
413657
413658
413660
413661
413663
413664
413665
413666
413667
425602
425605
425608
425611
425614
425617
425620
425623
425626
425629
425632
425635
425637
425638
437762
437765
437768
437771
437774
437777
437780
437783
437786
437787
-437954
-437957
-437960
-437963
-437966
449937
449940
449942
449943
450113
450116
450119
450122
450124
450125
-450129
462100
462103
462273
462276
462279
462282
462285
462287
462288
474260
474433
474436
474439
474442
474445
474447
474448
486593
486596
486599
486602
486605
486608
486609
498577
498753
498756
498759
498762
498764
498765
510913
510916
510919
510922
510925
-511105
-511108
523079
523082
523264
523266
523267
-377546
340505
-340510
)


// ************************************************************************* //
