/*--------------------------------*- C++ -*----------------------------------*\
  =========                 |
  \\      /  F ield         | OpenFOAM: The Open Source CFD Toolbox
   \\    /   O peration     | Website:  https://openfoam.org
    \\  /    A nd           | Version:  6
     \\/     M anipulation  |
\*---------------------------------------------------------------------------*/
FoamFile
{
    version     2.0;
    format      ascii;
    class       faceList;
    location    "constant/region364/polyMesh";
    object      faces;
}
// * * * * * * * * * * * * * * * * * * * * * * * * * * * * * * * * * * * * * //


996
(
4(1 5 17 10)
4(9 10 17 16)
4(2 6 18 11)
4(10 11 18 17)
4(11 12 19 18)
4(9 16 50 40)
4(39 40 50 49)
4(10 17 51 41)
4(16 50 51 17)
4(40 41 51 50)
4(11 18 52 42)
4(17 51 52 18)
4(41 42 52 51)
4(12 19 53 43)
4(18 52 53 19)
4(42 43 53 52)
4(13 20 54 44)
4(19 53 54 20)
4(43 44 54 53)
4(20 54 55 21)
4(44 45 55 54)
4(17 24 61 51)
4(23 60 61 24)
4(50 51 61 60)
4(18 25 62 52)
4(24 61 62 25)
4(51 52 62 61)
4(19 26 63 53)
4(25 62 63 26)
4(52 53 63 62)
4(20 27 64 54)
4(26 63 64 27)
4(53 54 64 63)
4(54 55 65 64)
4(23 30 70 60)
4(59 60 70 69)
4(24 31 71 61)
4(30 70 71 31)
4(60 61 71 70)
4(25 32 72 62)
4(31 71 72 32)
4(61 62 72 71)
4(26 33 73 63)
4(32 72 73 33)
4(62 63 73 72)
4(63 64 74 73)
4(31 36 80 71)
4(70 71 80 79)
4(32 37 81 72)
4(71 72 81 80)
4(72 73 82 81)
4(40 50 97 86)
4(49 96 97 50)
4(85 86 97 96)
4(41 51 98 87)
4(50 97 98 51)
4(86 87 98 97)
4(42 52 99 88)
4(51 98 99 52)
4(87 88 99 98)
4(43 53 100 89)
4(52 99 100 53)
4(88 89 100 99)
4(44 54 101 90)
4(53 100 101 54)
4(89 90 101 100)
4(45 55 102 91)
4(54 101 102 55)
4(90 91 102 101)
4(46 56 103 92)
4(55 102 103 56)
4(91 92 103 102)
4(47 57 104 93)
4(56 103 104 57)
4(92 93 104 103)
4(57 104 105 58)
4(93 94 105 104)
4(50 60 108 97)
4(59 107 108 60)
4(96 97 108 107)
4(51 61 109 98)
4(60 108 109 61)
4(97 98 109 108)
4(52 62 110 99)
4(61 109 110 62)
4(98 99 110 109)
4(53 63 111 100)
4(62 110 111 63)
4(99 100 111 110)
4(54 64 112 101)
4(63 111 112 64)
4(100 101 112 111)
4(55 65 113 102)
4(64 112 113 65)
4(101 102 113 112)
4(56 66 114 103)
4(65 113 114 66)
4(102 103 114 113)
4(57 67 115 104)
4(66 114 115 67)
4(103 104 115 114)
4(104 105 116 115)
4(60 70 119 108)
4(69 118 119 70)
4(107 108 119 118)
4(61 71 120 109)
4(70 119 120 71)
4(108 109 120 119)
4(62 72 121 110)
4(71 120 121 72)
4(109 110 121 120)
4(63 73 122 111)
4(72 121 122 73)
4(110 111 122 121)
4(64 74 123 112)
4(73 122 123 74)
4(111 112 123 122)
4(65 75 124 113)
4(74 123 124 75)
4(112 113 124 123)
4(66 76 125 114)
4(113 114 125 124)
4(114 115 126 125)
4(70 79 128 119)
4(118 119 128 127)
4(71 80 129 120)
4(119 120 129 128)
4(72 81 130 121)
4(120 121 130 129)
4(73 82 131 122)
4(121 122 131 130)
4(74 83 132 123)
4(122 123 132 131)
4(86 97 146 135)
4(96 145 146 97)
4(134 135 146 145)
4(87 98 147 136)
4(97 146 147 98)
4(135 136 147 146)
4(88 99 148 137)
4(98 147 148 99)
4(136 137 148 147)
4(89 100 149 138)
4(99 148 149 100)
4(137 138 149 148)
4(90 101 150 139)
4(100 149 150 101)
4(138 139 150 149)
4(91 102 151 140)
4(101 150 151 102)
4(139 140 151 150)
4(92 103 152 141)
4(102 151 152 103)
4(140 141 152 151)
4(93 104 153 142)
4(103 152 153 104)
4(141 142 153 152)
4(94 105 154 143)
4(104 153 154 105)
4(142 143 154 153)
4(105 154 155 106)
4(143 144 155 154)
4(97 108 157 146)
4(107 156 157 108)
4(145 146 157 156)
4(98 109 158 147)
4(108 157 158 109)
4(146 147 158 157)
4(99 110 159 148)
4(109 158 159 110)
4(147 148 159 158)
4(100 111 160 149)
4(110 159 160 111)
4(148 149 160 159)
4(101 112 161 150)
4(111 160 161 112)
4(149 150 161 160)
4(102 113 162 151)
4(112 161 162 113)
4(150 151 162 161)
4(103 114 163 152)
4(113 162 163 114)
4(151 152 163 162)
4(104 115 164 153)
4(114 163 164 115)
4(152 153 164 163)
4(105 116 165 154)
4(153 154 165 164)
4(154 155 166 165)
4(108 119 168 157)
4(118 167 168 119)
4(156 157 168 167)
4(109 120 169 158)
4(119 168 169 120)
4(157 158 169 168)
4(110 121 170 159)
4(120 169 170 121)
4(158 159 170 169)
4(111 122 171 160)
4(121 170 171 122)
4(159 160 171 170)
4(112 123 172 161)
4(122 171 172 123)
4(160 161 172 171)
4(113 124 173 162)
4(161 162 173 172)
4(114 125 174 163)
4(162 163 174 173)
4(119 128 177 168)
4(120 129 178 169)
4(121 130 179 170)
4(122 131 180 171)
4(135 146 194 183)
4(145 193 194 146)
4(182 183 194 193)
4(136 147 195 184)
4(146 194 195 147)
4(183 184 195 194)
4(137 148 196 185)
4(147 195 196 148)
4(184 185 196 195)
4(138 149 197 186)
4(148 196 197 149)
4(185 186 197 196)
4(139 150 198 187)
4(149 197 198 150)
4(186 187 198 197)
4(140 151 199 188)
4(150 198 199 151)
4(187 188 199 198)
4(141 152 200 189)
4(151 199 200 152)
4(188 189 200 199)
4(142 153 201 190)
4(152 200 201 153)
4(189 190 201 200)
4(143 154 202 191)
4(153 201 202 154)
4(190 191 202 201)
4(154 202 203 155)
4(191 192 203 202)
4(146 157 205 194)
4(156 204 205 157)
4(147 158 206 195)
4(157 205 206 158)
4(194 195 206 205)
4(148 159 207 196)
4(158 206 207 159)
4(195 196 207 206)
4(149 160 208 197)
4(159 207 208 160)
4(196 197 208 207)
4(150 161 209 198)
4(160 208 209 161)
4(197 198 209 208)
4(151 162 210 199)
4(161 209 210 162)
4(198 199 210 209)
4(152 163 211 200)
4(162 210 211 163)
4(199 200 211 210)
4(153 164 212 201)
4(200 201 212 211)
4(154 165 213 202)
4(201 202 213 212)
4(157 168 216 205)
4(158 169 217 206)
4(159 170 218 207)
4(206 207 218 217)
4(160 171 219 208)
4(207 208 219 218)
4(161 172 220 209)
4(208 209 220 219)
4(162 173 221 210)
4(183 194 235 224)
4(223 224 235 234)
4(184 195 236 225)
4(194 235 236 195)
4(224 225 236 235)
4(185 196 237 226)
4(195 236 237 196)
4(225 226 237 236)
4(186 197 238 227)
4(196 237 238 197)
4(226 227 238 237)
4(187 198 239 228)
4(197 238 239 198)
4(227 228 239 238)
4(188 199 240 229)
4(198 239 240 199)
4(228 229 240 239)
4(189 200 241 230)
4(199 240 241 200)
4(229 230 241 240)
4(190 201 242 231)
4(200 241 242 201)
4(230 231 242 241)
4(191 202 243 232)
4(201 242 243 202)
4(231 232 243 242)
4(195 206 246 236)
4(196 207 247 237)
4(206 246 247 207)
4(236 237 247 246)
4(197 208 248 238)
4(207 247 248 208)
4(237 238 248 247)
4(198 209 249 239)
4(208 248 249 209)
4(238 239 249 248)
4(199 210 250 240)
4(239 240 250 249)
4(200 211 251 241)
4(240 241 251 250)
4(201 212 252 242)
4(207 218 255 247)
4(208 219 256 248)
4(224 235 279 264)
4(263 264 279 278)
4(225 236 280 265)
4(264 265 280 279)
4(226 237 281 266)
4(236 280 281 237)
4(265 266 281 280)
4(227 238 282 267)
4(237 281 282 238)
4(266 267 282 281)
4(228 239 283 268)
4(238 282 283 239)
4(267 268 283 282)
4(229 240 284 269)
4(239 283 284 240)
4(268 269 284 283)
4(230 241 285 270)
4(240 284 285 241)
4(269 270 285 284)
4(231 242 286 271)
4(270 271 286 285)
4(237 247 289 281)
4(238 248 290 282)
4(239 249 291 283)
4(240 250 292 284)
4(259 274 309 295)
4(294 295 309 308)
4(260 275 310 296)
4(295 296 310 309)
4(261 276 311 297)
4(296 297 311 310)
4(262 277 312 298)
4(297 298 312 311)
4(263 278 313 299)
4(298 299 313 312)
4(264 279 314 300)
4(299 300 314 313)
4(265 280 315 301)
4(300 301 315 314)
4(266 281 316 302)
4(301 302 316 315)
4(267 282 317 303)
4(302 303 317 316)
4(268 283 318 304)
4(269 284 319 305)
4(270 285 320 306)
4(295 309 333 323)
4(322 323 333 332)
4(296 310 334 324)
4(323 324 334 333)
4(297 311 335 325)
4(324 325 335 334)
4(298 312 336 326)
4(325 326 336 335)
4(299 313 337 327)
4(326 327 337 336)
4(300 314 338 328)
4(327 328 338 337)
4(301 315 339 329)
4(328 329 339 338)
4(302 316 340 330)
4(329 330 340 339)
4(323 333 358 349)
4(332 357 358 333)
4(348 349 358 357)
4(324 334 359 350)
4(333 358 359 334)
4(349 350 359 358)
4(325 335 360 351)
4(334 359 360 335)
4(350 351 360 359)
4(326 336 361 352)
4(335 360 361 336)
4(351 352 361 360)
4(327 337 362 353)
4(336 361 362 337)
4(352 353 362 361)
4(328 338 363 354)
4(353 354 363 362)
4(329 339 364 355)
4(354 355 364 363)
4(355 356 365 364)
4(333 343 367 358)
4(357 358 367 366)
4(334 344 368 359)
4(358 359 368 367)
4(335 345 369 360)
4(359 360 369 368)
4(336 346 370 361)
4(360 361 370 369)
4(361 362 371 370)
4(349 358 383 374)
4(357 382 383 358)
4(373 374 383 382)
4(350 359 384 375)
4(358 383 384 359)
4(374 375 384 383)
4(351 360 385 376)
4(359 384 385 360)
4(375 376 385 384)
4(352 361 386 377)
4(360 385 386 361)
4(376 377 386 385)
4(353 362 387 378)
4(361 386 387 362)
4(377 378 387 386)
4(354 363 388 379)
4(362 387 388 363)
4(378 379 388 387)
4(355 364 389 380)
4(379 380 389 388)
4(358 367 392 383)
4(382 383 392 391)
4(359 368 393 384)
4(383 384 393 392)
4(360 369 394 385)
4(384 385 394 393)
4(361 370 395 386)
4(385 386 395 394)
4(362 371 396 387)
4(386 387 396 395)
4(387 388 397 396)
4(374 383 407 399)
4(382 406 407 383)
4(398 399 407 406)
4(375 384 408 400)
4(383 407 408 384)
4(399 400 408 407)
4(376 385 409 401)
4(384 408 409 385)
4(400 401 409 408)
4(377 386 410 402)
4(385 409 410 386)
4(401 402 410 409)
4(378 387 411 403)
4(386 410 411 387)
4(402 403 411 410)
4(379 388 412 404)
4(387 411 412 388)
4(403 404 412 411)
4(404 405 413 412)
4(383 392 415 407)
4(406 407 415 414)
4(384 393 416 408)
4(407 408 416 415)
4(385 394 417 409)
4(408 409 417 416)
4(386 395 418 410)
4(409 410 418 417)
4(387 396 419 411)
4(410 411 419 418)
4(411 412 420 419)
4(399 407 430 422)
4(406 429 430 407)
4(421 422 430 429)
4(400 408 431 423)
4(407 430 431 408)
4(422 423 431 430)
4(401 409 432 424)
4(408 431 432 409)
4(423 424 432 431)
4(402 410 433 425)
4(409 432 433 410)
4(424 425 433 432)
4(403 411 434 426)
4(410 433 434 411)
4(425 426 434 433)
4(404 412 435 427)
4(411 434 435 412)
4(426 427 435 434)
4(407 415 438 430)
4(429 430 438 437)
4(408 416 439 431)
4(430 431 439 438)
4(409 417 440 432)
4(431 432 440 439)
4(410 418 441 433)
4(432 433 441 440)
4(411 419 442 434)
4(433 434 442 441)
4(422 430 452 445)
4(429 451 452 430)
4(444 445 452 451)
4(423 431 453 446)
4(430 452 453 431)
4(445 446 453 452)
4(424 432 454 447)
4(431 453 454 432)
4(446 447 454 453)
4(425 433 455 448)
4(432 454 455 433)
4(447 448 455 454)
4(426 434 456 449)
4(433 455 456 434)
4(448 449 456 455)
4(430 438 459 452)
4(451 452 459 458)
4(431 439 460 453)
4(452 453 460 459)
4(432 440 461 454)
4(453 454 461 460)
4(433 441 462 455)
4(454 455 462 461)
4(455 456 463 462)
4(445 452 471 465)
4(451 470 471 452)
4(464 465 471 470)
4(446 453 472 466)
4(452 471 472 453)
4(465 466 472 471)
4(447 454 473 467)
4(453 472 473 454)
4(466 467 473 472)
4(448 455 474 468)
4(454 473 474 455)
4(467 468 474 473)
4(455 474 475 456)
4(468 469 475 474)
4(452 459 477 471)
4(470 471 477 476)
4(453 460 478 472)
4(471 472 478 477)
4(454 461 479 473)
4(472 473 479 478)
4(455 462 480 474)
4(473 474 480 479)
4(465 471 492 486)
4(470 491 492 471)
4(485 486 492 491)
4(466 472 493 487)
4(471 492 493 472)
4(486 487 493 492)
4(467 473 494 488)
4(472 493 494 473)
4(487 488 494 493)
4(468 474 495 489)
4(473 494 495 474)
4(471 477 498 492)
4(476 497 498 477)
4(491 492 498 497)
4(472 478 499 493)
4(477 498 499 478)
4(473 479 500 494)
4(477 483 503 498)
4(486 492 510 506)
4(491 509 510 492)
4(487 493 511 507)
4(258 259 295 294)
4(294 295 323 322)
4(322 323 349 348)
4(348 349 374 373)
4(373 374 399 398)
4(398 399 422 421)
4(421 422 445 444)
4(444 445 465 464)
4(464 465 486 485)
4(485 486 506 505)
4(259 260 296 295)
4(295 296 324 323)
4(323 324 350 349)
4(349 350 375 374)
4(374 375 400 399)
4(399 400 423 422)
4(422 423 446 445)
4(445 446 466 465)
4(465 466 487 486)
4(486 487 507 506)
4(260 261 297 296)
4(296 297 325 324)
4(324 325 351 350)
4(350 351 376 375)
4(375 376 401 400)
4(400 401 424 423)
4(423 424 447 446)
4(446 447 467 466)
4(466 467 488 487)
4(487 488 508 507)
4(261 262 298 297)
4(297 298 326 325)
4(325 326 352 351)
4(351 352 377 376)
4(376 377 402 401)
4(401 402 425 424)
4(424 425 448 447)
4(447 448 468 467)
4(467 468 489 488)
4(262 263 299 298)
4(298 299 327 326)
4(326 327 353 352)
4(352 353 378 377)
4(377 378 403 402)
4(402 403 426 425)
4(425 426 449 448)
4(448 449 469 468)
4(468 469 490 489)
4(8 9 40 39)
4(39 40 86 85)
4(85 86 135 134)
4(134 135 183 182)
4(182 183 224 223)
4(223 224 264 263)
4(263 264 300 299)
4(299 300 328 327)
4(327 328 354 353)
4(353 354 379 378)
4(378 379 404 403)
4(403 404 427 426)
4(426 427 450 449)
4(0 1 10 9)
4(9 10 41 40)
4(40 41 87 86)
4(86 87 136 135)
4(135 136 184 183)
4(183 184 225 224)
4(224 225 265 264)
4(264 265 301 300)
4(300 301 329 328)
4(328 329 355 354)
4(354 355 380 379)
4(379 380 405 404)
4(404 405 428 427)
4(1 2 11 10)
4(10 11 42 41)
4(41 42 88 87)
4(87 88 137 136)
4(136 137 185 184)
4(184 185 226 225)
4(225 226 266 265)
4(265 266 302 301)
4(301 302 330 329)
4(329 330 356 355)
4(355 356 381 380)
4(2 3 12 11)
4(11 12 43 42)
4(42 43 89 88)
4(88 89 138 137)
4(137 138 186 185)
4(185 186 227 226)
4(226 227 267 266)
4(266 267 303 302)
4(302 303 331 330)
4(12 13 44 43)
4(43 44 90 89)
4(89 90 139 138)
4(138 139 187 186)
4(186 187 228 227)
4(227 228 268 267)
4(267 268 304 303)
4(13 14 45 44)
4(44 45 91 90)
4(90 91 140 139)
4(139 140 188 187)
4(187 188 229 228)
4(228 229 269 268)
4(268 269 305 304)
4(45 46 92 91)
4(91 92 141 140)
4(140 141 189 188)
4(188 189 230 229)
4(229 230 270 269)
4(269 270 306 305)
4(46 47 93 92)
4(92 93 142 141)
4(141 142 190 189)
4(189 190 231 230)
4(230 231 271 270)
4(270 271 307 306)
4(47 48 94 93)
4(93 94 143 142)
4(142 143 191 190)
4(190 191 232 231)
4(231 232 272 271)
4(94 95 144 143)
4(143 144 192 191)
4(191 192 233 232)
4(258 294 308 273)
4(294 322 332 308)
4(322 348 357 332)
4(332 357 366 342)
4(348 373 382 357)
4(357 382 391 366)
4(373 398 406 382)
4(382 406 414 391)
4(398 421 429 406)
4(406 429 437 414)
4(421 444 451 429)
4(429 451 458 437)
4(444 464 470 451)
4(451 470 476 458)
4(464 485 491 470)
4(470 491 497 476)
4(476 497 502 482)
4(485 505 509 491)
4(491 509 513 497)
4(0 4 5 1)
4(1 5 6 2)
4(2 6 7 3)
4(474 475 481 480)
4(474 495 496 475)
4(474 480 501 495)
4(0 9 16 4)
4(8 15 16 9)
4(4 16 17 5)
4(5 17 18 6)
4(6 18 19 7)
4(13 20 21 14)
4(16 23 24 17)
4(17 24 25 18)
4(18 25 26 19)
4(19 26 27 20)
4(20 27 28 21)
4(22 29 30 23)
4(23 30 31 24)
4(24 31 32 25)
4(25 32 33 26)
4(26 33 34 27)
4(30 35 36 31)
4(31 36 37 32)
4(32 37 38 33)
4(8 39 49 15)
4(15 49 50 16)
4(14 21 55 45)
4(45 55 56 46)
4(46 56 57 47)
4(47 57 58 48)
4(16 50 60 23)
4(22 23 60 59)
4(49 59 60 50)
4(21 28 65 55)
4(27 64 65 28)
4(55 65 66 56)
4(56 66 67 57)
4(57 67 68 58)
4(22 59 69 29)
4(27 34 74 64)
4(33 73 74 34)
4(64 74 75 65)
4(65 75 76 66)
4(66 76 77 67)
4(33 38 82 73)
4(73 82 83 74)
4(74 83 84 75)
4(39 85 96 49)
4(48 58 105 94)
4(94 105 106 95)
4(49 96 107 59)
4(58 68 116 105)
4(105 116 117 106)
4(59 107 118 69)
4(69 118 127 78)
4(85 134 145 96)
4(96 145 156 107)
4(107 156 167 118)
4(134 182 193 145)
4(145 193 204 156)
4(156 204 215 167)
4(258 273 274 259)
4(259 274 275 260)
4(260 275 276 261)
4(303 304 318 317)
4(304 305 319 318)
4(305 306 320 319)
4(306 307 321 320)
4(303 317 341 331)
4(356 365 390 381)
4(380 381 390 389)
4(380 389 413 405)
4(405 413 436 428)
4(412 435 436 413)
4(427 428 436 435)
4(412 420 443 435)
4(427 435 457 450)
4(449 450 457 456)
4(449 456 475 469)
4(456 463 481 475)
4(488 489 495 494)
4(469 475 496 490)
4(489 490 496 495)
4(492 493 499 498)
4(493 494 500 499)
4(494 495 501 500)
4(497 498 503 502)
4(498 499 504 503)
4(505 506 510 509)
4(492 510 511 493)
4(506 507 511 510)
4(488 494 512 508)
4(493 511 512 494)
4(507 508 512 511)
4(492 498 514 510)
4(497 513 514 498)
4(509 510 514 513)
4(29 69 70 30)
4(30 70 79 35)
4(69 78 79 70)
4(35 79 80 36)
4(36 80 81 37)
4(37 81 82 38)
4(67 115 116 68)
4(75 124 125 76)
4(67 77 126 115)
4(76 125 126 77)
4(78 127 128 79)
4(79 128 129 80)
4(80 129 130 81)
4(81 130 131 82)
4(82 131 132 83)
4(75 84 133 124)
4(83 132 133 84)
4(123 124 133 132)
4(95 106 155 144)
4(115 164 165 116)
4(106 117 166 155)
4(116 165 166 117)
4(123 172 173 124)
4(124 173 174 125)
4(115 126 175 164)
4(125 174 175 126)
4(163 164 175 174)
4(127 176 177 128)
4(167 168 177 176)
4(128 177 178 129)
4(168 169 178 177)
4(129 178 179 130)
4(169 170 179 178)
4(130 179 180 131)
4(170 171 180 179)
4(123 132 181 172)
4(131 180 181 132)
4(171 172 181 180)
4(144 155 203 192)
4(193 194 205 204)
4(163 211 212 164)
4(164 212 213 165)
4(155 166 214 203)
4(165 213 214 166)
4(202 203 214 213)
4(167 215 216 168)
4(204 205 216 215)
4(168 216 217 169)
4(205 206 217 216)
4(169 217 218 170)
4(170 218 219 171)
4(171 219 220 172)
4(172 220 221 173)
4(209 210 221 220)
4(163 174 222 211)
4(173 221 222 174)
4(210 211 222 221)
4(182 223 234 193)
4(193 234 235 194)
4(192 203 244 233)
4(202 243 244 203)
4(232 233 244 243)
4(194 235 245 205)
4(205 245 246 206)
4(235 236 246 245)
4(209 249 250 210)
4(210 250 251 211)
4(211 251 252 212)
4(241 242 252 251)
4(202 213 253 243)
4(212 252 253 213)
4(242 243 253 252)
4(206 246 254 217)
4(217 254 255 218)
4(246 247 255 254)
4(218 255 256 219)
4(247 248 256 255)
4(209 220 257 249)
4(219 256 257 220)
4(248 249 257 256)
4(261 276 277 262)
4(223 263 278 234)
4(262 277 278 263)
4(234 278 279 235)
4(235 279 280 236)
4(241 285 286 242)
4(232 243 287 272)
4(242 286 287 243)
4(271 272 287 286)
4(236 280 288 246)
4(246 288 289 247)
4(280 281 289 288)
4(247 289 290 248)
4(281 282 290 289)
4(248 290 291 249)
4(282 283 291 290)
4(249 291 292 250)
4(283 284 292 291)
4(241 251 293 285)
4(250 292 293 251)
4(284 285 293 292)
4(273 308 309 274)
4(274 309 310 275)
4(275 310 311 276)
4(276 311 312 277)
4(277 312 313 278)
4(278 313 314 279)
4(279 314 315 280)
4(280 315 316 281)
4(281 316 317 282)
4(282 317 318 283)
4(283 318 319 284)
4(284 319 320 285)
4(271 286 321 307)
4(285 320 321 286)
4(308 332 333 309)
4(309 333 334 310)
4(310 334 335 311)
4(311 335 336 312)
4(312 336 337 313)
4(313 337 338 314)
4(314 338 339 315)
4(315 339 340 316)
4(316 340 341 317)
4(330 331 341 340)
4(332 342 343 333)
4(333 343 344 334)
4(334 344 345 335)
4(335 345 346 336)
4(336 346 347 337)
4(337 362 363 338)
4(338 363 364 339)
4(330 340 365 356)
4(339 364 365 340)
4(342 366 367 343)
4(343 367 368 344)
4(344 368 369 345)
4(345 369 370 346)
4(337 347 371 362)
4(346 370 371 347)
4(362 371 372 363)
4(363 388 389 364)
4(364 389 390 365)
4(366 391 392 367)
4(367 392 393 368)
4(368 393 394 369)
4(369 394 395 370)
4(370 395 396 371)
4(363 372 397 388)
4(371 396 397 372)
4(388 412 413 389)
4(391 414 415 392)
4(392 415 416 393)
4(393 416 417 394)
4(394 417 418 395)
4(395 418 419 396)
4(388 397 420 412)
4(396 419 420 397)
4(414 437 438 415)
4(415 438 439 416)
4(416 439 440 417)
4(417 440 441 418)
4(418 441 442 419)
4(419 442 443 420)
4(434 435 443 442)
4(434 456 457 435)
4(437 458 459 438)
4(438 459 460 439)
4(439 460 461 440)
4(440 461 462 441)
4(434 442 463 456)
4(441 462 463 442)
4(458 476 477 459)
4(459 477 478 460)
4(460 478 479 461)
4(461 479 480 462)
4(462 480 481 463)
4(476 482 483 477)
4(477 483 484 478)
4(478 499 500 479)
4(479 500 501 480)
4(482 502 503 483)
4(478 484 504 499)
4(483 503 504 484)
4(118 167 176 127)
4(3 7 19 12)
4(12 19 20 13)
)


// ************************************************************************* //
