/*--------------------------------*- C++ -*----------------------------------*\
  =========                 |
  \\      /  F ield         | OpenFOAM: The Open Source CFD Toolbox
   \\    /   O peration     | Website:  https://openfoam.org
    \\  /    A nd           | Version:  6
     \\/     M anipulation  |
\*---------------------------------------------------------------------------*/
FoamFile
{
    version     2.0;
    format      ascii;
    class       labelList;
    note        "nPoints:515  nCells:260  nFaces:996  nInternalFaces:564";
    location    "constant/region364/polyMesh";
    object      neighbour;
}
// * * * * * * * * * * * * * * * * * * * * * * * * * * * * * * * * * * * * * //


564
(
1
4
2
5
6
4
22
5
9
23
6
10
24
7
11
25
8
12
26
13
27
10
15
32
11
16
33
12
17
34
13
18
35
36
15
40
16
19
41
17
20
42
18
21
43
44
20
49
21
50
51
23
31
54
24
32
55
25
33
56
26
34
57
27
35
58
28
36
59
29
37
60
30
38
61
39
62
32
40
64
33
41
65
34
42
66
35
43
67
36
44
68
37
45
69
38
46
70
39
47
71
72
41
48
74
42
49
75
43
50
76
44
51
77
45
52
78
46
53
79
47
80
81
49
82
50
83
51
84
52
85
53
86
55
64
87
56
65
88
57
66
89
58
67
90
59
68
91
60
69
92
61
70
93
62
71
94
63
72
95
73
96
65
74
97
66
75
98
67
76
99
68
77
100
69
78
101
70
79
102
71
80
103
72
81
104
73
105
106
75
82
107
76
83
108
77
84
109
78
85
110
79
86
111
80
112
81
113
83
84
85
86
88
97
114
89
98
115
90
99
116
91
100
117
92
101
118
93
102
119
94
103
120
95
104
121
96
105
122
106
123
98
107
99
108
124
100
109
125
101
110
126
102
111
127
103
112
128
104
113
129
105
130
106
131
108
109
110
132
111
133
112
134
113
115
135
116
124
136
117
125
137
118
126
138
119
127
139
120
128
140
121
129
141
122
130
142
123
131
143
125
126
132
144
127
133
145
128
134
146
129
147
130
148
131
133
134
136
154
137
155
138
144
156
139
145
157
140
146
158
141
147
159
142
148
160
143
161
145
146
147
148
150
162
151
163
152
164
153
165
154
166
155
167
156
168
157
169
158
170
159
160
161
163
171
164
172
165
173
166
174
167
175
168
176
169
177
170
178
172
179
184
173
180
185
174
181
186
175
182
187
176
183
188
177
189
178
190
191
180
192
181
193
182
194
183
195
196
185
192
198
186
193
199
187
194
200
188
195
201
189
196
202
190
197
203
191
204
193
205
194
206
195
207
196
208
197
209
210
199
205
211
200
206
212
201
207
213
202
208
214
203
209
215
204
210
216
217
206
218
207
219
208
220
209
221
210
222
223
212
218
224
213
219
225
214
220
226
215
221
227
216
222
228
217
223
229
219
230
220
231
221
232
222
233
223
234
225
230
235
226
231
236
227
232
237
228
233
238
229
234
239
231
240
232
241
233
242
234
243
244
236
240
245
237
241
246
238
242
247
239
243
248
244
249
241
250
242
251
243
252
244
253
246
250
256
247
251
257
248
252
258
249
253
251
254
259
252
255
253
255
257
259
258
)


// ************************************************************************* //
