/*--------------------------------*- C++ -*----------------------------------*\
  =========                 |
  \\      /  F ield         | OpenFOAM: The Open Source CFD Toolbox
   \\    /   O peration     | Website:  https://openfoam.org
    \\  /    A nd           | Version:  6
     \\/     M anipulation  |
\*---------------------------------------------------------------------------*/
FoamFile
{
    version     2.0;
    format      ascii;
    class       labelList;
    note        "nPoints:515  nCells:260  nFaces:996  nInternalFaces:564";
    location    "constant/region364/polyMesh";
    object      owner;
}
// * * * * * * * * * * * * * * * * * * * * * * * * * * * * * * * * * * * * * //


996
(
0
0
1
1
2
3
3
4
4
4
5
5
5
6
6
6
7
7
7
8
8
9
9
9
10
10
10
11
11
11
12
12
12
13
14
14
15
15
15
16
16
16
17
17
17
18
19
19
20
20
21
22
22
22
23
23
23
24
24
24
25
25
25
26
26
26
27
27
27
28
28
28
29
29
29
30
30
31
31
31
32
32
32
33
33
33
34
34
34
35
35
35
36
36
36
37
37
37
38
38
38
39
40
40
40
41
41
41
42
42
42
43
43
43
44
44
44
45
45
45
46
46
47
48
48
49
49
50
50
51
51
52
52
54
54
54
55
55
55
56
56
56
57
57
57
58
58
58
59
59
59
60
60
60
61
61
61
62
62
62
63
63
64
64
64
65
65
65
66
66
66
67
67
67
68
68
68
69
69
69
70
70
70
71
71
71
72
72
73
74
74
74
75
75
75
76
76
76
77
77
77
78
78
78
79
79
80
80
82
83
84
85
87
87
87
88
88
88
89
89
89
90
90
90
91
91
91
92
92
92
93
93
93
94
94
94
95
95
95
96
96
97
97
98
98
98
99
99
99
100
100
100
101
101
101
102
102
102
103
103
103
104
104
105
105
107
108
109
109
110
110
111
111
112
114
114
115
115
115
116
116
116
117
117
117
118
118
118
119
119
119
120
120
120
121
121
121
122
122
122
124
125
125
125
126
126
126
127
127
127
128
128
129
129
130
132
133
135
135
136
136
137
137
137
138
138
138
139
139
139
140
140
140
141
141
141
142
142
144
145
146
147
149
149
150
150
151
151
152
152
153
153
154
154
155
155
156
156
157
157
158
159
160
162
162
163
163
164
164
165
165
166
166
167
167
168
168
169
169
171
171
171
172
172
172
173
173
173
174
174
174
175
175
175
176
176
177
177
178
179
179
180
180
181
181
182
182
183
184
184
184
185
185
185
186
186
186
187
187
187
188
188
188
189
189
189
190
190
192
192
193
193
194
194
195
195
196
196
197
198
198
198
199
199
199
200
200
200
201
201
201
202
202
202
203
203
203
204
205
205
206
206
207
207
208
208
209
209
210
211
211
211
212
212
212
213
213
213
214
214
214
215
215
215
216
216
216
218
218
219
219
220
220
221
221
222
222
224
224
224
225
225
225
226
226
226
227
227
227
228
228
228
230
230
231
231
232
232
233
233
234
235
235
235
236
236
236
237
237
237
238
238
238
239
239
240
240
241
241
242
242
243
243
245
245
245
246
246
246
247
247
247
248
248
250
250
250
251
251
252
254
256
256
257
149
162
171
184
198
211
224
235
245
256
150
163
172
185
199
212
225
236
246
257
151
164
173
186
200
213
226
237
247
258
152
165
174
187
201
214
227
238
248
153
166
175
188
202
215
228
239
249
3
22
54
87
114
135
154
167
176
189
203
216
229
0
4
23
55
88
115
136
155
168
177
190
204
217
1
5
24
56
89
116
137
156
169
178
191
2
6
25
57
90
117
138
157
170
7
26
58
91
118
139
158
8
27
59
92
119
140
159
28
60
93
120
141
160
29
61
94
121
142
161
30
62
95
122
143
63
96
123
149
162
171
179
184
192
198
205
211
218
224
230
235
240
245
250
254
256
259
0
1
2
244
249
253
0
3
0
1
2
8
9
10
11
12
13
14
15
16
17
18
19
20
21
3
3
8
28
29
30
9
14
31
13
13
37
38
39
14
18
18
45
46
47
21
52
53
22
30
63
31
39
73
40
48
54
64
74
87
97
107
149
150
151
158
159
160
161
170
191
191
204
217
217
217
223
229
229
239
244
248
249
249
251
252
253
254
255
256
257
257
258
258
258
259
259
259
14
19
48
19
20
21
39
46
47
47
48
49
50
51
52
53
53
53
63
72
73
73
79
80
81
81
81
82
82
83
83
84
84
85
85
86
86
86
96
97
104
105
106
106
106
107
107
108
108
109
110
111
112
112
113
113
113
114
114
123
123
123
124
124
124
128
129
130
130
131
131
131
132
132
132
133
133
134
134
134
152
135
153
135
136
142
143
143
143
144
144
144
145
145
146
146
147
147
148
148
148
149
150
151
152
153
154
155
156
157
158
159
160
161
161
162
163
164
165
166
167
168
169
170
170
179
180
181
182
183
176
177
178
178
179
180
181
182
183
183
197
190
191
192
193
194
195
196
197
197
204
205
206
207
208
209
210
210
218
219
220
221
222
223
223
229
230
231
232
233
234
234
240
241
242
243
244
254
255
252
253
254
255
255
82
2
7
)


// ************************************************************************* //
