/*--------------------------------*- C++ -*----------------------------------*\
  =========                 |
  \\      /  F ield         | OpenFOAM: The Open Source CFD Toolbox
   \\    /   O peration     | Website:  https://openfoam.org
    \\  /    A nd           | Version:  6
     \\/     M anipulation  |
\*---------------------------------------------------------------------------*/
FoamFile
{
    version     2.0;
    format      ascii;
    class       labelList;
    location    "constant/region364/polyMesh";
    object      pointRegionAddressing;
}
// * * * * * * * * * * * * * * * * * * * * * * * * * * * * * * * * * * * * * //


515
(
118306
118307
118308
118309
118371
118372
118373
118374
122530
122531
122532
122533
122534
122535
122536
122595
122596
122597
122598
122599
122600
122601
122660
122661
122662
122663
122664
122665
122666
122725
122726
122727
122728
122729
122730
122791
122792
122793
122794
126755
126756
126757
126758
126759
126760
126761
126762
126763
126764
126820
126821
126822
126823
126824
126825
126826
126827
126828
126829
126885
126886
126887
126888
126889
126890
126891
126892
126893
126894
126950
126951
126952
126953
126954
126955
126956
126957
126958
127015
127016
127017
127018
127019
127020
127021
130980
130981
130982
130983
130984
130985
130986
130987
130988
130989
130990
131045
131046
131047
131048
131049
131050
131051
131052
131053
131054
131055
131110
131111
131112
131113
131114
131115
131116
131117
131118
131119
131120
131175
131176
131177
131178
131179
131180
131181
131182
131183
131240
131241
131242
131243
131244
131245
131246
135205
135206
135207
135208
135209
135210
135211
135212
135213
135214
135215
135270
135271
135272
135273
135274
135275
135276
135277
135278
135279
135280
135335
135336
135337
135338
135339
135340
135341
135342
135343
135344
135345
135400
135401
135402
135403
135404
135405
135406
135407
135408
135465
135466
135467
135468
135469
135470
139430
139431
139432
139433
139434
139435
139436
139437
139438
139439
139440
139495
139496
139497
139498
139499
139500
139501
139502
139503
139504
139505
139560
139561
139562
139563
139564
139565
139566
139567
139568
139569
139570
139625
139626
139627
139628
139629
139630
139631
139632
143655
143656
143657
143658
143659
143660
143661
143662
143663
143664
143665
143720
143721
143722
143723
143724
143725
143726
143727
143728
143729
143730
143786
143787
143788
143789
143790
143791
143792
143793
143794
143852
143853
143854
143855
147875
147876
147877
147878
147879
147880
147881
147882
147883
147884
147885
147886
147887
147888
147889
147940
147941
147942
147943
147944
147945
147946
147947
147948
147949
147950
147951
147952
147953
147954
148012
148013
148014
148015
148016
148017
152100
152101
152102
152103
152104
152105
152106
152107
152108
152109
152110
152111
152112
152113
152165
152166
152167
152168
152169
152170
152171
152172
152173
152174
152175
152176
152177
152178
156325
156326
156327
156328
156329
156330
156331
156332
156333
156334
156390
156391
156392
156393
156394
156395
156396
156397
156398
156399
156455
156456
156457
156458
156459
156460
160550
160551
160552
160553
160554
160555
160556
160557
160558
160615
160616
160617
160618
160619
160620
160621
160622
160623
160680
160681
160682
160683
160684
160685
160686
164775
164776
164777
164778
164779
164780
164781
164782
164783
164840
164841
164842
164843
164844
164845
164846
164847
164848
164905
164906
164907
164908
164909
164910
164911
169000
169001
169002
169003
169004
169005
169006
169007
169065
169066
169067
169068
169069
169070
169071
169072
169130
169131
169132
169133
169134
169135
169136
173225
173226
173227
173228
173229
173230
173231
173232
173290
173291
173292
173293
173294
173295
173296
173297
173355
173356
173357
173358
173359
173360
173361
177450
177451
177452
177453
177454
177455
177456
177515
177516
177517
177518
177519
177520
177521
177580
177581
177582
177583
177584
177585
181675
181676
181677
181678
181679
181680
181740
181741
181742
181743
181744
181745
181805
181806
181807
181808
181809
181810
181870
181871
181872
185900
185901
185902
185903
185904
185905
185965
185966
185967
185968
185969
185970
186030
186031
186032
186033
186034
186095
186096
186097
190125
190126
190127
190128
190190
190191
190192
190193
190255
190256
)


// ************************************************************************* //
