/*--------------------------------*- C++ -*----------------------------------*\
  =========                 |
  \\      /  F ield         | OpenFOAM: The Open Source CFD Toolbox
   \\    /   O peration     | Website:  https://openfoam.org
    \\  /    A nd           | Version:  6
     \\/     M anipulation  |
\*---------------------------------------------------------------------------*/
FoamFile
{
    version     2.0;
    format      ascii;
    class       vectorField;
    location    "constant/region364/polyMesh";
    object      points;
}
// * * * * * * * * * * * * * * * * * * * * * * * * * * * * * * * * * * * * * //


515
(
(3.899999999999999e-07 0 1.82e-06)
(4.55e-07 0 1.82e-06)
(5.2e-07 0 1.82e-06)
(5.849999999999999e-07 0 1.82e-06)
(3.900000000000001e-07 6.5e-08 1.82e-06)
(4.55e-07 6.5e-08 1.82e-06)
(5.199999999999999e-07 6.5e-08 1.82e-06)
(5.849999999999999e-07 6.5e-08 1.82e-06)
(3.25e-07 0 1.885e-06)
(3.899999999999999e-07 0 1.885e-06)
(4.55e-07 0 1.885e-06)
(5.2e-07 0 1.885e-06)
(5.849999999999999e-07 0 1.885e-06)
(6.499999999999999e-07 0 1.885e-06)
(7.150000000000001e-07 0 1.885e-06)
(3.25e-07 6.5e-08 1.885e-06)
(3.900000000000001e-07 6.5e-08 1.885e-06)
(4.55e-07 6.5e-08 1.885e-06)
(5.199999999999999e-07 6.5e-08 1.885e-06)
(5.849999999999999e-07 6.5e-08 1.885e-06)
(6.5e-07 6.5e-08 1.885e-06)
(7.149999999999999e-07 6.5e-08 1.885e-06)
(3.25e-07 1.3e-07 1.885e-06)
(3.899999999999999e-07 1.3e-07 1.885e-06)
(4.55e-07 1.3e-07 1.885e-06)
(5.200000000000001e-07 1.3e-07 1.885e-06)
(5.85e-07 1.3e-07 1.885e-06)
(6.5e-07 1.3e-07 1.885e-06)
(7.150000000000001e-07 1.3e-07 1.885e-06)
(3.25e-07 1.95e-07 1.885e-06)
(3.900000000000001e-07 1.95e-07 1.885e-06)
(4.55e-07 1.95e-07 1.885e-06)
(5.2e-07 1.95e-07 1.885e-06)
(5.849999999999999e-07 1.95e-07 1.885e-06)
(6.5e-07 1.95e-07 1.885e-06)
(3.900000000000001e-07 2.6e-07 1.885e-06)
(4.55e-07 2.6e-07 1.885e-06)
(5.2e-07 2.6e-07 1.885e-06)
(5.849999999999999e-07 2.6e-07 1.885e-06)
(3.25e-07 0 1.95e-06)
(3.899999999999999e-07 0 1.95e-06)
(4.55e-07 0 1.95e-06)
(5.2e-07 0 1.95e-06)
(5.849999999999999e-07 0 1.95e-06)
(6.5e-07 0 1.95e-06)
(7.150000000000001e-07 0 1.95e-06)
(7.799999999999998e-07 0 1.95e-06)
(8.450000000000001e-07 0 1.95e-06)
(9.1e-07 0 1.95e-06)
(3.25e-07 6.5e-08 1.95e-06)
(3.900000000000001e-07 6.5e-08 1.95e-06)
(4.55e-07 6.5e-08 1.95e-06)
(5.199999999999999e-07 6.5e-08 1.95e-06)
(5.849999999999999e-07 6.5e-08 1.95e-06)
(6.5e-07 6.5e-08 1.95e-06)
(7.149999999999999e-07 6.5e-08 1.95e-06)
(7.800000000000002e-07 6.5e-08 1.95e-06)
(8.449999999999999e-07 6.500000000000001e-08 1.95e-06)
(9.1e-07 6.5e-08 1.95e-06)
(3.25e-07 1.3e-07 1.95e-06)
(3.899999999999999e-07 1.3e-07 1.95e-06)
(4.55e-07 1.3e-07 1.95e-06)
(5.200000000000001e-07 1.3e-07 1.95e-06)
(5.85e-07 1.3e-07 1.95e-06)
(6.5e-07 1.3e-07 1.95e-06)
(7.150000000000001e-07 1.3e-07 1.95e-06)
(7.799999999999998e-07 1.3e-07 1.95e-06)
(8.450000000000001e-07 1.3e-07 1.95e-06)
(9.1e-07 1.3e-07 1.95e-06)
(3.25e-07 1.95e-07 1.95e-06)
(3.900000000000001e-07 1.95e-07 1.95e-06)
(4.55e-07 1.95e-07 1.95e-06)
(5.2e-07 1.95e-07 1.95e-06)
(5.849999999999999e-07 1.95e-07 1.95e-06)
(6.5e-07 1.95e-07 1.95e-06)
(7.150000000000001e-07 1.95e-07 1.95e-06)
(7.800000000000002e-07 1.95e-07 1.95e-06)
(8.449999999999999e-07 1.95e-07 1.95e-06)
(3.25e-07 2.6e-07 1.95e-06)
(3.900000000000001e-07 2.6e-07 1.95e-06)
(4.55e-07 2.6e-07 1.95e-06)
(5.2e-07 2.6e-07 1.95e-06)
(5.849999999999999e-07 2.6e-07 1.95e-06)
(6.5e-07 2.6e-07 1.95e-06)
(7.150000000000001e-07 2.6e-07 1.95e-06)
(3.25e-07 0 2.015e-06)
(3.899999999999999e-07 0 2.015e-06)
(4.55e-07 0 2.015e-06)
(5.2e-07 0 2.015e-06)
(5.849999999999999e-07 0 2.015e-06)
(6.5e-07 0 2.015e-06)
(7.150000000000001e-07 0 2.015e-06)
(7.799999999999998e-07 0 2.015e-06)
(8.450000000000001e-07 0 2.015e-06)
(9.100000000000001e-07 0 2.015e-06)
(9.75e-07 0 2.015e-06)
(3.250000000000001e-07 6.5e-08 2.015e-06)
(3.900000000000001e-07 6.5e-08 2.015e-06)
(4.55e-07 6.5e-08 2.015e-06)
(5.199999999999999e-07 6.5e-08 2.015e-06)
(5.849999999999999e-07 6.5e-08 2.015e-06)
(6.500000000000001e-07 6.5e-08 2.015000000000001e-06)
(7.149999999999999e-07 6.5e-08 2.015e-06)
(7.800000000000002e-07 6.5e-08 2.015e-06)
(8.449999999999999e-07 6.5e-08 2.015e-06)
(9.100000000000001e-07 6.5e-08 2.015e-06)
(9.75e-07 6.5e-08 2.015e-06)
(3.25e-07 1.3e-07 2.015e-06)
(3.899999999999999e-07 1.3e-07 2.015e-06)
(4.55e-07 1.3e-07 2.015e-06)
(5.200000000000001e-07 1.3e-07 2.015e-06)
(5.85e-07 1.3e-07 2.015e-06)
(6.5e-07 1.3e-07 2.015e-06)
(7.150000000000001e-07 1.3e-07 2.015e-06)
(7.799999999999998e-07 1.3e-07 2.015e-06)
(8.450000000000001e-07 1.3e-07 2.015e-06)
(9.100000000000001e-07 1.3e-07 2.015e-06)
(9.75e-07 1.3e-07 2.015e-06)
(3.25e-07 1.95e-07 2.015e-06)
(3.900000000000001e-07 1.95e-07 2.015e-06)
(4.55e-07 1.95e-07 2.015e-06)
(5.2e-07 1.95e-07 2.015e-06)
(5.849999999999999e-07 1.95e-07 2.015e-06)
(6.5e-07 1.95e-07 2.015e-06)
(7.150000000000001e-07 1.95e-07 2.015e-06)
(7.800000000000002e-07 1.95e-07 2.015e-06)
(8.449999999999999e-07 1.95e-07 2.015e-06)
(3.25e-07 2.6e-07 2.015e-06)
(3.900000000000001e-07 2.6e-07 2.015e-06)
(4.55e-07 2.6e-07 2.015e-06)
(5.2e-07 2.6e-07 2.015e-06)
(5.849999999999999e-07 2.6e-07 2.015e-06)
(6.5e-07 2.6e-07 2.015e-06)
(7.150000000000001e-07 2.6e-07 2.015e-06)
(3.25e-07 0 2.08e-06)
(3.899999999999999e-07 0 2.08e-06)
(4.55e-07 0 2.08e-06)
(5.2e-07 0 2.08e-06)
(5.849999999999999e-07 0 2.08e-06)
(6.5e-07 0 2.08e-06)
(7.150000000000001e-07 0 2.08e-06)
(7.799999999999998e-07 0 2.08e-06)
(8.450000000000001e-07 0 2.08e-06)
(9.1e-07 0 2.08e-06)
(9.75e-07 0 2.08e-06)
(3.25e-07 6.5e-08 2.08e-06)
(3.900000000000001e-07 6.5e-08 2.08e-06)
(4.55e-07 6.5e-08 2.08e-06)
(5.199999999999999e-07 6.5e-08 2.08e-06)
(5.849999999999999e-07 6.5e-08 2.08e-06)
(6.5e-07 6.5e-08 2.08e-06)
(7.149999999999999e-07 6.5e-08 2.08e-06)
(7.800000000000002e-07 6.499999999999999e-08 2.08e-06)
(8.449999999999999e-07 6.5e-08 2.08e-06)
(9.1e-07 6.5e-08 2.08e-06)
(9.75e-07 6.5e-08 2.08e-06)
(3.25e-07 1.3e-07 2.08e-06)
(3.899999999999999e-07 1.3e-07 2.08e-06)
(4.55e-07 1.3e-07 2.08e-06)
(5.200000000000001e-07 1.3e-07 2.08e-06)
(5.85e-07 1.3e-07 2.08e-06)
(6.5e-07 1.3e-07 2.08e-06)
(7.150000000000001e-07 1.3e-07 2.08e-06)
(7.799999999999998e-07 1.3e-07 2.08e-06)
(8.450000000000001e-07 1.3e-07 2.08e-06)
(9.1e-07 1.3e-07 2.08e-06)
(9.75e-07 1.3e-07 2.08e-06)
(3.25e-07 1.95e-07 2.08e-06)
(3.900000000000001e-07 1.95e-07 2.08e-06)
(4.55e-07 1.95e-07 2.08e-06)
(5.2e-07 1.95e-07 2.08e-06)
(5.849999999999999e-07 1.95e-07 2.08e-06)
(6.5e-07 1.95e-07 2.08e-06)
(7.150000000000001e-07 1.95e-07 2.08e-06)
(7.800000000000002e-07 1.95e-07 2.08e-06)
(8.449999999999999e-07 1.95e-07 2.08e-06)
(3.25e-07 2.6e-07 2.08e-06)
(3.900000000000001e-07 2.6e-07 2.08e-06)
(4.55e-07 2.6e-07 2.08e-06)
(5.2e-07 2.6e-07 2.08e-06)
(5.849999999999999e-07 2.6e-07 2.08e-06)
(6.5e-07 2.6e-07 2.08e-06)
(3.25e-07 0 2.145e-06)
(3.899999999999999e-07 0 2.145e-06)
(4.55e-07 0 2.145e-06)
(5.2e-07 0 2.145e-06)
(5.849999999999999e-07 0 2.145e-06)
(6.5e-07 0 2.145e-06)
(7.150000000000001e-07 0 2.145e-06)
(7.799999999999998e-07 0 2.145e-06)
(8.450000000000001e-07 0 2.145e-06)
(9.1e-07 0 2.145e-06)
(9.75e-07 0 2.145e-06)
(3.250000000000001e-07 6.5e-08 2.145e-06)
(3.900000000000001e-07 6.5e-08 2.145e-06)
(4.55e-07 6.5e-08 2.145e-06)
(5.199999999999999e-07 6.5e-08 2.145e-06)
(5.849999999999999e-07 6.5e-08 2.145e-06)
(6.500000000000001e-07 6.5e-08 2.145e-06)
(7.149999999999999e-07 6.5e-08 2.145e-06)
(7.800000000000002e-07 6.5e-08 2.145e-06)
(8.450000000000001e-07 6.5e-08 2.145e-06)
(9.1e-07 6.5e-08 2.145e-06)
(9.75e-07 6.5e-08 2.145e-06)
(3.25e-07 1.3e-07 2.145e-06)
(3.899999999999999e-07 1.3e-07 2.145e-06)
(4.55e-07 1.3e-07 2.145e-06)
(5.200000000000001e-07 1.3e-07 2.145e-06)
(5.85e-07 1.3e-07 2.145e-06)
(6.5e-07 1.3e-07 2.145e-06)
(7.150000000000001e-07 1.3e-07 2.145e-06)
(7.799999999999998e-07 1.3e-07 2.145e-06)
(8.450000000000001e-07 1.3e-07 2.145e-06)
(9.1e-07 1.3e-07 2.145e-06)
(9.75e-07 1.3e-07 2.144999999999999e-06)
(3.25e-07 1.95e-07 2.145e-06)
(3.900000000000001e-07 1.95e-07 2.145e-06)
(4.55e-07 1.95e-07 2.145e-06)
(5.2e-07 1.95e-07 2.145e-06)
(5.849999999999999e-07 1.95e-07 2.145e-06)
(6.5e-07 1.95e-07 2.145e-06)
(7.150000000000001e-07 1.95e-07 2.145e-06)
(7.800000000000002e-07 1.95e-07 2.145e-06)
(3.25e-07 0 2.21e-06)
(3.899999999999999e-07 0 2.21e-06)
(4.55e-07 0 2.21e-06)
(5.2e-07 0 2.21e-06)
(5.849999999999999e-07 0 2.21e-06)
(6.5e-07 0 2.21e-06)
(7.150000000000001e-07 0 2.21e-06)
(7.799999999999998e-07 0 2.21e-06)
(8.450000000000001e-07 0 2.21e-06)
(9.1e-07 0 2.21e-06)
(9.75e-07 0 2.21e-06)
(3.25e-07 6.5e-08 2.21e-06)
(3.900000000000001e-07 6.5e-08 2.21e-06)
(4.55e-07 6.5e-08 2.21e-06)
(5.199999999999999e-07 6.5e-08 2.21e-06)
(5.849999999999999e-07 6.5e-08 2.21e-06)
(6.5e-07 6.5e-08 2.21e-06)
(7.149999999999999e-07 6.5e-08 2.21e-06)
(7.800000000000002e-07 6.499999999999999e-08 2.21e-06)
(8.450000000000001e-07 6.5e-08 2.21e-06)
(9.1e-07 6.5e-08 2.21e-06)
(9.75e-07 6.5e-08 2.21e-06)
(3.899999999999999e-07 1.3e-07 2.21e-06)
(4.55e-07 1.3e-07 2.21e-06)
(5.200000000000001e-07 1.3e-07 2.21e-06)
(5.85e-07 1.3e-07 2.21e-06)
(6.5e-07 1.3e-07 2.21e-06)
(7.150000000000001e-07 1.3e-07 2.21e-06)
(7.799999999999998e-07 1.3e-07 2.21e-06)
(8.450000000000001e-07 1.3e-07 2.21e-06)
(9.1e-07 1.3e-07 2.21e-06)
(4.55e-07 1.95e-07 2.21e-06)
(5.2e-07 1.95e-07 2.21e-06)
(5.849999999999999e-07 1.95e-07 2.21e-06)
(6.5e-07 1.95e-07 2.21e-06)
(0 0 2.275e-06)
(6.5e-08 0 2.275e-06)
(1.3e-07 0 2.275e-06)
(1.95e-07 0 2.275e-06)
(2.6e-07 0 2.275e-06)
(3.25e-07 0 2.275e-06)
(3.899999999999999e-07 0 2.275e-06)
(4.55e-07 0 2.275e-06)
(5.2e-07 0 2.275e-06)
(5.849999999999999e-07 0 2.275e-06)
(6.5e-07 0 2.275e-06)
(7.150000000000001e-07 0 2.275e-06)
(7.799999999999998e-07 0 2.275e-06)
(8.450000000000001e-07 0 2.275e-06)
(9.1e-07 0 2.275e-06)
(0 6.5e-08 2.275e-06)
(6.499999999999999e-08 6.5e-08 2.275e-06)
(1.3e-07 6.5e-08 2.275e-06)
(1.95e-07 6.5e-08 2.275e-06)
(2.599999999999999e-07 6.5e-08 2.275e-06)
(3.25e-07 6.5e-08 2.275e-06)
(3.900000000000001e-07 6.5e-08 2.275e-06)
(4.55e-07 6.5e-08 2.275e-06)
(5.199999999999999e-07 6.5e-08 2.275e-06)
(5.849999999999999e-07 6.5e-08 2.275e-06)
(6.5e-07 6.5e-08 2.275e-06)
(7.149999999999999e-07 6.5e-08 2.275e-06)
(7.800000000000002e-07 6.5e-08 2.275e-06)
(8.450000000000001e-07 6.5e-08 2.275e-06)
(9.100000000000001e-07 6.5e-08 2.275e-06)
(4.549999999999999e-07 1.3e-07 2.275e-06)
(5.200000000000001e-07 1.3e-07 2.275e-06)
(5.85e-07 1.3e-07 2.275e-06)
(6.5e-07 1.3e-07 2.275e-06)
(7.150000000000001e-07 1.3e-07 2.275e-06)
(7.799999999999998e-07 1.3e-07 2.275e-06)
(0 0 2.34e-06)
(6.5e-08 0 2.339999999999999e-06)
(1.3e-07 0 2.34e-06)
(1.95e-07 0 2.34e-06)
(2.6e-07 0 2.34e-06)
(3.25e-07 0 2.34e-06)
(3.899999999999999e-07 0 2.34e-06)
(4.55e-07 0 2.34e-06)
(5.2e-07 0 2.34e-06)
(5.849999999999999e-07 0 2.34e-06)
(6.5e-07 0 2.34e-06)
(7.150000000000001e-07 0 2.34e-06)
(7.799999999999998e-07 0 2.34e-06)
(8.450000000000001e-07 0 2.34e-06)
(0 6.5e-08 2.339999999999999e-06)
(6.499999999999999e-08 6.5e-08 2.34e-06)
(1.3e-07 6.5e-08 2.34e-06)
(1.95e-07 6.5e-08 2.34e-06)
(2.599999999999999e-07 6.5e-08 2.34e-06)
(3.250000000000001e-07 6.5e-08 2.34e-06)
(3.900000000000001e-07 6.5e-08 2.34e-06)
(4.55e-07 6.5e-08 2.34e-06)
(5.199999999999999e-07 6.5e-08 2.34e-06)
(5.849999999999999e-07 6.5e-08 2.34e-06)
(6.500000000000001e-07 6.499999999999999e-08 2.34e-06)
(7.149999999999999e-07 6.5e-08 2.34e-06)
(7.800000000000002e-07 6.5e-08 2.34e-06)
(8.449999999999999e-07 6.5e-08 2.339999999999999e-06)
(0 0 2.405e-06)
(6.5e-08 0 2.405e-06)
(1.3e-07 0 2.405e-06)
(1.95e-07 0 2.405e-06)
(2.6e-07 0 2.405e-06)
(3.25e-07 0 2.405e-06)
(3.899999999999999e-07 0 2.405e-06)
(4.55e-07 0 2.405e-06)
(5.2e-07 0 2.405e-06)
(5.849999999999999e-07 0 2.405e-06)
(0 6.5e-08 2.405e-06)
(6.499999999999999e-08 6.5e-08 2.405e-06)
(1.3e-07 6.5e-08 2.405e-06)
(1.95e-07 6.5e-08 2.405e-06)
(2.599999999999999e-07 6.5e-08 2.405e-06)
(3.25e-07 6.5e-08 2.405000000000001e-06)
(3.900000000000001e-07 6.5e-08 2.405000000000001e-06)
(4.55e-07 6.5e-08 2.405e-06)
(5.199999999999999e-07 6.5e-08 2.405e-06)
(5.849999999999999e-07 6.5e-08 2.405e-06)
(0 1.3e-07 2.405e-06)
(6.500000000000001e-08 1.3e-07 2.405e-06)
(1.3e-07 1.3e-07 2.405e-06)
(1.95e-07 1.3e-07 2.405e-06)
(2.600000000000001e-07 1.3e-07 2.405e-06)
(3.25e-07 1.3e-07 2.405e-06)
(0 0 2.47e-06)
(6.5e-08 0 2.47e-06)
(1.3e-07 0 2.47e-06)
(1.95e-07 0 2.47e-06)
(2.6e-07 0 2.47e-06)
(3.25e-07 0 2.47e-06)
(3.899999999999999e-07 0 2.47e-06)
(4.55e-07 0 2.47e-06)
(5.2e-07 0 2.47e-06)
(0 6.5e-08 2.47e-06)
(6.499999999999999e-08 6.5e-08 2.47e-06)
(1.3e-07 6.5e-08 2.47e-06)
(1.95e-07 6.5e-08 2.47e-06)
(2.599999999999999e-07 6.5e-08 2.47e-06)
(3.250000000000001e-07 6.5e-08 2.47e-06)
(3.900000000000001e-07 6.5e-08 2.47e-06)
(4.55e-07 6.5e-08 2.47e-06)
(5.199999999999999e-07 6.5e-08 2.47e-06)
(0 1.3e-07 2.47e-06)
(6.500000000000001e-08 1.3e-07 2.47e-06)
(1.3e-07 1.3e-07 2.47e-06)
(1.95e-07 1.3e-07 2.47e-06)
(2.600000000000001e-07 1.3e-07 2.47e-06)
(3.25e-07 1.3e-07 2.47e-06)
(3.899999999999999e-07 1.3e-07 2.47e-06)
(0 0 2.535e-06)
(6.5e-08 0 2.535e-06)
(1.3e-07 0 2.535e-06)
(1.95e-07 0 2.535e-06)
(2.6e-07 0 2.535e-06)
(3.25e-07 0 2.535e-06)
(3.899999999999999e-07 0 2.534999999999999e-06)
(4.55e-07 0 2.535e-06)
(5.2e-07 0 2.535e-06)
(0 6.5e-08 2.535e-06)
(6.499999999999999e-08 6.5e-08 2.535e-06)
(1.3e-07 6.5e-08 2.534999999999999e-06)
(1.95e-07 6.5e-08 2.535e-06)
(2.599999999999999e-07 6.5e-08 2.535e-06)
(3.25e-07 6.5e-08 2.535e-06)
(3.900000000000001e-07 6.5e-08 2.534999999999999e-06)
(4.55e-07 6.5e-08 2.535e-06)
(5.199999999999999e-07 6.5e-08 2.535e-06)
(0 1.3e-07 2.535e-06)
(6.500000000000001e-08 1.3e-07 2.534999999999999e-06)
(1.3e-07 1.3e-07 2.535e-06)
(1.95e-07 1.3e-07 2.535e-06)
(2.600000000000001e-07 1.3e-07 2.535e-06)
(3.25e-07 1.3e-07 2.534999999999999e-06)
(3.899999999999999e-07 1.3e-07 2.535e-06)
(0 0 2.6e-06)
(6.5e-08 0 2.6e-06)
(1.3e-07 0 2.6e-06)
(1.95e-07 0 2.6e-06)
(2.6e-07 0 2.6e-06)
(3.25e-07 0 2.6e-06)
(3.899999999999999e-07 0 2.6e-06)
(4.55e-07 0 2.6e-06)
(0 6.5e-08 2.6e-06)
(6.499999999999999e-08 6.5e-08 2.6e-06)
(1.3e-07 6.5e-08 2.6e-06)
(1.95e-07 6.5e-08 2.6e-06)
(2.599999999999999e-07 6.5e-08 2.6e-06)
(3.25e-07 6.5e-08 2.6e-06)
(3.900000000000001e-07 6.5e-08 2.6e-06)
(4.55e-07 6.5e-08 2.6e-06)
(0 1.3e-07 2.6e-06)
(6.500000000000001e-08 1.3e-07 2.6e-06)
(1.3e-07 1.3e-07 2.6e-06)
(1.95e-07 1.3e-07 2.6e-06)
(2.600000000000001e-07 1.3e-07 2.6e-06)
(3.25e-07 1.3e-07 2.6e-06)
(3.899999999999999e-07 1.3e-07 2.6e-06)
(0 0 2.665e-06)
(6.5e-08 0 2.665e-06)
(1.3e-07 0 2.665e-06)
(1.95e-07 0 2.665e-06)
(2.6e-07 0 2.665e-06)
(3.25e-07 0 2.665e-06)
(3.899999999999999e-07 0 2.665e-06)
(4.55e-07 0 2.664999999999999e-06)
(0 6.5e-08 2.665e-06)
(6.499999999999999e-08 6.5e-08 2.665e-06)
(1.3e-07 6.5e-08 2.665e-06)
(1.95e-07 6.5e-08 2.665e-06)
(2.599999999999999e-07 6.5e-08 2.665e-06)
(3.25e-07 6.5e-08 2.665e-06)
(3.900000000000001e-07 6.5e-08 2.665e-06)
(4.55e-07 6.5e-08 2.664999999999999e-06)
(0 1.3e-07 2.665e-06)
(6.500000000000001e-08 1.3e-07 2.665e-06)
(1.3e-07 1.3e-07 2.665e-06)
(1.95e-07 1.3e-07 2.665e-06)
(2.600000000000001e-07 1.3e-07 2.664999999999999e-06)
(3.25e-07 1.3e-07 2.665e-06)
(3.899999999999999e-07 1.3e-07 2.665e-06)
(0 0 2.73e-06)
(6.5e-08 0 2.73e-06)
(1.3e-07 0 2.73e-06)
(1.95e-07 0 2.73e-06)
(2.6e-07 0 2.73e-06)
(3.25e-07 0 2.73e-06)
(3.899999999999999e-07 0 2.73e-06)
(0 6.5e-08 2.73e-06)
(6.499999999999999e-08 6.5e-08 2.73e-06)
(1.3e-07 6.5e-08 2.73e-06)
(1.95e-07 6.5e-08 2.73e-06)
(2.599999999999999e-07 6.5e-08 2.73e-06)
(3.25e-07 6.5e-08 2.73e-06)
(3.900000000000001e-07 6.5e-08 2.73e-06)
(0 1.3e-07 2.73e-06)
(6.500000000000001e-08 1.3e-07 2.73e-06)
(1.3e-07 1.3e-07 2.73e-06)
(1.95e-07 1.3e-07 2.73e-06)
(2.600000000000001e-07 1.3e-07 2.73e-06)
(3.25e-07 1.3e-07 2.73e-06)
(0 0 2.795e-06)
(6.5e-08 0 2.795e-06)
(1.3e-07 0 2.795e-06)
(1.95e-07 0 2.795e-06)
(2.6e-07 0 2.795e-06)
(3.25e-07 0 2.795e-06)
(0 6.5e-08 2.795e-06)
(6.499999999999999e-08 6.5e-08 2.794999999999999e-06)
(1.3e-07 6.5e-08 2.795e-06)
(1.95e-07 6.5e-08 2.795e-06)
(2.599999999999999e-07 6.5e-08 2.794999999999999e-06)
(3.25e-07 6.5e-08 2.795e-06)
(0 1.3e-07 2.795e-06)
(6.500000000000001e-08 1.3e-07 2.795e-06)
(1.3e-07 1.3e-07 2.795e-06)
(1.95e-07 1.3e-07 2.795e-06)
(2.600000000000001e-07 1.3e-07 2.795e-06)
(3.25e-07 1.3e-07 2.794999999999999e-06)
(0 1.95e-07 2.795e-06)
(6.5e-08 1.95e-07 2.795e-06)
(1.3e-07 1.95e-07 2.795e-06)
(0 0 2.860000000000001e-06)
(6.5e-08 0 2.86e-06)
(1.3e-07 0 2.860000000000001e-06)
(1.95e-07 0 2.860000000000001e-06)
(2.6e-07 0 2.860000000000001e-06)
(3.25e-07 0 2.86e-06)
(0 6.5e-08 2.86e-06)
(6.499999999999999e-08 6.5e-08 2.860000000000001e-06)
(1.3e-07 6.5e-08 2.860000000000001e-06)
(1.95e-07 6.5e-08 2.860000000000001e-06)
(2.599999999999999e-07 6.5e-08 2.860000000000001e-06)
(3.25e-07 6.5e-08 2.860000000000001e-06)
(0 1.3e-07 2.860000000000001e-06)
(6.500000000000001e-08 1.3e-07 2.860000000000001e-06)
(1.3e-07 1.3e-07 2.86e-06)
(1.95e-07 1.3e-07 2.86e-06)
(2.600000000000001e-07 1.3e-07 2.859999999999999e-06)
(0 1.95e-07 2.860000000000001e-06)
(6.5e-08 1.95e-07 2.860000000000001e-06)
(1.3e-07 1.95e-07 2.86e-06)
(0 0 2.925e-06)
(6.5e-08 0 2.925e-06)
(1.3e-07 0 2.925e-06)
(1.95e-07 0 2.925e-06)
(0 6.5e-08 2.925e-06)
(6.499999999999999e-08 6.5e-08 2.925e-06)
(1.3e-07 6.5e-08 2.925e-06)
(1.95e-07 6.5e-08 2.925e-06)
(0 1.3e-07 2.925e-06)
(6.500000000000001e-08 1.3e-07 2.925e-06)
)


// ************************************************************************* //
