/*--------------------------------*- C++ -*----------------------------------*\
  =========                 |
  \\      /  F ield         | OpenFOAM: The Open Source CFD Toolbox
   \\    /   O peration     | Website:  https://openfoam.org
    \\  /    A nd           | Version:  6
     \\/     M anipulation  |
\*---------------------------------------------------------------------------*/
FoamFile
{
    version     2.0;
    format      ascii;
    class       labelList;
    location    "constant/region376/polyMesh";
    object      cellRegionAddressing;
}
// * * * * * * * * * * * * * * * * * * * * * * * * * * * * * * * * * * * * * //


4877
(
124813
124814
124815
124816
124875
124876
124877
124878
124879
124880
124938
124939
124940
124941
124942
125002
125003
125004
125005
125068
128717
128718
128719
128720
128721
128722
128778
128779
128780
128781
128782
128783
128784
128785
128786
128842
128843
128844
128845
128846
128847
128848
128849
128850
128905
128906
128907
128908
128909
128910
128911
128912
128913
128914
128969
128970
128971
128972
128973
128974
128975
128976
128977
128978
129033
129034
129035
129036
129037
129038
129039
129040
129097
129098
129099
129100
129101
129102
129103
129161
129162
129163
129164
129165
129166
132686
132687
132688
132747
132748
132749
132750
132751
132752
132753
132754
132755
132810
132811
132812
132813
132814
132815
132816
132817
132818
132819
132873
132874
132875
132876
132877
132878
132879
132880
132881
132882
132883
132937
132938
132939
132940
132941
132942
132943
132944
132945
132946
132947
133001
133002
133003
133004
133005
133006
133007
133008
133009
133010
133011
133065
133066
133067
133068
133069
133070
133071
133072
133073
133074
133129
133130
133131
133132
133133
133134
133135
133136
133137
133138
133193
133194
133195
133196
133197
133198
133199
133258
133259
133260
133261
133262
133764
133765
133766
133767
133829
133830
133831
136778
136779
136780
136781
136782
136783
136784
136785
136786
136841
136842
136843
136844
136845
136846
136847
136848
136849
136850
136851
136904
136905
136906
136907
136908
136909
136910
136911
136912
136913
136914
136915
136968
136969
136970
136971
136972
136973
136974
136975
136976
136977
136978
136979
136980
137032
137033
137034
137035
137036
137037
137038
137039
137040
137041
137042
137043
137044
137097
137098
137099
137100
137101
137102
137103
137104
137105
137106
137107
137161
137162
137163
137164
137165
137166
137167
137168
137169
137170
137171
137225
137226
137227
137228
137229
137230
137231
137232
137233
137234
137289
137290
137291
137292
137293
137294
137295
137296
137356
137357
137796
137797
137798
137799
137859
137860
137861
137862
137863
137864
137924
137925
137926
137927
137928
137929
137989
137990
137991
137992
137993
137994
137995
138054
138055
138056
138057
138058
138059
138123
140809
140810
140811
140812
140813
140814
140815
140816
140817
140872
140873
140874
140875
140876
140877
140878
140879
140880
140881
140882
140883
140936
140937
140938
140939
140940
140941
140942
140943
140944
140945
140946
140947
140948
141000
141001
141002
141003
141004
141005
141006
141007
141008
141009
141010
141011
141012
141063
141064
141065
141066
141067
141068
141069
141070
141071
141072
141073
141074
141075
141076
141128
141129
141130
141131
141132
141133
141134
141135
141136
141137
141138
141139
141140
141192
141193
141194
141195
141196
141197
141198
141199
141200
141201
141202
141203
141204
141257
141258
141259
141260
141261
141262
141263
141264
141265
141266
141267
141321
141322
141323
141324
141325
141326
141327
141328
141329
141330
141387
141388
141389
141390
141391
141392
141393
141453
141828
141829
141830
141891
141892
141893
141894
141895
141896
141897
141898
141955
141956
141957
141958
141959
141960
141961
141962
141963
142019
142020
142021
142022
142023
142024
142025
142026
142027
142028
142084
142085
142086
142087
142088
142089
142090
142091
142092
142093
142149
142150
142151
142152
142153
142154
142155
142156
142157
142214
142215
142216
142217
142218
142219
142220
142281
142282
142283
144842
144843
144844
144845
144846
144904
144905
144906
144907
144908
144909
144910
144911
144912
144913
144914
144968
144969
144970
144971
144972
144973
144974
144975
144976
144977
144978
144979
144980
145032
145033
145034
145035
145036
145037
145038
145039
145040
145041
145042
145043
145044
145095
145096
145097
145098
145099
145100
145101
145102
145103
145104
145105
145106
145107
145108
145109
145159
145160
145161
145162
145163
145164
145165
145166
145167
145168
145169
145170
145171
145172
145173
145224
145225
145226
145227
145228
145229
145230
145231
145232
145233
145234
145235
145236
145237
145288
145289
145290
145291
145292
145293
145294
145295
145296
145297
145298
145299
145300
145301
145353
145354
145355
145356
145357
145358
145359
145360
145361
145362
145363
145364
145418
145419
145420
145421
145422
145423
145424
145425
145426
145427
145483
145484
145485
145486
145487
145488
145489
145549
145550
145551
145924
145925
145926
145927
145928
145929
145930
145987
145988
145989
145990
145991
145992
145993
145994
145995
145996
146051
146052
146053
146054
146055
146056
146057
146058
146059
146060
146114
146115
146116
146117
146118
146119
146120
146121
146122
146123
146124
146125
146126
146179
146180
146181
146182
146183
146184
146185
146186
146187
146188
146189
146190
146244
146245
146246
146247
146248
146249
146250
146251
146252
146253
146254
146309
146310
146311
146312
146313
146314
146315
146316
146317
146374
146375
146376
146377
146378
146379
146380
146440
146441
146442
146443
148876
148937
148938
148939
148940
148941
148942
148943
149001
149002
149003
149004
149005
149006
149007
149008
149009
149010
149064
149065
149066
149067
149068
149069
149070
149071
149072
149073
149074
149075
149076
149128
149129
149130
149131
149132
149133
149134
149135
149136
149137
149138
149139
149140
149141
149191
149192
149193
149194
149195
149196
149197
149198
149199
149200
149201
149202
149203
149204
149205
149256
149257
149258
149259
149260
149261
149262
149263
149264
149265
149266
149267
149268
149269
149270
149320
149321
149322
149323
149324
149325
149326
149327
149328
149329
149330
149331
149332
149333
149384
149385
149386
149387
149388
149389
149390
149391
149392
149393
149394
149395
149396
149397
149449
149450
149451
149452
149453
149454
149455
149456
149457
149458
149459
149460
149461
149514
149515
149516
149517
149518
149519
149520
149521
149522
149523
149579
149580
149581
149582
149583
149584
149585
149586
149645
149646
149647
149648
150021
150022
150023
150024
150025
150026
150027
150084
150085
150086
150087
150088
150089
150090
150091
150092
150147
150148
150149
150150
150151
150152
150153
150154
150155
150156
150157
150211
150212
150213
150214
150215
150216
150217
150218
150219
150220
150221
150222
150275
150276
150277
150278
150279
150280
150281
150282
150283
150284
150285
150286
150339
150340
150341
150342
150343
150344
150345
150346
150347
150348
150349
150350
150404
150405
150406
150407
150408
150409
150410
150411
150412
150413
150414
150469
150470
150471
150472
150473
150474
150475
150476
150477
150535
150536
150537
150538
150539
150540
150600
150601
150602
152971
152972
152973
153033
153034
153035
153036
153037
153038
153039
153040
153097
153098
153099
153100
153101
153102
153103
153104
153105
153106
153161
153162
153163
153164
153165
153166
153167
153168
153169
153170
153171
153172
153224
153225
153226
153227
153228
153229
153230
153231
153232
153233
153234
153235
153236
153237
153288
153289
153290
153291
153292
153293
153294
153295
153296
153297
153298
153299
153300
153301
153352
153353
153354
153355
153356
153357
153358
153359
153360
153361
153362
153363
153364
153365
153366
153416
153417
153418
153419
153420
153421
153422
153423
153424
153425
153426
153427
153428
153429
153430
153480
153481
153482
153483
153484
153485
153486
153487
153488
153489
153490
153491
153492
153493
153494
153545
153546
153547
153548
153549
153550
153551
153552
153553
153554
153555
153556
153557
153610
153611
153612
153613
153614
153615
153616
153617
153618
153619
153620
153675
153676
153677
153678
153679
153680
153681
153682
153741
153742
153743
153744
154118
154119
154120
154121
154122
154123
154124
154180
154181
154182
154183
154184
154185
154186
154187
154188
154189
154243
154244
154245
154246
154247
154248
154249
154250
154251
154252
154253
154307
154308
154309
154310
154311
154312
154313
154314
154315
154316
154317
154318
154371
154372
154373
154374
154375
154376
154377
154378
154379
154380
154381
154382
154436
154437
154438
154439
154440
154441
154442
154443
154444
154445
154446
154447
154500
154501
154502
154503
154504
154505
154506
154507
154508
154509
154510
154565
154566
154567
154568
154569
154570
154571
154572
154573
154574
154630
154631
154632
154633
154634
154635
154636
154637
154696
154697
154698
157066
157067
157068
157069
157070
157129
157130
157131
157132
157133
157134
157135
157136
157193
157194
157195
157196
157197
157198
157199
157200
157201
157202
157257
157258
157259
157260
157261
157262
157263
157264
157265
157266
157267
157268
157320
157321
157322
157323
157324
157325
157326
157327
157328
157329
157330
157331
157332
157333
157384
157385
157386
157387
157388
157389
157390
157391
157392
157393
157394
157395
157396
157397
157448
157449
157450
157451
157452
157453
157454
157455
157456
157457
157458
157459
157460
157461
157462
157512
157513
157514
157515
157516
157517
157518
157519
157520
157521
157522
157523
157524
157525
157526
157576
157577
157578
157579
157580
157581
157582
157583
157584
157585
157586
157587
157588
157589
157590
157640
157641
157642
157643
157644
157645
157646
157647
157648
157649
157650
157651
157652
157653
157705
157706
157707
157708
157709
157710
157711
157712
157713
157714
157715
157716
157771
157772
157773
157774
157775
157776
157777
157778
157779
157836
157837
157838
157839
157840
157841
157901
157902
157903
158214
158215
158216
158217
158218
158219
158220
158277
158278
158279
158280
158281
158282
158283
158284
158285
158340
158341
158342
158343
158344
158345
158346
158347
158348
158349
158404
158405
158406
158407
158408
158409
158410
158411
158412
158413
158468
158469
158470
158471
158472
158473
158474
158475
158476
158477
158478
158532
158533
158534
158535
158536
158537
158538
158539
158540
158541
158542
158597
158598
158599
158600
158601
158602
158603
158604
158605
158606
158662
158663
158664
158665
158666
158667
158668
158669
158727
158728
158729
158730
158731
158732
158792
158793
158794
161100
161162
161163
161164
161165
161166
161225
161226
161227
161228
161229
161230
161231
161232
161289
161290
161291
161292
161293
161294
161295
161296
161297
161298
161353
161354
161355
161356
161357
161358
161359
161360
161361
161362
161363
161416
161417
161418
161419
161420
161421
161422
161423
161424
161425
161426
161427
161428
161480
161481
161482
161483
161484
161485
161486
161487
161488
161489
161490
161491
161492
161493
161543
161544
161545
161546
161547
161548
161549
161550
161551
161552
161553
161554
161555
161556
161557
161558
161607
161608
161609
161610
161611
161612
161613
161614
161615
161616
161617
161618
161619
161620
161621
161622
161672
161673
161674
161675
161676
161677
161678
161679
161680
161681
161682
161683
161684
161685
161736
161737
161738
161739
161740
161741
161742
161743
161744
161745
161746
161747
161748
161749
161801
161802
161803
161804
161805
161806
161807
161808
161809
161810
161811
161812
161866
161867
161868
161869
161870
161871
161872
161873
161874
161875
161931
161932
161933
161934
161935
161936
161937
161996
161997
161998
161999
162000
162001
162061
162062
162063
162064
162125
162126
162127
162128
162189
162190
162191
162248
162249
162250
162251
162252
162253
162254
162255
162310
162311
162312
162313
162314
162315
162316
162317
162318
162319
162373
162374
162375
162376
162377
162378
162379
162380
162381
162382
162383
162437
162438
162439
162440
162441
162442
162443
162444
162445
162446
162500
162501
162502
162503
162504
162505
162506
162507
162508
162509
162565
162566
162567
162568
162569
162570
162571
162572
162573
162629
162630
162631
162632
162633
162634
162635
162636
162637
162694
162695
162696
162697
162698
162699
162700
162701
162758
162759
162760
162761
162762
162763
162764
162823
162824
162825
162826
165194
165195
165196
165197
165258
165259
165260
165261
165262
165321
165322
165323
165324
165325
165326
165327
165328
165385
165386
165387
165388
165389
165390
165391
165392
165393
165394
165449
165450
165451
165452
165453
165454
165455
165456
165457
165458
165459
165512
165513
165514
165515
165516
165517
165518
165519
165520
165521
165522
165523
165524
165576
165577
165578
165579
165580
165581
165582
165583
165584
165585
165586
165587
165588
165639
165640
165641
165642
165643
165644
165645
165646
165647
165648
165649
165650
165651
165652
165653
165703
165704
165705
165706
165707
165708
165709
165710
165711
165712
165713
165714
165715
165716
165717
165767
165768
165769
165770
165771
165772
165773
165774
165775
165776
165777
165778
165779
165780
165781
165831
165832
165833
165834
165835
165836
165837
165838
165839
165840
165841
165842
165843
165844
165845
165896
165897
165898
165899
165900
165901
165902
165903
165904
165905
165906
165907
165908
165961
165962
165963
165964
165965
165966
165967
165968
165969
165970
165971
166027
166028
166029
166030
166031
166032
166033
166034
166091
166092
166093
166094
166095
166096
166097
166098
166156
166157
166158
166159
166160
166161
166162
166220
166221
166222
166223
166224
166225
166226
166283
166284
166285
166286
166287
166288
166289
166341
166342
166343
166344
166345
166346
166347
166348
166349
166350
166351
166352
166353
166405
166406
166407
166408
166409
166410
166411
166412
166413
166414
166415
166416
166417
166469
166470
166471
166472
166473
166474
166475
166476
166477
166478
166479
166480
166481
166533
166534
166535
166536
166537
166538
166539
166540
166541
166542
166543
166544
166597
166598
166599
166600
166601
166602
166603
166604
166605
166606
166661
166662
166663
166664
166665
166666
166667
166668
166726
166727
166728
166729
166730
166792
166793
168971
169098
169162
169163
169225
169226
169227
169228
169289
169290
169291
169292
169353
169354
169355
169356
169357
169417
169418
169419
169420
169421
169481
169482
169483
169484
169485
169486
169487
169544
169545
169546
169547
169548
169549
169550
169551
169552
169608
169609
169610
169611
169612
169613
169614
169615
169616
169617
169618
169619
169671
169672
169673
169674
169675
169676
169677
169678
169679
169680
169681
169682
169683
169684
169735
169736
169737
169738
169739
169740
169741
169742
169743
169744
169745
169746
169747
169748
169799
169800
169801
169802
169803
169804
169805
169806
169807
169808
169809
169810
169811
169812
169863
169864
169865
169866
169867
169868
169869
169870
169871
169872
169873
169874
169875
169876
169927
169928
169929
169930
169931
169932
169933
169934
169935
169936
169937
169938
169939
169940
169991
169992
169993
169994
169995
169996
169997
169998
169999
170000
170001
170002
170003
170004
170056
170057
170058
170059
170060
170061
170062
170063
170064
170065
170066
170067
170068
170122
170123
170124
170125
170126
170127
170128
170129
170130
170131
170132
170133
170187
170188
170189
170190
170191
170192
170193
170194
170195
170196
170251
170252
170253
170254
170255
170256
170257
170258
170259
170260
170315
170316
170317
170318
170319
170320
170321
170322
170323
170373
170374
170378
170379
170380
170381
170382
170383
170384
170385
170386
170387
170436
170437
170438
170439
170440
170441
170442
170443
170444
170445
170446
170447
170448
170449
170450
170451
170500
170501
170502
170503
170504
170505
170506
170507
170508
170509
170510
170511
170512
170513
170514
170564
170565
170566
170567
170568
170569
170570
170571
170572
170573
170574
170575
170576
170577
170578
170628
170629
170630
170631
170632
170633
170634
170635
170636
170637
170638
170639
170640
170641
170693
170694
170695
170696
170697
170698
170699
170700
170701
170702
170703
170704
170759
170760
170766
170767
172939
173002
173003
173004
173065
173066
173067
173068
173129
173130
173131
173132
173193
173194
173195
173196
173257
173258
173259
173260
173320
173321
173322
173323
173324
173384
173385
173386
173387
173388
173448
173449
173450
173451
173512
173513
173514
173515
173576
173577
173578
173579
173640
173641
173642
173643
173644
173704
173705
173706
173707
173708
173709
173767
173768
173769
173770
173771
173772
173773
173774
173830
173831
173832
173833
173834
173835
173836
173837
173838
173839
173840
173893
173894
173895
173896
173897
173898
173899
173900
173901
173902
173903
173904
173905
173957
173958
173959
173960
173961
173962
173963
173964
173965
173966
173967
173968
173969
173970
174021
174022
174023
174024
174025
174026
174027
174028
174029
174030
174031
174032
174033
174034
174035
174086
174087
174088
174089
174090
174091
174092
174093
174094
174095
174096
174097
174098
174099
174100
174152
174153
174154
174155
174156
174157
174158
174159
174160
174161
174162
174163
174164
174218
174219
174220
174221
174222
174223
174224
174225
174226
174227
174228
174229
174283
174284
174285
174286
174287
174288
174289
174290
174291
174292
174293
174294
174347
174348
174349
174350
174351
174352
174353
174354
174355
174356
174357
174358
174411
174412
174413
174414
174415
174416
174417
174418
174419
174420
174421
174467
174468
174469
174470
174471
174472
174473
174474
174475
174476
174477
174478
174479
174480
174481
174482
174483
174484
174531
174532
174533
174534
174535
174536
174537
174538
174539
174540
174541
174542
174543
174544
174545
174546
174547
174548
174595
174596
174597
174598
174599
174600
174601
174602
174603
174604
174605
174606
174607
174608
174609
174610
174611
174659
174660
174661
174662
174663
174664
174665
174666
174667
174668
174669
174670
174671
174672
174673
174674
174675
174723
174724
174725
174726
174727
174728
174729
174730
174731
174732
174733
174734
174735
174736
174737
174738
174789
174790
174791
174792
174793
174794
174795
174796
174797
174798
174799
174800
174801
174802
174861
174862
174863
174864
177034
177035
177097
177098
177099
177100
177161
177162
177163
177164
177225
177226
177227
177228
177288
177289
177290
177291
177292
177352
177353
177354
177355
177356
177415
177416
177417
177418
177419
177420
177479
177480
177481
177482
177483
177543
177544
177545
177546
177547
177607
177608
177609
177610
177611
177671
177672
177673
177674
177735
177736
177737
177738
177798
177799
177800
177801
177802
177803
177861
177862
177863
177864
177865
177866
177867
177868
177924
177925
177926
177927
177928
177929
177930
177931
177932
177933
177934
177988
177989
177990
177991
177992
177993
177994
177995
177996
177997
177998
177999
178051
178052
178053
178054
178055
178056
178057
178058
178059
178060
178061
178062
178063
178064
178115
178116
178117
178118
178119
178120
178121
178122
178123
178124
178125
178126
178127
178128
178180
178181
178182
178183
178184
178185
178186
178187
178188
178189
178190
178191
178192
178193
178194
178244
178245
178246
178247
178248
178249
178250
178251
178252
178253
178254
178255
178256
178257
178258
178259
178260
178261
178314
178315
178316
178317
178318
178319
178320
178321
178322
178323
178324
178325
178326
178379
178380
178381
178382
178383
178384
178385
178386
178387
178388
178389
178390
178436
178437
178438
178444
178445
178446
178447
178448
178449
178450
178451
178452
178453
178454
178499
178500
178501
178502
178503
178508
178509
178510
178511
178512
178513
178514
178515
178516
178517
178518
178563
178564
178565
178566
178567
178568
178569
178570
178571
178572
178573
178574
178575
178576
178577
178578
178579
178580
178581
178582
178626
178627
178628
178629
178630
178631
178632
178633
178634
178635
178636
178637
178638
178639
178640
178641
178642
178643
178644
178645
178690
178691
178692
178693
178694
178695
178696
178697
178698
178699
178700
178701
178702
178703
178704
178705
178706
178707
178708
178754
178755
178756
178757
178758
178759
178760
178761
178762
178763
178764
178765
178766
178767
178768
178769
178770
178771
178772
178819
178820
178821
178822
178823
178824
178825
178826
178827
178828
178829
178830
178831
178832
178833
178834
178835
178884
178885
178886
178887
178888
178889
178890
178891
178892
178893
178894
178895
178896
178897
178898
178957
178958
178959
178960
178961
181130
181131
181193
181194
181195
181196
181256
181257
181258
181259
181260
181320
181321
181322
181323
181324
181384
181385
181386
181387
181388
181447
181448
181449
181450
181451
181452
181511
181512
181513
181514
181515
181516
181574
181575
181576
181577
181578
181579
181637
181638
181639
181640
181641
181642
181643
181701
181702
181703
181704
181705
181706
181765
181766
181767
181768
181769
181770
181828
181829
181830
181831
181832
181833
181834
181892
181893
181894
181895
181896
181897
181898
181956
181957
181958
181959
181960
181961
181962
181963
182019
182020
182021
182022
182023
182024
182025
182026
182027
182083
182084
182085
182086
182087
182088
182089
182090
182091
182092
182147
182148
182149
182150
182151
182152
182153
182154
182155
182156
182211
182212
182213
182214
182215
182216
182217
182218
182219
182220
182275
182276
182277
182278
182279
182280
182281
182282
182283
182339
182340
182341
182342
182343
182344
182345
182346
182349
182350
182351
182353
182354
182355
182356
182357
182403
182404
182405
182406
182407
182408
182413
182414
182415
182416
182417
182418
182419
182420
182421
182422
182467
182468
182469
182470
182471
182477
182478
182479
182480
182481
182482
182483
182484
182485
182486
182531
182532
182533
182534
182535
182541
182542
182543
182544
182545
182546
182547
182548
182549
182550
182594
182595
182596
182597
182598
182599
182600
182604
182605
182606
182607
182608
182609
182610
182611
182612
182613
182614
182658
182659
182660
182661
182662
182663
182664
182665
182667
182668
182669
182670
182671
182672
182673
182674
182675
182676
182677
182678
182722
182723
182724
182725
182726
182727
182728
182729
182730
182731
182732
182733
182734
182735
182736
182737
182738
182739
182740
182741
182742
182786
182787
182788
182789
182790
182791
182792
182793
182794
182795
182796
182797
182798
182799
182800
182801
182802
182803
182804
182805
182850
182851
182852
182853
182854
182855
182856
182857
182858
182859
182860
182861
182862
182863
182864
182865
182866
182867
182868
182869
182915
182916
182917
182918
182919
182920
182921
182922
182923
182924
182925
182926
182927
182928
182929
182930
182931
182932
182979
182980
182981
182982
182983
182984
182985
182986
182987
182988
182989
182990
182991
182992
182993
182994
182995
183045
183046
183053
183054
183055
183056
183057
185162
185225
185226
185227
185288
185289
185290
185291
185292
185352
185353
185354
185355
185356
185415
185416
185417
185418
185419
185420
185479
185480
185481
185482
185483
185484
185542
185543
185544
185545
185546
185547
185548
185606
185607
185608
185609
185610
185611
185612
185670
185671
185672
185673
185674
185675
185733
185734
185735
185736
185737
185738
185739
185797
185798
185799
185800
185801
185802
185803
185860
185861
185862
185863
185864
185865
185866
185867
185924
185925
185926
185927
185928
185929
185930
185988
185989
185990
185991
185992
185993
185994
186051
186052
186053
186054
186055
186056
186057
186058
186115
186116
186117
186118
186119
186120
186121
186122
186123
186179
186180
186181
186182
186183
186184
186185
186186
186187
186242
186243
186244
186245
186246
186247
186248
186249
186250
186306
186307
186308
186309
186310
186311
186312
186313
186314
186370
186371
186372
186373
186374
186375
186376
186377
186434
186435
186436
186437
186438
186439
186440
186441
186451
186452
186453
186498
186499
186500
186501
186502
186503
186504
186513
186514
186515
186516
186517
186562
186563
186564
186565
186566
186567
186575
186576
186577
186578
186579
186580
186581
186582
186626
186627
186628
186629
186630
186631
186638
186639
186640
186641
186642
186643
186644
186645
186646
186690
186691
186692
186693
186694
186695
186696
186701
186702
186703
186704
186705
186706
186707
186708
186709
186710
186754
186755
186756
186757
186758
186759
186760
186764
186765
186766
186767
186768
186769
186770
186771
186772
186773
186774
186818
186819
186820
186821
186822
186823
186824
186825
186826
186827
186828
186829
186830
186831
186832
186833
186834
186835
186836
186837
186882
186883
186884
186885
186886
186887
186888
186889
186890
186891
186892
186893
186894
186895
186896
186897
186898
186899
186900
186901
186946
186947
186948
186949
186950
186951
186952
186953
186954
186955
186956
186957
186958
186959
186960
186961
186962
186963
186964
186965
187011
187012
187013
187014
187015
187016
187017
187018
187019
187020
187021
187022
187023
187024
187025
187026
187027
187028
187075
187076
187077
187078
187079
187080
187081
187082
187083
187084
187085
187086
187087
187088
187089
187090
187091
187140
187141
187142
187143
187149
187150
187151
187152
187153
187154
189194
189257
189258
189259
189320
189321
189322
189323
189384
189385
189386
189387
189388
189447
189448
189449
189450
189451
189452
189511
189512
189513
189514
189515
189516
189574
189575
189576
189577
189578
189579
189580
189638
189639
189640
189641
189642
189643
189644
189702
189703
189704
189705
189706
189707
189708
189765
189766
189767
189768
189769
189770
189771
189829
189830
189831
189832
189833
189834
189835
189893
189894
189895
189896
189897
189898
189899
189956
189957
189958
189959
189960
189961
189962
189963
190020
190021
190022
190023
190024
190025
190026
190027
190084
190085
190086
190087
190088
190089
190090
190091
190147
190148
190149
190150
190151
190152
190153
190154
190155
190211
190212
190213
190214
190215
190216
190217
190218
190219
190275
190276
190277
190278
190279
190280
190281
190282
190283
190338
190339
190340
190341
190342
190343
190344
190345
190346
190402
190403
190404
190405
190406
190407
190408
190409
190466
190467
190468
190469
190470
190471
190472
190473
190529
190530
190531
190532
190533
190534
190535
190536
190594
190595
190596
190597
190598
190599
190600
190609
190610
190611
190612
190613
190658
190659
190660
190661
190662
190663
190672
190673
190674
190675
190676
190677
190721
190722
190723
190724
190725
190726
190727
190735
190736
190737
190738
190739
190740
190741
190785
190786
190787
190788
190789
190790
190791
190798
190799
190800
190801
190802
190803
190804
190805
190849
190850
190851
190852
190853
190854
190855
190862
190863
190864
190865
190866
190867
190868
190869
190914
190915
190916
190917
190918
190919
190920
190925
190926
190927
190928
190929
190930
190931
190932
190978
190979
190980
190981
190982
190983
190984
190985
190988
190989
190990
190991
190992
190993
190994
190995
190996
191042
191043
191044
191045
191046
191047
191048
191049
191051
191052
191053
191054
191055
191056
191057
191058
191059
191107
191108
191109
191110
191111
191112
191113
191116
191117
191118
191119
191120
191121
191171
191172
191173
191174
191175
191176
191236
191237
191238
193290
193291
193352
193353
193354
193355
193416
193417
193418
193419
193479
193480
193481
193482
193483
193543
193544
193545
193546
193547
193606
193607
193608
193609
193610
193611
193670
193671
193672
193673
193674
193675
193734
193735
193736
193737
193738
193739
193798
193799
193800
193801
193802
193803
193861
193862
193863
193864
193865
193866
193867
193925
193926
193927
193928
193929
193930
193931
193989
193990
193991
193992
193993
193994
193995
194053
194054
194055
194056
194057
194058
194059
194116
194117
194118
194119
194120
194121
194122
194123
194180
194181
194182
194183
194184
194185
194186
194187
194244
194245
194246
194247
194248
194249
194250
194251
194307
194308
194309
194310
194311
194312
194313
194314
194315
194371
194372
194373
194374
194375
194376
194377
194378
194379
194434
194435
194436
194437
194438
194439
194440
194441
194442
194498
194499
194500
194501
194502
194503
194504
194505
194561
194562
194563
194564
194565
194566
194567
194568
194569
194625
194626
194627
194628
194629
194630
194631
194632
194689
194690
194691
194692
194693
194694
194695
194707
194753
194754
194755
194756
194757
194758
194759
194769
194770
194771
194772
194817
194818
194819
194820
194821
194822
194832
194833
194834
194835
194836
194881
194882
194883
194884
194885
194886
194895
194896
194897
194898
194899
194900
194945
194946
194947
194948
194949
194950
194959
194960
194961
194962
194963
194964
195009
195010
195011
195012
195013
195014
195015
195022
195023
195024
195025
195026
195027
195074
195075
195076
195077
195078
195079
195086
195087
195088
195089
195090
195138
195139
195140
195141
195142
195143
195150
195151
195152
195153
195203
195204
195205
195206
195207
195268
195269
195270
195271
197386
197448
197449
197450
197451
197512
197513
197514
197515
197576
197577
197578
197579
197639
197640
197641
197642
197643
197703
197704
197705
197706
197707
197766
197767
197768
197769
197770
197771
197830
197831
197832
197833
197834
197835
197894
197895
197896
197897
197898
197899
197958
197959
197960
197961
197962
197963
198021
198022
198023
198024
198025
198026
198027
198085
198086
198087
198088
198089
198090
198091
198149
198150
198151
198152
198153
198154
198155
198213
198214
198215
198216
198217
198218
198219
198276
198277
198278
198279
198280
198281
198282
198283
198284
198340
198341
198342
198343
198344
198345
198346
198347
198348
198404
198405
198406
198407
198408
198409
198410
198411
198467
198468
198469
198470
198471
198472
198473
198474
198475
198531
198532
198533
198534
198535
198536
198537
198538
198594
198595
198596
198597
198598
198599
198600
198601
198657
198658
198659
198660
198661
198662
198663
198664
198721
198722
198723
198724
198725
198726
198727
198728
198785
198786
198787
198788
198789
198790
198791
198849
198850
198851
198852
198853
198854
198912
198913
198914
198915
198916
198917
198918
198976
198977
198978
198979
198980
198981
199040
199041
199042
199043
199044
199045
199046
199104
199105
199106
199107
199108
199109
199110
199169
199170
199171
199172
199173
199174
199234
199235
199236
199237
199238
199299
199300
199301
199302
199364
199365
201545
201546
201609
201610
201672
201673
201674
201736
201737
201738
201799
201800
201801
201802
201863
201864
201865
201866
201927
201928
201929
201930
201991
201992
201993
201994
202054
202055
202056
202057
202058
202118
202119
202120
202121
202122
202182
202183
202184
202185
202186
202245
202246
202247
202248
202249
202250
202251
202309
202310
202311
202312
202313
202314
202315
202373
202374
202375
202376
202377
202378
202379
202380
202437
202438
202439
202440
202441
202442
202443
202444
202500
202501
202502
202503
202504
202505
202506
202507
202563
202564
202565
202566
202567
202568
202569
202570
202571
202627
202628
202629
202630
202631
202632
202633
202634
202690
202691
202692
202693
202694
202695
202696
202697
202753
202754
202755
202756
202757
202758
202759
202760
202817
202818
202819
202820
202821
202822
202823
202880
202881
202882
202883
202884
202885
202886
202944
202945
202946
202947
202948
202949
203008
203009
203010
203011
203012
203013
203072
203073
203074
203075
203076
203077
203136
203137
203138
203139
203140
203141
203200
203201
203202
203203
203204
203205
203264
203265
203266
203267
203268
203269
203330
203331
203332
203333
203396
205897
205960
205961
206024
206025
206088
206089
206151
206152
206153
206215
206216
206217
206279
206280
206281
206282
206342
206343
206344
206345
206346
206406
206407
206408
206409
206410
206411
206470
206471
206472
206473
206474
206475
206476
206533
206534
206535
206536
206537
206538
206539
206540
206597
206598
206599
206600
206601
206602
206603
206660
206661
206662
206663
206664
206665
206666
206723
206724
206725
206726
206727
206728
206729
206730
206786
206787
206788
206789
206790
206791
206792
206793
206850
206851
206852
206853
206854
206855
206856
206913
206914
206915
206916
206917
206918
206919
206976
206977
206978
206979
206980
206981
206982
207040
207041
207042
207043
207044
207045
207104
207105
207106
207107
207108
207168
207169
207170
207171
207172
207232
207233
207234
207235
207236
207296
207297
207298
207299
207300
207301
207360
207361
207362
207363
207364
207425
207426
207427
210376
210440
210441
210503
210504
210505
210506
210567
210568
210569
210570
210571
210630
210631
210632
210633
210634
210635
210694
210695
210696
210697
210698
210699
210757
210758
210759
210760
210761
210762
210820
210821
210822
210823
210824
210825
210826
210883
210884
210885
210886
210887
210888
210889
210946
210947
210948
210949
210950
210951
210952
211009
211010
211011
211012
211013
211014
211015
211072
211073
211074
211075
211076
211077
211078
211136
211137
211138
211139
211140
211141
211200
211201
211202
211203
211204
211205
211264
211265
211266
211267
211268
211328
211329
211330
211331
211332
211392
211393
211394
211395
211396
211456
211457
211458
211459
211460
211520
211521
211522
211523
211585
214601
214664
214665
214666
214727
214728
214729
214730
214731
214791
214792
214793
214794
214795
214854
214855
214856
214857
214858
214918
214919
214920
214921
214922
214980
214981
214982
214983
214984
214985
215042
215043
215044
215045
215046
215047
215048
215105
215106
215107
215108
215109
215110
215111
215168
215169
215170
215171
215172
215173
215174
215232
215233
215234
215235
215236
215237
215296
215297
215298
215299
215300
215301
215360
215361
215362
215363
215364
215365
215424
215425
215426
215427
215428
215429
215488
215489
215490
215491
215492
215552
215553
215554
215555
215556
215616
215617
215618
215619
215680
215681
215682
218824
218825
218826
218888
218889
218890
218951
218952
218953
218954
219015
219016
219017
219078
219079
219080
219140
219141
219142
219143
219201
219202
219203
219204
219205
219206
219264
219265
219266
219267
219268
219269
219270
219328
219329
219330
219331
219332
219333
219392
219393
219394
219395
219396
219397
219456
219457
219458
219459
219460
219461
219520
219521
219522
219523
219524
219525
219584
219585
219586
219587
219588
219589
219648
219649
219650
219651
219652
219712
219713
219714
219715
219716
219776
219777
219778
223298
223299
223300
223360
223361
223362
223363
223364
223365
223424
223425
223426
223427
223428
223429
223488
223489
223490
223491
223492
223552
223553
223554
223555
223556
223557
223616
223617
223618
223619
223620
223621
223680
223681
223682
223683
223684
223685
223744
223745
223746
223747
223748
223749
223808
223809
223810
223811
223812
223872
223873
223874
227456
227457
227458
227459
227520
227521
227522
227523
227584
227585
227586
227587
227588
227648
227649
227650
227651
227652
227712
227713
227714
227715
227716
227717
227776
227777
227778
227779
227780
227781
227840
227841
227842
227843
227844
227904
227905
227906
227907
231616
231617
231618
231680
231681
231682
231683
231744
231745
231746
231747
231808
231809
231810
231811
231872
231873
231874
231875
231937
)


// ************************************************************************* //
