/*--------------------------------*- C++ -*----------------------------------*\
  =========                 |
  \\      /  F ield         | OpenFOAM: The Open Source CFD Toolbox
   \\    /   O peration     | Website:  https://openfoam.org
    \\  /    A nd           | Version:  6
     \\/     M anipulation  |
\*---------------------------------------------------------------------------*/
FoamFile
{
    version     2.0;
    format      ascii;
    class       labelList;
    note        "nPoints:6713  nCells:4877  nFaces:16351  nInternalFaces:12911";
    location    "constant/region376/polyMesh";
    object      neighbour;
}
// * * * * * * * * * * * * * * * * * * * * * * * * * * * * * * * * * * * * * //


12911
(
1
6
48
2
7
49
3
8
50
9
51
5
11
56
6
12
57
7
13
58
8
14
59
9
60
61
11
15
65
12
16
66
13
17
67
14
18
68
69
16
73
17
74
18
19
75
76
82
21
29
100
22
30
101
23
31
102
24
32
103
25
33
104
34
105
27
35
108
28
36
109
29
37
110
30
38
111
31
39
112
32
40
113
33
41
114
34
42
115
43
116
36
45
119
37
46
120
38
47
121
39
48
122
40
49
123
41
50
124
42
51
125
43
52
126
53
127
45
54
129
46
55
130
47
56
131
48
57
132
49
58
133
50
59
134
51
60
135
52
61
136
53
62
137
63
138
55
64
140
56
65
141
57
66
142
58
67
143
59
68
144
60
69
145
61
70
146
62
71
147
63
148
149
65
72
150
66
73
151
67
74
152
68
75
153
69
76
154
70
77
155
71
78
156
157
73
79
160
74
80
161
75
81
162
76
82
163
77
83
164
78
84
165
166
80
81
167
82
168
83
169
84
170
171
86
91
183
87
92
184
93
185
89
98
190
90
99
191
91
100
192
92
101
193
93
102
194
94
103
195
95
104
196
96
105
197
106
198
98
108
201
99
109
202
100
110
203
101
111
204
102
112
205
103
113
206
104
114
207
105
115
208
106
116
209
117
210
108
118
212
109
119
213
110
120
214
111
121
215
112
122
216
113
123
217
114
124
218
115
125
219
116
126
220
117
127
221
128
222
119
129
225
120
130
226
121
131
227
122
132
228
123
133
229
124
134
230
125
135
231
126
136
232
127
137
233
128
138
234
139
235
130
140
237
131
141
238
132
142
239
133
143
240
134
144
241
135
145
242
136
146
243
137
147
244
138
148
245
139
149
246
247
141
150
248
142
151
249
143
152
250
144
153
251
145
154
252
146
155
253
147
156
254
148
157
255
149
158
256
159
257
151
160
259
152
161
260
153
162
261
154
163
262
155
164
263
156
165
264
157
166
265
158
266
159
267
268
161
269
162
167
270
163
168
271
164
169
272
165
170
273
166
171
274
275
168
169
170
277
171
278
173
284
174
176
285
175
177
286
178
287
177
290
178
291
292
180
189
320
181
190
321
182
191
322
183
192
323
184
193
324
185
194
325
186
195
326
187
196
327
197
328
189
200
331
190
201
332
191
202
333
192
203
334
193
204
335
194
205
336
195
206
337
196
207
338
197
208
339
198
209
340
210
341
200
211
343
201
212
344
202
213
345
203
214
346
204
215
347
205
216
348
206
217
349
207
218
350
208
219
351
209
220
352
210
221
353
222
354
212
224
357
213
225
358
214
226
359
215
227
360
216
228
361
217
229
362
218
230
363
219
231
364
220
232
365
221
233
366
222
234
367
223
235
368
236
369
225
370
226
237
371
227
238
372
228
239
373
229
240
374
230
241
375
231
242
376
232
243
377
233
244
378
234
245
379
235
246
380
236
247
381
382
238
248
384
239
249
385
240
250
386
241
251
387
242
252
388
243
253
389
244
254
390
245
255
391
246
256
392
247
257
393
258
394
249
259
396
250
260
397
251
261
398
252
262
399
253
263
400
254
264
401
255
265
402
256
266
403
257
267
404
258
268
405
406
260
269
407
261
270
408
262
271
409
263
272
410
264
273
411
265
274
412
266
275
413
267
276
414
268
415
416
270
271
272
417
273
277
418
274
278
419
275
420
276
421
422
278
424
280
284
429
281
285
430
282
286
431
287
432
284
436
285
289
437
286
290
438
287
291
439
288
292
440
293
441
290
446
291
295
447
292
296
448
293
297
449
294
298
450
299
451
296
456
297
302
457
298
303
458
299
304
459
300
305
460
301
306
461
307
462
303
466
304
467
305
468
306
469
307
470
308
471
479
310
319
490
311
320
491
312
321
492
313
322
493
314
323
494
315
324
495
316
325
496
317
326
497
327
498
319
330
500
320
331
501
321
332
502
322
333
503
323
334
504
324
335
505
325
336
506
326
337
507
327
338
508
328
339
509
329
340
510
341
511
331
343
513
332
344
514
333
345
515
334
346
516
335
347
517
336
348
518
337
349
519
338
350
520
339
351
521
340
352
522
341
353
523
342
354
524
355
525
344
357
527
345
358
528
346
359
529
347
360
530
348
361
531
349
362
532
350
363
533
351
364
534
352
365
535
353
366
536
354
367
537
355
368
538
369
539
357
541
358
370
542
359
371
543
360
372
544
361
373
545
362
374
546
363
375
547
364
376
548
365
377
549
366
378
550
367
379
551
368
380
552
369
381
553
382
554
371
383
556
372
384
557
373
385
558
374
386
559
375
387
560
376
388
561
377
389
562
378
390
563
379
391
564
380
392
565
381
393
566
382
394
567
395
568
384
570
385
396
571
386
397
572
387
398
573
388
399
574
389
400
575
390
401
576
391
402
577
392
403
578
393
404
579
394
405
580
395
406
581
582
397
407
584
398
408
585
399
409
586
400
410
587
401
411
588
402
412
589
403
413
590
404
414
591
405
415
592
406
416
593
594
408
409
596
410
417
597
411
418
598
412
419
599
413
420
600
414
421
601
415
422
602
416
423
603
604
418
606
419
607
420
424
608
421
609
422
610
423
611
612
613
426
429
616
427
430
617
431
618
429
436
623
430
437
624
431
438
625
432
439
626
433
440
627
434
441
628
435
442
629
443
630
437
445
633
438
446
634
439
447
635
440
448
636
441
449
637
442
450
638
443
451
639
444
452
640
453
641
446
644
447
455
645
448
456
646
449
457
647
450
458
648
451
459
649
452
460
650
453
461
651
454
462
652
463
653
456
657
457
465
658
458
466
659
459
467
660
460
468
661
461
469
662
462
470
663
463
471
664
464
472
665
473
666
466
669
467
474
670
468
475
671
469
476
672
470
477
673
471
478
674
472
479
675
473
480
676
677
475
680
476
681
477
682
478
481
683
479
482
684
480
483
685
686
482
691
483
692
693
485
491
701
486
492
702
487
493
703
488
494
704
495
705
490
500
491
501
707
492
502
708
493
503
709
494
504
710
495
505
711
496
506
712
497
507
713
498
508
714
499
509
715
510
716
501
513
717
502
514
718
503
515
719
504
516
720
505
517
721
506
518
722
507
519
723
508
520
724
509
521
725
510
522
726
511
523
727
512
524
728
525
729
514
527
730
515
528
731
516
529
732
517
530
733
518
531
734
519
532
735
520
533
736
521
534
737
522
535
738
523
536
739
524
537
740
525
538
741
539
742
527
541
744
528
542
745
529
543
746
530
544
747
531
545
748
532
546
749
533
547
750
534
548
751
535
549
752
536
550
753
537
551
754
538
552
755
539
553
756
540
554
757
555
758
542
543
556
759
544
557
760
545
558
761
546
559
762
547
560
763
548
561
764
549
562
765
550
563
766
551
564
767
552
565
768
553
566
769
554
567
770
555
568
771
569
772
557
570
774
558
571
775
559
572
776
560
573
777
561
574
778
562
575
779
563
576
780
564
577
781
565
578
782
566
579
783
567
580
784
568
581
785
569
582
786
583
787
571
788
572
584
789
573
585
790
574
586
791
575
587
792
576
588
793
577
589
794
578
590
795
579
591
796
580
592
797
581
593
798
582
594
799
583
595
800
801
585
802
586
596
803
587
597
804
588
598
805
589
599
806
590
600
807
591
601
808
592
602
809
593
603
810
594
604
811
595
605
812
813
597
815
598
606
816
599
607
817
600
608
818
601
609
819
602
610
820
603
611
821
604
612
822
605
823
824
607
825
608
826
609
613
827
610
614
828
611
615
829
612
830
831
614
833
615
834
835
617
624
618
625
837
619
626
838
620
627
839
621
628
840
622
629
841
630
842
624
633
625
634
844
626
635
845
627
636
846
628
637
847
629
638
848
630
639
849
631
640
850
632
641
851
642
852
634
644
853
635
645
854
636
646
855
637
647
856
638
648
857
639
649
858
640
650
859
641
651
860
642
652
861
653
862
644
645
656
864
646
657
865
647
658
866
648
659
867
649
660
868
650
661
869
651
662
870
652
663
871
653
664
872
654
665
873
655
666
874
667
875
657
876
658
668
877
659
669
878
660
670
879
661
671
880
662
672
881
663
673
882
664
674
883
665
675
884
666
676
885
667
677
886
678
887
669
889
670
679
890
671
680
891
672
681
892
673
682
893
674
683
894
675
684
895
676
685
896
677
686
897
678
687
898
899
680
901
681
688
902
682
689
903
683
690
904
684
691
905
685
692
906
686
693
907
687
694
908
909
689
912
690
913
691
695
914
692
696
915
693
697
916
694
698
917
918
696
921
697
922
698
923
924
703
930
701
707
932
702
708
933
703
709
934
704
710
935
705
711
936
706
712
937
713
938
708
718
940
709
719
941
710
720
942
711
721
943
712
722
944
713
723
945
714
724
946
715
725
947
716
726
948
727
949
718
730
719
731
950
720
732
951
721
733
952
722
734
953
723
735
954
724
736
955
725
737
956
726
738
957
727
739
958
728
740
959
729
741
960
742
961
731
745
962
732
746
963
733
747
964
734
748
965
735
749
966
736
750
967
737
751
968
738
752
969
739
753
970
740
754
971
741
755
972
742
756
973
743
757
974
758
975
745
746
759
976
747
760
977
748
761
978
749
762
979
750
763
980
751
764
981
752
765
982
753
766
983
754
767
984
755
768
985
756
769
986
757
770
987
758
771
988
772
989
760
774
990
761
775
991
762
776
992
763
777
993
764
778
994
765
779
995
766
780
996
767
781
997
768
782
998
769
783
999
770
784
1000
771
785
1001
772
786
1002
773
787
1003
1004
775
788
1005
776
789
1006
777
790
1007
778
791
1008
779
792
1009
780
793
1010
781
794
1011
782
795
1012
783
796
1013
784
797
1014
785
798
1015
786
799
1016
787
800
1017
801
1018
789
1020
790
802
1021
791
803
1022
792
804
1023
793
805
1024
794
806
1025
795
807
1026
796
808
1027
797
809
1028
798
810
1029
799
811
1030
800
812
1031
801
813
1032
814
1033
803
1035
804
815
1036
805
816
1037
806
817
1038
807
818
1039
808
819
1040
809
820
1041
810
821
1042
811
822
1043
812
823
1044
813
824
1045
814
1046
1047
816
1048
817
825
1049
818
826
1050
819
827
1051
820
828
1052
821
829
1053
822
830
1054
823
831
1055
824
832
1056
1057
826
1059
827
1060
828
833
1061
829
834
1062
830
835
1063
831
836
1064
832
1065
1066
834
1067
835
1068
836
1069
1070
838
845
839
846
1071
840
847
1072
841
848
1073
842
849
1074
843
850
1075
851
1076
845
854
1078
846
855
1079
847
856
1080
848
857
1081
849
858
1082
850
859
1083
851
860
1084
852
861
1085
862
1086
854
864
1088
855
865
1089
856
866
1090
857
867
1091
858
868
1092
859
869
1093
860
870
1094
861
871
1095
862
872
1096
863
873
1097
874
1098
865
876
1099
866
877
1100
867
878
1101
868
879
1102
869
880
1103
870
881
1104
871
882
1105
872
883
1106
873
884
1107
874
885
1108
875
886
1109
887
1110
877
888
1111
878
889
1112
879
890
1113
880
891
1114
881
892
1115
882
893
1116
883
894
1117
884
895
1118
885
896
1119
886
897
1120
887
898
1121
899
1122
889
890
900
1123
891
901
1124
892
902
1125
893
903
1126
894
904
1127
895
905
1128
896
906
1129
897
907
1130
898
908
1131
899
909
1132
910
1133
901
1135
902
911
1136
903
912
1137
904
913
1138
905
914
1139
906
915
1140
907
916
1141
908
917
1142
909
918
1143
910
919
1144
1145
912
1146
913
1147
914
920
1148
915
921
1149
916
922
1150
917
923
1151
918
924
1152
919
925
1153
1154
921
1157
922
926
1158
923
927
1159
924
928
1160
925
1161
1162
927
1164
928
1165
1166
930
934
1168
931
935
1169
936
1170
933
940
1172
934
941
1173
935
942
1174
936
943
1175
937
944
1176
938
945
1177
939
946
1178
947
1179
941
950
1180
942
951
1181
943
952
1182
944
953
1183
945
954
1184
946
955
1185
947
956
1186
948
957
1187
949
958
1188
959
1189
951
963
1190
952
964
1191
953
965
1192
954
966
1193
955
967
1194
956
968
1195
957
969
1196
958
970
1197
959
971
1198
960
972
1199
961
973
1200
974
1201
963
976
1202
964
977
1203
965
978
1204
966
979
1205
967
980
1206
968
981
1207
969
982
1208
970
983
1209
971
984
1210
972
985
1211
973
986
1212
974
987
1213
975
988
1214
989
1215
977
990
1216
978
991
1217
979
992
1218
980
993
1219
981
994
1220
982
995
1221
983
996
1222
984
997
1223
985
998
1224
986
999
1225
987
1000
1226
988
1001
1227
989
1002
1228
1003
1229
991
1005
1230
992
1006
1231
993
1007
1232
994
1008
1233
995
1009
1234
996
1010
1235
997
1011
1236
998
1012
1237
999
1013
1238
1000
1014
1239
1001
1015
1240
1002
1016
1241
1003
1017
1242
1004
1018
1243
1019
1244
1006
1020
1245
1007
1021
1246
1008
1022
1247
1009
1023
1248
1010
1024
1249
1011
1025
1250
1012
1026
1251
1013
1027
1252
1014
1028
1253
1015
1029
1254
1016
1030
1255
1017
1031
1256
1018
1032
1257
1019
1033
1258
1034
1259
1021
1260
1022
1035
1261
1023
1036
1262
1024
1037
1263
1025
1038
1264
1026
1039
1265
1027
1040
1266
1028
1041
1267
1029
1042
1268
1030
1043
1269
1031
1044
1270
1032
1045
1271
1033
1046
1272
1034
1047
1273
1274
1036
1276
1037
1048
1277
1038
1049
1278
1039
1050
1279
1040
1051
1280
1041
1052
1281
1042
1053
1282
1043
1054
1283
1044
1055
1284
1045
1056
1285
1046
1057
1286
1047
1058
1287
1288
1049
1290
1050
1059
1291
1051
1060
1292
1052
1061
1293
1053
1062
1294
1054
1063
1295
1055
1064
1296
1056
1065
1297
1057
1066
1298
1058
1299
1300
1060
1301
1061
1302
1062
1067
1303
1063
1068
1304
1064
1069
1305
1065
1070
1306
1066
1307
1308
1068
1311
1069
1312
1070
1313
1314
1072
1080
1319
1073
1081
1320
1074
1082
1321
1075
1083
1322
1076
1084
1323
1077
1085
1324
1086
1325
1079
1089
1080
1090
1326
1081
1091
1327
1082
1092
1328
1083
1093
1329
1084
1094
1330
1085
1095
1331
1086
1096
1332
1087
1097
1333
1098
1334
1089
1099
1090
1100
1335
1091
1101
1336
1092
1102
1337
1093
1103
1338
1094
1104
1339
1095
1105
1340
1096
1106
1341
1097
1107
1342
1098
1108
1343
1109
1344
1100
1111
1101
1112
1345
1102
1113
1346
1103
1114
1347
1104
1115
1348
1105
1116
1349
1106
1117
1350
1107
1118
1351
1108
1119
1352
1109
1120
1353
1110
1121
1354
1122
1112
1113
1123
1355
1114
1124
1356
1115
1125
1357
1116
1126
1358
1117
1127
1359
1118
1128
1360
1119
1129
1361
1120
1130
1362
1121
1131
1363
1122
1132
1364
1133
1365
1124
1135
1366
1125
1136
1367
1126
1137
1368
1127
1138
1369
1128
1139
1370
1129
1140
1371
1130
1141
1372
1131
1142
1373
1132
1143
1374
1133
1144
1375
1134
1145
1376
1136
1137
1146
1377
1138
1147
1378
1139
1148
1379
1140
1149
1380
1141
1150
1381
1142
1151
1382
1143
1152
1383
1144
1153
1384
1145
1154
1385
1155
1386
1147
1148
1156
1387
1149
1157
1388
1150
1158
1389
1151
1159
1390
1152
1160
1391
1153
1161
1392
1154
1162
1393
1155
1163
1394
1157
1158
1395
1159
1164
1396
1160
1165
1397
1161
1166
1398
1162
1399
1163
1400
1165
1401
1166
1402
1403
1168
1173
1405
1169
1174
1406
1170
1175
1407
1171
1176
1408
1177
1409
1173
1180
1410
1174
1181
1411
1175
1182
1412
1176
1183
1413
1177
1184
1414
1178
1185
1415
1179
1186
1416
1187
1417
1181
1190
1418
1182
1191
1419
1183
1192
1420
1184
1193
1421
1185
1194
1422
1186
1195
1423
1187
1196
1424
1188
1197
1425
1189
1198
1426
1199
1427
1191
1203
1428
1192
1204
1429
1193
1205
1430
1194
1206
1431
1195
1207
1432
1196
1208
1433
1197
1209
1434
1198
1210
1435
1199
1211
1436
1200
1212
1437
1201
1213
1438
1214
1203
1216
1439
1204
1217
1440
1205
1218
1441
1206
1219
1442
1207
1220
1443
1208
1221
1444
1209
1222
1445
1210
1223
1446
1211
1224
1447
1212
1225
1448
1213
1226
1449
1214
1227
1450
1215
1228
1451
1229
1217
1230
1452
1218
1231
1453
1219
1232
1454
1220
1233
1455
1221
1234
1456
1222
1235
1457
1223
1236
1458
1224
1237
1459
1225
1238
1460
1226
1239
1461
1227
1240
1462
1228
1241
1463
1229
1242
1464
1243
1465
1231
1245
1467
1232
1246
1468
1233
1247
1469
1234
1248
1470
1235
1249
1471
1236
1250
1472
1237
1251
1473
1238
1252
1474
1239
1253
1475
1240
1254
1476
1241
1255
1477
1242
1256
1478
1243
1257
1479
1244
1258
1480
1259
1481
1246
1260
1483
1247
1261
1484
1248
1262
1485
1249
1263
1486
1250
1264
1487
1251
1265
1488
1252
1266
1489
1253
1267
1490
1254
1268
1491
1255
1269
1492
1256
1270
1493
1257
1271
1494
1258
1272
1495
1259
1273
1496
1274
1497
1261
1275
1498
1262
1276
1499
1263
1277
1500
1264
1278
1501
1265
1279
1502
1266
1280
1503
1267
1281
1504
1268
1282
1505
1269
1283
1506
1270
1284
1507
1271
1285
1508
1272
1286
1509
1273
1287
1510
1274
1288
1511
1276
1512
1277
1289
1513
1278
1290
1514
1279
1291
1515
1280
1292
1516
1281
1293
1517
1282
1294
1518
1283
1295
1519
1284
1296
1520
1285
1297
1521
1286
1298
1522
1287
1299
1523
1288
1300
1524
1525
1290
1526
1291
1527
1292
1301
1528
1293
1302
1529
1294
1303
1530
1295
1304
1531
1296
1305
1532
1297
1306
1533
1298
1307
1534
1299
1308
1535
1300
1309
1536
1537
1302
1539
1303
1310
1540
1304
1311
1541
1305
1312
1542
1306
1313
1543
1307
1314
1544
1308
1315
1545
1309
1546
1547
1311
1549
1312
1316
1550
1313
1317
1551
1314
1318
1552
1315
1553
1554
1317
1556
1318
1557
1558
1320
1327
1580
1321
1328
1581
1322
1329
1582
1323
1330
1583
1324
1331
1584
1325
1332
1585
1333
1586
1327
1336
1590
1328
1337
1591
1329
1338
1592
1330
1339
1593
1331
1340
1594
1332
1341
1595
1333
1342
1596
1334
1343
1597
1344
1598
1336
1345
1337
1346
1601
1338
1347
1602
1339
1348
1603
1340
1349
1604
1341
1350
1605
1342
1351
1606
1343
1352
1607
1344
1353
1608
1354
1609
1346
1355
1611
1347
1356
1612
1348
1357
1613
1349
1358
1614
1350
1359
1615
1351
1360
1616
1352
1361
1617
1353
1362
1618
1354
1363
1619
1364
1620
1356
1366
1357
1367
1621
1358
1368
1622
1359
1369
1623
1360
1370
1624
1361
1371
1625
1362
1372
1626
1363
1373
1627
1364
1374
1628
1365
1375
1629
1376
1367
1368
1377
1630
1369
1378
1631
1370
1379
1632
1371
1380
1633
1372
1381
1634
1373
1382
1635
1374
1383
1636
1375
1384
1637
1376
1385
1638
1386
1378
1379
1387
1639
1380
1388
1640
1381
1389
1641
1382
1390
1642
1383
1391
1643
1384
1392
1644
1385
1393
1645
1386
1394
1646
1388
1647
1389
1395
1648
1390
1396
1649
1391
1397
1650
1392
1398
1651
1393
1399
1652
1394
1400
1653
1396
1654
1397
1401
1655
1398
1402
1656
1399
1403
1657
1400
1402
1403
1407
1660
1406
1411
1662
1407
1412
1663
1408
1413
1664
1409
1414
1665
1415
1666
1411
1418
1667
1412
1419
1668
1413
1420
1669
1414
1421
1670
1415
1422
1671
1416
1423
1672
1417
1424
1673
1425
1674
1419
1428
1675
1420
1429
1676
1421
1430
1677
1422
1431
1678
1423
1432
1679
1424
1433
1680
1425
1434
1681
1426
1435
1682
1427
1436
1683
1437
1684
1429
1440
1685
1430
1441
1686
1431
1442
1687
1432
1443
1688
1433
1444
1689
1434
1445
1690
1435
1446
1691
1436
1447
1692
1437
1448
1693
1438
1449
1694
1450
1695
1440
1452
1696
1441
1453
1697
1442
1454
1698
1443
1455
1699
1444
1456
1700
1445
1457
1701
1446
1458
1702
1447
1459
1703
1448
1460
1704
1449
1461
1705
1450
1462
1706
1451
1463
1707
1464
1708
1453
1467
1709
1454
1468
1710
1455
1469
1711
1456
1470
1712
1457
1471
1713
1458
1472
1714
1459
1473
1715
1460
1474
1716
1461
1475
1717
1462
1476
1718
1463
1477
1719
1464
1478
1720
1465
1479
1721
1480
1467
1482
1722
1468
1483
1723
1469
1484
1724
1470
1485
1725
1471
1486
1726
1472
1487
1727
1473
1488
1728
1474
1489
1729
1475
1490
1730
1476
1491
1731
1477
1492
1732
1478
1493
1733
1479
1494
1734
1480
1495
1735
1481
1496
1736
1497
1483
1737
1484
1498
1738
1485
1499
1739
1486
1500
1740
1487
1501
1741
1488
1502
1742
1489
1503
1743
1490
1504
1744
1491
1505
1745
1492
1506
1746
1493
1507
1747
1494
1508
1748
1495
1509
1749
1496
1510
1750
1497
1511
1751
1499
1512
1753
1500
1513
1754
1501
1514
1755
1502
1515
1756
1503
1516
1757
1504
1517
1758
1505
1518
1759
1506
1519
1760
1507
1520
1761
1508
1521
1762
1509
1522
1763
1510
1523
1764
1511
1524
1765
1525
1766
1513
1768
1514
1526
1769
1515
1527
1770
1516
1528
1771
1517
1529
1772
1518
1530
1773
1519
1531
1774
1520
1532
1775
1521
1533
1776
1522
1534
1777
1523
1535
1778
1524
1536
1779
1525
1537
1780
1781
1527
1783
1528
1538
1784
1529
1539
1785
1530
1540
1786
1531
1541
1787
1532
1542
1788
1533
1543
1789
1534
1544
1790
1535
1545
1791
1536
1546
1792
1537
1547
1793
1794
1539
1796
1540
1548
1797
1541
1549
1798
1542
1550
1799
1543
1551
1800
1544
1552
1801
1545
1553
1802
1546
1554
1803
1547
1804
1805
1549
1806
1550
1555
1807
1551
1556
1808
1552
1557
1809
1553
1558
1810
1554
1559
1811
1560
1812
1556
1815
1557
1561
1816
1558
1562
1817
1559
1563
1818
1560
1564
1819
1820
1562
1565
1823
1563
1566
1824
1564
1567
1825
1568
1826
1566
1569
1830
1567
1570
1831
1568
1571
1832
1833
1570
1577
1838
1571
1578
1839
1579
1840
1573
1582
1846
1574
1583
1847
1575
1584
1848
1576
1585
1849
1577
1586
1850
1578
1587
1851
1579
1588
1852
1589
1853
1581
1591
1857
1582
1592
1858
1583
1593
1859
1584
1594
1860
1585
1595
1861
1586
1596
1862
1587
1597
1863
1588
1598
1864
1589
1599
1865
1600
1866
1591
1601
1869
1592
1602
1870
1593
1603
1871
1594
1604
1872
1595
1605
1873
1596
1606
1874
1597
1607
1875
1598
1608
1876
1599
1609
1877
1600
1610
1878
1879
1602
1612
1882
1603
1613
1883
1604
1614
1884
1605
1615
1885
1606
1616
1886
1607
1617
1887
1608
1618
1888
1609
1619
1889
1610
1620
1890
1891
1612
1613
1621
1894
1614
1622
1895
1615
1623
1896
1616
1624
1897
1617
1625
1898
1618
1626
1899
1619
1627
1900
1620
1628
1901
1629
1902
1622
1630
1904
1623
1631
1905
1624
1632
1906
1625
1633
1907
1626
1634
1908
1627
1635
1909
1628
1636
1910
1629
1637
1911
1638
1631
1632
1639
1912
1633
1640
1913
1634
1641
1914
1635
1642
1915
1636
1643
1916
1637
1644
1638
1645
1646
1640
1647
1641
1648
1642
1649
1917
1643
1650
1918
1644
1651
1645
1652
1646
1653
1648
1649
1654
1650
1655
1651
1656
1652
1657
1653
1655
1656
1657
1659
1662
1928
1660
1663
1929
1661
1664
1930
1665
1663
1668
1932
1664
1669
1933
1665
1670
1934
1666
1671
1935
1672
1668
1675
1936
1669
1676
1937
1670
1677
1938
1671
1678
1939
1672
1679
1940
1673
1680
1674
1681
1682
1676
1685
1941
1677
1686
1942
1678
1687
1943
1679
1688
1944
1680
1689
1945
1681
1690
1946
1682
1691
1947
1683
1692
1684
1693
1694
1686
1697
1949
1687
1698
1950
1688
1699
1951
1689
1700
1952
1690
1701
1953
1691
1702
1954
1692
1703
1955
1693
1704
1956
1694
1705
1695
1706
1707
1697
1709
1957
1698
1710
1958
1699
1711
1959
1700
1712
1960
1701
1713
1961
1702
1714
1962
1703
1715
1963
1704
1716
1964
1705
1717
1965
1706
1718
1966
1707
1719
1967
1708
1720
1968
1721
1710
1723
1970
1711
1724
1971
1712
1725
1972
1713
1726
1973
1714
1727
1974
1715
1728
1975
1716
1729
1976
1717
1730
1977
1718
1731
1978
1719
1732
1979
1720
1733
1980
1721
1734
1981
1735
1982
1723
1737
1983
1724
1738
1984
1725
1739
1985
1726
1740
1986
1727
1741
1987
1728
1742
1988
1729
1743
1989
1730
1744
1990
1731
1745
1991
1732
1746
1992
1733
1747
1993
1734
1748
1994
1735
1749
1995
1736
1750
1996
1751
1738
1752
1997
1739
1753
1998
1740
1754
1999
1741
1755
2000
1742
1756
2001
1743
1757
2002
1744
1758
2003
1745
1759
2004
1746
1760
2005
1747
1761
2006
1748
1762
2007
1749
1763
2008
1750
1764
2009
1751
1765
2010
1766
1753
1767
2011
1754
1768
2012
1755
1769
2013
1756
1770
2014
1757
1771
2015
1758
1772
2016
1759
1773
2017
1760
1774
2018
1761
1775
2019
1762
1776
2020
1763
1777
2021
1764
1778
2022
1765
1779
2023
1766
1780
2024
1781
1768
2025
1769
1782
2026
1770
1783
2027
1771
1784
2028
1772
1785
2029
1773
1786
2030
1774
1787
2031
1775
1788
2032
1776
1789
2033
1777
1790
2034
1778
1791
2035
1779
1792
2036
1780
1793
2037
1781
1794
2038
1783
2040
1784
1795
2041
1785
1796
2042
1786
1797
2043
1787
1798
2044
1788
1799
2045
1789
1800
2046
1790
1801
2047
1791
1802
2048
1792
1803
2049
1793
1804
2050
1794
1805
2051
2052
1796
2054
1797
2055
1798
1806
2056
1799
1807
2057
1800
1808
2058
1801
1809
2059
1802
1810
2060
1803
1811
2061
1804
1812
2062
1805
1813
2063
2064
1807
1814
2067
1808
1815
2068
1809
1816
2069
1810
1817
2070
1811
1818
2071
1812
1819
2072
1813
1820
2073
1821
2074
1815
2078
1816
1822
2079
1817
1823
2080
1818
1824
2081
1819
1825
2082
1820
1826
2083
1821
1827
2084
1828
2085
1823
1829
2089
1824
1830
2090
1825
1831
2091
1826
1832
2092
1827
1833
2093
1828
1834
2094
1835
2095
1830
1837
2099
1831
1838
2100
1832
1839
2101
1833
1840
2102
1834
1841
2103
1835
1842
2104
2105
1837
1849
2110
1838
1850
2111
1839
1851
2112
1840
1852
2113
1841
1853
2114
1842
1854
2115
1855
2116
1844
1856
2120
1845
1857
2121
1846
1858
2122
1847
1859
2123
1848
1860
2124
1849
1861
2125
1850
1862
2126
1851
1863
2127
1852
1864
2128
1853
1865
2129
1854
1866
2130
1855
1867
2131
1868
2132
1857
1869
2136
1858
1870
2137
1859
1871
2138
1860
1872
2139
1861
1873
2140
1862
1874
2141
1863
1875
2142
1864
1876
2143
1865
1877
2144
1866
1878
2145
1867
1879
2146
1868
1880
2147
1881
2148
1870
1882
2151
1871
1883
2152
1872
1884
2153
1873
1885
2154
1874
1886
2155
1875
1887
2156
1876
1888
2157
1877
1889
2158
1878
1890
2159
1879
1891
2160
1880
1892
2161
1881
1893
2162
2163
1883
1894
2166
1884
1895
2167
1885
1896
2168
1886
1897
2169
1887
1898
2170
1888
1899
2171
1889
1900
2172
1890
1901
2173
1891
1902
2174
1892
1903
2175
1893
2176
2177
1895
1904
2179
1896
1905
2180
1897
1906
2181
1898
1907
2182
1899
1908
2183
1900
1909
2184
1901
1910
2185
1902
1911
2186
1903
2187
2188
1905
1906
1912
1907
1913
2191
1908
1914
2192
1909
1915
1910
1916
1911
1913
1914
1915
1917
1916
1918
1918
2201
1921
2208
1922
1924
2212
1925
2213
1924
1927
2216
1925
1928
2217
1926
1929
2218
1930
2219
1928
1931
2221
1929
1932
2222
1930
1933
2223
1934
2224
1932
1936
2226
1933
1937
2227
1934
1938
2228
1935
1939
1940
1937
1941
2230
1938
1942
2231
1939
1943
2232
1940
1944
1945
1942
1949
2234
1943
1950
2235
1944
1951
2236
1945
1952
1946
1953
1947
1954
1955
1949
1957
2237
1950
1958
2238
1951
1959
2239
1952
1960
2240
1953
1961
2241
1954
1962
1955
1963
1956
1964
1965
1958
1970
2242
1959
1971
2243
1960
1972
2244
1961
1973
2245
1962
1974
2246
1963
1975
2247
1964
1976
1965
1977
1966
1978
1967
1979
1968
1980
1981
1970
1983
2248
1971
1984
2249
1972
1985
2250
1973
1986
2251
1974
1987
2252
1975
1988
2253
1976
1989
2254
1977
1990
2255
1978
1991
1979
1992
1980
1993
1981
1994
1982
1995
1996
1984
1997
2257
1985
1998
2258
1986
1999
2259
1987
2000
2260
1988
2001
2261
1989
2002
2262
1990
2003
2263
1991
2004
2264
1992
2005
2265
1993
2006
2266
1994
2007
1995
2008
1996
2009
2010
1998
2011
2269
1999
2012
2270
2000
2013
2271
2001
2014
2272
2002
2015
2273
2003
2016
2274
2004
2017
2275
2005
2018
2276
2006
2019
2277
2007
2020
2278
2008
2021
2279
2009
2022
2010
2023
2024
2012
2025
2282
2013
2026
2283
2014
2027
2284
2015
2028
2285
2016
2029
2286
2017
2030
2287
2018
2031
2288
2019
2032
2289
2020
2033
2290
2021
2034
2291
2022
2035
2292
2023
2036
2293
2024
2037
2038
2026
2039
2296
2027
2040
2297
2028
2041
2298
2029
2042
2299
2030
2043
2300
2031
2044
2301
2032
2045
2302
2033
2046
2303
2034
2047
2304
2035
2048
2305
2036
2049
2306
2037
2050
2307
2038
2051
2308
2052
2040
2310
2041
2053
2311
2042
2054
2312
2043
2055
2313
2044
2056
2314
2045
2057
2315
2046
2058
2316
2047
2059
2317
2048
2060
2318
2049
2061
2319
2050
2062
2320
2051
2063
2321
2052
2064
2322
2065
2323
2054
2324
2055
2325
2056
2066
2326
2057
2067
2327
2058
2068
2328
2059
2069
2329
2060
2070
2330
2061
2071
2331
2062
2072
2332
2063
2073
2333
2064
2074
2334
2065
2075
2335
2076
2336
2067
2337
2068
2078
2338
2069
2079
2339
2070
2080
2340
2071
2081
2341
2072
2082
2342
2073
2083
2343
2074
2084
2344
2075
2085
2345
2076
2086
2346
2077
2087
2347
2348
2079
2088
2349
2080
2089
2350
2081
2090
2351
2082
2091
2352
2083
2092
2353
2084
2093
2354
2085
2094
2355
2086
2095
2356
2087
2096
2357
2097
2358
2089
2098
2361
2090
2099
2362
2091
2100
2363
2092
2101
2364
2093
2102
2365
2094
2103
2366
2095
2104
2367
2096
2105
2368
2097
2106
2369
2370
2099
2110
2373
2100
2111
2374
2101
2112
2375
2102
2113
2376
2103
2114
2377
2104
2115
2378
2105
2116
2379
2106
2117
2380
2118
2381
2108
2120
2386
2121
2387
2110
2125
2391
2111
2126
2392
2112
2127
2393
2113
2128
2394
2114
2129
2395
2115
2130
2396
2116
2131
2397
2117
2132
2398
2118
2133
2399
2134
2400
2120
2135
2403
2121
2136
2404
2122
2137
2405
2123
2138
2406
2124
2139
2407
2125
2140
2408
2126
2141
2409
2127
2142
2410
2128
2143
2411
2129
2144
2412
2130
2145
2413
2131
2146
2414
2132
2147
2415
2133
2148
2416
2134
2149
2417
2418
2136
2150
2421
2137
2151
2422
2138
2152
2423
2139
2153
2424
2140
2154
2425
2141
2155
2426
2142
2156
2427
2143
2157
2428
2144
2158
2429
2145
2159
2430
2146
2160
2431
2147
2161
2432
2148
2162
2433
2149
2163
2434
2164
2435
2151
2165
2438
2152
2166
2439
2153
2167
2440
2154
2168
2441
2155
2169
2442
2156
2170
2443
2157
2171
2444
2158
2172
2445
2159
2173
2446
2160
2174
2447
2161
2175
2448
2162
2176
2449
2163
2177
2450
2164
2178
2451
2452
2166
2455
2167
2179
2456
2168
2180
2457
2169
2181
2458
2170
2182
2459
2171
2183
2460
2172
2184
2461
2173
2185
2462
2174
2186
2463
2175
2187
2464
2176
2188
2465
2177
2189
2466
2178
2190
2467
2468
2180
2470
2181
2471
2182
2191
2472
2183
2192
2473
2184
2474
2185
2475
2186
2476
2187
2477
2188
2478
2189
2193
2479
2190
2194
2480
2481
2192
2194
2485
2486
2197
2489
2197
2200
2491
2198
2201
2492
2202
2493
2200
2203
2494
2201
2204
2495
2202
2205
2496
2206
2497
2204
2207
2498
2205
2208
2499
2206
2209
2500
2210
2501
2208
2211
2503
2209
2212
2504
2210
2213
2505
2214
2506
2212
2216
2508
2213
2217
2509
2214
2218
2510
2219
2511
2216
2220
2513
2217
2221
2514
2218
2222
2515
2219
2223
2516
2224
2517
2221
2225
2519
2222
2226
2520
2223
2227
2521
2224
2228
2522
2226
2229
2524
2227
2230
2525
2228
2231
2526
2232
2527
2230
2233
2529
2231
2234
2530
2232
2235
2531
2236
2532
2234
2237
2534
2235
2238
2535
2236
2239
2536
2240
2238
2242
2538
2239
2243
2539
2240
2244
2540
2241
2245
2246
2243
2249
2543
2244
2250
2544
2245
2251
2545
2246
2252
2546
2247
2253
2254
2249
2257
2549
2250
2258
2550
2251
2259
2551
2252
2260
2552
2253
2261
2553
2254
2262
2554
2255
2263
2264
2257
2268
2557
2258
2269
2558
2259
2270
2559
2260
2271
2560
2261
2272
2561
2262
2273
2562
2263
2274
2563
2264
2275
2564
2265
2276
2565
2266
2277
2278
2268
2280
2567
2269
2281
2568
2270
2282
2569
2271
2283
2570
2272
2284
2571
2273
2285
2572
2274
2286
2573
2275
2287
2574
2276
2288
2575
2277
2289
2576
2278
2290
2577
2279
2291
2292
2281
2294
2580
2282
2295
2581
2283
2296
2582
2284
2297
2583
2285
2298
2584
2286
2299
2585
2287
2300
2586
2288
2301
2587
2289
2302
2588
2290
2303
2589
2291
2304
2590
2292
2305
2591
2293
2306
2307
2295
2594
2296
2309
2595
2297
2310
2596
2298
2311
2597
2299
2312
2598
2300
2313
2599
2301
2314
2600
2302
2315
2601
2303
2316
2602
2304
2317
2603
2305
2318
2604
2306
2319
2605
2307
2320
2308
2321
2322
2310
2608
2311
2609
2312
2324
2610
2313
2325
2611
2314
2326
2612
2315
2327
2613
2316
2328
2614
2317
2329
2615
2318
2330
2616
2319
2331
2617
2320
2332
2618
2321
2333
2619
2322
2334
2620
2323
2335
2336
2325
2625
2326
2626
2327
2337
2627
2328
2338
2628
2329
2339
2629
2330
2340
2630
2331
2341
2631
2332
2342
2632
2333
2343
2633
2334
2344
2634
2335
2345
2635
2336
2346
2636
2347
2637
2338
2639
2339
2349
2640
2340
2350
2641
2341
2351
2642
2342
2352
2643
2343
2353
2644
2344
2354
2645
2345
2355
2646
2346
2356
2647
2347
2357
2648
2348
2358
2649
2359
2650
2350
2361
2652
2351
2362
2653
2352
2363
2654
2353
2364
2655
2354
2365
2656
2355
2366
2657
2356
2367
2658
2357
2368
2659
2358
2369
2660
2359
2370
2661
2360
2371
2662
2372
2663
2362
2373
2363
2374
2667
2364
2375
2668
2365
2376
2669
2366
2377
2670
2367
2378
2671
2368
2379
2672
2369
2380
2673
2370
2381
2674
2371
2382
2675
2372
2383
2676
2677
2374
2392
2375
2393
2683
2376
2394
2684
2377
2395
2685
2378
2396
2686
2379
2397
2687
2380
2398
2688
2381
2399
2689
2382
2400
2690
2383
2401
2691
2692
2385
2402
2694
2386
2403
2695
2387
2404
2696
2388
2405
2697
2389
2406
2698
2390
2407
2699
2391
2408
2700
2392
2409
2701
2393
2410
2702
2394
2411
2703
2395
2412
2704
2396
2413
2705
2397
2414
2706
2398
2415
2707
2399
2416
2708
2400
2417
2709
2401
2418
2710
2419
2711
2403
2420
2715
2404
2421
2716
2405
2422
2717
2406
2423
2718
2407
2424
2719
2408
2425
2720
2409
2426
2721
2410
2427
2722
2411
2428
2723
2412
2429
2724
2413
2430
2725
2414
2431
2726
2415
2432
2727
2416
2433
2728
2417
2434
2729
2418
2435
2730
2419
2436
2731
2732
2421
2437
2735
2422
2438
2736
2423
2439
2737
2424
2440
2738
2425
2441
2739
2426
2442
2740
2427
2443
2741
2428
2444
2742
2429
2445
2743
2430
2446
2744
2431
2447
2745
2432
2448
2746
2433
2449
2747
2434
2450
2748
2435
2451
2749
2436
2452
2750
2453
2751
2438
2454
2754
2439
2455
2755
2440
2456
2756
2441
2457
2757
2442
2458
2758
2443
2459
2759
2444
2460
2760
2445
2461
2761
2446
2462
2762
2447
2463
2763
2448
2464
2764
2449
2465
2765
2450
2466
2766
2451
2467
2767
2452
2468
2768
2453
2469
2769
2770
2455
2772
2456
2773
2457
2470
2774
2458
2471
2775
2459
2472
2776
2460
2473
2777
2461
2474
2778
2462
2475
2779
2463
2476
2780
2464
2477
2781
2465
2478
2782
2466
2479
2783
2467
2480
2784
2468
2481
2785
2469
2482
2786
2483
2787
2471
2790
2472
2791
2473
2792
2474
2793
2475
2794
2476
2795
2477
2796
2478
2797
2479
2484
2798
2480
2485
2799
2481
2486
2800
2482
2487
2801
2483
2802
2803
2485
2804
2486
2805
2487
2806
2807
2489
2491
2809
2492
2810
2491
2494
2811
2492
2495
2812
2493
2496
2813
2497
2814
2495
2498
2816
2496
2499
2817
2497
2500
2818
2501
2819
2499
2503
2821
2500
2504
2822
2501
2505
2823
2506
2824
2503
2507
2825
2504
2508
2826
2505
2509
2827
2506
2510
2828
2511
2829
2508
2513
2831
2509
2514
2832
2510
2515
2833
2511
2516
2834
2517
2835
2513
2518
2836
2514
2519
2837
2515
2520
2838
2516
2521
2839
2517
2522
2840
2841
2519
2523
2843
2520
2524
2844
2521
2525
2845
2522
2526
2846
2527
2847
2524
2528
2850
2525
2529
2851
2526
2530
2852
2527
2531
2853
2532
2854
2529
2533
2857
2530
2534
2858
2531
2535
2859
2532
2536
2860
2534
2537
2863
2535
2538
2864
2536
2539
2865
2540
2866
2538
2542
2870
2539
2543
2871
2540
2544
2872
2545
2873
2542
2548
2876
2543
2549
2877
2544
2550
2878
2545
2551
2879
2546
2552
2880
2553
2548
2556
2882
2549
2557
2883
2550
2558
2884
2551
2559
2885
2552
2560
2886
2553
2561
2887
2554
2562
2888
2563
2556
2566
2890
2557
2567
2891
2558
2568
2892
2559
2569
2893
2560
2570
2894
2561
2571
2895
2562
2572
2896
2563
2573
2897
2564
2574
2565
2575
2576
2567
2579
2899
2568
2580
2900
2569
2581
2901
2570
2582
2902
2571
2583
2903
2572
2584
2904
2573
2585
2905
2574
2586
2906
2575
2587
2907
2576
2588
2577
2589
2590
2579
2592
2908
2580
2593
2909
2581
2594
2910
2582
2595
2911
2583
2596
2912
2584
2597
2913
2585
2598
2914
2586
2599
2915
2587
2600
2916
2588
2601
2917
2589
2602
2590
2603
2591
2604
2605
2593
2918
2594
2606
2919
2595
2607
2920
2596
2608
2921
2597
2609
2922
2598
2610
2923
2599
2611
2924
2600
2612
2925
2601
2613
2926
2602
2614
2927
2603
2615
2604
2616
2605
2617
2618
2607
2621
2929
2608
2622
2930
2609
2623
2931
2610
2624
2932
2611
2625
2933
2612
2626
2934
2613
2627
2935
2614
2628
2936
2615
2629
2616
2630
2617
2631
2618
2632
2619
2633
2620
2634
2635
2622
2938
2623
2939
2624
2940
2625
2941
2626
2942
2627
2943
2628
2639
2944
2629
2640
2630
2641
2631
2642
2945
2632
2643
2946
2633
2644
2947
2634
2645
2635
2646
2948
2636
2647
2949
2637
2648
2950
2638
2649
2951
2650
2952
2640
2641
2652
2642
2653
2643
2654
2959
2644
2655
2960
2645
2656
2961
2646
2657
2962
2647
2658
2963
2648
2659
2964
2649
2660
2965
2650
2661
2966
2651
2662
2967
2663
2968
2653
2654
2667
2655
2668
2974
2656
2669
2975
2657
2670
2976
2658
2671
2977
2659
2672
2978
2660
2673
2979
2661
2674
2980
2662
2675
2981
2663
2676
2982
2677
2983
2665
2679
2985
2666
2680
2986
2681
2987
2668
2683
2669
2684
2989
2670
2685
2990
2671
2686
2991
2672
2687
2992
2673
2688
2993
2674
2689
2994
2675
2690
2995
2676
2691
2996
2677
2692
2997
2693
2998
2679
2694
3000
2680
2695
3001
2681
2696
3002
2682
2697
3003
2698
3004
2684
2703
3006
2685
2704
3007
2686
2705
3008
2687
2706
3009
2688
2707
3010
2689
2708
3011
2690
2709
3012
2691
2710
3013
2692
2711
3014
2693
2712
3015
2713
3016
2695
2715
3018
2696
2716
3019
2697
2717
3020
2698
2718
3021
2699
2719
3022
2700
2720
3023
2701
2721
3024
2702
2722
2703
2723
3025
2704
2724
3026
2705
2725
3027
2706
2726
3028
2707
2727
3029
2708
2728
3030
2709
2729
3031
2710
2730
3032
2711
2731
3033
2712
2732
3034
2713
2733
3035
3036
2715
2734
3037
2716
2735
3038
2717
2736
3039
2718
2737
3040
2719
2738
3041
2720
2739
3042
2721
2740
3043
2722
2741
3044
2723
2742
3045
2724
2743
3046
2725
2744
3047
2726
2745
3048
2727
2746
3049
2728
2747
3050
2729
2748
3051
2730
2749
3052
2731
2750
3053
2732
2751
3054
2733
2752
3055
3056
2735
2753
3058
2736
2754
3059
2737
2755
3060
2738
2756
3061
2739
2757
3062
2740
2758
3063
2741
2759
3064
2742
2760
3065
2743
2761
3066
2744
2762
3067
2745
2763
3068
2746
2764
3069
2747
2765
3070
2748
2766
3071
2749
2767
3072
2750
2768
3073
2751
2769
3074
2752
2770
3075
2771
3076
2754
3078
2755
2772
3079
2756
2773
3080
2757
2774
3081
2758
2775
3082
2759
2776
3083
2760
2777
3084
2761
2778
3085
2762
2779
3086
2763
2780
3087
2764
2781
3088
2765
2782
3089
2766
2783
3090
2767
2784
3091
2768
2785
3092
2769
2786
3093
2770
2787
3094
2771
2788
3095
3096
2773
3098
2774
2789
3099
2775
2790
3100
2776
2791
3101
2777
2792
3102
2778
2793
3103
2779
2794
3104
2780
2795
3105
2781
2796
3106
2782
2797
3107
2783
2798
3108
2784
2799
3109
2785
2800
3110
2786
2801
3111
2787
2802
3112
2788
2803
3113
3114
2790
3117
2791
3118
2792
3119
2793
3120
2794
3121
2795
3122
2796
3123
2797
3124
2798
3125
2799
2804
3126
2800
2805
3127
2801
2806
3128
2802
2807
3129
2803
2808
3130
3131
2805
3135
2806
3136
2807
3137
2808
3138
3139
2810
2812
3142
2813
3143
2812
2816
3145
2813
2817
3146
2814
2818
3147
2819
3148
2816
2820
3149
2817
2821
3150
2818
2822
3151
2819
2823
3152
2824
3153
2821
2825
3155
2822
2826
3156
2823
2827
3157
2824
2828
3158
2829
3159
2826
2831
3161
2827
2832
3162
2828
2833
3163
2829
2834
3164
2835
3165
2831
2836
3167
2832
2837
3168
2833
2838
3169
2834
2839
3170
2835
2840
3171
2841
3172
2837
2843
3174
2838
2844
3175
2839
2845
3176
2840
2846
3177
2841
2847
3178
3179
2843
2849
3180
2844
2850
3181
2845
2851
3182
2846
2852
3183
2847
2853
3184
2854
3185
2849
2855
3186
2850
2856
3187
2851
2857
3188
2852
2858
3189
2853
2859
3190
2854
2860
3191
3192
2856
2861
3193
2857
2862
3194
2858
2863
3195
2859
2864
3196
2860
2865
3197
2866
3198
2862
2868
3201
2863
2869
3202
2864
2870
3203
2865
2871
3204
2866
2872
3205
2873
3206
2868
2874
3208
2869
2875
3209
2870
2876
3210
2871
2877
3211
2872
2878
3212
2873
2879
3213
2880
3214
2875
2881
3215
2876
2882
3216
2877
2883
3217
2878
2884
3218
2879
2885
3219
2880
2886
3220
2887
3221
2882
2890
3223
2883
2891
3224
2884
2892
3225
2885
2893
3226
2886
2894
3227
2887
2895
3228
2888
2896
3229
2897
2890
2898
3230
2891
2899
3231
2892
2900
3232
2893
2901
3233
2894
2902
3234
2895
2903
3235
2896
2904
3236
2897
2905
3237
2906
3238
2899
2908
3239
2900
2909
3240
2901
2910
3241
2902
2911
3242
2903
2912
3243
2904
2913
3244
2905
2914
3245
2906
2915
3246
2907
2916
3247
2917
2909
2918
3249
2910
2919
3250
2911
2920
3251
2912
2921
3252
2913
2922
3253
2914
2923
3254
2915
2924
3255
2916
2925
3256
2917
2926
2927
2919
2928
3258
2920
2929
3259
2921
2930
3260
2922
2931
3261
2923
2932
3262
2924
2933
3263
2925
2934
3264
2926
2935
3265
2927
2936
2929
2937
3267
2930
2938
3268
2931
2939
3269
2932
2940
3270
2933
2941
3271
2934
2942
3272
2935
2943
3273
2936
2944
2938
2953
3275
2939
2954
3276
2940
2955
3277
2941
2956
3278
2942
2957
3279
2943
2958
3280
2944
3281
2946
2959
2947
2960
2961
2949
2963
2950
2964
2951
2965
3282
2952
2966
3283
2967
3284
2954
2969
3286
2955
2970
3287
2956
2971
3288
2957
2972
3289
2958
2973
3290
3291
2960
2974
2961
2975
2962
2976
2963
2977
2964
2978
3292
2965
2979
3293
2966
2980
3294
2967
2981
3295
2968
2982
3296
2983
2970
2984
3298
2971
2985
3299
2972
2986
3300
2973
2987
3301
2988
3302
2975
2989
2976
2990
2977
2991
3303
2978
2992
3304
2979
2993
3305
2980
2994
3306
2981
2995
3307
2982
2996
3308
2983
2997
3309
2998
3310
2985
3000
3312
2986
3001
3313
2987
3002
3314
2988
3003
3315
3004
3316
2990
3007
2991
3008
3317
2992
3009
3318
2993
3010
3319
2994
3011
3320
2995
3012
3321
2996
3013
3322
2997
3014
3323
2998
3015
3324
3016
3325
3000
3017
3326
3001
3018
3327
3002
3019
3328
3003
3020
3329
3004
3021
3330
3005
3022
3331
3023
3332
3007
3026
3008
3027
3333
3009
3028
3334
3010
3029
3335
3011
3030
3336
3012
3031
3337
3013
3032
3338
3014
3033
3339
3015
3034
3340
3016
3035
3341
3036
3342
3018
3037
3343
3019
3038
3344
3020
3039
3345
3021
3040
3346
3022
3041
3347
3023
3042
3348
3024
3043
3349
3044
3026
3046
3027
3047
3350
3028
3048
3351
3029
3049
3352
3030
3050
3353
3031
3051
3354
3032
3052
3355
3033
3053
3356
3034
3054
3357
3035
3055
3358
3036
3056
3359
3057
3360
3038
3058
3361
3039
3059
3362
3040
3060
3363
3041
3061
3364
3042
3062
3365
3043
3063
3366
3044
3064
3367
3045
3065
3368
3046
3066
3369
3047
3067
3370
3048
3068
3371
3049
3069
3372
3050
3070
3373
3051
3071
3374
3052
3072
3375
3053
3073
3376
3054
3074
3377
3055
3075
3378
3056
3076
3379
3057
3077
3380
3059
3078
3381
3060
3079
3382
3061
3080
3383
3062
3081
3384
3063
3082
3385
3064
3083
3386
3065
3084
3387
3066
3085
3388
3067
3086
3389
3068
3087
3390
3069
3088
3391
3070
3089
3392
3071
3090
3393
3072
3091
3394
3073
3092
3395
3074
3093
3396
3075
3094
3397
3076
3095
3398
3077
3096
3399
3097
3400
3079
3401
3080
3098
3402
3081
3099
3403
3082
3100
3404
3083
3101
3405
3084
3102
3406
3085
3103
3407
3086
3104
3408
3087
3105
3409
3088
3106
3410
3089
3107
3411
3090
3108
3412
3091
3109
3413
3092
3110
3414
3093
3111
3415
3094
3112
3416
3095
3113
3417
3096
3114
3418
3097
3115
3419
3420
3099
3116
3421
3100
3117
3422
3101
3118
3423
3102
3119
3424
3103
3120
3425
3104
3121
3426
3105
3122
3427
3106
3123
3428
3107
3124
3429
3108
3125
3430
3109
3126
3431
3110
3127
3432
3111
3128
3433
3112
3129
3434
3113
3130
3435
3114
3131
3436
3115
3132
3437
3438
3117
3439
3118
3440
3119
3133
3441
3120
3134
3442
3121
3443
3122
3444
3123
3445
3124
3446
3125
3447
3126
3448
3127
3135
3449
3128
3136
3450
3129
3137
3451
3130
3138
3452
3131
3139
3453
3132
3454
3455
3134
3457
3458
3136
3460
3137
3461
3138
3462
3139
3463
3464
3142
3468
3142
3145
3471
3143
3146
3472
3147
3473
3145
3149
3474
3146
3150
3475
3147
3151
3476
3148
3152
3477
3153
3478
3150
3155
3480
3151
3156
3481
3152
3157
3482
3153
3158
3483
3159
3484
3155
3160
3485
3156
3161
3486
3157
3162
3487
3158
3163
3488
3159
3164
3489
3165
3490
3161
3167
3492
3162
3168
3493
3163
3169
3494
3164
3170
3495
3165
3171
3496
3172
3497
3167
3173
3498
3168
3174
3499
3169
3175
3500
3170
3176
3501
3171
3177
3502
3172
3178
3503
3179
3504
3174
3180
3505
3175
3181
3506
3176
3182
3507
3177
3183
3508
3178
3184
3509
3179
3185
3510
3511
3181
3187
3513
3182
3188
3514
3183
3189
3515
3184
3190
3516
3185
3191
3517
3192
3518
3187
3193
3519
3188
3194
3520
3189
3195
3521
3190
3196
3522
3191
3197
3523
3192
3198
3524
3199
3525
3194
3201
3526
3195
3202
3527
3196
3203
3528
3197
3204
3529
3198
3205
3530
3199
3206
3531
3207
3532
3201
3208
3533
3202
3209
3534
3203
3210
3535
3204
3211
3536
3205
3212
3537
3206
3213
3538
3207
3214
3539
3540
3209
3215
3541
3210
3216
3542
3211
3217
3543
3212
3218
3544
3213
3219
3545
3214
3220
3546
3221
3547
3216
3223
3549
3217
3224
3550
3218
3225
3551
3219
3226
3552
3220
3227
3553
3221
3228
3554
3229
3555
3223
3230
3557
3224
3231
3558
3225
3232
3559
3226
3233
3560
3227
3234
3561
3228
3235
3562
3229
3236
3563
3237
3564
3231
3239
3566
3232
3240
3567
3233
3241
3568
3234
3242
3569
3235
3243
3570
3236
3244
3571
3237
3245
3572
3238
3246
3573
3247
3574
3240
3249
3575
3241
3250
3576
3242
3251
3577
3243
3252
3578
3244
3253
3579
3245
3254
3580
3246
3255
3581
3247
3256
3582
3583
3249
3257
3584
3250
3258
3585
3251
3259
3586
3252
3260
3587
3253
3261
3588
3254
3262
3589
3255
3263
3590
3256
3264
3591
3265
3592
3258
3266
3593
3259
3267
3594
3260
3268
3595
3261
3269
3596
3262
3270
3597
3263
3271
3598
3264
3272
3599
3265
3273
3600
3267
3274
3601
3268
3275
3602
3269
3276
3603
3270
3277
3604
3271
3278
3605
3272
3279
3606
3273
3280
3607
3281
3608
3275
3285
3610
3276
3286
3611
3277
3287
3612
3278
3288
3613
3279
3289
3614
3280
3290
3615
3281
3291
3616
3283
3294
3284
3295
3296
3286
3297
3617
3287
3298
3618
3288
3299
3619
3289
3300
3620
3290
3301
3621
3291
3302
3622
3623
3293
3305
3624
3294
3306
3625
3295
3307
3626
3296
3308
3627
3309
3628
3298
3311
3629
3299
3312
3630
3300
3313
3631
3301
3314
3632
3302
3315
3633
3316
3634
3304
3318
3305
3319
3635
3306
3320
3636
3307
3321
3637
3308
3322
3638
3309
3323
3639
3310
3324
3640
3325
3312
3326
3642
3313
3327
3643
3314
3328
3644
3315
3329
3645
3316
3330
3646
3331
3647
3318
3334
3319
3335
3648
3320
3336
3649
3321
3337
3650
3322
3338
3651
3323
3339
3652
3324
3340
3653
3325
3341
3654
3342
3327
3343
3656
3328
3344
3657
3329
3345
3658
3330
3346
3659
3331
3347
3660
3332
3348
3661
3349
3334
3351
3335
3352
3662
3336
3353
3663
3337
3354
3664
3338
3355
3665
3339
3356
3666
3340
3357
3667
3341
3358
3668
3342
3359
3669
3360
3344
3361
3671
3345
3362
3672
3346
3363
3673
3347
3364
3674
3348
3365
3675
3349
3366
3676
3367
3351
3371
3352
3372
3353
3373
3677
3354
3374
3678
3355
3375
3679
3356
3376
3680
3357
3377
3681
3358
3378
3682
3359
3379
3683
3360
3380
3684
3362
3381
3685
3363
3382
3686
3364
3383
3687
3365
3384
3688
3366
3385
3689
3367
3386
3690
3368
3387
3691
3369
3388
3370
3389
3371
3390
3372
3391
3373
3392
3692
3374
3393
3693
3375
3394
3694
3376
3395
3695
3377
3396
3696
3378
3397
3697
3379
3398
3698
3380
3399
3699
3400
3382
3401
3700
3383
3402
3701
3384
3403
3702
3385
3404
3703
3386
3405
3704
3387
3406
3705
3388
3407
3706
3389
3408
3707
3390
3409
3391
3410
3392
3411
3708
3393
3412
3709
3394
3413
3710
3395
3414
3711
3396
3415
3712
3397
3416
3713
3398
3417
3714
3399
3418
3715
3400
3419
3716
3420
3402
3717
3403
3421
3718
3404
3422
3719
3405
3423
3720
3406
3424
3721
3407
3425
3722
3408
3426
3723
3409
3427
3724
3410
3428
3411
3429
3725
3412
3430
3726
3413
3431
3727
3414
3432
3728
3415
3433
3729
3416
3434
3730
3417
3435
3731
3418
3436
3732
3419
3437
3733
3420
3438
3422
3439
3734
3423
3440
3735
3424
3441
3736
3425
3442
3737
3426
3443
3738
3427
3444
3739
3428
3445
3740
3429
3446
3430
3447
3431
3448
3741
3432
3449
3742
3433
3450
3743
3434
3451
3744
3435
3452
3745
3436
3453
3746
3437
3454
3438
3455
3440
3747
3441
3456
3748
3442
3457
3749
3443
3458
3750
3444
3459
3751
3445
3752
3446
3447
3448
3449
3450
3460
3451
3461
3452
3462
3453
3463
3454
3464
3455
3465
3457
3753
3458
3754
3459
3755
3461
3462
3463
3464
3465
3468
3756
3468
3471
3759
3469
3472
3760
3473
3761
3471
3474
3762
3472
3475
3763
3473
3476
3764
3477
3765
3475
3480
3767
3476
3481
3768
3477
3482
3769
3478
3483
3770
3484
3480
3485
3771
3481
3486
3772
3482
3487
3773
3483
3488
3774
3484
3489
3775
3490
3486
3492
3777
3487
3493
3778
3488
3494
3779
3489
3495
3780
3490
3496
3781
3497
3492
3498
3782
3493
3499
3783
3494
3500
3784
3495
3501
3785
3496
3502
3786
3497
3503
3787
3504
3499
3505
3788
3500
3506
3789
3501
3507
3790
3502
3508
3791
3503
3509
3792
3504
3510
3793
3511
3506
3513
3794
3507
3514
3795
3508
3515
3796
3509
3516
3797
3510
3517
3798
3511
3518
3799
3513
3519
3800
3514
3520
3801
3515
3521
3802
3516
3522
3803
3517
3523
3804
3518
3524
3805
3525
3806
3520
3526
3807
3521
3527
3808
3522
3528
3809
3523
3529
3810
3524
3530
3811
3525
3531
3812
3532
3813
3527
3534
3814
3528
3535
3815
3529
3536
3816
3530
3537
3817
3531
3538
3818
3532
3539
3819
3540
3820
3534
3541
3535
3542
3821
3536
3543
3822
3537
3544
3823
3538
3545
3824
3539
3546
3825
3540
3547
3826
3548
3827
3542
3549
3828
3543
3550
3829
3544
3551
3830
3545
3552
3831
3546
3553
3832
3547
3554
3833
3548
3555
3834
3556
3835
3550
3558
3836
3551
3559
3837
3552
3560
3838
3553
3561
3839
3554
3562
3840
3555
3563
3841
3556
3564
3842
3565
3843
3558
3566
3559
3567
3844
3560
3568
3845
3561
3569
3846
3562
3570
3847
3563
3571
3848
3564
3572
3849
3565
3573
3850
3574
3851
3567
3575
3852
3568
3576
3853
3569
3577
3854
3570
3578
3855
3571
3579
3856
3572
3580
3857
3573
3581
3858
3574
3582
3859
3583
3860
3576
3585
3861
3577
3586
3862
3578
3587
3863
3579
3588
3864
3580
3589
3865
3581
3590
3866
3582
3591
3867
3583
3592
3868
3869
3585
3593
3870
3586
3594
3871
3587
3595
3872
3588
3596
3873
3589
3597
3874
3590
3598
3875
3591
3599
3876
3592
3600
3877
3878
3594
3601
3879
3595
3602
3880
3596
3603
3881
3597
3604
3882
3598
3605
3883
3599
3606
3884
3600
3607
3885
3608
3886
3602
3610
3888
3603
3611
3889
3604
3612
3890
3605
3613
3891
3606
3614
3892
3607
3615
3893
3608
3616
3894
3895
3610
3896
3611
3617
3897
3612
3618
3898
3613
3619
3899
3614
3620
3900
3615
3621
3901
3616
3622
3902
3623
3903
3618
3629
3905
3619
3630
3906
3620
3631
3907
3621
3632
3908
3622
3633
3909
3623
3634
3910
3625
3636
3626
3637
3627
3638
3911
3628
3639
3640
3630
3642
3913
3631
3643
3914
3632
3644
3915
3633
3645
3916
3634
3646
3917
3647
3918
3636
3649
3637
3650
3919
3638
3651
3920
3639
3652
3921
3640
3653
3922
3654
3642
3655
3923
3643
3656
3924
3644
3657
3925
3645
3658
3926
3646
3659
3927
3647
3660
3928
3661
3649
3663
3650
3664
3929
3651
3665
3930
3652
3666
3931
3653
3667
3932
3654
3668
3933
3669
3656
3670
3934
3657
3671
3935
3658
3672
3936
3659
3673
3937
3660
3674
3938
3661
3675
3939
3676
3663
3677
3664
3678
3940
3665
3679
3941
3666
3680
3942
3667
3681
3943
3668
3682
3944
3669
3683
3945
3684
3671
3946
3672
3685
3947
3673
3686
3948
3674
3687
3949
3675
3688
3950
3676
3689
3951
3690
3678
3693
3679
3694
3952
3680
3695
3953
3681
3696
3954
3682
3697
3955
3683
3698
3956
3684
3699
3957
3686
3700
3959
3687
3701
3960
3688
3702
3961
3689
3703
3962
3690
3704
3963
3691
3705
3964
3706
3693
3709
3694
3710
3965
3695
3711
3966
3696
3712
3967
3697
3713
3968
3698
3714
3969
3699
3715
3970
3716
3701
3717
3971
3702
3718
3972
3703
3719
3973
3704
3720
3974
3705
3721
3975
3706
3722
3976
3707
3723
3724
3709
3726
3710
3727
3711
3728
3977
3712
3729
3978
3713
3730
3979
3714
3731
3980
3715
3732
3981
3716
3733
3718
3982
3719
3734
3983
3720
3735
3984
3721
3736
3985
3722
3737
3986
3723
3738
3987
3724
3739
3740
3726
3727
3741
3728
3742
3729
3743
3988
3730
3744
3989
3731
3745
3990
3732
3746
3991
3733
3735
3747
3992
3736
3748
3993
3737
3749
3994
3738
3750
3995
3739
3751
3996
3740
3752
3742
3743
3744
3745
3746
3748
3749
3753
3997
3750
3754
3998
3751
3755
3999
3752
4000
3754
3755
3757
3760
4001
3761
3759
3762
4002
3760
3763
4003
3761
3764
4004
3765
4005
3763
3767
4006
3764
3768
4007
3765
3769
4008
3770
4009
3767
3771
3768
3772
4010
3769
3773
4011
3770
3774
4012
3775
4013
3772
3777
4014
3773
3778
4015
3774
3779
4016
3775
3780
4017
3781
4018
3777
3782
3778
3783
4019
3779
3784
4020
3780
3785
4021
3781
3786
4022
3787
4023
3783
3788
4024
3784
3789
4025
3785
3790
4026
3786
3791
4027
3787
3792
4028
3793
4029
3789
3794
4030
3790
3795
4031
3791
3796
4032
3792
3797
4033
3793
3798
4034
3799
4035
3795
3801
4036
3796
3802
4037
3797
3803
4038
3798
3804
4039
3799
3805
4040
3806
4041
3801
3807
3802
3808
4042
3803
3809
4043
3804
3810
4044
3805
3811
4045
3806
3812
4046
3813
4047
3808
3814
4048
3809
3815
4049
3810
3816
4050
3811
3817
4051
3812
3818
4052
3813
3819
4053
3820
4054
3815
3821
4055
3816
3822
4056
3817
3823
4057
3818
3824
4058
3819
3825
4059
3820
3826
4060
3827
4061
3822
3829
4062
3823
3830
4063
3824
3831
4064
3825
3832
4065
3826
3833
4066
3827
3834
4067
3835
4068
3829
3836
3830
3837
4069
3831
3838
4070
3832
3839
4071
3833
3840
4072
3834
3841
4073
3835
3842
4074
3843
4075
3837
3844
4076
3838
3845
4077
3839
3846
4078
3840
3847
4079
3841
3848
4080
3842
3849
4081
3843
3850
4082
3851
4083
3845
3853
4085
3846
3854
4086
3847
3855
4087
3848
3856
4088
3849
3857
4089
3850
3858
4090
3851
3859
4091
3860
4092
3853
3861
3854
3862
4094
3855
3863
4095
3856
3864
4096
3857
3865
4097
3858
3866
4098
3859
3867
4099
3860
3868
4100
3869
4101
3862
3871
4102
3863
3872
4103
3864
3873
4104
3865
3874
4105
3866
3875
4106
3867
3876
4107
3868
3877
4108
3869
3878
4109
4110
3871
3879
3872
3880
4111
3873
3881
4112
3874
3882
4113
3875
3883
4114
3876
3884
4115
3877
3885
4116
3878
3886
4117
4118
3880
3888
4119
3881
3889
4120
3882
3890
4121
3883
3891
4122
3884
3892
4123
3885
3893
4124
3886
3894
4125
3895
4126
3888
3896
4127
3889
3897
4128
3890
3898
4129
3891
3899
4130
3892
3900
4131
3893
3901
4132
3894
3902
4133
3895
3903
4134
3897
3904
4135
3898
3905
4136
3899
3906
4137
3900
3907
4138
3901
3908
4139
3902
3909
4140
3903
3910
4141
4142
3905
3912
4143
3906
3913
4144
3907
3914
4145
3908
3915
4146
3909
3916
4147
3910
3917
4148
3918
4149
3921
3913
3923
4150
3914
3924
4151
3915
3925
4152
3916
3926
4153
3917
3927
4154
3918
3928
4155
3920
3930
3921
3931
3922
3932
3933
3924
3934
4157
3925
3935
4158
3926
3936
4159
3927
3937
4160
3928
3938
4161
3939
4162
3930
3941
3931
3942
3932
3943
3933
3944
3945
3935
3946
4164
3936
3947
4165
3937
3948
4166
3938
3949
4167
3939
3950
4168
3951
3941
3952
3942
3953
3943
3954
3944
3955
3945
3956
3957
3947
3958
4170
3948
3959
4171
3949
3960
4172
3950
3961
4173
3951
3962
4174
3963
4175
3953
3966
3954
3967
3955
3968
3956
3969
3957
3970
3959
4177
3960
3971
4178
3961
3972
4179
3962
3973
4180
3963
3974
4181
3964
3975
4182
3976
3966
3977
3967
3978
3968
3979
3969
3980
3970
3981
3972
3982
4184
3973
3983
4185
3974
3984
4186
3975
3985
4187
3976
3986
4188
3987
3978
3988
3979
3989
3980
3990
3981
3991
3983
4189
3984
3992
4190
3985
3993
4191
3986
3994
4192
3987
3995
4193
3996
3989
3990
3991
3993
4194
3994
3997
4195
3995
3998
4196
3996
3999
4197
4000
3998
4198
3999
4199
4000
4004
4003
4006
4004
4007
4200
4005
4008
4201
4009
4007
4010
4008
4011
4202
4009
4012
4203
4013
4011
4015
4204
4012
4016
4205
4013
4017
4206
4018
4015
4019
4016
4020
4207
4017
4021
4208
4018
4022
4209
4023
4020
4025
4210
4021
4026
4211
4022
4027
4212
4023
4028
4213
4029
4025
4030
4026
4031
4214
4027
4032
4215
4028
4033
4216
4029
4034
4217
4035
4031
4036
4032
4037
4218
4033
4038
4219
4034
4039
4220
4035
4040
4221
4041
4037
4042
4038
4043
4222
4039
4044
4223
4040
4045
4224
4041
4046
4225
4047
4043
4049
4226
4044
4050
4227
4045
4051
4228
4046
4052
4229
4047
4053
4230
4054
4049
4055
4050
4056
4231
4051
4057
4232
4052
4058
4233
4053
4059
4234
4054
4060
4235
4061
4056
4062
4057
4063
4236
4058
4064
4237
4059
4065
4238
4060
4066
4239
4061
4067
4240
4068
4063
4069
4241
4064
4070
4242
4065
4071
4243
4066
4072
4244
4067
4073
4245
4068
4074
4246
4075
4247
4070
4077
4248
4071
4078
4249
4072
4079
4250
4073
4080
4251
4074
4081
4252
4075
4082
4253
4083
4254
4077
4085
4078
4086
4255
4079
4087
4256
4080
4088
4257
4081
4089
4258
4082
4090
4259
4083
4091
4260
4084
4092
4261
4093
4262
4086
4094
4087
4095
4263
4088
4096
4264
4089
4097
4265
4090
4098
4266
4091
4099
4267
4092
4100
4268
4093
4101
4269
4270
4095
4103
4271
4096
4104
4272
4097
4105
4273
4098
4106
4274
4099
4107
4275
4100
4108
4276
4101
4109
4277
4110
4278
4103
4111
4279
4104
4112
4280
4105
4113
4281
4106
4114
4282
4107
4115
4283
4108
4116
4284
4109
4117
4285
4110
4118
4286
4287
4112
4120
4288
4113
4121
4289
4114
4122
4290
4115
4123
4291
4116
4124
4292
4117
4125
4293
4118
4126
4294
4295
4120
4128
4296
4121
4129
4297
4122
4130
4298
4123
4131
4299
4124
4132
4300
4125
4133
4301
4126
4134
4302
4303
4128
4135
4304
4129
4136
4305
4130
4137
4306
4131
4138
4307
4132
4139
4308
4133
4140
4309
4134
4141
4310
4142
4311
4136
4143
4312
4137
4144
4313
4138
4145
4314
4139
4146
4315
4140
4147
4316
4141
4148
4317
4142
4149
4318
4144
4150
4320
4145
4151
4321
4146
4152
4322
4147
4153
4323
4148
4154
4324
4149
4155
4325
4151
4157
4327
4152
4158
4328
4153
4159
4329
4154
4160
4330
4155
4161
4331
4162
4157
4163
4332
4158
4164
4333
4159
4165
4334
4160
4166
4335
4161
4167
4336
4162
4168
4337
4164
4169
4338
4165
4170
4339
4166
4171
4340
4167
4172
4341
4168
4173
4342
4174
4343
4170
4176
4344
4171
4177
4345
4172
4178
4346
4173
4179
4347
4174
4180
4348
4175
4181
4349
4182
4177
4350
4178
4183
4351
4179
4184
4352
4180
4185
4353
4181
4186
4354
4182
4187
4355
4188
4184
4357
4185
4189
4358
4186
4190
4359
4187
4191
4360
4188
4192
4361
4193
4190
4362
4191
4194
4363
4192
4195
4364
4193
4196
4365
4197
4195
4196
4198
4366
4197
4199
4199
4201
4202
4203
4203
4205
4206
4205
4207
4206
4208
4209
4208
4211
4209
4212
4213
4211
4214
4212
4215
4213
4216
4367
4217
4215
4218
4216
4219
4368
4217
4220
4369
4221
4219
4222
4220
4223
4370
4221
4224
4371
4225
4223
4227
4224
4228
4372
4225
4229
4373
4230
4227
4231
4228
4232
4374
4229
4233
4375
4230
4234
4376
4235
4232
4236
4233
4237
4377
4234
4238
4378
4235
4239
4379
4240
4237
4242
4238
4243
4380
4239
4244
4381
4240
4245
4382
4246
4383
4242
4248
4243
4249
4384
4244
4250
4385
4245
4251
4386
4246
4252
4387
4247
4253
4388
4254
4249
4255
4250
4256
4389
4251
4257
4390
4252
4258
4391
4253
4259
4392
4254
4260
4393
4261
4394
4256
4263
4257
4264
4395
4258
4265
4396
4259
4266
4397
4260
4267
4398
4261
4268
4399
4262
4269
4400
4270
4401
4264
4272
4402
4265
4273
4403
4266
4274
4404
4267
4275
4405
4268
4276
4406
4269
4277
4407
4270
4278
4408
4409
4272
4280
4273
4281
4410
4274
4282
4411
4275
4283
4412
4276
4284
4413
4277
4285
4414
4278
4286
4415
4287
4416
4280
4288
4281
4289
4417
4282
4290
4418
4283
4291
4419
4284
4292
4420
4285
4293
4421
4286
4294
4422
4287
4295
4423
4289
4297
4424
4290
4298
4425
4291
4299
4426
4292
4300
4427
4293
4301
4428
4294
4302
4429
4295
4303
4430
4431
4297
4305
4432
4298
4306
4433
4299
4307
4434
4300
4308
4435
4301
4309
4436
4302
4310
4437
4303
4311
4438
4439
4305
4312
4306
4313
4440
4307
4314
4441
4308
4315
4442
4309
4316
4443
4310
4317
4444
4311
4318
4445
4446
4313
4320
4447
4314
4321
4448
4315
4322
4449
4316
4323
4450
4317
4324
4451
4318
4325
4452
4453
4320
4326
4454
4321
4327
4455
4322
4328
4456
4323
4329
4457
4324
4330
4458
4325
4331
4459
4460
4327
4332
4461
4328
4333
4462
4329
4334
4463
4330
4335
4464
4331
4336
4465
4337
4466
4333
4338
4467
4334
4339
4468
4335
4340
4469
4336
4341
4470
4337
4342
4471
4343
4339
4344
4472
4340
4345
4473
4341
4346
4474
4342
4347
4475
4343
4348
4476
4349
4345
4350
4477
4346
4351
4478
4347
4352
4479
4348
4353
4480
4349
4354
4481
4355
4351
4356
4482
4352
4357
4483
4353
4358
4484
4354
4359
4485
4355
4360
4486
4361
4487
4357
4488
4358
4489
4359
4362
4490
4360
4363
4491
4361
4364
4492
4365
4363
4494
4364
4495
4365
4366
4369
4369
4370
4371
4371
4372
4373
4373
4375
4376
4375
4377
4376
4378
4379
4378
4380
4379
4381
4382
4381
4385
4382
4386
4496
4383
4387
4388
4385
4389
4386
4390
4387
4391
4497
4388
4392
4498
4393
4390
4395
4391
4396
4499
4392
4397
4500
4393
4398
4501
4394
4399
4502
4400
4396
4403
4397
4404
4503
4398
4405
4504
4399
4406
4505
4400
4407
4506
4401
4408
4507
4409
4403
4410
4404
4411
4508
4405
4412
4509
4406
4413
4510
4407
4414
4511
4408
4415
4512
4409
4416
4513
4411
4418
4412
4419
4514
4413
4420
4515
4414
4421
4516
4415
4422
4517
4416
4423
4518
4519
4418
4425
4419
4426
4520
4420
4427
4521
4421
4428
4522
4422
4429
4523
4423
4430
4524
4431
4525
4425
4433
4426
4434
4526
4427
4435
4527
4428
4436
4528
4429
4437
4529
4430
4438
4530
4431
4439
4531
4532
4433
4440
4434
4441
4533
4435
4442
4534
4436
4443
4535
4437
4444
4536
4438
4445
4537
4439
4446
4538
4539
4441
4448
4540
4442
4449
4541
4443
4450
4542
4444
4451
4543
4445
4452
4544
4446
4453
4545
4546
4448
4455
4547
4449
4456
4548
4450
4457
4549
4451
4458
4550
4452
4459
4551
4453
4460
4552
4553
4455
4461
4554
4456
4462
4555
4457
4463
4556
4458
4464
4557
4459
4465
4558
4460
4466
4559
4560
4462
4467
4561
4463
4468
4562
4464
4469
4563
4465
4470
4564
4466
4471
4565
4566
4468
4472
4567
4469
4473
4568
4470
4474
4569
4471
4475
4570
4476
4571
4473
4477
4573
4474
4478
4574
4475
4479
4575
4476
4480
4576
4481
4577
4478
4482
4578
4479
4483
4579
4480
4484
4580
4481
4485
4581
4486
4582
4483
4488
4583
4484
4489
4584
4485
4490
4585
4486
4491
4586
4487
4492
4587
4489
4588
4490
4493
4589
4491
4494
4590
4492
4495
4591
4592
4494
4594
4495
4595
4596
4497
4498
4500
4501
4500
4503
4501
4504
4502
4505
4598
4506
4504
4509
4505
4510
4599
4506
4511
4600
4507
4512
4601
4513
4509
4514
4510
4515
4602
4511
4516
4603
4512
4517
4604
4513
4518
4605
4519
4606
4515
4521
4516
4522
4607
4517
4523
4608
4518
4524
4609
4519
4525
4610
4611
4521
4527
4522
4528
4612
4523
4529
4613
4524
4530
4614
4525
4531
4615
4532
4616
4527
4534
4528
4535
4529
4536
4617
4530
4537
4618
4531
4538
4619
4532
4539
4620
4621
4534
4541
4535
4542
4622
4536
4543
4623
4537
4544
4624
4538
4545
4625
4539
4546
4626
4627
4541
4548
4628
4542
4549
4629
4543
4550
4630
4544
4551
4631
4545
4552
4632
4546
4553
4633
4634
4548
4555
4635
4549
4556
4636
4550
4557
4637
4551
4558
4638
4552
4559
4639
4553
4560
4640
4641
4555
4561
4642
4556
4562
4643
4557
4563
4644
4558
4564
4645
4559
4565
4646
4560
4566
4647
4648
4562
4567
4649
4563
4568
4650
4564
4569
4651
4565
4570
4652
4566
4571
4653
4572
4654
4568
4573
4655
4569
4574
4656
4570
4575
4657
4571
4576
4658
4572
4577
4659
4660
4574
4578
4661
4575
4579
4662
4576
4580
4663
4577
4581
4664
4582
4665
4579
4583
4667
4580
4584
4668
4581
4585
4669
4582
4586
4670
4587
4671
4584
4588
4673
4585
4589
4674
4586
4590
4675
4587
4591
4676
4592
4677
4589
4593
4678
4590
4594
4679
4591
4595
4680
4592
4596
4681
4682
4594
4683
4595
4597
4684
4596
4685
4686
4688
4600
4600
4603
4601
4604
4605
4603
4607
4604
4608
4690
4605
4609
4691
4606
4610
4692
4611
4608
4613
4609
4614
4693
4610
4615
4694
4611
4616
4695
4613
4617
4614
4618
4696
4615
4619
4697
4616
4620
4698
4621
4699
4618
4624
4619
4625
4700
4620
4626
4701
4621
4627
4702
4623
4630
4624
4631
4625
4632
4703
4626
4633
4704
4627
4634
4705
4629
4636
4630
4637
4631
4638
4706
4632
4639
4707
4633
4640
4708
4634
4641
4709
4636
4643
4710
4637
4644
4711
4638
4645
4712
4639
4646
4713
4640
4647
4714
4641
4648
4715
4643
4649
4716
4644
4650
4717
4645
4651
4718
4646
4652
4719
4647
4653
4720
4648
4654
4721
4722
4650
4655
4723
4651
4656
4724
4652
4657
4725
4653
4658
4726
4654
4659
4727
4660
4728
4656
4661
4729
4657
4662
4730
4658
4663
4731
4659
4664
4732
4660
4665
4733
4666
4734
4662
4667
4735
4663
4668
4736
4664
4669
4737
4665
4670
4738
4666
4671
4739
4672
4740
4668
4673
4741
4669
4674
4742
4670
4675
4743
4671
4676
4744
4672
4677
4745
4746
4674
4678
4747
4675
4679
4748
4676
4680
4749
4677
4681
4750
4682
4751
4679
4683
4753
4680
4684
4754
4681
4685
4755
4682
4686
4756
4757
4684
4687
4758
4685
4688
4759
4686
4689
4760
4761
4688
4763
4689
4764
4765
4691
4693
4692
4694
4695
4694
4697
4695
4698
4699
4697
4700
4698
4701
4699
4702
4701
4704
4702
4705
4704
4708
4705
4709
4707
4713
4708
4714
4709
4715
4711
4717
4712
4718
4766
4713
4719
4767
4714
4720
4768
4715
4721
4722
4717
4723
4769
4718
4724
4770
4719
4725
4771
4720
4726
4772
4721
4727
4773
4722
4728
4774
4724
4729
4775
4725
4730
4776
4726
4731
4777
4727
4732
4778
4728
4733
4779
4734
4780
4730
4735
4781
4731
4736
4782
4732
4737
4783
4733
4738
4784
4734
4739
4785
4740
4736
4741
4786
4737
4742
4787
4738
4743
4788
4739
4744
4789
4740
4745
4790
4746
4791
4742
4747
4792
4743
4748
4793
4744
4749
4794
4745
4750
4795
4746
4751
4796
4752
4797
4748
4753
4798
4749
4754
4799
4750
4755
4800
4751
4756
4801
4752
4757
4802
4803
4754
4758
4804
4755
4759
4805
4756
4760
4806
4757
4761
4807
4762
4808
4759
4763
4810
4760
4764
4811
4761
4765
4812
4762
4813
4814
4764
4815
4765
4816
4817
4767
4771
4768
4772
4773
4770
4775
4818
4771
4776
4819
4772
4777
4820
4773
4778
4821
4774
4779
4780
4776
4781
4822
4777
4782
4823
4778
4783
4824
4779
4784
4825
4780
4785
4782
4786
4826
4783
4787
4827
4784
4788
4828
4785
4789
4829
4790
4830
4787
4792
4831
4788
4793
4832
4789
4794
4833
4790
4795
4834
4791
4796
4835
4797
4793
4798
4836
4794
4799
4837
4795
4800
4838
4796
4801
4839
4797
4802
4840
4803
4841
4799
4804
4842
4800
4805
4843
4801
4806
4844
4802
4807
4845
4803
4808
4846
4809
4847
4805
4810
4848
4806
4811
4849
4807
4812
4850
4808
4813
4851
4809
4814
4852
4811
4815
4853
4812
4816
4854
4813
4817
4855
4814
4856
4816
4817
4819
4822
4820
4823
4821
4824
4825
4823
4826
4857
4824
4827
4858
4825
4828
4859
4829
4827
4831
4860
4828
4832
4861
4829
4833
4862
4830
4834
4863
4835
4832
4836
4864
4833
4837
4865
4834
4838
4866
4835
4839
4867
4840
4837
4842
4868
4838
4843
4869
4839
4844
4870
4840
4845
4871
4841
4846
4847
4843
4848
4872
4844
4849
4873
4845
4850
4874
4846
4851
4875
4847
4852
4849
4853
4850
4854
4876
4851
4855
4852
4856
4854
4855
4856
4858
4860
4859
4861
4862
4861
4864
4862
4865
4863
4866
4867
4865
4868
4866
4869
4867
4870
4871
4869
4872
4870
4873
4871
4874
4875
4873
4874
4876
4875
)


// ************************************************************************* //
