/*--------------------------------*- C++ -*----------------------------------*\
  =========                 |
  \\      /  F ield         | OpenFOAM: The Open Source CFD Toolbox
   \\    /   O peration     | Website:  https://openfoam.org
    \\  /    A nd           | Version:  6
     \\/     M anipulation  |
\*---------------------------------------------------------------------------*/
FoamFile
{
    version     2.0;
    format      ascii;
    class       labelList;
    location    "constant/region376/polyMesh";
    object      pointRegionAddressing;
}
// * * * * * * * * * * * * * * * * * * * * * * * * * * * * * * * * * * * * * //


6713
(
128713
128714
128715
128716
128717
128776
128777
128778
128779
128780
128781
128782
128840
128841
128842
128843
128844
128845
128846
128847
128905
128906
128907
128908
128909
128910
128970
128971
128972
128973
128974
129037
129038
132743
132744
132745
132746
132747
132748
132749
132805
132806
132807
132808
132809
132810
132811
132812
132813
132814
132870
132871
132872
132873
132874
132875
132876
132877
132878
132879
132934
132935
132936
132937
132938
132939
132940
132941
132942
132943
132944
132999
133000
133001
133002
133003
133004
133005
133006
133007
133008
133009
133064
133065
133066
133067
133068
133069
133070
133071
133072
133073
133074
133129
133130
133131
133132
133133
133134
133135
133136
133137
133194
133195
133196
133197
133198
133199
133200
133201
133259
133260
133261
133262
133263
133264
133265
136839
136840
136841
136842
136901
136902
136903
136904
136905
136906
136907
136908
136909
136910
136965
136966
136967
136968
136969
136970
136971
136972
136973
136974
136975
137029
137030
137031
137032
137033
137034
137035
137036
137037
137038
137039
137040
137094
137095
137096
137097
137098
137099
137100
137101
137102
137103
137104
137105
137159
137160
137161
137162
137163
137164
137165
137166
137167
137168
137169
137170
137224
137225
137226
137227
137228
137229
137230
137231
137232
137233
137234
137235
137289
137290
137291
137292
137293
137294
137295
137296
137297
137298
137299
137354
137355
137356
137357
137358
137359
137360
137361
137362
137363
137364
137419
137420
137421
137422
137423
137424
137425
137426
137484
137485
137486
137487
137488
137489
137490
137934
137935
137936
137937
137938
137999
138000
138001
138002
138003
138065
138066
138067
138068
141060
141061
141062
141063
141064
141065
141066
141067
141068
141069
141124
141125
141126
141127
141128
141129
141130
141131
141132
141133
141134
141135
141188
141189
141190
141191
141192
141193
141194
141195
141196
141197
141198
141199
141200
141253
141254
141255
141256
141257
141258
141259
141260
141261
141262
141263
141264
141265
141266
141318
141319
141320
141321
141322
141323
141324
141325
141326
141327
141328
141329
141330
141331
141383
141384
141385
141386
141387
141388
141389
141390
141391
141392
141393
141394
141395
141396
141449
141450
141451
141452
141453
141454
141455
141456
141457
141458
141459
141460
141514
141515
141516
141517
141518
141519
141520
141521
141522
141523
141524
141525
141579
141580
141581
141582
141583
141584
141585
141586
141587
141588
141589
141644
141645
141646
141647
141648
141649
141650
141651
141652
141710
141711
141712
141713
141714
141715
142094
142095
142096
142097
142098
142158
142159
142160
142161
142162
142163
142164
142223
142224
142225
142226
142227
142228
142229
142230
142289
142290
142291
142292
142293
142294
142295
142296
142297
142355
142356
142357
142358
142359
142360
142361
142362
142421
142422
142423
142424
142425
142426
142427
142491
142492
145219
145220
145221
145222
145223
145224
145225
145226
145227
145228
145283
145284
145285
145286
145287
145288
145289
145290
145291
145292
145293
145294
145295
145348
145349
145350
145351
145352
145353
145354
145355
145356
145357
145358
145359
145360
145361
145413
145414
145415
145416
145417
145418
145419
145420
145421
145422
145423
145424
145425
145426
145477
145478
145479
145480
145481
145482
145483
145484
145485
145486
145487
145488
145489
145490
145491
145542
145543
145544
145545
145546
145547
145548
145549
145550
145551
145552
145553
145554
145555
145556
145608
145609
145610
145611
145612
145613
145614
145615
145616
145617
145618
145619
145620
145621
145673
145674
145675
145676
145677
145678
145679
145680
145681
145682
145683
145684
145685
145686
145739
145740
145741
145742
145743
145744
145745
145746
145747
145748
145749
145750
145804
145805
145806
145807
145808
145809
145810
145811
145812
145813
145814
145869
145870
145871
145872
145873
145874
145875
145876
145877
145878
145937
145938
145939
146254
146255
146256
146257
146318
146319
146320
146321
146322
146323
146324
146325
146326
146383
146384
146385
146386
146387
146388
146389
146390
146391
146392
146448
146449
146450
146451
146452
146453
146454
146455
146456
146457
146458
146513
146514
146515
146516
146517
146518
146519
146520
146521
146522
146523
146524
146579
146580
146581
146582
146583
146584
146585
146586
146587
146588
146589
146645
146646
146647
146648
146649
146650
146651
146652
146653
146654
146711
146712
146713
146714
146715
146716
146717
146718
146779
146780
146781
146782
149380
149381
149382
149383
149384
149385
149443
149444
149445
149446
149447
149448
149449
149450
149451
149452
149453
149454
149508
149509
149510
149511
149512
149513
149514
149515
149516
149517
149518
149519
149520
149521
149573
149574
149575
149576
149577
149578
149579
149580
149581
149582
149583
149584
149585
149586
149637
149638
149639
149640
149641
149642
149643
149644
149645
149646
149647
149648
149649
149650
149651
149652
149702
149703
149704
149705
149706
149707
149708
149709
149710
149711
149712
149713
149714
149715
149716
149717
149767
149768
149769
149770
149771
149772
149773
149774
149775
149776
149777
149778
149779
149780
149781
149782
149833
149834
149835
149836
149837
149838
149839
149840
149841
149842
149843
149844
149845
149846
149847
149898
149899
149900
149901
149902
149903
149904
149905
149906
149907
149908
149909
149910
149911
149912
149964
149965
149966
149967
149968
149969
149970
149971
149972
149973
149974
149975
149976
150029
150030
150031
150032
150033
150034
150035
150036
150037
150038
150039
150040
150096
150097
150098
150099
150100
150101
150102
150103
150163
150164
150165
150166
150479
150480
150481
150482
150483
150484
150485
150486
150543
150544
150545
150546
150547
150548
150549
150550
150551
150552
150553
150608
150609
150610
150611
150612
150613
150614
150615
150616
150617
150618
150672
150673
150674
150675
150676
150677
150678
150679
150680
150681
150682
150683
150684
150685
150737
150738
150739
150740
150741
150742
150743
150744
150745
150746
150747
150748
150749
150750
150803
150804
150805
150806
150807
150808
150809
150810
150811
150812
150813
150814
150815
150869
150870
150871
150872
150873
150874
150875
150876
150877
150878
150879
150880
150935
150936
150937
150938
150939
150940
150941
150942
150943
150944
151001
151002
151003
151004
151005
151006
151007
151008
151068
151069
151070
151071
151072
153542
153543
153604
153605
153606
153607
153608
153609
153610
153611
153668
153669
153670
153671
153672
153673
153674
153675
153676
153677
153678
153679
153733
153734
153735
153736
153737
153738
153739
153740
153741
153742
153743
153744
153745
153746
153798
153799
153800
153801
153802
153803
153804
153805
153806
153807
153808
153809
153810
153811
153812
153862
153863
153864
153865
153866
153867
153868
153869
153870
153871
153872
153873
153874
153875
153876
153877
153927
153928
153929
153930
153931
153932
153933
153934
153935
153936
153937
153938
153939
153940
153941
153942
153943
153992
153993
153994
153995
153996
153997
153998
153999
154000
154001
154002
154003
154004
154005
154006
154007
154008
154058
154059
154060
154061
154062
154063
154064
154065
154066
154067
154068
154069
154070
154071
154072
154123
154124
154125
154126
154127
154128
154129
154130
154131
154132
154133
154134
154135
154136
154137
154189
154190
154191
154192
154193
154194
154195
154196
154197
154198
154199
154200
154201
154202
154255
154256
154257
154258
154259
154260
154261
154262
154263
154264
154265
154321
154322
154323
154324
154325
154326
154327
154328
154329
154388
154389
154390
154391
154392
154704
154705
154706
154707
154708
154709
154710
154711
154712
154768
154769
154770
154771
154772
154773
154774
154775
154776
154777
154778
154833
154834
154835
154836
154837
154838
154839
154840
154841
154842
154843
154844
154897
154898
154899
154900
154901
154902
154903
154904
154905
154906
154907
154908
154909
154910
154962
154963
154964
154965
154966
154967
154968
154969
154970
154971
154972
154973
154974
154975
155028
155029
155030
155031
155032
155033
155034
155035
155036
155037
155038
155039
155040
155093
155094
155095
155096
155097
155098
155099
155100
155101
155102
155103
155104
155105
155159
155160
155161
155162
155163
155164
155165
155166
155167
155168
155169
155170
155225
155226
155227
155228
155229
155230
155231
155232
155233
155234
155292
155293
155294
155295
155296
155297
155298
155358
155359
155360
155361
157766
157767
157768
157769
157829
157830
157831
157832
157833
157834
157835
157836
157837
157894
157895
157896
157897
157898
157899
157900
157901
157902
157903
157904
157958
157959
157960
157961
157962
157963
157964
157965
157966
157967
157968
157969
157970
157971
158023
158024
158025
158026
158027
158028
158029
158030
158031
158032
158033
158034
158035
158036
158037
158087
158088
158089
158090
158091
158092
158093
158094
158095
158096
158097
158098
158099
158100
158101
158102
158152
158153
158154
158155
158156
158157
158158
158159
158160
158161
158162
158163
158164
158165
158166
158167
158168
158218
158219
158220
158221
158222
158223
158224
158225
158226
158227
158228
158229
158230
158231
158232
158233
158283
158284
158285
158286
158287
158288
158289
158290
158291
158292
158293
158294
158295
158296
158297
158298
158348
158349
158350
158351
158352
158353
158354
158355
158356
158357
158358
158359
158360
158361
158362
158363
158414
158415
158416
158417
158418
158419
158420
158421
158422
158423
158424
158425
158426
158427
158480
158481
158482
158483
158484
158485
158486
158487
158488
158489
158490
158491
158546
158547
158548
158549
158550
158551
158552
158553
158554
158613
158614
158615
158616
158617
158930
158931
158932
158933
158934
158935
158936
158937
158938
158994
158995
158996
158997
158998
158999
159000
159001
159002
159003
159004
159058
159059
159060
159061
159062
159063
159064
159065
159066
159067
159068
159069
159123
159124
159125
159126
159127
159128
159129
159130
159131
159132
159133
159134
159135
159188
159189
159190
159191
159192
159193
159194
159195
159196
159197
159198
159199
159200
159253
159254
159255
159256
159257
159258
159259
159260
159261
159262
159263
159264
159265
159266
159318
159319
159320
159321
159322
159323
159324
159325
159326
159327
159328
159329
159330
159331
159384
159385
159386
159387
159388
159389
159390
159391
159392
159393
159394
159395
159450
159451
159452
159453
159454
159455
159456
159457
159458
159459
159460
159516
159517
159518
159519
159520
159521
159522
159523
159524
159583
159584
159585
159586
161990
161991
161992
161993
161994
161995
162054
162055
162056
162057
162058
162059
162060
162061
162062
162119
162120
162121
162122
162123
162124
162125
162126
162127
162128
162129
162184
162185
162186
162187
162188
162189
162190
162191
162192
162193
162194
162195
162196
162248
162249
162250
162251
162252
162253
162254
162255
162256
162257
162258
162259
162260
162261
162262
162313
162314
162315
162316
162317
162318
162319
162320
162321
162322
162323
162324
162325
162326
162327
162378
162379
162380
162381
162382
162383
162384
162385
162386
162387
162388
162389
162390
162391
162392
162393
162443
162444
162445
162446
162447
162448
162449
162450
162451
162452
162453
162454
162455
162456
162457
162458
162508
162509
162510
162511
162512
162513
162514
162515
162516
162517
162518
162519
162520
162521
162522
162523
162573
162574
162575
162576
162577
162578
162579
162580
162581
162582
162583
162584
162585
162586
162587
162588
162638
162639
162640
162641
162642
162643
162644
162645
162646
162647
162648
162649
162650
162651
162652
162704
162705
162706
162707
162708
162709
162710
162711
162712
162713
162714
162715
162716
162771
162772
162773
162774
162775
162776
162777
162778
162779
162780
162837
162838
162839
162840
162841
162842
162843
162903
162904
162905
162906
163156
163157
163158
163159
163160
163161
163162
163163
163219
163220
163221
163222
163223
163224
163225
163226
163227
163228
163229
163283
163284
163285
163286
163287
163288
163289
163290
163291
163292
163293
163294
163348
163349
163350
163351
163352
163353
163354
163355
163356
163357
163358
163359
163360
163413
163414
163415
163416
163417
163418
163419
163420
163421
163422
163423
163424
163425
163478
163479
163480
163481
163482
163483
163484
163485
163486
163487
163488
163489
163490
163491
163544
163545
163546
163547
163548
163549
163550
163551
163552
163553
163554
163555
163556
163609
163610
163611
163612
163613
163614
163615
163616
163617
163618
163619
163620
163675
163676
163677
163678
163679
163680
163681
163682
163683
163684
163685
163741
163742
163743
163744
163745
163746
163747
163748
163749
163808
163809
163810
163811
166152
166153
166215
166216
166217
166218
166219
166220
166279
166280
166281
166282
166283
166284
166285
166286
166287
166344
166345
166346
166347
166348
166349
166350
166351
166352
166353
166354
166409
166410
166411
166412
166413
166414
166415
166416
166417
166418
166419
166420
166421
166473
166474
166475
166476
166477
166478
166479
166480
166481
166482
166483
166484
166485
166486
166487
166538
166539
166540
166541
166542
166543
166544
166545
166546
166547
166548
166549
166550
166551
166552
166602
166603
166604
166605
166606
166607
166608
166609
166610
166611
166612
166613
166614
166615
166616
166617
166618
166667
166668
166669
166670
166671
166672
166673
166674
166675
166676
166677
166678
166679
166680
166681
166682
166683
166732
166733
166734
166735
166736
166737
166738
166739
166740
166741
166742
166743
166744
166745
166746
166747
166748
166798
166799
166800
166801
166802
166803
166804
166805
166806
166807
166808
166809
166810
166811
166812
166813
166863
166864
166865
166866
166867
166868
166869
166870
166871
166872
166873
166874
166875
166876
166877
166929
166930
166931
166932
166933
166934
166935
166936
166937
166938
166939
166940
166941
166995
166996
166997
166998
166999
167000
167001
167002
167003
167004
167005
167061
167062
167063
167064
167065
167066
167067
167068
167127
167128
167129
167130
167131
167132
167133
167193
167194
167195
167196
167197
167258
167259
167260
167261
167262
167318
167319
167320
167321
167322
167323
167324
167325
167326
167381
167382
167383
167384
167385
167386
167387
167388
167389
167390
167391
167445
167446
167447
167448
167449
167450
167451
167452
167453
167454
167455
167456
167509
167510
167511
167512
167513
167514
167515
167516
167517
167518
167519
167520
167521
167574
167575
167576
167577
167578
167579
167580
167581
167582
167583
167584
167585
167639
167640
167641
167642
167643
167644
167645
167646
167647
167648
167649
167650
167704
167705
167706
167707
167708
167709
167710
167711
167712
167713
167714
167715
167769
167770
167771
167772
167773
167774
167775
167776
167777
167778
167779
167780
167835
167836
167837
167838
167839
167840
167841
167842
167843
167844
167845
167901
167902
167903
167904
167905
167906
167907
167908
167909
167967
167968
167969
167970
167971
167972
167973
168033
168034
168035
168036
170375
170376
170377
170378
170379
170440
170441
170442
170443
170444
170445
170504
170505
170506
170507
170508
170509
170510
170511
170512
170569
170570
170571
170572
170573
170574
170575
170576
170577
170578
170579
170634
170635
170636
170637
170638
170639
170640
170641
170642
170643
170644
170645
170698
170699
170700
170701
170702
170703
170704
170705
170706
170707
170708
170709
170710
170711
170763
170764
170765
170766
170767
170768
170769
170770
170771
170772
170773
170774
170775
170776
170777
170827
170828
170829
170830
170831
170832
170833
170834
170835
170836
170837
170838
170839
170840
170841
170842
170843
170892
170893
170894
170895
170896
170897
170898
170899
170900
170901
170902
170903
170904
170905
170906
170907
170908
170957
170958
170959
170960
170961
170962
170963
170964
170965
170966
170967
170968
170969
170970
170971
170972
170973
171022
171023
171024
171025
171026
171027
171028
171029
171030
171031
171032
171033
171034
171035
171036
171037
171087
171088
171089
171090
171091
171092
171093
171094
171095
171096
171097
171098
171099
171100
171101
171102
171153
171154
171155
171156
171157
171158
171159
171160
171161
171162
171163
171164
171165
171166
171219
171220
171221
171222
171223
171224
171225
171226
171227
171228
171229
171230
171286
171287
171288
171289
171290
171291
171292
171293
171294
171351
171352
171353
171354
171355
171356
171357
171358
171359
171417
171418
171419
171420
171421
171422
171423
171424
171481
171482
171483
171484
171485
171486
171487
171488
171489
171540
171541
171542
171543
171544
171545
171546
171547
171548
171549
171550
171551
171552
171553
171605
171606
171607
171608
171609
171610
171611
171612
171613
171614
171615
171616
171617
171618
171670
171671
171672
171673
171674
171675
171676
171677
171678
171679
171680
171681
171682
171683
171735
171736
171737
171738
171739
171740
171741
171742
171743
171744
171745
171746
171747
171748
171799
171800
171801
171802
171803
171804
171805
171806
171807
171808
171809
171810
171811
171812
171864
171865
171866
171867
171868
171869
171870
171871
171872
171873
171874
171875
171930
171931
171932
171933
171934
171935
171936
171937
171938
171939
171995
171996
171997
171998
171999
172000
172001
172002
172003
172004
172061
172062
172063
172064
172065
172066
172067
172068
172069
172126
172127
172128
172129
172130
172131
172132
172133
172192
172193
172194
172195
172196
174276
174277
174341
174342
174405
174406
174470
174471
174472
174534
174535
174536
174537
174538
174599
174600
174601
174602
174603
174604
174664
174665
174666
174667
174668
174669
174670
174729
174730
174731
174732
174733
174734
174735
174736
174737
174794
174795
174796
174797
174798
174799
174800
174801
174802
174803
174804
174858
174859
174860
174861
174862
174863
174864
174865
174866
174867
174868
174869
174870
174923
174924
174925
174926
174927
174928
174929
174930
174931
174932
174933
174934
174935
174936
174987
174988
174989
174990
174991
174992
174993
174994
174995
174996
174997
174998
174999
175000
175001
175052
175053
175054
175055
175056
175057
175058
175059
175060
175061
175062
175063
175064
175065
175066
175067
175117
175118
175119
175120
175121
175122
175123
175124
175125
175126
175127
175128
175129
175130
175131
175132
175182
175183
175184
175185
175186
175187
175188
175189
175190
175191
175192
175193
175194
175195
175196
175197
175247
175248
175249
175250
175251
175252
175253
175254
175255
175256
175257
175258
175259
175260
175261
175262
175312
175313
175314
175315
175316
175317
175318
175319
175320
175321
175322
175323
175324
175325
175326
175327
175377
175378
175379
175380
175381
175382
175383
175384
175385
175386
175387
175388
175389
175390
175391
175443
175444
175445
175446
175447
175448
175449
175450
175451
175452
175453
175454
175455
175456
175457
175510
175511
175512
175513
175514
175515
175516
175517
175518
175519
175520
175521
175522
175576
175577
175578
175579
175580
175581
175582
175583
175584
175585
175586
175641
175642
175643
175644
175645
175646
175647
175648
175649
175650
175651
175700
175701
175702
175705
175706
175707
175708
175709
175710
175711
175712
175713
175714
175715
175764
175765
175766
175767
175768
175769
175770
175771
175772
175773
175774
175775
175776
175777
175778
175779
175780
175829
175830
175831
175832
175833
175834
175835
175836
175837
175838
175839
175840
175841
175842
175843
175844
175845
175894
175895
175896
175897
175898
175899
175900
175901
175902
175903
175904
175905
175906
175907
175908
175909
175959
175960
175961
175962
175963
175964
175965
175966
175967
175968
175969
175970
175971
175972
175973
175974
176024
176025
176026
176027
176028
176029
176030
176031
176032
176033
176034
176035
176036
176037
176038
176090
176091
176092
176093
176094
176095
176096
176097
176098
176099
176100
176101
176102
176155
176156
176157
176158
176159
176160
176161
176162
176163
176164
176165
176166
176221
176222
176223
176224
176225
176226
176288
176289
176290
178371
178372
178435
178436
178437
178438
178499
178500
178501
178502
178503
178564
178565
178566
178567
178568
178629
178630
178631
178632
178633
178694
178695
178696
178697
178698
178758
178759
178760
178761
178762
178763
178823
178824
178825
178826
178827
178828
178888
178889
178890
178891
178892
178893
178894
178953
178954
178955
178956
178957
178958
178959
179018
179019
179020
179021
179022
179023
179024
179025
179026
179083
179084
179085
179086
179087
179088
179089
179090
179091
179092
179148
179149
179150
179151
179152
179153
179154
179155
179156
179157
179158
179159
179160
179212
179213
179214
179215
179216
179217
179218
179219
179220
179221
179222
179223
179224
179225
179226
179276
179277
179278
179279
179280
179281
179282
179283
179284
179285
179286
179287
179288
179289
179290
179291
179340
179341
179342
179343
179344
179345
179346
179347
179348
179349
179350
179351
179352
179353
179354
179355
179356
179405
179406
179407
179408
179409
179410
179411
179412
179413
179414
179415
179416
179417
179418
179419
179420
179421
179470
179471
179472
179473
179474
179475
179476
179477
179478
179479
179480
179481
179482
179483
179484
179485
179486
179535
179536
179537
179538
179539
179540
179541
179542
179543
179544
179545
179546
179547
179548
179549
179550
179551
179601
179602
179603
179604
179605
179606
179607
179608
179609
179610
179611
179612
179613
179614
179615
179616
179668
179669
179670
179671
179672
179673
179674
179675
179676
179677
179678
179679
179680
179681
179682
179735
179736
179737
179738
179739
179740
179741
179742
179743
179744
179745
179746
179747
179748
179801
179802
179803
179804
179805
179806
179807
179808
179809
179810
179811
179812
179813
179866
179867
179868
179869
179870
179871
179872
179873
179874
179875
179876
179877
179878
179923
179924
179925
179926
179927
179928
179929
179930
179931
179932
179933
179934
179935
179936
179937
179938
179939
179940
179941
179942
179988
179989
179990
179991
179992
179993
179994
179995
179996
179997
179998
179999
180000
180001
180002
180003
180004
180005
180006
180053
180054
180055
180056
180057
180058
180059
180060
180061
180062
180063
180064
180065
180066
180067
180068
180069
180070
180071
180118
180119
180120
180121
180122
180123
180124
180125
180126
180127
180128
180129
180130
180131
180132
180133
180134
180135
180183
180184
180185
180186
180187
180188
180189
180190
180191
180192
180193
180194
180195
180196
180197
180198
180199
180200
180248
180249
180250
180251
180252
180253
180254
180255
180256
180257
180258
180259
180260
180261
180262
180263
180264
180315
180316
180317
180318
180319
180320
180321
180322
180323
180324
180325
180326
180327
180328
180329
180382
180383
180384
180388
180389
180390
180391
180392
182595
182596
182597
182659
182660
182661
182662
182663
182724
182725
182726
182727
182728
182789
182790
182791
182792
182793
182853
182854
182855
182856
182857
182858
182918
182919
182920
182921
182922
182923
182982
182983
182984
182985
182986
182987
182988
183047
183048
183049
183050
183051
183052
183053
183112
183113
183114
183115
183116
183117
183118
183177
183178
183179
183180
183181
183182
183242
183243
183244
183245
183246
183247
183307
183308
183309
183310
183311
183312
183313
183371
183372
183373
183374
183375
183376
183377
183378
183379
183435
183436
183437
183438
183439
183440
183441
183442
183443
183444
183445
183499
183500
183501
183502
183503
183504
183505
183506
183507
183508
183509
183510
183511
183512
183564
183565
183566
183567
183568
183569
183570
183571
183572
183573
183574
183575
183576
183577
183578
183628
183629
183630
183631
183632
183633
183634
183635
183636
183637
183638
183639
183640
183641
183642
183643
183644
183693
183694
183695
183696
183697
183698
183699
183700
183701
183702
183703
183704
183705
183706
183707
183708
183709
183710
183758
183759
183760
183761
183762
183763
183764
183765
183766
183767
183768
183769
183770
183771
183772
183773
183774
183775
183776
183824
183825
183826
183827
183828
183829
183830
183831
183832
183833
183834
183835
183836
183837
183838
183839
183840
183841
183842
183889
183890
183891
183892
183893
183894
183895
183896
183897
183898
183899
183900
183901
183902
183903
183904
183905
183906
183907
183908
183960
183961
183962
183963
183964
183965
183966
183967
183968
183969
183970
183971
183972
183973
184019
184020
184021
184022
184026
184027
184028
184029
184030
184031
184032
184033
184034
184035
184036
184037
184038
184083
184084
184085
184086
184087
184088
184091
184092
184093
184094
184095
184096
184097
184098
184099
184100
184101
184102
184103
184148
184149
184150
184151
184152
184153
184154
184155
184156
184157
184158
184159
184160
184161
184162
184163
184164
184165
184166
184167
184168
184212
184213
184214
184215
184216
184217
184218
184219
184220
184221
184222
184223
184224
184225
184226
184227
184228
184229
184230
184231
184232
184233
184277
184278
184279
184280
184281
184282
184283
184284
184285
184286
184287
184288
184289
184290
184291
184292
184293
184294
184295
184296
184297
184342
184343
184344
184345
184346
184347
184348
184349
184350
184351
184352
184353
184354
184355
184356
184357
184358
184359
184360
184361
184407
184408
184409
184410
184411
184412
184413
184414
184415
184416
184417
184418
184419
184420
184421
184422
184423
184424
184425
184426
184473
184474
184475
184476
184477
184478
184479
184480
184481
184482
184483
184484
184485
184486
184487
184488
184489
184490
184539
184540
184541
184542
184543
184544
184545
184546
184547
184548
184549
184550
184551
184552
184553
184554
184613
184614
184615
184616
184617
184618
186820
186821
186822
186884
186885
186886
186887
186888
186948
186949
186950
186951
186952
186953
187013
187014
187015
187016
187017
187018
187078
187079
187080
187081
187082
187083
187142
187143
187144
187145
187146
187147
187148
187207
187208
187209
187210
187211
187212
187213
187271
187272
187273
187274
187275
187276
187277
187278
187335
187336
187337
187338
187339
187340
187341
187342
187400
187401
187402
187403
187404
187405
187406
187407
187465
187466
187467
187468
187469
187470
187471
187472
187529
187530
187531
187532
187533
187534
187535
187536
187594
187595
187596
187597
187598
187599
187600
187601
187602
187659
187660
187661
187662
187663
187664
187665
187666
187667
187668
187723
187724
187725
187726
187727
187728
187729
187730
187731
187732
187733
187734
187735
187788
187789
187790
187791
187792
187793
187794
187795
187796
187797
187798
187799
187800
187801
187853
187854
187855
187856
187857
187858
187859
187860
187861
187862
187863
187864
187865
187866
187867
187918
187919
187920
187921
187922
187923
187924
187925
187926
187927
187928
187929
187930
187931
187932
187983
187984
187985
187986
187987
187988
187989
187990
187991
187992
187993
187994
187995
187996
187997
187998
187999
188048
188049
188050
188051
188052
188053
188054
188055
188056
188057
188058
188059
188060
188061
188062
188063
188064
188065
188066
188067
188113
188114
188115
188116
188117
188118
188119
188120
188121
188122
188123
188124
188125
188126
188127
188128
188129
188130
188131
188132
188133
188178
188179
188180
188181
188182
188183
188184
188185
188186
188187
188188
188189
188190
188191
188192
188193
188194
188195
188196
188197
188198
188243
188244
188245
188246
188247
188248
188251
188252
188253
188254
188255
188256
188257
188258
188259
188260
188261
188262
188263
188307
188308
188309
188310
188311
188312
188313
188314
188317
188318
188319
188320
188321
188322
188323
188324
188325
188326
188327
188328
188372
188373
188374
188375
188376
188377
188378
188379
188380
188381
188382
188383
188384
188385
188386
188387
188388
188389
188390
188391
188392
188393
188437
188438
188439
188440
188441
188442
188443
188444
188445
188446
188447
188448
188449
188450
188451
188452
188453
188454
188455
188456
188457
188458
188502
188503
188504
188505
188506
188507
188508
188509
188510
188511
188512
188513
188514
188515
188516
188517
188518
188519
188520
188521
188522
188523
188567
188568
188569
188570
188571
188572
188573
188574
188575
188576
188577
188578
188579
188580
188581
188582
188583
188584
188585
188586
188587
188632
188633
188634
188635
188636
188637
188638
188639
188640
188641
188642
188643
188644
188645
188646
188647
188648
188649
188650
188651
188652
188698
188699
188700
188701
188702
188703
188704
188705
188706
188707
188708
188709
188710
188711
188712
188713
188714
188715
188716
188763
188764
188765
188766
188767
188768
188769
188770
188771
188772
188773
188774
188775
188776
188777
188778
188779
188780
188830
188831
188832
188838
188839
188840
188841
188842
188843
190980
190981
191044
191045
191046
191047
191108
191109
191110
191111
191112
191113
191173
191174
191175
191176
191177
191178
191237
191238
191239
191240
191241
191242
191243
191302
191303
191304
191305
191306
191307
191308
191366
191367
191368
191369
191370
191371
191372
191373
191431
191432
191433
191434
191435
191436
191437
191438
191496
191497
191498
191499
191500
191501
191502
191503
191560
191561
191562
191563
191564
191565
191566
191567
191625
191626
191627
191628
191629
191630
191631
191632
191689
191690
191691
191692
191693
191694
191695
191696
191697
191754
191755
191756
191757
191758
191759
191760
191761
191762
191819
191820
191821
191822
191823
191824
191825
191826
191883
191884
191885
191886
191887
191888
191889
191890
191891
191892
191948
191949
191950
191951
191952
191953
191954
191955
191956
191957
192013
192014
192015
192016
192017
192018
192019
192020
192021
192022
192023
192077
192078
192079
192080
192081
192082
192083
192084
192085
192086
192087
192088
192142
192143
192144
192145
192146
192147
192148
192149
192150
192151
192152
192153
192207
192208
192209
192210
192211
192212
192213
192214
192215
192216
192217
192218
192272
192273
192274
192275
192276
192277
192278
192279
192280
192281
192282
192283
192284
192285
192286
192287
192288
192289
192290
192291
192292
192337
192338
192339
192340
192341
192342
192343
192344
192345
192346
192348
192349
192350
192351
192352
192353
192354
192355
192356
192357
192358
192402
192403
192404
192405
192406
192407
192408
192409
192413
192414
192415
192416
192417
192418
192419
192420
192421
192422
192423
192467
192468
192469
192470
192471
192472
192473
192478
192479
192480
192481
192482
192483
192484
192485
192486
192487
192488
192532
192533
192534
192535
192536
192537
192538
192539
192542
192543
192544
192545
192546
192547
192548
192549
192550
192551
192552
192553
192597
192598
192599
192600
192601
192602
192603
192604
192605
192606
192607
192608
192609
192610
192611
192612
192613
192614
192615
192616
192617
192618
192662
192663
192664
192665
192666
192667
192668
192669
192670
192671
192672
192673
192674
192675
192676
192677
192678
192679
192680
192681
192682
192683
192727
192728
192729
192730
192731
192732
192733
192734
192735
192736
192737
192738
192739
192740
192741
192742
192743
192744
192745
192746
192747
192748
192792
192793
192794
192795
192796
192797
192798
192799
192800
192801
192802
192803
192804
192805
192806
192807
192808
192809
192810
192811
192812
192857
192858
192859
192860
192861
192862
192863
192864
192865
192866
192867
192868
192869
192870
192871
192872
192873
192874
192875
192876
192877
192923
192924
192925
192926
192927
192928
192929
192930
192931
192932
192933
192934
192935
192936
192937
192938
192939
192940
192941
192988
192989
192990
192991
192992
192993
192994
192995
192996
192997
192998
192999
193000
193001
193002
193003
193004
193005
193054
193055
193056
193057
193058
193063
193064
193065
193066
193067
193068
193069
195140
195141
195204
195205
195206
195207
195268
195269
195270
195271
195272
195333
195334
195335
195336
195337
195338
195397
195398
195399
195400
195401
195402
195403
195462
195463
195464
195465
195466
195467
195468
195526
195527
195528
195529
195530
195531
195532
195533
195591
195592
195593
195594
195595
195596
195597
195598
195656
195657
195658
195659
195660
195661
195662
195663
195720
195721
195722
195723
195724
195725
195726
195727
195728
195785
195786
195787
195788
195789
195790
195791
195792
195850
195851
195852
195853
195854
195855
195856
195857
195914
195915
195916
195917
195918
195919
195920
195921
195922
195979
195980
195981
195982
195983
195984
195985
195986
195987
196044
196045
196046
196047
196048
196049
196050
196051
196052
196108
196109
196110
196111
196112
196113
196114
196115
196116
196117
196173
196174
196175
196176
196177
196178
196179
196180
196181
196182
196238
196239
196240
196241
196242
196243
196244
196245
196246
196247
196302
196303
196304
196305
196306
196307
196308
196309
196310
196311
196312
196367
196368
196369
196370
196371
196372
196373
196374
196375
196376
196432
196433
196434
196435
196436
196437
196438
196439
196440
196441
196496
196497
196498
196499
196500
196501
196502
196503
196504
196505
196514
196515
196516
196517
196561
196562
196563
196564
196565
196566
196567
196568
196569
196570
196577
196578
196579
196580
196581
196582
196627
196628
196629
196630
196631
196632
196633
196634
196640
196641
196642
196643
196644
196645
196646
196647
196648
196691
196692
196693
196694
196695
196696
196697
196698
196704
196705
196706
196707
196708
196709
196710
196711
196712
196713
196756
196757
196758
196759
196760
196761
196762
196763
196764
196768
196769
196770
196771
196772
196773
196774
196775
196776
196777
196778
196821
196822
196823
196824
196825
196826
196827
196828
196829
196832
196833
196834
196835
196836
196837
196838
196839
196840
196841
196842
196843
196886
196887
196888
196889
196890
196891
196892
196893
196894
196895
196896
196897
196898
196899
196900
196901
196902
196903
196904
196905
196906
196907
196908
196952
196953
196954
196955
196956
196957
196958
196959
196960
196961
196962
196963
196964
196965
196966
196967
196968
196969
196970
196971
196972
197017
197018
197019
197020
197021
197022
197023
197024
197025
197026
197027
197028
197029
197030
197031
197032
197033
197034
197035
197036
197037
197082
197083
197084
197085
197086
197087
197088
197089
197090
197091
197092
197093
197094
197095
197096
197097
197098
197099
197100
197101
197102
197148
197149
197150
197151
197152
197153
197154
197155
197156
197157
197158
197159
197160
197161
197162
197163
197164
197165
197166
197213
197214
197215
197216
197217
197218
197219
197220
197221
197222
197223
197224
197225
197226
197227
197228
197229
197230
197279
197280
197281
197282
197283
197288
197289
197290
197291
197292
197293
197294
199365
199366
199367
199428
199429
199430
199431
199432
199493
199494
199495
199496
199497
199557
199558
199559
199560
199561
199562
199563
199622
199623
199624
199625
199626
199627
199628
199686
199687
199688
199689
199690
199691
199692
199693
199751
199752
199753
199754
199755
199756
199757
199758
199816
199817
199818
199819
199820
199821
199822
199823
199881
199882
199883
199884
199885
199886
199887
199888
199945
199946
199947
199948
199949
199950
199951
199952
199953
200010
200011
200012
200013
200014
200015
200016
200017
200075
200076
200077
200078
200079
200080
200081
200082
200139
200140
200141
200142
200143
200144
200145
200146
200147
200204
200205
200206
200207
200208
200209
200210
200211
200212
200269
200270
200271
200272
200273
200274
200275
200276
200277
200333
200334
200335
200336
200337
200338
200339
200340
200341
200342
200398
200399
200400
200401
200402
200403
200404
200405
200406
200407
200463
200464
200465
200466
200467
200468
200469
200470
200471
200472
200527
200528
200529
200530
200531
200532
200533
200534
200535
200536
200537
200592
200593
200594
200595
200596
200597
200598
200599
200600
200601
200656
200657
200658
200659
200660
200661
200662
200663
200664
200665
200721
200722
200723
200724
200725
200726
200727
200728
200729
200730
200786
200787
200788
200789
200790
200791
200792
200793
200794
200802
200803
200804
200805
200806
200807
200851
200852
200853
200854
200855
200856
200857
200858
200859
200866
200867
200868
200869
200870
200871
200872
200916
200917
200918
200919
200920
200921
200922
200923
200930
200931
200932
200933
200934
200935
200936
200937
200981
200982
200983
200984
200985
200986
200987
200988
200994
200995
200996
200997
200998
200999
201000
201001
201002
201046
201047
201048
201049
201050
201051
201052
201053
201059
201060
201061
201062
201063
201064
201065
201066
201067
201111
201112
201113
201114
201115
201116
201117
201118
201119
201123
201124
201125
201126
201127
201128
201129
201130
201131
201132
201176
201177
201178
201179
201180
201181
201182
201183
201184
201185
201187
201188
201189
201190
201191
201192
201193
201194
201195
201196
201242
201243
201244
201245
201246
201247
201248
201249
201250
201251
201252
201253
201254
201255
201256
201257
201258
201259
201260
201261
201307
201308
201309
201310
201311
201312
201313
201314
201315
201316
201317
201318
201319
201320
201321
201322
201323
201324
201325
201373
201374
201375
201376
201377
201378
201379
201380
201382
201383
201384
201385
201386
201387
201388
201438
201439
201440
201441
201442
201443
201444
201504
201505
201506
201507
203590
203591
203592
203653
203654
203655
203656
203657
203718
203719
203720
203721
203722
203782
203783
203784
203785
203786
203787
203847
203848
203849
203850
203851
203852
203911
203912
203913
203914
203915
203916
203917
203976
203977
203978
203979
203980
203981
203982
204041
204042
204043
204044
204045
204046
204047
204106
204107
204108
204109
204110
204111
204112
204170
204171
204172
204173
204174
204175
204176
204177
204235
204236
204237
204238
204239
204240
204241
204242
204300
204301
204302
204303
204304
204305
204306
204307
204365
204366
204367
204368
204369
204370
204371
204372
204429
204430
204431
204432
204433
204434
204435
204436
204437
204494
204495
204496
204497
204498
204499
204500
204501
204502
204503
204559
204560
204561
204562
204563
204564
204565
204566
204567
204568
204623
204624
204625
204626
204627
204628
204629
204630
204631
204632
204633
204688
204689
204690
204691
204692
204693
204694
204695
204696
204697
204752
204753
204754
204755
204756
204757
204758
204759
204760
204761
204762
204817
204818
204819
204820
204821
204822
204823
204824
204825
204826
204881
204882
204883
204884
204885
204886
204887
204888
204889
204890
204946
204947
204948
204949
204950
204951
204952
204953
204954
204955
205011
205012
205013
205014
205015
205016
205017
205018
205019
205029
205030
205076
205077
205078
205079
205080
205081
205082
205083
205092
205093
205094
205095
205096
205140
205141
205142
205143
205144
205145
205146
205147
205148
205156
205157
205158
205159
205160
205161
205205
205206
205207
205208
205209
205210
205211
205212
205220
205221
205222
205223
205224
205225
205226
205270
205271
205272
205273
205274
205275
205276
205277
205285
205286
205287
205288
205289
205290
205291
205335
205336
205337
205338
205339
205340
205341
205342
205343
205349
205350
205351
205352
205353
205354
205355
205356
205400
205401
205402
205403
205404
205405
205406
205407
205408
205414
205415
205416
205417
205418
205419
205420
205466
205467
205468
205469
205470
205471
205472
205473
205479
205480
205481
205482
205483
205484
205532
205533
205534
205535
205536
205537
205538
205544
205545
205546
205547
205548
205598
205599
205600
205601
205602
205603
205664
205665
205666
205667
205668
207815
207816
207878
207879
207880
207881
207882
207943
207944
207945
207946
207947
208008
208009
208010
208011
208012
208072
208073
208074
208075
208076
208077
208137
208138
208139
208140
208141
208142
208201
208202
208203
208204
208205
208206
208207
208266
208267
208268
208269
208270
208271
208272
208331
208332
208333
208334
208335
208336
208337
208396
208397
208398
208399
208400
208401
208402
208460
208461
208462
208463
208464
208465
208466
208467
208525
208526
208527
208528
208529
208530
208531
208532
208590
208591
208592
208593
208594
208595
208596
208597
208655
208656
208657
208658
208659
208660
208661
208662
208719
208720
208721
208722
208723
208724
208725
208726
208727
208728
208784
208785
208786
208787
208788
208789
208790
208791
208792
208793
208849
208850
208851
208852
208853
208854
208855
208856
208857
208858
208913
208914
208915
208916
208917
208918
208919
208920
208921
208922
208978
208979
208980
208981
208982
208983
208984
208985
208986
208987
209042
209043
209044
209045
209046
209047
209048
209049
209050
209051
209106
209107
209108
209109
209110
209111
209112
209113
209114
209115
209171
209172
209173
209174
209175
209176
209177
209178
209179
209235
209236
209237
209238
209239
209240
209241
209242
209243
209244
209300
209301
209302
209303
209304
209305
209306
209307
209308
209365
209366
209367
209368
209369
209370
209371
209372
209430
209431
209432
209433
209434
209435
209436
209437
209495
209496
209497
209498
209499
209500
209501
209502
209560
209561
209562
209563
209564
209565
209566
209567
209625
209626
209627
209628
209629
209630
209631
209632
209690
209691
209692
209693
209694
209695
209696
209697
209757
209758
209759
209760
209761
209762
209823
209824
209825
209826
209827
209889
209890
209891
212104
212105
212106
212169
212170
212171
212233
212234
212235
212236
212298
212299
212300
212301
212362
212363
212364
212365
212366
212427
212428
212429
212430
212431
212492
212493
212494
212495
212496
212557
212558
212559
212560
212561
212621
212622
212623
212624
212625
212626
212686
212687
212688
212689
212690
212691
212751
212752
212753
212754
212755
212756
212815
212816
212817
212818
212819
212820
212821
212822
212880
212881
212882
212883
212884
212885
212886
212887
212945
212946
212947
212948
212949
212950
212951
212952
212953
213010
213011
213012
213013
213014
213015
213016
213017
213018
213074
213075
213076
213077
213078
213079
213080
213081
213082
213083
213138
213139
213140
213141
213142
213143
213144
213145
213146
213147
213203
213204
213205
213206
213207
213208
213209
213210
213211
213212
213267
213268
213269
213270
213271
213272
213273
213274
213275
213276
213331
213332
213333
213334
213335
213336
213337
213338
213339
213340
213396
213397
213398
213399
213400
213401
213402
213403
213404
213460
213461
213462
213463
213464
213465
213466
213467
213468
213525
213526
213527
213528
213529
213530
213531
213532
213590
213591
213592
213593
213594
213595
213596
213655
213656
213657
213658
213659
213660
213661
213720
213721
213722
213723
213724
213725
213726
213785
213786
213787
213788
213789
213790
213791
213850
213851
213852
213853
213854
213855
213856
213915
213916
213917
213918
213919
213920
213921
213981
213982
213983
213984
213985
213986
214049
214050
216589
216590
216653
216654
216655
216718
216719
216720
216783
216784
216785
216847
216848
216849
216850
216912
216913
216914
216915
216977
216978
216979
216980
216981
217041
217042
217043
217044
217045
217046
217106
217107
217108
217109
217110
217111
217112
217171
217172
217173
217174
217175
217176
217177
217178
217235
217236
217237
217238
217239
217240
217241
217242
217243
217300
217301
217302
217303
217304
217305
217306
217307
217308
217364
217365
217366
217367
217368
217369
217370
217371
217372
217428
217429
217430
217431
217432
217433
217434
217435
217436
217492
217493
217494
217495
217496
217497
217498
217499
217500
217501
217557
217558
217559
217560
217561
217562
217563
217564
217565
217621
217622
217623
217624
217625
217626
217627
217628
217629
217685
217686
217687
217688
217689
217690
217691
217692
217693
217750
217751
217752
217753
217754
217755
217756
217757
217815
217816
217817
217818
217819
217820
217821
217880
217881
217882
217883
217884
217885
217886
217945
217946
217947
217948
217949
217950
218010
218011
218012
218013
218014
218015
218016
218075
218076
218077
218078
218079
218080
218081
218140
218141
218142
218143
218144
218145
218205
218206
218207
218208
218209
218271
218272
221203
221204
221268
221269
221270
221332
221333
221334
221335
221336
221397
221398
221399
221400
221401
221402
221461
221462
221463
221464
221465
221466
221467
221526
221527
221528
221529
221530
221531
221532
221590
221591
221592
221593
221594
221595
221596
221597
221654
221655
221656
221657
221658
221659
221660
221661
221718
221719
221720
221721
221722
221723
221724
221725
221726
221782
221783
221784
221785
221786
221787
221788
221789
221790
221846
221847
221848
221849
221850
221851
221852
221853
221854
221910
221911
221912
221913
221914
221915
221916
221917
221918
221975
221976
221977
221978
221979
221980
221981
221982
222040
222041
222042
222043
222044
222045
222046
222105
222106
222107
222108
222109
222110
222111
222170
222171
222172
222173
222174
222175
222176
222235
222236
222237
222238
222239
222240
222241
222300
222301
222302
222303
222304
222305
222365
222366
222367
222368
222369
222370
222430
222431
222432
222433
222434
222495
222496
222497
222498
225559
225560
225623
225624
225625
225626
225687
225688
225689
225690
225691
225692
225752
225753
225754
225755
225756
225757
225816
225817
225818
225819
225820
225821
225822
225881
225882
225883
225884
225885
225886
225944
225945
225946
225947
225948
225949
225950
225951
226007
226008
226009
226010
226011
226012
226013
226014
226015
226071
226072
226073
226074
226075
226076
226077
226078
226079
226135
226136
226137
226138
226139
226140
226141
226142
226143
226200
226201
226202
226203
226204
226205
226206
226207
226265
226266
226267
226268
226269
226270
226271
226330
226331
226332
226333
226334
226335
226336
226395
226396
226397
226398
226399
226400
226401
226460
226461
226462
226463
226464
226465
226466
226525
226526
226527
226528
226529
226530
226531
226590
226591
226592
226593
226594
226595
226655
226656
226657
226658
226659
226660
226720
226721
226722
226723
229913
229914
229915
229916
229978
229979
229980
229981
230042
230043
230044
230045
230046
230107
230108
230109
230110
230111
230171
230172
230173
230174
230175
230234
230235
230236
230237
230238
230239
230296
230297
230298
230299
230300
230301
230302
230303
230360
230361
230362
230363
230364
230365
230366
230367
230425
230426
230427
230428
230429
230430
230431
230432
230490
230491
230492
230493
230494
230495
230496
230555
230556
230557
230558
230559
230560
230561
230620
230621
230622
230623
230624
230625
230626
230685
230686
230687
230688
230689
230690
230691
230750
230751
230752
230753
230754
230755
230756
230815
230816
230817
230818
230819
230820
230821
230880
230881
230882
230883
230884
230885
230945
230946
230947
230948
234522
234523
234524
234525
234585
234586
234587
234588
234589
234590
234591
234650
234651
234652
234653
234654
234655
234656
234715
234716
234717
234718
234719
234720
234721
234780
234781
234782
234783
234784
234785
234786
234845
234846
234847
234848
234849
234850
234851
234910
234911
234912
234913
234914
234915
234916
234975
234976
234977
234978
234979
234980
234981
235040
235041
235042
235043
235044
235045
235046
235105
235106
235107
235108
235109
235110
235170
235171
235172
235173
238810
238811
238812
238813
238814
238875
238876
238877
238878
238879
238940
238941
238942
238943
238944
238945
239005
239006
239007
239008
239009
239010
239070
239071
239072
239073
239074
239075
239076
239135
239136
239137
239138
239139
239140
239141
239200
239201
239202
239203
239204
239205
239206
239265
239266
239267
239268
239269
239270
239330
239331
239332
239333
239334
243100
243101
243102
243103
243165
243166
243167
243168
243169
243230
243231
243232
243233
243234
243295
243296
243297
243298
243299
243360
243361
243362
243363
243364
243425
243426
243427
243428
243429
243491
243492
)


// ************************************************************************* //
