/*--------------------------------*- C++ -*----------------------------------*\
  =========                 |
  \\      /  F ield         | OpenFOAM: The Open Source CFD Toolbox
   \\    /   O peration     | Website:  https://openfoam.org
    \\  /    A nd           | Version:  6
     \\/     M anipulation  |
\*---------------------------------------------------------------------------*/
FoamFile
{
    version     2.0;
    format      ascii;
    class       faceList;
    location    "constant/region456/polyMesh";
    object      faces;
}
// * * * * * * * * * * * * * * * * * * * * * * * * * * * * * * * * * * * * * //


51
(
4(1 5 18 13)
4(4 17 18 5)
4(12 13 18 17)
4(2 6 19 14)
4(5 18 19 6)
4(13 14 19 18)
4(5 9 22 18)
4(17 18 22 21)
4(18 19 23 22)
4(12 17 30 26)
4(13 18 31 27)
4(17 30 31 18)
4(18 31 32 19)
4(18 22 35 31)
4(19 23 36 32)
4(0 4 5 1)
4(1 5 6 2)
4(2 6 7 3)
4(4 8 9 5)
4(5 9 10 6)
4(0 12 17 4)
4(11 16 17 12)
4(0 1 13 12)
4(1 2 14 13)
4(2 3 15 14)
4(3 7 20 15)
4(6 19 20 7)
4(14 15 20 19)
4(4 17 21 8)
4(8 21 22 9)
4(6 10 23 19)
4(9 22 23 10)
4(19 23 24 20)
4(11 12 26 25)
4(12 13 27 26)
4(13 14 28 27)
4(11 25 29 16)
4(16 29 30 17)
4(25 26 30 29)
4(26 27 31 30)
4(14 19 32 28)
4(27 28 32 31)
4(19 20 33 32)
4(17 30 34 21)
4(21 34 35 22)
4(30 31 35 34)
4(22 35 36 23)
4(31 32 36 35)
4(20 24 37 33)
4(23 36 37 24)
4(32 33 37 36)
)


// ************************************************************************* //
