/*--------------------------------*- C++ -*----------------------------------*\
  =========                 |
  \\      /  F ield         | OpenFOAM: The Open Source CFD Toolbox
   \\    /   O peration     | Website:  https://openfoam.org
    \\  /    A nd           | Version:  6
     \\/     M anipulation  |
\*---------------------------------------------------------------------------*/
FoamFile
{
    version     2.0;
    format      ascii;
    class       labelList;
    location    "constant/region537/polyMesh";
    object      cellRegionAddressing;
}
// * * * * * * * * * * * * * * * * * * * * * * * * * * * * * * * * * * * * * //


203
(
251939
251940
251941
252003
252004
252005
252067
252068
252069
252130
252131
252132
252133
252134
252194
252195
252196
252197
252258
252259
252260
252261
252322
252323
252324
252325
255909
255910
255971
255972
255973
255974
255975
256035
256036
256037
256038
256039
256098
256099
256100
256101
256102
256103
256161
256162
256163
256164
256165
256166
256167
256225
256226
256227
256228
256229
256230
256231
256289
256290
256291
256292
256293
256294
256352
256353
256354
256355
256356
256357
256358
256417
256418
256419
256420
256421
256481
256482
256483
256484
256485
256544
256545
256546
256547
256608
256609
256610
256736
256737
259881
259944
259945
260004
260005
260006
260007
260008
260009
260067
260068
260069
260070
260071
260072
260130
260131
260132
260133
260134
260135
260136
260194
260195
260196
260197
260198
260199
260257
260258
260259
260260
260261
260262
260263
260321
260322
260323
260324
260325
260326
260327
260384
260385
260386
260387
260388
260389
260390
260448
260449
260450
260451
260452
260453
260454
260512
260513
260514
260515
260516
260517
260575
260576
260577
260578
260579
260580
260581
260639
260640
260641
260642
260643
260644
260702
260703
260704
260705
260706
260707
260708
260766
260767
260768
260769
260770
260771
260772
260830
260831
260832
260833
260834
260835
260836
260837
260894
260895
260896
260897
260898
260899
260900
260958
260959
260960
260961
260962
260963
261023
261024
261025
)


// ************************************************************************* //
