/*--------------------------------*- C++ -*----------------------------------*\
  =========                 |
  \\      /  F ield         | OpenFOAM: The Open Source CFD Toolbox
   \\    /   O peration     | Website:  https://openfoam.org
    \\  /    A nd           | Version:  6
     \\/     M anipulation  |
\*---------------------------------------------------------------------------*/
FoamFile
{
    version     2.0;
    format      ascii;
    class       labelList;
    location    "constant/region537/polyMesh";
    object      faceRegionAddressing;
}
// * * * * * * * * * * * * * * * * * * * * * * * * * * * * * * * * * * * * * //


790
(
747978
747979
747980
747981
747982
747983
747985
747986
748169
748170
748171
748172
748173
748174
748176
748177
748360
748361
748362
748363
748364
748365
748367
748368
748548
748549
748550
748551
748552
748553
748554
748555
748556
748557
748558
748559
748562
748739
748740
748741
748742
748743
748744
748745
748746
748747
748749
748750
748930
748931
748932
748933
748934
748935
748936
748937
748938
748940
748941
749121
749123
749124
749126
749127
749129
749132
759762
759763
759764
759766
759767
759947
759948
759949
759950
759951
759952
759953
759954
759955
759956
759957
759958
759960
759961
760138
760139
760140
760141
760142
760143
760144
760145
760146
760147
760148
760149
760151
760152
760326
760327
760328
760329
760330
760331
760332
760333
760334
760335
760336
760337
760338
760339
760340
760342
760343
760514
760515
760516
760517
760518
760519
760520
760521
760522
760523
760524
760525
760526
760527
760528
760529
760530
760531
760533
760534
760705
760706
760707
760708
760709
760710
760711
760712
760713
760714
760715
760716
760717
760718
760719
760720
760721
760722
760725
760896
760897
760898
760899
760900
760901
760902
760903
760904
760905
760906
760907
760908
760909
760910
760912
760913
761084
761086
761087
761088
761089
761090
761091
761092
761093
761094
761095
761096
761097
761098
761099
761100
761101
761104
761278
761279
761280
761281
761282
761283
761284
761285
761286
761287
761288
761289
761291
761292
761469
761470
761471
761472
761473
761474
761475
761476
761477
761478
761480
761483
761657
761658
761659
761660
761661
761662
761663
761664
761665
761668
761848
761850
761851
761853
761856
762230
762232
762235
771553
771740
771741
771744
771919
771920
771922
771923
771925
771926
771928
771929
771931
771932
772107
772108
772110
772111
772113
772114
772116
772117
772119
772120
772123
772295
772296
772298
772299
772301
772302
772304
772305
772307
772308
772310
772311
772486
772487
772489
772490
772492
772493
772495
772496
772498
772499
772502
772674
772675
772677
772678
772680
772681
772683
772684
772686
772687
772689
772690
772693
772865
772866
772868
772869
772871
772872
772874
772875
772877
772878
772880
772881
773053
773054
773056
773057
773059
773060
773062
773063
773065
773066
773068
773069
773072
773244
773245
773247
773248
773250
773251
773253
773254
773256
773257
773259
773260
773435
773436
773438
773439
773441
773442
773444
773445
773447
773448
773451
773623
773624
773626
773627
773629
773630
773632
773633
773635
773636
773638
773639
773814
773815
773817
773818
773820
773821
773823
773824
773826
773827
773830
774002
774003
774005
774006
774008
774009
774011
774012
774014
774015
774017
774018
774021
774193
774194
774196
774197
774199
774200
774202
774203
774205
774206
774208
774209
774212
774384
774385
774387
774388
774390
774391
774393
774394
774396
774397
774399
774400
774402
774403
774575
774576
774578
774579
774581
774582
774584
774585
774587
774588
774590
774591
774766
774769
774770
774772
774773
774775
774776
774778
774960
774963
-735823
-735826
-736014
-736017
-736205
-736208
-736396
-736399
-736402
-736587
-736590
-736778
-736781
-736969
-736972
-747607
-747788
-747789
-747791
-747792
-747794
-747795
-747798
-747801
747984
-747989
-747992
748175
-748180
-748183
748366
-748370
-748371
-748374
748560
748561
-748565
748748
-748753
748939
-748944
749130
-749505
-749690
-749693
-749696
-750072
-750075
-759572
-759575
-759757
-759759
-759760
-759761
-759944
760724
760911
761102
761667
761849
761852
761854
761855
-761859
-762035
-762038
-762040
-762041
-762043
-762044
-762047
-762050
-762053
-762226
-762227
-762229
762231
762233
762234
-762238
-762241
-762244
-762247
-762417
-762420
-762423
-762426
-762429
-762432
-762435
-762608
-762611
-762614
-762617
-762620
-762623
-762802
-762805
-762808
-771362
-771549
-771550
-771729
-771732
-771735
-771737
-771738
-771916
-771917
-772104
-772105
772692
772883
772884
773071
773262
773263
773450
773641
774594
774779
774781
774782
774961
774964
774966
774967
771554
771742
771745
771921
771924
771927
771930
771933
771936
772109
772112
772115
772118
772121
772124
772297
772300
772303
772306
772309
772312
772315
772488
772491
772494
772497
772500
772503
772676
772679
772682
772685
772688
772691
772694
772867
772870
772873
772876
772879
772882
772885
773055
773058
773061
773064
773067
773070
773073
773246
773249
773252
773255
773258
773261
773264
773437
773440
773443
773446
773449
773452
773625
773628
773631
773634
773637
773640
773643
773816
773819
773822
773825
773828
773831
774004
774007
774010
774013
774016
774019
774022
774195
774198
774201
774204
774207
774210
774213
774386
774389
774392
774395
774398
774401
774404
774407
774577
774580
774583
774586
774589
774592
774595
774768
774771
774774
774777
774780
774783
774962
774965
774968
-747604
-735820
-736011
-736202
-736390
-736393
-736581
-736584
-736772
-736775
-736963
-736966
-747975
-748166
-748168
-748356
-748357
-748358
-748359
-748545
-748547
-748736
-748738
-748926
-748927
-748929
-749118
-749120
749122
749125
749128
749131
-749311
-749314
-749317
-749320
-749323
-749499
-749502
-749508
-759394
-759582
-759585
759765
-759769
-759770
-759773
-759776
759959
-759964
-760135
-760136
-760137
760150
-760155
-760323
-760324
760341
-760511
760532
-760702
760723
-760893
-760894
-760895
-761081
761085
761103
-761275
-761277
761290
-761465
-761466
-761467
-761468
761479
761481
761482
-761654
-761656
761666
-761671
-761844
-761845
-761847
-761862
771552
771743
771934
771935
772122
-772292
772313
772314
-772483
-772484
772501
-772671
-772862
-772863
-773050
-773241
-773432
-773433
-773620
773642
-773811
-773812
773829
-773999
774020
-774190
774211
-774215
-774381
774405
774406
-774572
774593
-774763
774767
-774957
)


// ************************************************************************* //
