/*--------------------------------*- C++ -*----------------------------------*\
  =========                 |
  \\      /  F ield         | OpenFOAM: The Open Source CFD Toolbox
   \\    /   O peration     | Website:  https://openfoam.org
    \\  /    A nd           | Version:  6
     \\/     M anipulation  |
\*---------------------------------------------------------------------------*/
FoamFile
{
    version     2.0;
    format      ascii;
    class       faceList;
    location    "constant/region537/polyMesh";
    object      faces;
}
// * * * * * * * * * * * * * * * * * * * * * * * * * * * * * * * * * * * * * //


790
(
4(1 5 56 49)
4(4 55 56 5)
4(48 49 56 55)
4(2 6 57 50)
4(5 56 57 6)
4(49 50 57 56)
4(6 57 58 7)
4(50 51 58 57)
4(5 9 64 56)
4(8 63 64 9)
4(55 56 64 63)
4(6 10 65 57)
4(9 64 65 10)
4(56 57 65 64)
4(10 65 66 11)
4(57 58 66 65)
4(9 14 72 64)
4(13 71 72 14)
4(63 64 72 71)
4(10 15 73 65)
4(14 72 73 15)
4(64 65 73 72)
4(15 73 74 16)
4(65 66 74 73)
4(13 19 79 71)
4(18 78 79 19)
4(70 71 79 78)
4(14 20 80 72)
4(19 79 80 20)
4(71 72 80 79)
4(15 21 81 73)
4(20 80 81 21)
4(72 73 81 80)
4(16 22 82 74)
4(21 81 82 22)
4(73 74 82 81)
4(74 75 83 82)
4(19 25 88 79)
4(24 87 88 25)
4(78 79 88 87)
4(20 26 89 80)
4(25 88 89 26)
4(79 80 89 88)
4(21 27 90 81)
4(26 89 90 27)
4(80 81 90 89)
4(27 90 91 28)
4(81 82 91 90)
4(25 30 96 88)
4(29 95 96 30)
4(87 88 96 95)
4(26 31 97 89)
4(30 96 97 31)
4(88 89 97 96)
4(27 32 98 90)
4(31 97 98 32)
4(89 90 98 97)
4(32 98 99 33)
4(90 91 99 98)
4(30 35 103 96)
4(95 96 103 102)
4(31 36 104 97)
4(96 97 104 103)
4(32 37 105 98)
4(97 98 105 104)
4(98 99 106 105)
4(40 45 144 136)
4(44 143 144 45)
4(135 136 144 143)
4(45 144 145 46)
4(136 137 145 144)
4(43 49 151 142)
4(48 150 151 49)
4(141 142 151 150)
4(44 50 152 143)
4(49 151 152 50)
4(142 143 152 151)
4(45 51 153 144)
4(50 152 153 51)
4(143 144 153 152)
4(46 52 154 145)
4(51 153 154 52)
4(144 145 154 153)
4(52 154 155 53)
4(145 146 155 154)
4(49 56 159 151)
4(55 158 159 56)
4(150 151 159 158)
4(50 57 160 152)
4(56 159 160 57)
4(151 152 160 159)
4(51 58 161 153)
4(57 160 161 58)
4(152 153 161 160)
4(52 59 162 154)
4(58 161 162 59)
4(153 154 162 161)
4(59 162 163 60)
4(154 155 163 162)
4(55 63 167 158)
4(62 166 167 63)
4(157 158 167 166)
4(56 64 168 159)
4(63 167 168 64)
4(158 159 168 167)
4(57 65 169 160)
4(64 168 169 65)
4(159 160 169 168)
4(58 66 170 161)
4(65 169 170 66)
4(160 161 170 169)
4(59 67 171 162)
4(66 170 171 67)
4(161 162 171 170)
4(67 171 172 68)
4(162 163 172 171)
4(62 70 174 166)
4(69 173 174 70)
4(165 166 174 173)
4(63 71 175 167)
4(70 174 175 71)
4(166 167 175 174)
4(64 72 176 168)
4(71 175 176 72)
4(167 168 176 175)
4(65 73 177 169)
4(72 176 177 73)
4(168 169 177 176)
4(66 74 178 170)
4(73 177 178 74)
4(169 170 178 177)
4(67 75 179 171)
4(74 178 179 75)
4(170 171 179 178)
4(75 179 180 76)
4(171 172 180 179)
4(70 78 183 174)
4(77 182 183 78)
4(173 174 183 182)
4(71 79 184 175)
4(78 183 184 79)
4(174 175 184 183)
4(72 80 185 176)
4(79 184 185 80)
4(175 176 185 184)
4(73 81 186 177)
4(80 185 186 81)
4(176 177 186 185)
4(74 82 187 178)
4(81 186 187 82)
4(177 178 187 186)
4(75 83 188 179)
4(82 187 188 83)
4(178 179 188 187)
4(179 180 189 188)
4(78 87 192 183)
4(86 191 192 87)
4(182 183 192 191)
4(79 88 193 184)
4(87 192 193 88)
4(183 184 193 192)
4(80 89 194 185)
4(88 193 194 89)
4(184 185 194 193)
4(81 90 195 186)
4(89 194 195 90)
4(185 186 195 194)
4(82 91 196 187)
4(90 195 196 91)
4(186 187 196 195)
4(91 196 197 92)
4(187 188 197 196)
4(86 94 199 191)
4(190 191 199 198)
4(87 95 200 192)
4(94 199 200 95)
4(191 192 200 199)
4(88 96 201 193)
4(95 200 201 96)
4(192 193 201 200)
4(89 97 202 194)
4(96 201 202 97)
4(193 194 202 201)
4(90 98 203 195)
4(97 202 203 98)
4(194 195 203 202)
4(91 99 204 196)
4(98 203 204 99)
4(195 196 204 203)
4(196 197 205 204)
4(95 102 209 200)
4(101 208 209 102)
4(199 200 209 208)
4(96 103 210 201)
4(102 209 210 103)
4(200 201 210 209)
4(97 104 211 202)
4(103 210 211 104)
4(201 202 211 210)
4(98 105 212 203)
4(104 211 212 105)
4(202 203 212 211)
4(105 212 213 106)
4(203 204 213 212)
4(102 109 217 209)
4(108 216 217 109)
4(208 209 217 216)
4(103 110 218 210)
4(109 217 218 110)
4(209 210 218 217)
4(104 111 219 211)
4(110 218 219 111)
4(210 211 219 218)
4(105 112 220 212)
4(211 212 220 219)
4(212 213 221 220)
4(108 115 225 216)
4(114 224 225 115)
4(215 216 225 224)
4(109 116 226 217)
4(115 225 226 116)
4(216 217 226 225)
4(110 117 227 218)
4(116 226 227 117)
4(217 218 227 226)
4(218 219 228 227)
4(115 120 233 225)
4(224 225 233 232)
4(116 121 234 226)
4(225 226 234 233)
4(226 227 235 234)
4(124 127 250 241)
4(240 241 250 249)
4(241 242 251 250)
4(132 278 279 133)
4(132 139 285 278)
4(138 284 285 139)
4(139 285 286 140)
4(135 143 289 281)
4(142 288 289 143)
4(136 144 290 282)
4(143 289 290 144)
4(137 145 291 283)
4(144 290 291 145)
4(138 146 292 284)
4(145 291 292 146)
4(139 147 293 285)
4(146 292 293 147)
4(142 151 297 288)
4(150 296 297 151)
4(143 152 298 289)
4(151 297 298 152)
4(144 153 299 290)
4(152 298 299 153)
4(145 154 300 291)
4(153 299 300 154)
4(146 155 301 292)
4(154 300 301 155)
4(155 301 302 156)
4(150 158 304 296)
4(157 303 304 158)
4(151 159 305 297)
4(158 304 305 159)
4(152 160 306 298)
4(159 305 306 160)
4(153 161 307 299)
4(160 306 307 161)
4(154 162 308 300)
4(161 307 308 162)
4(155 163 309 301)
4(162 308 309 163)
4(158 167 313 304)
4(166 312 313 167)
4(159 168 314 305)
4(167 313 314 168)
4(160 169 315 306)
4(168 314 315 169)
4(161 170 316 307)
4(169 315 316 170)
4(162 171 317 308)
4(170 316 317 171)
4(171 317 318 172)
4(166 174 320 312)
4(173 319 320 174)
4(167 175 321 313)
4(174 320 321 175)
4(168 176 322 314)
4(175 321 322 176)
4(169 177 323 315)
4(176 322 323 177)
4(170 178 324 316)
4(177 323 324 178)
4(171 179 325 317)
4(178 324 325 179)
4(179 325 326 180)
4(174 183 329 320)
4(182 328 329 183)
4(175 184 330 321)
4(183 329 330 184)
4(176 185 331 322)
4(184 330 331 185)
4(177 186 332 323)
4(185 331 332 186)
4(178 187 333 324)
4(186 332 333 187)
4(179 188 334 325)
4(187 333 334 188)
4(182 191 337 328)
4(190 336 337 191)
4(183 192 338 329)
4(191 337 338 192)
4(184 193 339 330)
4(192 338 339 193)
4(185 194 340 331)
4(193 339 340 194)
4(186 195 341 332)
4(194 340 341 195)
4(187 196 342 333)
4(195 341 342 196)
4(196 342 343 197)
4(191 199 345 337)
4(198 344 345 199)
4(192 200 346 338)
4(199 345 346 200)
4(193 201 347 339)
4(200 346 347 201)
4(194 202 348 340)
4(201 347 348 202)
4(195 203 349 341)
4(202 348 349 203)
4(196 204 350 342)
4(203 349 350 204)
4(199 208 354 345)
4(207 353 354 208)
4(200 209 355 346)
4(208 354 355 209)
4(201 210 356 347)
4(209 355 356 210)
4(202 211 357 348)
4(210 356 357 211)
4(203 212 358 349)
4(211 357 358 212)
4(212 358 359 213)
4(207 215 361 353)
4(214 360 361 215)
4(208 216 362 354)
4(215 361 362 216)
4(209 217 363 355)
4(216 362 363 217)
4(210 218 364 356)
4(217 363 364 218)
4(211 219 365 357)
4(218 364 365 219)
4(212 220 366 358)
4(219 365 366 220)
4(215 224 370 361)
4(223 369 370 224)
4(216 225 371 362)
4(224 370 371 225)
4(217 226 372 363)
4(225 371 372 226)
4(218 227 373 364)
4(226 372 373 227)
4(219 228 374 365)
4(227 373 374 228)
4(228 374 375 229)
4(223 231 377 369)
4(230 376 377 231)
4(224 232 378 370)
4(231 377 378 232)
4(225 233 379 371)
4(232 378 379 233)
4(226 234 380 372)
4(233 379 380 234)
4(227 235 381 373)
4(234 380 381 235)
4(228 236 382 374)
4(235 381 382 236)
4(236 382 383 237)
4(231 239 385 377)
4(238 384 385 239)
4(232 240 386 378)
4(239 385 386 240)
4(233 241 387 379)
4(240 386 387 241)
4(234 242 388 380)
4(241 387 388 242)
4(235 243 389 381)
4(242 388 389 243)
4(236 244 390 382)
4(243 389 390 244)
4(244 390 391 245)
4(239 248 394 385)
4(247 393 394 248)
4(240 249 395 386)
4(248 394 395 249)
4(241 250 396 387)
4(249 395 396 250)
4(242 251 397 388)
4(250 396 397 251)
4(243 252 398 389)
4(251 397 398 252)
4(244 253 399 390)
4(252 398 399 253)
4(245 254 400 391)
4(253 399 400 254)
4(248 257 403 394)
4(256 402 403 257)
4(249 258 404 395)
4(257 403 404 258)
4(250 259 405 396)
4(258 404 405 259)
4(251 260 406 397)
4(259 405 406 260)
4(252 261 407 398)
4(260 406 407 261)
4(253 262 408 399)
4(261 407 408 262)
4(257 265 411 403)
4(258 266 412 404)
4(265 411 412 266)
4(259 267 413 405)
4(266 412 413 267)
4(260 268 414 406)
4(267 413 414 268)
4(261 269 415 407)
4(266 272 418 412)
4(267 273 419 413)
4(1 5 6 2)
4(2 6 7 3)
4(5 9 10 6)
4(6 10 11 7)
4(9 14 15 10)
4(10 15 16 11)
4(14 20 21 15)
4(15 21 22 16)
4(16 22 23 17)
4(20 26 27 21)
4(21 27 28 22)
4(26 31 32 27)
4(27 32 33 28)
4(31 36 37 32)
4(32 37 38 33)
4(40 45 46 41)
4(0 1 49 48)
4(42 48 49 43)
4(1 2 50 49)
4(43 49 50 44)
4(2 3 51 50)
4(44 50 51 45)
4(45 51 52 46)
4(46 52 53 47)
4(3 7 58 51)
4(51 58 59 52)
4(52 59 60 53)
4(7 11 66 58)
4(58 66 67 59)
4(59 67 68 60)
4(11 16 74 66)
4(16 17 75 74)
4(66 74 75 67)
4(67 75 76 68)
4(17 23 83 75)
4(22 82 83 23)
4(75 83 84 76)
4(22 28 91 82)
4(82 91 92 83)
4(28 33 99 91)
4(91 99 100 92)
4(33 38 106 99)
4(109 116 117 110)
4(114 119 120 115)
4(115 120 121 116)
4(116 121 122 117)
4(123 126 127 124)
4(124 127 128 125)
4(39 40 136 135)
4(40 41 137 136)
4(42 43 142 141)
4(39 135 143 44)
4(43 44 143 142)
4(134 142 143 135)
4(42 141 150 48)
4(83 188 189 84)
4(83 92 197 188)
4(92 100 205 197)
4(117 227 228 118)
4(119 232 233 120)
4(120 233 234 121)
4(117 122 235 227)
4(121 234 235 122)
4(227 235 236 228)
4(230 238 239 231)
4(231 239 240 232)
4(123 124 241 240)
4(232 240 241 233)
4(124 125 242 241)
4(233 241 242 234)
4(234 242 243 235)
4(235 243 244 236)
4(236 244 245 237)
4(238 247 248 239)
4(123 240 249 126)
4(239 248 249 240)
4(126 249 250 127)
4(125 128 251 242)
4(127 250 251 128)
4(242 251 252 243)
4(243 252 253 244)
4(244 253 254 245)
4(245 254 255 246)
4(247 256 257 248)
4(248 257 258 249)
4(249 258 259 250)
4(250 259 260 251)
4(251 260 261 252)
4(252 261 262 253)
4(253 262 263 254)
4(256 264 265 257)
4(257 265 266 258)
4(258 266 267 259)
4(259 267 268 260)
4(260 268 269 261)
4(261 269 270 262)
4(265 271 272 266)
4(266 272 273 267)
4(267 273 274 268)
4(129 130 276 275)
4(129 275 278 132)
4(131 132 278 277)
4(134 135 281 280)
4(135 136 282 281)
4(136 137 283 282)
4(131 277 284 138)
4(137 138 284 283)
4(134 280 288 142)
4(141 142 288 287)
4(141 287 296 150)
4(149 150 296 295)
4(172 180 326 318)
4(180 189 335 326)
4(188 334 335 189)
4(188 197 343 334)
4(197 205 351 343)
4(204 350 351 205)
4(204 213 359 350)
4(213 221 367 359)
4(262 408 409 263)
4(268 414 415 269)
4(262 270 416 408)
4(269 415 416 270)
4(271 417 418 272)
4(272 418 419 273)
4(268 274 420 414)
4(273 419 420 274)
4(275 276 279 278)
4(277 278 285 284)
4(278 279 286 285)
4(280 281 289 288)
4(281 282 290 289)
4(282 283 291 290)
4(283 284 292 291)
4(284 285 293 292)
4(285 286 294 293)
4(287 288 297 296)
4(288 289 298 297)
4(289 290 299 298)
4(290 291 300 299)
4(291 292 301 300)
4(292 293 302 301)
4(295 296 304 303)
4(296 297 305 304)
4(297 298 306 305)
4(298 299 307 306)
4(299 300 308 307)
4(300 301 309 308)
4(301 302 310 309)
4(303 304 313 312)
4(304 305 314 313)
4(305 306 315 314)
4(306 307 316 315)
4(307 308 317 316)
4(308 309 318 317)
4(311 312 320 319)
4(312 313 321 320)
4(313 314 322 321)
4(314 315 323 322)
4(315 316 324 323)
4(316 317 325 324)
4(317 318 326 325)
4(319 320 329 328)
4(320 321 330 329)
4(321 322 331 330)
4(322 323 332 331)
4(323 324 333 332)
4(324 325 334 333)
4(325 326 335 334)
4(327 328 337 336)
4(328 329 338 337)
4(329 330 339 338)
4(330 331 340 339)
4(331 332 341 340)
4(332 333 342 341)
4(333 334 343 342)
4(336 337 345 344)
4(337 338 346 345)
4(338 339 347 346)
4(339 340 348 347)
4(340 341 349 348)
4(341 342 350 349)
4(342 343 351 350)
4(344 345 354 353)
4(345 346 355 354)
4(346 347 356 355)
4(347 348 357 356)
4(348 349 358 357)
4(349 350 359 358)
4(352 353 361 360)
4(353 354 362 361)
4(354 355 363 362)
4(355 356 364 363)
4(356 357 365 364)
4(357 358 366 365)
4(358 359 367 366)
4(360 361 370 369)
4(361 362 371 370)
4(362 363 372 371)
4(363 364 373 372)
4(364 365 374 373)
4(365 366 375 374)
4(368 369 377 376)
4(369 370 378 377)
4(370 371 379 378)
4(371 372 380 379)
4(372 373 381 380)
4(373 374 382 381)
4(374 375 383 382)
4(376 377 385 384)
4(377 378 386 385)
4(378 379 387 386)
4(379 380 388 387)
4(380 381 389 388)
4(381 382 390 389)
4(382 383 391 390)
4(384 385 394 393)
4(385 386 395 394)
4(386 387 396 395)
4(387 388 397 396)
4(388 389 398 397)
4(389 390 399 398)
4(390 391 400 399)
4(391 392 401 400)
4(393 394 403 402)
4(394 395 404 403)
4(395 396 405 404)
4(396 397 406 405)
4(397 398 407 406)
4(398 399 408 407)
4(399 400 409 408)
4(402 403 411 410)
4(403 404 412 411)
4(404 405 413 412)
4(405 406 414 413)
4(406 407 415 414)
4(407 408 416 415)
4(411 412 418 417)
4(412 413 419 418)
4(413 414 420 419)
4(39 44 45 40)
4(0 4 5 1)
4(4 8 9 5)
4(8 13 14 9)
4(12 18 19 13)
4(13 19 20 14)
4(18 24 25 19)
4(19 25 26 20)
4(24 29 30 25)
4(25 30 31 26)
4(29 34 35 30)
4(30 35 36 31)
4(0 48 55 4)
4(4 55 63 8)
4(54 62 63 55)
4(61 69 70 62)
4(8 63 71 13)
4(12 13 71 70)
4(62 70 71 63)
4(12 70 78 18)
4(69 77 78 70)
4(18 78 87 24)
4(77 86 87 78)
4(85 93 94 86)
4(24 87 95 29)
4(86 94 95 87)
4(29 95 102 34)
4(94 101 102 95)
4(34 102 103 35)
4(35 103 104 36)
4(36 104 105 37)
4(37 105 106 38)
4(101 108 109 102)
4(102 109 110 103)
4(103 110 111 104)
4(104 111 112 105)
4(105 112 113 106)
4(107 114 115 108)
4(108 115 116 109)
4(110 117 118 111)
4(129 132 133 130)
4(131 138 139 132)
4(132 139 140 133)
4(41 46 145 137)
4(46 47 146 145)
4(137 145 146 138)
4(138 146 147 139)
4(139 147 148 140)
4(47 53 155 146)
4(146 155 156 147)
4(48 150 158 55)
4(54 55 158 157)
4(149 157 158 150)
4(53 60 163 155)
4(155 163 164 156)
4(54 157 166 62)
4(61 62 166 165)
4(60 68 172 163)
4(61 165 173 69)
4(68 76 180 172)
4(69 173 182 77)
4(76 84 189 180)
4(77 182 191 86)
4(85 86 191 190)
4(181 190 191 182)
4(85 190 198 93)
4(93 198 199 94)
4(99 204 205 100)
4(94 199 208 101)
4(198 207 208 199)
4(99 106 213 204)
4(206 214 215 207)
4(101 208 216 108)
4(107 108 216 215)
4(207 215 216 208)
4(111 219 220 112)
4(106 113 221 213)
4(112 220 221 113)
4(107 215 224 114)
4(214 223 224 215)
4(111 118 228 219)
4(219 228 229 220)
4(222 230 231 223)
4(114 224 232 119)
4(223 231 232 224)
4(228 236 237 229)
4(130 133 279 276)
4(133 140 286 279)
4(140 148 294 286)
4(147 293 294 148)
4(147 156 302 293)
4(149 295 303 157)
4(156 164 310 302)
4(163 309 310 164)
4(157 303 312 166)
4(165 166 312 311)
4(163 172 318 309)
4(165 311 319 173)
4(173 319 328 182)
4(181 182 328 327)
4(181 327 336 190)
4(190 336 344 198)
4(198 344 353 207)
4(206 207 353 352)
4(206 352 360 214)
4(220 366 367 221)
4(214 360 369 223)
4(222 223 369 368)
4(220 229 375 366)
4(222 368 376 230)
4(229 237 383 375)
4(230 376 384 238)
4(237 245 391 383)
4(245 246 392 391)
4(238 384 393 247)
4(246 255 401 392)
4(254 400 401 255)
4(247 393 402 256)
4(254 263 409 400)
4(256 402 410 264)
4(264 410 411 265)
4(265 411 417 271)
)


// ************************************************************************* //
