/*--------------------------------*- C++ -*----------------------------------*\
  =========                 |
  \\      /  F ield         | OpenFOAM: The Open Source CFD Toolbox
   \\    /   O peration     | Website:  https://openfoam.org
    \\  /    A nd           | Version:  6
     \\/     M anipulation  |
\*---------------------------------------------------------------------------*/
FoamFile
{
    version     2.0;
    format      ascii;
    class       labelList;
    note        "nPoints:421  nCells:203  nFaces:790  nInternalFaces:428";
    location    "constant/region537/polyMesh";
    object      neighbour;
}
// * * * * * * * * * * * * * * * * * * * * * * * * * * * * * * * * * * * * * //


428
(
1
3
33
2
4
34
5
35
4
6
39
5
7
40
8
41
7
10
46
8
11
47
12
48
10
14
52
11
15
53
12
16
54
13
17
55
56
15
18
59
16
19
60
17
20
61
21
62
19
22
66
20
23
67
21
24
68
25
69
23
72
24
73
25
74
75
27
30
94
31
95
29
33
99
30
34
100
31
35
101
32
36
102
37
103
34
39
106
35
40
107
36
41
108
37
42
109
43
110
39
45
112
40
46
113
41
47
114
42
48
115
43
49
116
50
117
45
51
118
46
52
119
47
53
120
48
54
121
49
55
122
50
56
123
57
124
52
58
125
53
59
126
54
60
127
55
61
128
56
62
129
57
63
130
131
59
65
133
60
66
134
61
67
135
62
68
136
63
69
137
70
138
65
139
66
71
140
67
72
141
68
73
142
69
74
143
70
75
144
145
72
76
147
73
77
148
74
78
149
75
79
150
80
151
77
82
154
78
83
155
79
84
156
80
157
158
82
85
160
83
86
161
84
87
162
163
86
167
87
168
169
89
181
182
92
92
97
98
94
100
95
101
96
102
97
103
98
104
100
106
101
107
102
108
103
109
104
110
111
106
112
107
113
108
114
109
115
110
116
111
117
113
119
114
120
115
121
116
122
117
123
124
119
125
120
126
121
127
122
128
123
129
124
130
131
126
133
127
134
128
135
129
136
130
137
131
138
133
139
134
140
135
141
136
142
137
143
138
144
145
140
146
141
147
142
148
143
149
144
150
145
151
147
153
148
154
149
155
150
156
151
157
158
153
159
154
160
155
161
156
162
157
163
158
164
160
166
161
167
162
168
163
169
164
170
171
166
172
167
173
168
174
169
175
170
176
171
177
178
173
179
174
180
175
181
176
182
177
183
178
184
185
180
187
181
188
182
189
183
190
184
191
185
192
186
193
188
194
189
195
190
196
191
197
192
198
193
199
195
196
200
197
201
198
202
199
201
202
)


// ************************************************************************* //
