/*--------------------------------*- C++ -*----------------------------------*\
  =========                 |
  \\      /  F ield         | OpenFOAM: The Open Source CFD Toolbox
   \\    /   O peration     | Website:  https://openfoam.org
    \\  /    A nd           | Version:  6
     \\/     M anipulation  |
\*---------------------------------------------------------------------------*/
FoamFile
{
    version     2.0;
    format      ascii;
    class       labelList;
    note        "nPoints:421  nCells:203  nFaces:790  nInternalFaces:428";
    location    "constant/region537/polyMesh";
    object      owner;
}
// * * * * * * * * * * * * * * * * * * * * * * * * * * * * * * * * * * * * * //


790
(
0
0
0
1
1
1
2
2
3
3
3
4
4
4
5
5
6
6
6
7
7
7
8
8
9
9
9
10
10
10
11
11
11
12
12
12
13
14
14
14
15
15
15
16
16
16
17
17
18
18
18
19
19
19
20
20
20
21
21
22
22
23
23
24
24
25
26
26
26
27
27
28
28
28
29
29
29
30
30
30
31
31
31
32
32
33
33
33
34
34
34
35
35
35
36
36
36
37
37
38
38
38
39
39
39
40
40
40
41
41
41
42
42
42
43
43
44
44
44
45
45
45
46
46
46
47
47
47
48
48
48
49
49
49
50
50
51
51
51
52
52
52
53
53
53
54
54
54
55
55
55
56
56
56
57
58
58
58
59
59
59
60
60
60
61
61
61
62
62
62
63
63
64
64
65
65
65
66
66
66
67
67
67
68
68
68
69
69
69
70
71
71
71
72
72
72
73
73
73
74
74
74
75
75
76
76
76
77
77
77
78
78
78
79
79
80
81
81
81
82
82
82
83
83
83
84
85
85
86
86
87
88
88
89
90
91
91
92
93
93
94
94
95
95
96
96
97
97
99
99
100
100
101
101
102
102
103
103
104
105
105
106
106
107
107
108
108
109
109
110
110
112
112
113
113
114
114
115
115
116
116
117
118
118
119
119
120
120
121
121
122
122
123
123
124
125
125
126
126
127
127
128
128
129
129
130
130
132
132
133
133
134
134
135
135
136
136
137
137
138
139
139
140
140
141
141
142
142
143
143
144
144
146
146
147
147
148
148
149
149
150
150
151
152
152
153
153
154
154
155
155
156
156
157
157
159
159
160
160
161
161
162
162
163
163
164
165
165
166
166
167
167
168
168
169
169
170
170
171
172
172
173
173
174
174
175
175
176
176
177
177
178
179
179
180
180
181
181
182
182
183
183
184
184
185
185
187
187
188
188
189
189
190
190
191
191
192
192
194
195
195
196
196
197
197
198
200
201
1
2
4
5
7
8
11
12
13
16
17
20
21
24
25
27
0
28
1
29
2
30
31
32
2
36
37
5
42
43
8
13
49
50
13
13
57
17
63
21
70
25
83
85
86
87
88
89
26
27
28
26
29
93
28
57
63
70
84
85
86
87
87
170
172
173
88
174
89
175
176
177
178
179
88
180
88
89
89
183
184
185
186
187
188
189
190
191
192
193
194
195
196
197
198
199
200
201
202
90
90
91
93
94
95
91
96
93
99
99
105
124
131
131
138
145
145
151
158
193
198
199
199
200
201
202
202
90
91
92
93
94
95
96
97
98
99
100
101
102
103
104
105
106
107
108
109
110
111
112
113
114
115
116
117
118
119
120
121
122
123
124
125
126
127
128
129
130
131
132
133
134
135
136
137
138
139
140
141
142
143
144
145
146
147
148
149
150
151
152
153
154
155
156
157
158
159
160
161
162
163
164
165
166
167
168
169
170
171
172
173
174
175
176
177
178
179
180
181
182
183
184
185
186
187
188
189
190
191
192
193
194
195
196
197
198
199
200
201
202
26
0
3
6
9
10
14
15
18
19
22
23
0
3
38
44
6
9
45
9
51
14
58
64
18
65
22
71
22
23
24
25
76
77
78
79
80
81
82
84
90
91
92
27
32
96
97
98
32
104
33
38
105
37
111
38
44
43
44
50
51
57
58
64
132
64
64
70
71
146
75
152
76
81
153
79
80
80
81
159
84
164
165
85
166
171
90
92
98
98
104
105
111
111
112
118
117
118
125
132
132
139
146
152
152
158
159
165
164
165
171
172
178
186
179
186
186
187
193
194
194
200
)


// ************************************************************************* //
