/*--------------------------------*- C++ -*----------------------------------*\
  =========                 |
  \\      /  F ield         | OpenFOAM: The Open Source CFD Toolbox
   \\    /   O peration     | Website:  https://openfoam.org
    \\  /    A nd           | Version:  6
     \\/     M anipulation  |
\*---------------------------------------------------------------------------*/
FoamFile
{
    version     2.0;
    format      ascii;
    class       labelList;
    location    "constant/region537/polyMesh";
    object      pointRegionAddressing;
}
// * * * * * * * * * * * * * * * * * * * * * * * * * * * * * * * * * * * * * //


421
(
259840
259841
259842
259843
259905
259906
259907
259908
259970
259971
259972
259973
260034
260035
260036
260037
260038
260039
260099
260100
260101
260102
260103
260104
260164
260165
260166
260167
260168
260229
260230
260231
260232
260233
260294
260295
260296
260297
260298
263937
263938
263939
264000
264001
264002
264003
264004
264005
264065
264066
264067
264068
264069
264070
264129
264130
264131
264132
264133
264134
264135
264193
264194
264195
264196
264197
264198
264199
264200
264258
264259
264260
264261
264262
264263
264264
264265
264323
264324
264325
264326
264327
264328
264329
264330
264387
264388
264389
264390
264391
264392
264393
264394
264452
264453
264454
264455
264456
264457
264458
264459
264518
264519
264520
264521
264522
264523
264582
264583
264584
264585
264586
264587
264588
264647
264648
264649
264650
264651
264712
264713
264714
264715
264777
264778
264779
264842
264843
264844
268036
268037
268100
268101
268102
268161
268162
268163
268164
268165
268166
268167
268225
268226
268227
268228
268229
268230
268231
268232
268289
268290
268291
268292
268293
268294
268295
268296
268354
268355
268356
268357
268358
268359
268360
268361
268418
268419
268420
268421
268422
268423
268424
268425
268483
268484
268485
268486
268487
268488
268489
268490
268547
268548
268549
268550
268551
268552
268553
268554
268555
268612
268613
268614
268615
268616
268617
268618
268619
268677
268678
268679
268680
268681
268682
268683
268684
268741
268742
268743
268744
268745
268746
268747
268748
268806
268807
268808
268809
268810
268811
268812
268813
268870
268871
268872
268873
268874
268875
268876
268877
268935
268936
268937
268938
268939
268940
268941
268942
269000
269001
269002
269003
269004
269005
269006
269007
269008
269065
269066
269067
269068
269069
269070
269071
269072
269073
269130
269131
269132
269133
269134
269135
269136
269137
269195
269196
269197
269198
269199
269200
269201
269261
269262
269263
269264
272261
272262
272325
272326
272327
272386
272387
272388
272389
272390
272391
272392
272450
272451
272452
272453
272454
272455
272456
272457
272514
272515
272516
272517
272518
272519
272520
272521
272579
272580
272581
272582
272583
272584
272585
272586
272643
272644
272645
272646
272647
272648
272649
272650
272708
272709
272710
272711
272712
272713
272714
272715
272772
272773
272774
272775
272776
272777
272778
272779
272780
272837
272838
272839
272840
272841
272842
272843
272844
272902
272903
272904
272905
272906
272907
272908
272909
272966
272967
272968
272969
272970
272971
272972
272973
273031
273032
273033
273034
273035
273036
273037
273038
273095
273096
273097
273098
273099
273100
273101
273102
273160
273161
273162
273163
273164
273165
273166
273167
273225
273226
273227
273228
273229
273230
273231
273232
273233
273290
273291
273292
273293
273294
273295
273296
273297
273298
273355
273356
273357
273358
273359
273360
273361
273362
273420
273421
273422
273423
273424
273425
273426
273486
273487
273488
273489
)


// ************************************************************************* //
