/*--------------------------------*- C++ -*----------------------------------*\
  =========                 |
  \\      /  F ield         | OpenFOAM: The Open Source CFD Toolbox
   \\    /   O peration     | Website:  https://openfoam.org
    \\  /    A nd           | Version:  6
     \\/     M anipulation  |
\*---------------------------------------------------------------------------*/
FoamFile
{
    version     2.0;
    format      ascii;
    class       labelList;
    location    "constant/region566/polyMesh";
    object      faceRegionAddressing;
}
// * * * * * * * * * * * * * * * * * * * * * * * * * * * * * * * * * * * * * //


672
(
729349
729350
729351
729353
729354
729516
729517
729518
729519
729520
729521
729523
740754
740755
740756
740757
740758
740759
740761
740762
740942
740943
740944
740945
740946
740947
740948
740949
740950
740953
741130
741131
741132
741133
741134
741135
741136
741137
741138
741140
741141
741318
741319
741320
741321
741322
741323
741324
741325
741326
741327
741328
741329
741331
741332
741506
741507
741508
741509
741510
741511
741512
741513
741514
741515
741516
741517
741518
741519
741520
741522
741523
741672
741673
741674
741675
741676
741677
741678
741679
741680
741681
741682
741683
741684
741685
741687
752727
752728
752914
752915
752916
752917
752918
752919
752920
752921
752922
752924
752925
753099
753100
753101
753102
753103
753104
753105
753106
753107
753108
753109
753110
753111
753112
753113
753115
753116
753287
753288
753289
753290
753291
753292
753293
753294
753295
753296
753297
753298
753299
753300
753301
753302
753303
753304
753307
753475
753476
753477
753478
753479
753480
753481
753482
753483
753484
753485
753486
753487
753488
753489
753490
753491
753492
753494
753495
753663
753664
753665
753666
753667
753668
753669
753670
753671
753672
753673
753674
753675
753676
753677
753678
753679
753680
753681
753682
753683
753685
753686
753832
753833
753834
753835
753836
753837
753838
753839
753840
753841
753842
753843
753844
753845
753846
753847
753849
764883
764884
764885
764886
764887
764888
764890
764891
765071
765072
765073
765074
765075
765076
765077
765078
765079
765080
765081
765082
765084
765085
765259
765260
765261
765262
765263
765264
765265
765266
765267
765268
765269
765270
765271
765272
765273
765275
765276
765444
765445
765446
765447
765448
765449
765450
765451
765452
765453
765454
765455
765456
765457
765458
765459
765460
765461
765462
765463
765464
765466
765467
765632
765633
765634
765635
765636
765637
765638
765639
765640
765641
765642
765643
765644
765645
765646
765647
765648
765649
765650
765651
765652
765653
765654
765655
765657
765658
765820
765821
765822
765823
765824
765825
765826
765827
765828
765829
765830
765831
765832
765833
765834
765835
765836
765837
765838
765839
765840
765841
765842
765843
765844
765845
765846
765848
765849
765992
765993
765994
765995
765996
765997
765998
765999
766000
766001
766002
766003
766004
766005
766006
766007
766008
766009
766011
777043
777044
777046
777047
777050
777231
777232
777234
777235
777237
777238
777240
777241
777244
777416
777417
777419
777420
777422
777423
777425
777426
777428
777429
777431
777432
777434
777435
777604
777605
777607
777608
777610
777611
777613
777614
777616
777617
777619
777620
777622
777623
777626
777792
777793
777795
777796
777798
777799
777801
777802
777804
777805
777807
777808
777810
777811
777813
777814
777817
777980
777981
777983
777984
777986
777987
777989
777990
777992
777993
777995
777996
777998
777999
778001
778002
778004
778005
778008
778152
778154
778156
778158
778160
778162
778164
778166
778168
901757
901758
901759
901760
901821
901822
901823
901824
901884
901885
901886
901887
901888
901948
901949
901950
901951
901952
902012
902013
902014
902015
902016
902076
902077
902078
902079
902080
902141
902142
902143
902144
902205
902206
902207
902208
902270
902271
902272
902335
902336
-717191
-717194
-717357
-717359
-717361
-717363
-728596
-728599
-728784
-728787
-728972
-728975
-728978
-729159
-729160
-729162
-729163
-729166
-729169
-729346
-729347
-729348
729352
-729356
-729357
-729513
-729514
-729515
-740564
-740567
-740568
-740570
-740751
-740752
-740939
-740940
-740941
-741127
-741128
-741129
-741315
-741316
-741317
-741501
-741503
-741504
-741505
-741670
-752536
-752723
-752724
-752725
752726
-752730
-752731
-752733
-752909
-752911
-752912
-752913
-753096
-753097
-753284
-753285
-753286
-753472
-753473
-753474
-753660
-753661
-753662
-753830
-764693
-764696
-764699
-764880
-764881
764889
-764893
-765068
-765069
-765254
-765256
-765257
-765258
-765441
-765442
-765629
-765630
-765817
-765990
-776853
-776856
-776859
-777040
-777041
777049
-777053
-777226
-777228
-777229
-777413
-777414
-777601
-777602
-777789
-777790
-777977
-778150
-728602
-728790
-728793
-728981
-729172
-729360
-729363
729522
-729525
-729527
740760
-740765
740951
740952
-740956
741139
-741144
-741147
741330
-741335
741521
-741526
741686
-741689
752923
753114
753305
753306
753493
-753498
753684
-753689
753848
-753851
765083
765274
-765279
765465
765656
765847
766010
777243
-777247
777437
777438
777625
777816
778007
778170
777045
777048
777051
777233
777236
777239
777242
777245
777418
777421
777424
777427
777430
777433
777436
777439
777606
777609
777612
777615
777618
777621
777624
777627
777794
777797
777800
777803
777806
777809
777812
777815
777818
777982
777985
777988
777991
777994
777997
778000
778003
778006
778009
778153
778155
778157
778159
778161
778163
778165
778167
778169
778171
)


// ************************************************************************* //
