/*--------------------------------*- C++ -*----------------------------------*\
  =========                 |
  \\      /  F ield         | OpenFOAM: The Open Source CFD Toolbox
   \\    /   O peration     | Website:  https://openfoam.org
    \\  /    A nd           | Version:  6
     \\/     M anipulation  |
\*---------------------------------------------------------------------------*/
FoamFile
{
    version     2.0;
    format      ascii;
    class       faceList;
    location    "constant/region566/polyMesh";
    object      faces;
}
// * * * * * * * * * * * * * * * * * * * * * * * * * * * * * * * * * * * * * //


672
(
4(1 5 45 36)
4(4 44 45 5)
4(35 36 45 44)
4(5 45 46 6)
4(36 37 46 45)
4(4 9 53 44)
4(43 44 53 52)
4(5 10 54 45)
4(44 45 54 53)
4(6 11 55 46)
4(45 46 55 54)
4(46 47 56 55)
4(14 19 69 62)
4(18 68 69 19)
4(61 62 69 68)
4(15 20 70 63)
4(19 69 70 20)
4(62 63 70 69)
4(20 70 71 21)
4(63 64 71 70)
4(18 24 76 68)
4(23 75 76 24)
4(67 68 76 75)
4(19 25 77 69)
4(24 76 77 25)
4(68 69 77 76)
4(20 26 78 70)
4(25 77 78 26)
4(69 70 78 77)
4(70 71 79 78)
4(23 30 84 75)
4(29 83 84 30)
4(74 75 84 83)
4(24 31 85 76)
4(30 84 85 31)
4(75 76 85 84)
4(25 32 86 77)
4(31 85 86 32)
4(76 77 86 85)
4(32 86 87 33)
4(77 78 87 86)
4(29 36 93 83)
4(35 92 93 36)
4(82 83 93 92)
4(30 37 94 84)
4(36 93 94 37)
4(83 84 94 93)
4(31 38 95 85)
4(37 94 95 38)
4(84 85 95 94)
4(32 39 96 86)
4(38 95 96 39)
4(85 86 96 95)
4(39 96 97 40)
4(86 87 97 96)
4(35 44 102 92)
4(43 101 102 44)
4(91 92 102 101)
4(36 45 103 93)
4(44 102 103 45)
4(92 93 103 102)
4(37 46 104 94)
4(45 103 104 46)
4(93 94 104 103)
4(38 47 105 95)
4(46 104 105 47)
4(94 95 105 104)
4(39 48 106 96)
4(47 105 106 48)
4(95 96 106 105)
4(48 106 107 49)
4(96 97 107 106)
4(42 51 110 100)
4(99 100 110 109)
4(43 52 111 101)
4(100 101 111 110)
4(44 53 112 102)
4(101 102 112 111)
4(45 54 113 103)
4(102 103 113 112)
4(46 55 114 104)
4(103 104 114 113)
4(47 56 115 105)
4(104 105 115 114)
4(48 57 116 106)
4(105 106 116 115)
4(106 107 117 116)
4(62 125 126 63)
4(120 121 126 125)
4(62 69 132 125)
4(68 131 132 69)
4(124 125 132 131)
4(63 70 133 126)
4(69 132 133 70)
4(125 126 133 132)
4(64 71 134 127)
4(70 133 134 71)
4(126 127 134 133)
4(71 134 135 72)
4(127 128 135 134)
4(67 75 139 130)
4(74 138 139 75)
4(129 130 139 138)
4(68 76 140 131)
4(75 139 140 76)
4(130 131 140 139)
4(69 77 141 132)
4(76 140 141 77)
4(131 132 141 140)
4(70 78 142 133)
4(77 141 142 78)
4(132 133 142 141)
4(71 79 143 134)
4(78 142 143 79)
4(133 134 143 142)
4(79 143 144 80)
4(134 135 144 143)
4(74 83 148 138)
4(82 147 148 83)
4(137 138 148 147)
4(75 84 149 139)
4(83 148 149 84)
4(138 139 149 148)
4(76 85 150 140)
4(84 149 150 85)
4(139 140 150 149)
4(77 86 151 141)
4(85 150 151 86)
4(140 141 151 150)
4(78 87 152 142)
4(86 151 152 87)
4(141 142 152 151)
4(79 88 153 143)
4(87 152 153 88)
4(142 143 153 152)
4(143 144 154 153)
4(82 92 158 147)
4(91 157 158 92)
4(146 147 158 157)
4(83 93 159 148)
4(92 158 159 93)
4(147 148 159 158)
4(84 94 160 149)
4(93 159 160 94)
4(148 149 160 159)
4(85 95 161 150)
4(94 160 161 95)
4(149 150 161 160)
4(86 96 162 151)
4(95 161 162 96)
4(150 151 162 161)
4(87 97 163 152)
4(96 162 163 97)
4(151 152 163 162)
4(97 163 164 98)
4(152 153 164 163)
4(91 101 168 157)
4(100 167 168 101)
4(156 157 168 167)
4(92 102 169 158)
4(101 168 169 102)
4(157 158 169 168)
4(93 103 170 159)
4(102 169 170 103)
4(158 159 170 169)
4(94 104 171 160)
4(103 170 171 104)
4(159 160 171 170)
4(95 105 172 161)
4(104 171 172 105)
4(160 161 172 171)
4(96 106 173 162)
4(105 172 173 106)
4(161 162 173 172)
4(97 107 174 163)
4(106 173 174 107)
4(162 163 174 173)
4(107 174 175 108)
4(163 164 175 174)
4(100 110 178 167)
4(166 167 178 177)
4(101 111 179 168)
4(167 168 179 178)
4(102 112 180 169)
4(168 169 180 179)
4(103 113 181 170)
4(169 170 181 180)
4(104 114 182 171)
4(170 171 182 181)
4(105 115 183 172)
4(171 172 183 182)
4(106 116 184 173)
4(172 173 184 183)
4(107 117 185 174)
4(173 174 185 184)
4(174 175 186 185)
4(120 125 194 189)
4(124 193 194 125)
4(188 189 194 193)
4(121 126 195 190)
4(125 194 195 126)
4(189 190 195 194)
4(126 195 196 127)
4(190 191 196 195)
4(124 131 201 193)
4(130 200 201 131)
4(192 193 201 200)
4(125 132 202 194)
4(131 201 202 132)
4(193 194 202 201)
4(126 133 203 195)
4(132 202 203 133)
4(194 195 203 202)
4(127 134 204 196)
4(133 203 204 134)
4(195 196 204 203)
4(134 204 205 135)
4(196 197 205 204)
4(130 139 210 200)
4(138 209 210 139)
4(199 200 210 209)
4(131 140 211 201)
4(139 210 211 140)
4(200 201 211 210)
4(132 141 212 202)
4(140 211 212 141)
4(201 202 212 211)
4(133 142 213 203)
4(141 212 213 142)
4(202 203 213 212)
4(134 143 214 204)
4(142 213 214 143)
4(203 204 214 213)
4(143 214 215 144)
4(204 205 215 214)
4(137 147 219 208)
4(146 218 219 147)
4(207 208 219 218)
4(138 148 220 209)
4(147 219 220 148)
4(208 209 220 219)
4(139 149 221 210)
4(148 220 221 149)
4(209 210 221 220)
4(140 150 222 211)
4(149 221 222 150)
4(210 211 222 221)
4(141 151 223 212)
4(150 222 223 151)
4(211 212 223 222)
4(142 152 224 213)
4(151 223 224 152)
4(212 213 224 223)
4(143 153 225 214)
4(152 224 225 153)
4(213 214 225 224)
4(153 225 226 154)
4(214 215 226 225)
4(146 157 229 218)
4(156 228 229 157)
4(217 218 229 228)
4(147 158 230 219)
4(157 229 230 158)
4(218 219 230 229)
4(148 159 231 220)
4(158 230 231 159)
4(219 220 231 230)
4(149 160 232 221)
4(159 231 232 160)
4(220 221 232 231)
4(150 161 233 222)
4(160 232 233 161)
4(221 222 233 232)
4(151 162 234 223)
4(161 233 234 162)
4(222 223 234 233)
4(152 163 235 224)
4(162 234 235 163)
4(223 224 235 234)
4(153 164 236 225)
4(163 235 236 164)
4(224 225 236 235)
4(164 236 237 165)
4(225 226 237 236)
4(156 167 239 228)
4(166 238 239 167)
4(227 228 239 238)
4(157 168 240 229)
4(167 239 240 168)
4(228 229 240 239)
4(158 169 241 230)
4(168 240 241 169)
4(229 230 241 240)
4(159 170 242 231)
4(169 241 242 170)
4(230 231 242 241)
4(160 171 243 232)
4(170 242 243 171)
4(231 232 243 242)
4(161 172 244 233)
4(171 243 244 172)
4(232 233 244 243)
4(162 173 245 234)
4(172 244 245 173)
4(233 234 245 244)
4(163 174 246 235)
4(173 245 246 174)
4(234 235 246 245)
4(164 175 247 236)
4(174 246 247 175)
4(235 236 247 246)
4(175 247 248 176)
4(236 237 248 247)
4(167 178 250 239)
4(238 239 250 249)
4(168 179 251 240)
4(239 240 251 250)
4(169 180 252 241)
4(240 241 252 251)
4(170 181 253 242)
4(241 242 253 252)
4(171 182 254 243)
4(242 243 254 253)
4(172 183 255 244)
4(243 244 255 254)
4(173 184 256 245)
4(244 245 256 255)
4(174 185 257 246)
4(245 246 257 256)
4(175 186 258 247)
4(246 247 258 257)
4(247 248 259 258)
4(189 194 266 261)
4(193 265 266 194)
4(190 195 267 262)
4(194 266 267 195)
4(195 267 268 196)
4(193 201 273 265)
4(200 272 273 201)
4(194 202 274 266)
4(201 273 274 202)
4(195 203 275 267)
4(202 274 275 203)
4(196 204 276 268)
4(203 275 276 204)
4(204 276 277 205)
4(199 209 281 271)
4(208 280 281 209)
4(200 210 282 272)
4(209 281 282 210)
4(201 211 283 273)
4(210 282 283 211)
4(202 212 284 274)
4(211 283 284 212)
4(203 213 285 275)
4(212 284 285 213)
4(204 214 286 276)
4(213 285 286 214)
4(205 215 287 277)
4(214 286 287 215)
4(208 219 291 280)
4(218 290 291 219)
4(209 220 292 281)
4(219 291 292 220)
4(210 221 293 282)
4(220 292 293 221)
4(211 222 294 283)
4(221 293 294 222)
4(212 223 295 284)
4(222 294 295 223)
4(213 224 296 285)
4(223 295 296 224)
4(214 225 297 286)
4(224 296 297 225)
4(225 297 298 226)
4(218 229 301 290)
4(228 300 301 229)
4(219 230 302 291)
4(229 301 302 230)
4(220 231 303 292)
4(230 302 303 231)
4(221 232 304 293)
4(231 303 304 232)
4(222 233 305 294)
4(232 304 305 233)
4(223 234 306 295)
4(233 305 306 234)
4(224 235 307 296)
4(234 306 307 235)
4(225 236 308 297)
4(235 307 308 236)
4(236 308 309 237)
4(228 239 311 300)
4(238 310 311 239)
4(229 240 312 301)
4(239 311 312 240)
4(230 241 313 302)
4(240 312 313 241)
4(231 242 314 303)
4(241 313 314 242)
4(232 243 315 304)
4(242 314 315 243)
4(233 244 316 305)
4(243 315 316 244)
4(234 245 317 306)
4(244 316 317 245)
4(235 246 318 307)
4(245 317 318 246)
4(236 247 319 308)
4(246 318 319 247)
4(247 319 320 248)
4(239 250 322 311)
4(240 251 323 312)
4(241 252 324 313)
4(242 253 325 314)
4(243 254 326 315)
4(244 255 327 316)
4(245 256 328 317)
4(246 257 329 318)
4(247 258 330 319)
4(50 109 110 51)
4(109 177 178 110)
4(177 249 250 178)
4(249 321 322 250)
4(51 110 111 52)
4(110 178 179 111)
4(178 250 251 179)
4(250 322 323 251)
4(8 52 53 9)
4(52 111 112 53)
4(111 179 180 112)
4(179 251 252 180)
4(251 323 324 252)
4(9 53 54 10)
4(53 112 113 54)
4(112 180 181 113)
4(180 252 253 181)
4(252 324 325 253)
4(10 54 55 11)
4(54 113 114 55)
4(113 181 182 114)
4(181 253 254 182)
4(253 325 326 254)
4(11 55 56 12)
4(55 114 115 56)
4(114 182 183 115)
4(182 254 255 183)
4(254 326 327 255)
4(56 115 116 57)
4(115 183 184 116)
4(183 255 256 184)
4(255 327 328 256)
4(57 116 117 58)
4(116 184 185 117)
4(184 256 257 185)
4(256 328 329 257)
4(117 185 186 118)
4(185 257 258 186)
4(257 329 330 258)
4(186 258 259 187)
4(258 330 331 259)
4(0 4 5 1)
4(1 5 6 2)
4(3 8 9 4)
4(4 9 10 5)
4(5 10 11 6)
4(6 11 12 7)
4(13 18 19 14)
4(14 19 20 15)
4(17 23 24 18)
4(18 24 25 19)
4(22 29 30 23)
4(23 30 31 24)
4(24 31 32 25)
4(0 1 36 35)
4(28 35 36 29)
4(1 2 37 36)
4(29 36 37 30)
4(30 37 38 31)
4(31 38 39 32)
4(0 35 44 4)
4(3 4 44 43)
4(34 43 44 35)
4(2 6 46 37)
4(6 7 47 46)
4(37 46 47 38)
4(41 50 51 42)
4(3 43 52 8)
4(42 51 52 43)
4(13 14 62 61)
4(14 15 63 62)
4(59 62 63 60)
4(15 16 64 63)
4(13 61 68 18)
4(17 18 68 67)
4(17 67 75 23)
4(22 23 75 74)
4(66 74 75 67)
4(22 74 83 29)
4(28 29 83 82)
4(73 82 83 74)
4(28 82 92 35)
4(34 35 92 91)
4(81 91 92 82)
4(41 42 100 99)
4(34 91 101 43)
4(42 43 101 100)
4(90 100 101 91)
4(41 99 109 50)
4(59 60 121 120)
4(59 120 125 62)
4(61 62 125 124)
4(119 124 125 120)
4(60 63 126 121)
4(63 64 127 126)
4(121 126 127 122)
4(64 65 128 127)
4(66 67 130 129)
4(61 124 131 68)
4(67 68 131 130)
4(123 130 131 124)
4(66 129 138 74)
4(73 74 138 137)
4(73 137 147 82)
4(81 82 147 146)
4(136 146 147 137)
4(81 146 157 91)
4(90 91 157 156)
4(145 156 157 146)
4(90 156 167 100)
4(99 100 167 166)
4(155 166 167 156)
4(99 166 177 109)
4(119 120 189 188)
4(120 121 190 189)
4(121 122 191 190)
4(119 188 193 124)
4(123 124 193 192)
4(122 127 196 191)
4(127 128 197 196)
4(123 192 200 130)
4(129 130 200 199)
4(136 137 208 207)
4(129 199 209 138)
4(137 138 209 208)
4(198 208 209 199)
4(136 207 218 146)
4(145 146 218 217)
4(145 217 228 156)
4(155 156 228 227)
4(155 227 238 166)
4(166 238 249 177)
4(188 189 261 260)
4(189 190 262 261)
4(190 191 263 262)
4(188 260 265 193)
4(192 193 265 264)
4(191 196 268 263)
4(196 197 269 268)
4(198 199 271 270)
4(192 264 272 200)
4(199 200 272 271)
4(198 270 280 208)
4(207 208 280 279)
4(207 279 290 218)
4(217 218 290 289)
4(217 289 300 228)
4(227 228 300 299)
4(227 299 310 238)
4(238 310 321 249)
4(15 20 21 16)
4(19 25 26 20)
4(20 26 27 21)
4(25 32 33 26)
4(32 39 40 33)
4(38 47 48 39)
4(39 48 49 40)
4(7 12 56 47)
4(47 56 57 48)
4(48 57 58 49)
4(16 21 71 64)
4(64 71 72 65)
4(21 27 79 71)
4(26 78 79 27)
4(71 79 80 72)
4(26 33 87 78)
4(78 87 88 79)
4(79 88 89 80)
4(33 40 97 87)
4(87 97 98 88)
4(40 49 107 97)
4(97 107 108 98)
4(49 58 117 107)
4(107 117 118 108)
4(65 72 135 128)
4(72 80 144 135)
4(80 89 154 144)
4(88 153 154 89)
4(88 98 164 153)
4(153 164 165 154)
4(98 108 175 164)
4(164 175 176 165)
4(108 118 186 175)
4(175 186 187 176)
4(128 135 205 197)
4(135 144 215 205)
4(205 215 216 206)
4(144 154 226 215)
4(154 165 237 226)
4(165 176 248 237)
4(176 187 259 248)
4(197 205 277 269)
4(205 206 278 277)
4(206 216 288 278)
4(215 287 288 216)
4(215 226 298 287)
4(226 237 309 298)
4(237 248 320 309)
4(248 259 331 320)
4(260 261 266 265)
4(261 262 267 266)
4(262 263 268 267)
4(264 265 273 272)
4(265 266 274 273)
4(266 267 275 274)
4(267 268 276 275)
4(268 269 277 276)
4(270 271 281 280)
4(271 272 282 281)
4(272 273 283 282)
4(273 274 284 283)
4(274 275 285 284)
4(275 276 286 285)
4(276 277 287 286)
4(277 278 288 287)
4(279 280 291 290)
4(280 281 292 291)
4(281 282 293 292)
4(282 283 294 293)
4(283 284 295 294)
4(284 285 296 295)
4(285 286 297 296)
4(286 287 298 297)
4(289 290 301 300)
4(290 291 302 301)
4(291 292 303 302)
4(292 293 304 303)
4(293 294 305 304)
4(294 295 306 305)
4(295 296 307 306)
4(296 297 308 307)
4(297 298 309 308)
4(299 300 311 310)
4(300 301 312 311)
4(301 302 313 312)
4(302 303 314 313)
4(303 304 315 314)
4(304 305 316 315)
4(305 306 317 316)
4(306 307 318 317)
4(307 308 319 318)
4(308 309 320 319)
4(310 311 322 321)
4(311 312 323 322)
4(312 313 324 323)
4(313 314 325 324)
4(314 315 326 325)
4(315 316 327 326)
4(316 317 328 327)
4(317 318 329 328)
4(318 319 330 329)
4(319 320 331 330)
)


// ************************************************************************* //
