/*--------------------------------*- C++ -*----------------------------------*\
  =========                 |
  \\      /  F ield         | OpenFOAM: The Open Source CFD Toolbox
   \\    /   O peration     | Website:  https://openfoam.org
    \\  /    A nd           | Version:  6
     \\/     M anipulation  |
\*---------------------------------------------------------------------------*/
FoamFile
{
    version     2.0;
    format      ascii;
    class       labelList;
    note        "nPoints:332  nCells:182  nFaces:672  nInternalFaces:420";
    location    "constant/region566/polyMesh";
    object      neighbour;
}
// * * * * * * * * * * * * * * * * * * * * * * * * * * * * * * * * * * * * * //


420
(
1
3
23
4
24
3
30
4
31
5
32
33
7
10
37
8
11
38
12
39
10
14
42
11
15
43
12
16
44
45
14
18
48
15
19
49
16
20
50
21
51
18
23
55
19
24
56
20
25
57
21
26
58
27
59
23
30
62
24
31
63
25
32
64
26
33
65
27
34
66
35
67
29
69
30
70
31
71
32
72
33
73
34
74
35
75
76
38
79
38
43
82
39
44
83
40
45
84
46
85
42
48
86
43
49
87
44
50
88
45
51
89
46
52
90
53
91
48
55
93
49
56
94
50
57
95
51
58
96
52
59
97
53
60
98
99
55
62
101
56
63
102
57
64
103
58
65
104
59
66
105
60
67
106
68
107
62
70
110
63
71
111
64
72
112
65
73
113
66
74
114
67
75
115
68
76
116
77
117
70
119
71
120
72
121
73
122
74
123
75
124
76
125
77
126
127
79
82
129
80
83
130
84
131
82
87
132
83
88
133
84
89
134
85
90
135
91
136
87
94
138
88
95
139
89
96
140
90
97
141
91
98
142
99
143
93
101
145
94
102
146
95
103
147
96
104
148
97
105
149
98
106
150
99
107
151
108
152
101
110
153
102
111
154
103
112
155
104
113
156
105
114
157
106
115
158
107
116
159
108
117
160
118
161
110
119
162
111
120
163
112
121
164
113
122
165
114
123
166
115
124
167
116
125
168
117
126
169
118
127
170
128
171
120
172
121
173
122
174
123
175
124
176
125
177
126
178
127
179
128
180
181
130
133
131
134
135
133
139
134
140
135
141
136
142
143
138
146
139
147
140
148
141
149
142
150
143
151
144
152
146
154
147
155
148
156
149
157
150
158
151
159
152
160
161
154
163
155
164
156
165
157
166
158
167
159
168
160
169
161
170
171
163
172
164
173
165
174
166
175
167
176
168
177
169
178
170
179
171
180
181
173
174
175
176
177
178
179
180
181
)


// ************************************************************************* //
