/*--------------------------------*- C++ -*----------------------------------*\
  =========                 |
  \\      /  F ield         | OpenFOAM: The Open Source CFD Toolbox
   \\    /   O peration     | Website:  https://openfoam.org
    \\  /    A nd           | Version:  6
     \\/     M anipulation  |
\*---------------------------------------------------------------------------*/
FoamFile
{
    version     2.0;
    format      ascii;
    class       labelList;
    note        "nPoints:332  nCells:182  nFaces:672  nInternalFaces:420";
    location    "constant/region566/polyMesh";
    object      owner;
}
// * * * * * * * * * * * * * * * * * * * * * * * * * * * * * * * * * * * * * //


672
(
0
0
0
1
1
2
2
3
3
4
4
5
6
6
6
7
7
7
8
8
9
9
9
10
10
10
11
11
11
12
13
13
13
14
14
14
15
15
15
16
16
17
17
17
18
18
18
19
19
19
20
20
20
21
21
22
22
22
23
23
23
24
24
24
25
25
25
26
26
26
27
27
28
28
29
29
30
30
31
31
32
32
33
33
34
34
35
36
36
37
37
37
38
38
38
39
39
39
40
40
41
41
41
42
42
42
43
43
43
44
44
44
45
45
45
46
46
47
47
47
48
48
48
49
49
49
50
50
50
51
51
51
52
52
52
53
54
54
54
55
55
55
56
56
56
57
57
57
58
58
58
59
59
59
60
60
61
61
61
62
62
62
63
63
63
64
64
64
65
65
65
66
66
66
67
67
67
68
68
69
69
70
70
71
71
72
72
73
73
74
74
75
75
76
76
77
78
78
78
79
79
79
80
80
81
81
81
82
82
82
83
83
83
84
84
84
85
85
86
86
86
87
87
87
88
88
88
89
89
89
90
90
90
91
91
92
92
92
93
93
93
94
94
94
95
95
95
96
96
96
97
97
97
98
98
98
99
99
100
100
100
101
101
101
102
102
102
103
103
103
104
104
104
105
105
105
106
106
106
107
107
107
108
108
109
109
109
110
110
110
111
111
111
112
112
112
113
113
113
114
114
114
115
115
115
116
116
116
117
117
117
118
118
119
119
120
120
121
121
122
122
123
123
124
124
125
125
126
126
127
127
128
129
129
130
130
131
132
132
133
133
134
134
135
135
136
137
137
138
138
139
139
140
140
141
141
142
142
143
143
145
145
146
146
147
147
148
148
149
149
150
150
151
151
152
153
153
154
154
155
155
156
156
157
157
158
158
159
159
160
160
161
162
162
163
163
164
164
165
165
166
166
167
167
168
168
169
169
170
170
171
172
173
174
175
176
177
178
179
180
28
69
119
172
29
70
120
173
2
30
71
121
174
3
31
72
122
175
4
32
73
123
176
5
33
74
124
177
34
75
125
178
35
76
126
179
77
127
180
128
181
0
1
2
3
4
5
6
7
9
10
13
14
15
0
17
1
18
19
20
0
2
22
1
5
25
28
2
29
6
7
36
8
6
9
9
13
41
13
17
47
17
22
54
28
22
29
61
28
36
36
37
78
36
39
80
40
41
37
42
81
41
47
47
54
92
54
61
100
61
69
109
69
78
79
80
78
81
80
85
81
86
92
86
93
137
92
100
100
109
109
119
129
130
131
129
132
131
136
137
132
138
137
145
145
153
153
162
162
172
8
11
12
16
21
26
27
5
34
35
8
40
12
12
46
16
52
53
21
60
27
68
35
77
40
46
53
53
60
108
68
118
77
128
85
91
144
99
108
118
128
136
144
144
144
152
161
171
181
129
130
131
132
133
134
135
136
137
138
139
140
141
142
143
144
145
146
147
148
149
150
151
152
153
154
155
156
157
158
159
160
161
162
163
164
165
166
167
168
169
170
171
172
173
174
175
176
177
178
179
180
181
)


// ************************************************************************* //
