/*--------------------------------*- C++ -*----------------------------------*\
  =========                 |
  \\      /  F ield         | OpenFOAM: The Open Source CFD Toolbox
   \\    /   O peration     | Website:  https://openfoam.org
    \\  /    A nd           | Version:  6
     \\/     M anipulation  |
\*---------------------------------------------------------------------------*/
FoamFile
{
    version     2.0;
    format      ascii;
    class       labelList;
    location    "constant/region566/polyMesh";
    object      pointRegionAddressing;
}
// * * * * * * * * * * * * * * * * * * * * * * * * * * * * * * * * * * * * * //


332
(
253327
253328
253329
253391
253392
253393
253394
253395
253456
253457
253458
253459
253460
257295
257296
257297
257298
257359
257360
257361
257362
257363
257423
257424
257425
257426
257427
257428
257487
257488
257489
257490
257491
257492
257551
257552
257553
257554
257555
257556
257557
257614
257615
257616
257617
257618
257619
257620
257621
257622
257679
257680
257681
257682
257683
257684
257685
257686
257687
261456
261457
261520
261521
261522
261523
261524
261583
261584
261585
261586
261587
261588
261589
261647
261648
261649
261650
261651
261652
261653
261654
261711
261712
261713
261714
261715
261716
261717
261718
261719
261775
261776
261777
261778
261779
261780
261781
261782
261783
261839
261840
261841
261842
261843
261844
261845
261846
261847
261848
261904
261905
261906
261907
261908
261909
261910
261911
261912
261913
265680
265681
265682
265683
265744
265745
265746
265747
265748
265749
265808
265809
265810
265811
265812
265813
265814
265871
265872
265873
265874
265875
265876
265877
265878
265879
265935
265936
265937
265938
265939
265940
265941
265942
265943
265944
265999
266000
266001
266002
266003
266004
266005
266006
266007
266008
266009
266064
266065
266066
266067
266068
266069
266070
266071
266072
266073
266074
266129
266130
266131
266132
266133
266134
266135
266136
266137
266138
266139
269905
269906
269907
269908
269969
269970
269971
269972
269973
269974
270032
270033
270034
270035
270036
270037
270038
270039
270040
270096
270097
270098
270099
270100
270101
270102
270103
270104
270105
270160
270161
270162
270163
270164
270165
270166
270167
270168
270169
270224
270225
270226
270227
270228
270229
270230
270231
270232
270233
270234
270289
270290
270291
270292
270293
270294
270295
270296
270297
270298
270299
270354
270355
270356
270357
270358
270359
270360
270361
270362
270363
270364
274130
274131
274132
274133
274194
274195
274196
274197
274198
274199
274257
274258
274259
274260
274261
274262
274263
274264
274265
274321
274322
274323
274324
274325
274326
274327
274328
274329
274330
274385
274386
274387
274388
274389
274390
274391
274392
274393
274394
274449
274450
274451
274452
274453
274454
274455
274456
274457
274458
274459
274514
274515
274516
274517
274518
274519
274520
274521
274522
274523
274524
274579
274580
274581
274582
274583
274584
274585
274586
274587
274588
274589
)


// ************************************************************************* //
