/*--------------------------------*- C++ -*----------------------------------*\
  =========                 |
  \\      /  F ield         | OpenFOAM: The Open Source CFD Toolbox
   \\    /   O peration     | Website:  https://openfoam.org
    \\  /    A nd           | Version:  6
     \\/     M anipulation  |
\*---------------------------------------------------------------------------*/
FoamFile
{
    version     2.0;
    format      ascii;
    class       faceList;
    location    "constant/region531/polyMesh";
    object      faces;
}
// * * * * * * * * * * * * * * * * * * * * * * * * * * * * * * * * * * * * * //


406
(
4(1 4 23 19)
4(3 22 23 4)
4(18 19 23 22)
4(19 20 24 23)
4(22 23 27 26)
4(33 34 38 37)
4(65 66 68 67)
4(20 75 76 21)
4(71 72 76 75)
4(19 23 79 74)
4(22 78 79 23)
4(73 74 79 78)
4(20 24 80 75)
4(23 79 80 24)
4(74 75 80 79)
4(24 80 81 25)
4(75 76 81 80)
4(23 27 84 79)
4(24 28 85 80)
4(79 80 85 84)
4(80 81 86 85)
4(31 34 94 91)
4(33 93 94 34)
4(90 91 94 93)
4(34 94 95 35)
4(91 92 95 94)
4(34 38 98 94)
4(37 97 98 38)
4(93 94 98 97)
4(35 39 99 95)
4(38 98 99 39)
4(94 95 99 98)
4(39 99 100 40)
4(38 42 102 98)
4(41 101 102 42)
4(39 43 103 99)
4(98 99 103 102)
4(99 100 104 103)
4(48 52 118 113)
4(112 113 118 117)
4(52 118 119 53)
4(113 114 119 118)
4(116 117 123 122)
4(53 59 125 119)
4(118 119 125 124)
4(119 120 126 125)
4(121 122 128 127)
4(65 134 135 66)
4(131 132 135 134)
4(67 137 138 68)
4(134 135 138 137)
4(69 140 141 70)
4(137 138 141 140)
4(71 143 144 72)
4(140 141 144 143)
4(75 147 148 76)
4(143 144 148 147)
4(74 79 151 146)
4(145 146 151 150)
4(75 80 152 147)
4(79 151 152 80)
4(146 147 152 151)
4(80 152 153 81)
4(147 148 153 152)
4(149 150 155 154)
4(80 85 157 152)
4(151 152 157 156)
4(152 153 158 157)
4(88 91 175 171)
4(90 174 175 91)
4(170 171 175 174)
4(91 175 176 92)
4(91 94 179 175)
4(93 178 179 94)
4(174 175 179 178)
4(94 179 180 95)
4(94 98 183 179)
4(178 179 183 182)
4(98 183 184 99)
4(99 103 187 184)
4(183 184 187 186)
4(110 192 193 111)
4(110 114 196 192)
4(113 195 196 114)
4(114 196 197 115)
4(113 118 200 195)
4(117 199 200 118)
4(114 119 201 196)
4(118 200 201 119)
4(119 201 202 120)
4(117 123 205 199)
4(122 204 205 123)
4(118 124 206 200)
4(123 205 206 124)
4(119 125 207 201)
4(124 206 207 125)
4(125 207 208 126)
4(122 128 210 204)
4(123 129 211 205)
4(124 130 212 206)
4(125 131 213 207)
4(130 212 213 131)
4(131 213 214 132)
4(131 134 216 213)
4(133 215 216 134)
4(134 216 217 135)
4(134 137 219 216)
4(137 219 220 138)
4(140 222 223 141)
4(140 143 225 222)
4(142 224 225 143)
4(143 225 226 144)
4(143 147 229 225)
4(146 228 229 147)
4(147 229 230 148)
4(146 151 233 228)
4(150 232 233 151)
4(147 152 234 229)
4(151 233 234 152)
4(152 234 235 153)
4(150 155 237 232)
4(154 236 237 155)
4(151 156 238 233)
4(152 157 239 234)
4(159 241 242 160)
4(161 243 244 162)
4(163 245 246 164)
4(164 167 249 246)
4(166 248 249 167)
4(167 249 250 168)
4(167 170 252 249)
4(169 251 252 170)
4(170 252 253 171)
4(170 174 255 252)
4(173 254 255 174)
4(174 255 256 175)
4(174 178 258 255)
4(177 257 258 178)
4(178 258 259 179)
4(178 182 261 258)
4(13 15 68 66)
4(17 21 76 72)
4(21 25 81 76)
4(25 29 86 81)
4(36 40 100 96)
4(40 44 104 100)
4(54 60 126 120)
4(64 66 135 132)
4(66 68 138 135)
4(68 70 141 138)
4(70 72 144 141)
4(72 76 148 144)
4(76 81 153 148)
4(81 86 158 153)
4(100 104 188 185)
4(108 111 193 190)
4(111 115 197 193)
4(115 120 202 197)
4(120 126 208 202)
4(126 132 214 208)
4(132 135 217 214)
4(135 138 220 217)
4(138 141 223 220)
4(141 144 226 223)
4(144 148 230 226)
4(148 153 235 230)
4(153 158 240 235)
4(95 96 100 99)
4(89 92 176 172)
4(171 172 176 175)
4(92 95 180 176)
4(175 176 180 179)
4(95 99 184 180)
4(179 180 184 183)
4(99 100 185 184)
4(184 185 188 187)
4(171 175 256 253)
4(175 179 259 256)
4(179 183 262 259)
4(183 184 263 262)
4(184 187 265 263)
4(189 190 193 192)
4(191 192 196 195)
4(192 193 197 196)
4(194 195 200 199)
4(195 196 201 200)
4(196 197 202 201)
4(198 199 205 204)
4(199 200 206 205)
4(200 201 207 206)
4(201 202 208 207)
4(203 204 210 209)
4(204 205 211 210)
4(205 206 212 211)
4(206 207 213 212)
4(207 208 214 213)
4(212 213 216 215)
4(213 214 217 216)
4(215 216 219 218)
4(216 217 220 219)
4(219 220 223 222)
4(221 222 225 224)
4(222 223 226 225)
4(224 225 229 228)
4(225 226 230 229)
4(227 228 233 232)
4(228 229 234 233)
4(229 230 235 234)
4(231 232 237 236)
4(232 233 238 237)
4(233 234 239 238)
4(234 235 240 239)
4(236 237 242 241)
4(241 242 244 243)
4(243 244 246 245)
4(245 246 249 248)
4(246 247 250 249)
4(248 249 252 251)
4(249 250 253 252)
4(251 252 255 254)
4(252 253 256 255)
4(254 255 258 257)
4(255 256 259 258)
4(257 258 261 260)
4(258 259 262 261)
4(262 263 265 264)
4(0 3 4 1)
4(1 4 5 2)
4(3 6 7 4)
4(0 1 19 18)
4(1 2 20 19)
4(0 18 22 3)
4(3 22 26 6)
4(8 33 37 10)
4(18 19 74 73)
4(16 71 75 20)
4(19 20 75 74)
4(18 73 78 22)
4(22 78 83 26)
4(77 82 83 78)
4(30 90 93 33)
4(33 93 97 37)
4(37 97 101 41)
4(41 101 105 45)
4(65 134 137 67)
4(133 136 137 134)
4(67 137 140 69)
4(69 140 143 71)
4(139 142 143 140)
4(73 74 146 145)
4(71 143 147 75)
4(74 75 147 146)
4(142 146 147 143)
4(73 145 150 78)
4(77 78 150 149)
4(77 149 154 82)
4(163 166 167 164)
4(166 169 170 167)
4(87 170 174 90)
4(169 173 174 170)
4(90 174 178 93)
4(173 177 178 174)
4(93 178 182 97)
4(177 181 182 178)
4(127 209 210 128)
4(128 210 211 129)
4(129 211 212 130)
4(130 212 215 133)
4(133 215 218 136)
4(136 218 219 137)
4(137 219 222 140)
4(139 140 222 221)
4(139 221 224 142)
4(142 224 228 146)
4(145 146 228 227)
4(145 227 232 150)
4(149 150 232 231)
4(149 231 236 154)
4(154 236 241 159)
4(159 241 243 161)
4(161 243 245 163)
4(163 245 248 166)
4(166 248 251 169)
4(169 251 254 173)
4(173 254 257 177)
4(177 257 260 181)
4(8 10 11 9)
4(12 14 15 13)
4(16 20 21 17)
4(2 5 24 20)
4(4 23 24 5)
4(20 24 25 21)
4(4 7 27 23)
4(6 26 27 7)
4(23 27 28 24)
4(24 28 29 25)
4(8 9 34 33)
4(30 33 34 31)
4(31 34 35 32)
4(9 11 38 34)
4(10 37 38 11)
4(34 38 39 35)
4(35 39 40 36)
4(37 41 42 38)
4(38 42 43 39)
4(39 43 44 40)
4(41 45 46 42)
4(47 51 52 48)
4(48 52 53 49)
4(50 56 57 51)
4(52 58 59 53)
4(53 59 60 54)
4(55 61 62 56)
4(12 13 66 65)
4(63 65 66 64)
4(12 65 67 14)
4(14 67 68 15)
4(67 69 70 68)
4(16 17 72 71)
4(69 71 72 70)
4(26 83 84 27)
4(78 79 84 83)
4(27 84 85 28)
4(28 85 86 29)
4(30 31 91 90)
4(87 90 91 88)
4(31 32 92 91)
4(88 91 92 89)
4(32 35 95 92)
4(35 36 96 95)
4(97 98 102 101)
4(42 102 103 43)
4(43 103 104 44)
4(42 46 106 102)
4(45 105 106 46)
4(101 102 106 105)
4(107 110 111 108)
4(47 48 113 112)
4(48 49 114 113)
4(109 113 114 110)
4(110 114 115 111)
4(47 112 117 51)
4(50 51 117 116)
4(51 117 118 52)
4(49 53 119 114)
4(53 54 120 119)
4(114 119 120 115)
4(50 116 122 56)
4(55 56 122 121)
4(51 57 123 117)
4(56 122 123 57)
4(52 118 124 58)
4(117 123 124 118)
4(58 124 125 59)
4(59 125 126 60)
4(55 121 127 61)
4(56 62 128 122)
4(61 127 128 62)
4(122 128 129 123)
4(123 129 130 124)
4(124 130 131 125)
4(63 64 132 131)
4(125 131 132 126)
4(63 131 134 65)
4(130 133 134 131)
4(78 150 151 79)
4(78 83 155 150)
4(82 154 155 83)
4(79 151 156 84)
4(150 155 156 151)
4(84 156 157 85)
4(85 157 158 86)
4(154 159 160 155)
4(159 161 162 160)
4(161 163 164 162)
4(164 167 168 165)
4(87 88 171 170)
4(167 170 171 168)
4(88 89 172 171)
4(97 182 183 98)
4(98 183 186 102)
4(102 186 187 103)
4(103 187 188 104)
4(107 108 190 189)
4(107 189 192 110)
4(109 110 192 191)
4(109 191 195 113)
4(112 113 195 194)
4(112 194 199 117)
4(116 117 199 198)
4(116 198 204 122)
4(121 122 204 203)
4(121 203 209 127)
4(155 237 238 156)
4(156 238 239 157)
4(157 239 240 158)
4(155 160 242 237)
4(160 162 244 242)
4(162 164 246 244)
4(164 165 247 246)
4(165 168 250 247)
4(168 171 253 250)
4(181 260 261 182)
4(182 261 262 183)
4(183 262 264 186)
4(186 264 265 187)
)


// ************************************************************************* //
