/*--------------------------------*- C++ -*----------------------------------*\
  =========                 |
  \\      /  F ield         | OpenFOAM: The Open Source CFD Toolbox
   \\    /   O peration     | Website:  https://openfoam.org
    \\  /    A nd           | Version:  6
     \\/     M anipulation  |
\*---------------------------------------------------------------------------*/
FoamFile
{
    version     2.0;
    format      ascii;
    class       labelList;
    location    "constant/region531/polyMesh";
    object      faceRegionAddressing;
}
// * * * * * * * * * * * * * * * * * * * * * * * * * * * * * * * * * * * * * //


406
(
733795
733796
733797
733800
733988
735516
745198
745770
745771
745955
745956
745957
745958
745959
745960
745961
745962
746146
746149
746151
746153
747483
747484
747485
747487
747488
747674
747675
747676
747677
747678
747679
747680
747865
747866
747868
747870
747872
756587
756589
756591
756592
756777
756781
756783
756785
756965
757166
757167
757357
757358
757548
757549
757739
757740
757930
757931
758115
758117
758118
758119
758120
758121
758122
758305
758309
758311
758313
759452
759453
759454
759456
759643
759644
759645
759647
759834
759836
759838
760028
760030
768371
768559
768560
768562
768747
768748
768750
768751
768753
768935
768936
768938
768939
768941
768942
768944
769123
769126
769129
769132
769133
769135
769323
769324
769326
769514
769517
769708
769896
769897
769899
770087
770088
770090
770275
770276
770278
770279
770281
770463
770464
770466
770469
770655
770846
771037
771227
771228
771231
771418
771419
771422
771609
771610
771613
771800
771801
771804
771991
913874
913877
913878
913879
913887
913888
913935
913937
913938
913939
913940
913941
913942
913943
913952
913996
913997
913998
913999
914000
914001
914002
914003
914004
914005
914006
914007
747681
759455
759457
759646
759648
759837
759839
-759840
760032
771612
771803
771994
-771998
772188
768372
768561
768563
768749
768752
768754
768937
768940
768943
768945
769125
769128
769131
769134
769136
769325
769327
769516
769518
769709
769898
769900
770089
770091
770277
770280
770282
770465
770468
770471
770473
770656
770847
771038
771229
771232
771420
771423
771611
771614
771802
771805
771993
771996
772190
-721637
-721640
-721828
-733605
-733608
-733792
-733983
-735511
-745765
-745767
-745768
-745952
-746143
-746145
-747480
-747671
-747862
-748053
-757354
-757356
-757545
-757736
-757738
-757925
-757927
-757928
-757929
-758112
-758113
-758300
-759069
-759260
-759449
-759451
-759640
-759642
-759831
-759833
769124
769127
769130
-769320
-769511
769515
-769705
-769706
-769893
-770084
-770085
-770272
-770273
-770460
-770651
-770842
-771033
-771224
-771415
-771606
-771797
-771988
-723356
-733038
-733611
733798
733799
-733802
733986
733987
-733991
-733993
-735324
-735325
-735328
735514
735515
-735519
-735521
-735707
-735710
-735712
-735898
-744429
-744432
-744617
-744623
-744625
-744805
-745006
-745007
-745194
745197
-745389
-745579
-745580
746147
746148
746150
746152
-747293
-747294
-747296
-747297
747486
-747489
747867
747869
747871
748056
748057
748058
-756212
-756397
-756400
-756401
-756403
-756584
-756585
756588
756590
-756593
-756594
-756772
-756773
756775
756776
-756778
-756780
756782
756784
-756960
756963
756964
-756968
-756971
-756974
-756975
-756976
-757163
-757165
758116
758303
758304
-758306
-758308
758310
758312
-758496
-758687
-758878
-759072
-759262
-759263
-759265
759835
-760025
760029
760031
-768180
-768368
-768369
-768556
-768557
-768744
-768745
-768932
-768933
-769120
770467
770470
770472
770654
770845
771036
-771040
771230
771421
771992
771995
-772185
772189
)


// ************************************************************************* //
