/*--------------------------------*- C++ -*----------------------------------*\
  =========                 |
  \\      /  F ield         | OpenFOAM: The Open Source CFD Toolbox
   \\    /   O peration     | Website:  https://openfoam.org
    \\  /    A nd           | Version:  6
     \\/     M anipulation  |
\*---------------------------------------------------------------------------*/
FoamFile
{
    version     2.0;
    format      ascii;
    class       labelList;
    note        "nPoints:266  nCells:91  nFaces:406  nInternalFaces:140";
    location    "constant/region531/polyMesh";
    object      owner;
}
// * * * * * * * * * * * * * * * * * * * * * * * * * * * * * * * * * * * * * //


406
(
0
0
0
1
2
3
4
5
5
6
6
6
7
7
7
8
8
9
10
10
11
12
12
12
13
13
14
14
14
15
15
15
16
17
17
18
18
19
21
21
22
22
23
24
24
25
26
27
27
28
28
29
29
30
30
31
31
32
32
33
33
33
34
34
35
36
36
37
38
38
38
39
40
40
40
41
42
42
43
44
44
46
47
47
48
49
49
50
50
51
52
52
53
53
54
54
55
56
57
58
59
59
60
61
61
62
63
64
65
66
66
67
68
68
69
70
70
71
71
72
73
73
74
75
77
78
79
80
80
81
82
82
83
84
84
85
86
86
87
88
4
5
8
11
16
19
25
27
28
29
30
31
34
37
45
46
48
51
55
60
62
64
65
67
69
72
76
16
39
39
41
41
43
43
45
45
85
87
89
90
90
46
47
48
49
50
51
52
53
54
55
56
57
58
59
60
61
62
63
64
65
66
67
68
69
70
71
72
73
74
75
76
77
78
79
80
81
82
83
84
85
86
87
88
89
90
0
1
2
0
1
0
2
3
6
5
7
6
9
35
12
14
17
20
28
63
29
30
66
32
31
33
68
32
35
35
80
82
38
84
40
86
42
88
56
57
58
61
63
63
65
66
66
68
70
70
73
73
77
78
79
80
82
84
86
88
3
4
5
1
1
8
2
2
10
11
3
12
13
3
3
15
16
17
18
19
20
21
22
23
24
25
26
4
27
4
4
29
5
30
9
9
10
11
12
38
13
39
13
16
17
18
19
20
20
20
46
21
22
47
48
21
23
21
22
25
51
23
26
23
23
24
53
24
25
26
26
26
57
58
59
27
60
27
61
32
35
35
36
74
36
37
77
78
79
81
38
83
39
42
44
44
45
46
46
47
47
49
49
52
52
56
56
74
75
76
77
78
79
81
81
83
88
89
90
90
)


// ************************************************************************* //
