/*--------------------------------*- C++ -*----------------------------------*\
  =========                 |
  \\      /  F ield         | OpenFOAM: The Open Source CFD Toolbox
   \\    /   O peration     | Website:  https://openfoam.org
    \\  /    A nd           | Version:  6
     \\/     M anipulation  |
\*---------------------------------------------------------------------------*/
FoamFile
{
    version     2.0;
    format      ascii;
    class       labelList;
    location    "constant/region531/polyMesh";
    object      pointRegionAddressing;
}
// * * * * * * * * * * * * * * * * * * * * * * * * * * * * * * * * * * * * * //


266
(
254926
254927
254928
254991
254992
254993
255056
255057
255511
255512
255576
255577
258893
258894
258958
258959
259088
259089
259151
259152
259153
259154
259216
259217
259218
259219
259281
259282
259283
259284
259671
259672
259673
259736
259737
259738
259739
259801
259802
259803
259804
259866
259867
259868
259869
259931
259932
262856
262857
262858
262920
262921
262922
262923
262924
262984
262985
262986
262987
262988
262989
263049
263050
263053
263054
263118
263119
263183
263184
263248
263249
263313
263314
263376
263377
263378
263379
263440
263441
263442
263443
263444
263505
263506
263507
263508
263509
263831
263832
263833
263896
263897
263898
263961
263962
263963
263964
264026
264027
264028
264029
264091
264092
264093
264094
264156
264157
266953
266954
267017
267018
267019
267081
267082
267083
267084
267145
267146
267147
267148
267149
267209
267210
267211
267212
267213
267214
267274
267275
267276
267277
267278
267279
267342
267343
267344
267407
267408
267409
267472
267473
267474
267537
267538
267539
267601
267602
267603
267604
267665
267666
267667
267668
267669
267730
267731
267732
267733
267734
267795
267796
267860
267861
267925
267926
267927
267990
267991
267992
268055
268056
268057
268058
268120
268121
268122
268123
268185
268186
268187
268188
268250
268251
268252
268253
268254
268317
268318
268319
271178
271179
271242
271243
271244
271306
271307
271308
271309
271370
271371
271372
271373
271374
271434
271435
271436
271437
271438
271439
271499
271500
271501
271502
271503
271504
271567
271568
271569
271632
271633
271634
271697
271698
271699
271762
271763
271764
271826
271827
271828
271829
271890
271891
271892
271893
271894
271955
271956
271957
271958
271959
272020
272021
272085
272086
272150
272151
272152
272215
272216
272217
272280
272281
272282
272345
272346
272347
272410
272411
272412
272475
272476
272477
272478
272542
272543
)


// ************************************************************************* //
