/*--------------------------------*- C++ -*----------------------------------*\
  =========                 |
  \\      /  F ield         | OpenFOAM: The Open Source CFD Toolbox
   \\    /   O peration     | Website:  https://openfoam.org
    \\  /    A nd           | Version:  6
     \\/     M anipulation  |
\*---------------------------------------------------------------------------*/
FoamFile
{
    version     2.0;
    format      ascii;
    class       vectorField;
    location    "constant/region531/polyMesh";
    object      points;
}
// * * * * * * * * * * * * * * * * * * * * * * * * * * * * * * * * * * * * * //


266
(
(3.964999999999999e-06 1.365e-06 3.9e-06)
(4.03e-06 1.365e-06 3.900000000000001e-06)
(4.095e-06 1.365e-06 3.9e-06)
(3.964999999999999e-06 1.43e-06 3.9e-06)
(4.03e-06 1.43e-06 3.9e-06)
(4.095e-06 1.43e-06 3.9e-06)
(3.965e-06 1.495e-06 3.9e-06)
(4.03e-06 1.495e-06 3.9e-06)
(3.964999999999999e-06 1.95e-06 3.9e-06)
(4.03e-06 1.95e-06 3.9e-06)
(3.964999999999999e-06 2.015e-06 3.9e-06)
(4.03e-06 2.015e-06 3.900000000000001e-06)
(4.095000000000001e-06 1.105e-06 3.964999999999999e-06)
(4.16e-06 1.105e-06 3.964999999999999e-06)
(4.095000000000001e-06 1.17e-06 3.965e-06)
(4.16e-06 1.17e-06 3.965e-06)
(4.095000000000001e-06 1.3e-06 3.965e-06)
(4.16e-06 1.3e-06 3.964999999999999e-06)
(3.965e-06 1.365e-06 3.964999999999999e-06)
(4.03e-06 1.365e-06 3.965e-06)
(4.095000000000001e-06 1.365e-06 3.964999999999999e-06)
(4.16e-06 1.365e-06 3.964999999999999e-06)
(3.964999999999999e-06 1.43e-06 3.964999999999999e-06)
(4.03e-06 1.43e-06 3.965e-06)
(4.095000000000001e-06 1.43e-06 3.964999999999999e-06)
(4.16e-06 1.43e-06 3.964999999999999e-06)
(3.965e-06 1.495e-06 3.965e-06)
(4.03e-06 1.495e-06 3.964999999999999e-06)
(4.095e-06 1.495e-06 3.965e-06)
(4.16e-06 1.495e-06 3.965e-06)
(3.965e-06 1.885e-06 3.964999999999999e-06)
(4.03e-06 1.885e-06 3.965e-06)
(4.095000000000001e-06 1.885e-06 3.965e-06)
(3.964999999999999e-06 1.95e-06 3.964999999999999e-06)
(4.03e-06 1.95e-06 3.965e-06)
(4.095000000000001e-06 1.95e-06 3.964999999999999e-06)
(4.16e-06 1.95e-06 3.964999999999999e-06)
(3.964999999999999e-06 2.015e-06 3.965e-06)
(4.03e-06 2.015e-06 3.965e-06)
(4.095000000000001e-06 2.015e-06 3.965e-06)
(4.16e-06 2.015e-06 3.964999999999999e-06)
(3.965e-06 2.08e-06 3.964999999999999e-06)
(4.03e-06 2.08e-06 3.964999999999999e-06)
(4.095e-06 2.08e-06 3.965e-06)
(4.16e-06 2.08e-06 3.965e-06)
(3.965e-06 2.145e-06 3.965e-06)
(4.03e-06 2.145e-06 3.965e-06)
(3.965e-06 8.449999999999999e-07 4.03e-06)
(4.03e-06 8.450000000000001e-07 4.03e-06)
(4.095e-06 8.449999999999999e-07 4.03e-06)
(3.9e-06 9.1e-07 4.03e-06)
(3.965e-06 9.1e-07 4.03e-06)
(4.03e-06 9.1e-07 4.03e-06)
(4.095e-06 9.1e-07 4.03e-06)
(4.16e-06 9.1e-07 4.03e-06)
(3.835000000000001e-06 9.75e-07 4.03e-06)
(3.9e-06 9.75e-07 4.03e-06)
(3.964999999999999e-06 9.75e-07 4.03e-06)
(4.03e-06 9.75e-07 4.03e-06)
(4.095e-06 9.75e-07 4.03e-06)
(4.16e-06 9.75e-07 4.03e-06)
(3.835000000000001e-06 1.04e-06 4.03e-06)
(3.9e-06 1.04e-06 4.03e-06)
(4.095e-06 1.04e-06 4.03e-06)
(4.16e-06 1.04e-06 4.03e-06)
(4.095e-06 1.105e-06 4.03e-06)
(4.16e-06 1.105e-06 4.03e-06)
(4.095e-06 1.17e-06 4.03e-06)
(4.16e-06 1.17e-06 4.03e-06)
(4.095e-06 1.235e-06 4.03e-06)
(4.16e-06 1.235e-06 4.03e-06)
(4.095e-06 1.3e-06 4.03e-06)
(4.16e-06 1.3e-06 4.03e-06)
(3.964999999999999e-06 1.365e-06 4.03e-06)
(4.03e-06 1.365e-06 4.03e-06)
(4.095e-06 1.365e-06 4.03e-06)
(4.16e-06 1.365e-06 4.03e-06)
(3.9e-06 1.43e-06 4.03e-06)
(3.964999999999999e-06 1.43e-06 4.03e-06)
(4.03e-06 1.43e-06 4.03e-06)
(4.095e-06 1.43e-06 4.030000000000001e-06)
(4.16e-06 1.43e-06 4.03e-06)
(3.9e-06 1.495e-06 4.03e-06)
(3.965e-06 1.495e-06 4.03e-06)
(4.03e-06 1.495e-06 4.03e-06)
(4.095e-06 1.495e-06 4.03e-06)
(4.16e-06 1.495e-06 4.03e-06)
(3.965e-06 1.82e-06 4.03e-06)
(4.03e-06 1.82e-06 4.03e-06)
(4.095e-06 1.82e-06 4.03e-06)
(3.965e-06 1.885e-06 4.03e-06)
(4.03e-06 1.885e-06 4.03e-06)
(4.095e-06 1.885e-06 4.03e-06)
(3.964999999999999e-06 1.95e-06 4.03e-06)
(4.03e-06 1.95e-06 4.03e-06)
(4.095e-06 1.95e-06 4.03e-06)
(4.16e-06 1.95e-06 4.03e-06)
(3.964999999999999e-06 2.015e-06 4.03e-06)
(4.03e-06 2.015e-06 4.030000000000001e-06)
(4.095e-06 2.015e-06 4.03e-06)
(4.16e-06 2.015e-06 4.03e-06)
(3.964999999999999e-06 2.08e-06 4.03e-06)
(4.03e-06 2.08e-06 4.03e-06)
(4.095e-06 2.08e-06 4.03e-06)
(4.16e-06 2.08e-06 4.03e-06)
(3.964999999999999e-06 2.145e-06 4.03e-06)
(4.03e-06 2.145e-06 4.03e-06)
(4.095e-06 7.149999999999999e-07 4.095000000000001e-06)
(4.16e-06 7.150000000000001e-07 4.095e-06)
(4.03e-06 7.799999999999998e-07 4.095e-06)
(4.095000000000001e-06 7.800000000000002e-07 4.095000000000001e-06)
(4.159999999999999e-06 7.799999999999998e-07 4.095e-06)
(3.964999999999999e-06 8.449999999999999e-07 4.095e-06)
(4.03e-06 8.450000000000001e-07 4.095000000000001e-06)
(4.095000000000001e-06 8.449999999999999e-07 4.095000000000001e-06)
(4.16e-06 8.450000000000001e-07 4.095e-06)
(3.9e-06 9.099999999999998e-07 4.095e-06)
(3.964999999999999e-06 9.1e-07 4.095e-06)
(4.03e-06 9.1e-07 4.095000000000001e-06)
(4.095000000000001e-06 9.1e-07 4.095000000000001e-06)
(4.16e-06 9.1e-07 4.095e-06)
(3.835000000000001e-06 9.75e-07 4.095e-06)
(3.9e-06 9.75e-07 4.095e-06)
(3.965e-06 9.75e-07 4.095e-06)
(4.03e-06 9.75e-07 4.095e-06)
(4.095e-06 9.75e-07 4.095000000000001e-06)
(4.16e-06 9.75e-07 4.095e-06)
(3.835000000000001e-06 1.04e-06 4.095e-06)
(3.9e-06 1.04e-06 4.095e-06)
(3.965e-06 1.04e-06 4.095e-06)
(4.03e-06 1.04e-06 4.095000000000001e-06)
(4.095e-06 1.04e-06 4.095e-06)
(4.16e-06 1.04e-06 4.095e-06)
(4.03e-06 1.105e-06 4.095000000000001e-06)
(4.095000000000001e-06 1.105e-06 4.095e-06)
(4.16e-06 1.105e-06 4.095e-06)
(4.03e-06 1.17e-06 4.095e-06)
(4.095000000000001e-06 1.17e-06 4.095000000000001e-06)
(4.16e-06 1.17e-06 4.095000000000001e-06)
(4.03e-06 1.235e-06 4.095000000000001e-06)
(4.095e-06 1.235e-06 4.095000000000001e-06)
(4.16e-06 1.235e-06 4.095e-06)
(4.03e-06 1.3e-06 4.095000000000001e-06)
(4.095000000000001e-06 1.3e-06 4.095000000000001e-06)
(4.16e-06 1.3e-06 4.095e-06)
(3.965e-06 1.365e-06 4.095e-06)
(4.03e-06 1.365e-06 4.095e-06)
(4.095000000000001e-06 1.365e-06 4.095000000000001e-06)
(4.16e-06 1.365e-06 4.095000000000001e-06)
(3.9e-06 1.43e-06 4.095000000000001e-06)
(3.965e-06 1.43e-06 4.095e-06)
(4.03e-06 1.43e-06 4.095000000000001e-06)
(4.095000000000001e-06 1.43e-06 4.095e-06)
(4.16e-06 1.43e-06 4.095000000000001e-06)
(3.9e-06 1.495e-06 4.095e-06)
(3.965e-06 1.495e-06 4.095000000000001e-06)
(4.03e-06 1.495e-06 4.095000000000001e-06)
(4.095e-06 1.495e-06 4.095e-06)
(4.16e-06 1.495e-06 4.095e-06)
(3.9e-06 1.56e-06 4.095000000000001e-06)
(3.964999999999999e-06 1.56e-06 4.095e-06)
(3.9e-06 1.625e-06 4.095e-06)
(3.965e-06 1.625e-06 4.095e-06)
(3.9e-06 1.69e-06 4.095e-06)
(3.965e-06 1.69e-06 4.095000000000001e-06)
(4.03e-06 1.69e-06 4.095000000000001e-06)
(3.9e-06 1.755e-06 4.095000000000001e-06)
(3.964999999999999e-06 1.755e-06 4.095e-06)
(4.03e-06 1.755e-06 4.095e-06)
(3.9e-06 1.82e-06 4.095e-06)
(3.964999999999999e-06 1.82e-06 4.095000000000001e-06)
(4.03e-06 1.82e-06 4.095e-06)
(4.095000000000001e-06 1.82e-06 4.095000000000001e-06)
(3.9e-06 1.885e-06 4.095000000000001e-06)
(3.965e-06 1.885e-06 4.095e-06)
(4.03e-06 1.885e-06 4.095000000000001e-06)
(4.095000000000001e-06 1.885e-06 4.095e-06)
(3.9e-06 1.95e-06 4.095000000000001e-06)
(3.965e-06 1.95e-06 4.095000000000001e-06)
(4.03e-06 1.95e-06 4.095e-06)
(4.095000000000001e-06 1.95e-06 4.095000000000001e-06)
(3.9e-06 2.015e-06 4.095e-06)
(3.964999999999999e-06 2.015e-06 4.095e-06)
(4.03e-06 2.015e-06 4.095e-06)
(4.095000000000001e-06 2.015e-06 4.095000000000001e-06)
(4.16e-06 2.015e-06 4.095e-06)
(4.03e-06 2.08e-06 4.095e-06)
(4.095e-06 2.08e-06 4.095e-06)
(4.16e-06 2.08e-06 4.095e-06)
(4.095e-06 7.149999999999999e-07 4.16e-06)
(4.16e-06 7.150000000000001e-07 4.16e-06)
(4.03e-06 7.799999999999998e-07 4.159999999999999e-06)
(4.095e-06 7.800000000000002e-07 4.159999999999999e-06)
(4.159999999999999e-06 7.799999999999998e-07 4.159999999999999e-06)
(3.964999999999999e-06 8.449999999999999e-07 4.16e-06)
(4.03e-06 8.450000000000001e-07 4.16e-06)
(4.095e-06 8.449999999999999e-07 4.160000000000001e-06)
(4.16e-06 8.450000000000001e-07 4.16e-06)
(3.9e-06 9.1e-07 4.16e-06)
(3.965e-06 9.1e-07 4.16e-06)
(4.03e-06 9.1e-07 4.16e-06)
(4.095e-06 9.1e-07 4.16e-06)
(4.16e-06 9.1e-07 4.16e-06)
(3.835000000000001e-06 9.75e-07 4.159999999999999e-06)
(3.9e-06 9.75e-07 4.16e-06)
(3.965e-06 9.75e-07 4.159999999999999e-06)
(4.03e-06 9.75e-07 4.160000000000001e-06)
(4.095e-06 9.75e-07 4.159999999999999e-06)
(4.16e-06 9.75e-07 4.16e-06)
(3.835000000000001e-06 1.04e-06 4.160000000000001e-06)
(3.9e-06 1.04e-06 4.16e-06)
(3.965e-06 1.04e-06 4.160000000000001e-06)
(4.03e-06 1.04e-06 4.160000000000001e-06)
(4.095e-06 1.04e-06 4.16e-06)
(4.16e-06 1.04e-06 4.16e-06)
(4.03e-06 1.105e-06 4.16e-06)
(4.095e-06 1.105e-06 4.16e-06)
(4.16e-06 1.105e-06 4.16e-06)
(4.03e-06 1.17e-06 4.16e-06)
(4.095e-06 1.17e-06 4.16e-06)
(4.16e-06 1.17e-06 4.16e-06)
(4.03e-06 1.235e-06 4.160000000000001e-06)
(4.095e-06 1.235e-06 4.159999999999999e-06)
(4.16e-06 1.235e-06 4.16e-06)
(4.03e-06 1.3e-06 4.16e-06)
(4.095e-06 1.3e-06 4.159999999999999e-06)
(4.16e-06 1.3e-06 4.16e-06)
(3.964999999999999e-06 1.365e-06 4.16e-06)
(4.03e-06 1.365e-06 4.16e-06)
(4.095e-06 1.365e-06 4.16e-06)
(4.16e-06 1.365e-06 4.16e-06)
(3.9e-06 1.43e-06 4.16e-06)
(3.964999999999999e-06 1.43e-06 4.16e-06)
(4.03e-06 1.43e-06 4.16e-06)
(4.095e-06 1.43e-06 4.16e-06)
(4.16e-06 1.43e-06 4.16e-06)
(3.9e-06 1.495e-06 4.16e-06)
(3.965e-06 1.495e-06 4.16e-06)
(4.03e-06 1.495e-06 4.16e-06)
(4.095e-06 1.495e-06 4.159999999999999e-06)
(4.16e-06 1.495e-06 4.16e-06)
(3.9e-06 1.56e-06 4.16e-06)
(3.965e-06 1.56e-06 4.159999999999999e-06)
(3.9e-06 1.625e-06 4.16e-06)
(3.965e-06 1.625e-06 4.16e-06)
(3.9e-06 1.69e-06 4.16e-06)
(3.965e-06 1.69e-06 4.16e-06)
(4.03e-06 1.69e-06 4.16e-06)
(3.9e-06 1.755e-06 4.16e-06)
(3.964999999999999e-06 1.755e-06 4.160000000000001e-06)
(4.03e-06 1.755e-06 4.16e-06)
(3.9e-06 1.82e-06 4.16e-06)
(3.964999999999999e-06 1.82e-06 4.16e-06)
(4.03e-06 1.82e-06 4.16e-06)
(3.9e-06 1.885e-06 4.16e-06)
(3.965e-06 1.885e-06 4.16e-06)
(4.03e-06 1.885e-06 4.159999999999999e-06)
(3.9e-06 1.95e-06 4.16e-06)
(3.964999999999999e-06 1.95e-06 4.160000000000001e-06)
(4.03e-06 1.95e-06 4.159999999999999e-06)
(3.9e-06 2.015e-06 4.16e-06)
(3.964999999999999e-06 2.015e-06 4.159999999999999e-06)
(4.03e-06 2.015e-06 4.16e-06)
(4.095e-06 2.015e-06 4.16e-06)
(4.03e-06 2.08e-06 4.16e-06)
(4.095e-06 2.08e-06 4.16e-06)
)


// ************************************************************************* //
