/*--------------------------------*- C++ -*----------------------------------*\
  =========                 |
  \\      /  F ield         | OpenFOAM: The Open Source CFD Toolbox
   \\    /   O peration     | Website:  https://openfoam.org
    \\  /    A nd           | Version:  6
     \\/     M anipulation  |
\*---------------------------------------------------------------------------*/
FoamFile
{
    version     2.0;
    format      ascii;
    class       faceList;
    location    "constant/region630/polyMesh";
    object      faces;
}
// * * * * * * * * * * * * * * * * * * * * * * * * * * * * * * * * * * * * * //


50
(
4(2 11 12 3)
4(11 12 17 16)
4(8 13 27 22)
4(12 26 27 13)
4(11 16 30 25)
4(12 17 31 26)
4(16 30 31 17)
4(25 26 31 30)
4(26 27 32 31)
4(26 31 39 36)
4(0 1 7 6)
4(0 6 11 2)
4(6 7 12 11)
4(7 8 22 21)
4(8 9 23 22)
4(10 11 25 24)
4(7 21 26 12)
4(11 12 26 25)
4(21 22 27 26)
4(22 23 28 27)
4(10 24 29 15)
4(15 29 30 16)
4(24 25 30 29)
4(16 30 33 19)
4(19 33 34 20)
4(25 26 36 35)
4(26 27 37 36)
4(25 35 38 30)
4(35 36 39 38)
4(36 37 40 39)
4(0 2 3 1)
4(2 4 5 3)
4(1 3 12 7)
4(7 12 13 8)
4(8 13 14 9)
4(2 11 16 4)
4(10 15 16 11)
4(3 5 17 12)
4(4 16 17 5)
4(12 17 18 13)
4(16 19 20 17)
4(9 14 28 23)
4(13 27 28 14)
4(13 18 32 27)
4(17 31 32 18)
4(17 20 34 31)
4(30 31 34 33)
4(30 38 39 31)
4(27 32 40 37)
4(31 39 40 32)
)


// ************************************************************************* //
