/*--------------------------------*- C++ -*----------------------------------*\
  =========                 |
  \\      /  F ield         | OpenFOAM: The Open Source CFD Toolbox
   \\    /   O peration     | Website:  https://openfoam.org
    \\  /    A nd           | Version:  6
     \\/     M anipulation  |
\*---------------------------------------------------------------------------*/
FoamFile
{
    version     2.0;
    format      ascii;
    class       labelList;
    location    "constant/region270/polyMesh";
    object      faceRegionAddressing;
}
// * * * * * * * * * * * * * * * * * * * * * * * * * * * * * * * * * * * * * //


194
(
217995
229405
229596
229787
229788
229966
229967
229979
230153
230154
230155
230157
230158
230173
230344
230349
241938
241946
241947
241950
242125
242126
242128
242129
242130
242131
242132
242134
242135
242137
242138
242141
242142
242313
242315
242316
242317
242318
242319
242320
242321
242322
242325
242328
242330
242333
242507
254289
254301
254473
254476
254488
254492
254682
254687
266846
266847
267036
-205835
-217246
-217437
-217628
-217803
-217807
-217819
217993
-217998
-218013
-218189
-229214
-229401
229406
-229592
229597
-229775
-229779
-229783
229965
-229970
-229973
-229974
-229976
229978
230156
-230161
-230164
-230167
-230168
-230170
230172
230345
230346
230347
230348
-230352
-241747
-241756
-241759
241937
241939
-241941
-241943
-241944
241948
241951
242127
242133
242136
242139
242314
242323
242324
242326
242327
242329
242332
-242504
242508
242509
242510
242511
242512
-242524
-242527
-254098
-254110
-254285
-254286
254288
254290
-254297
-254298
254302
-254470
254474
254475
254477
254478
254479
254480
254481
-254485
254489
254490
254493
-254679
254683
254684
254686
-254878
-254881
-266655
-266842
-267033
267037
267040
-278815
-279002
-217990
217994
-218186
229404
229595
229786
-229791
-229962
-229963
229977
-229981
-229982
-230150
230171
-230341
-241934
-241935
241949
-242122
-242123
242140
-242310
242331
-254283
254300
254491
-254495
254685
266845
-266849
267038
267039
267041
279005
279006
279007
)


// ************************************************************************* //
