/*--------------------------------*- C++ -*----------------------------------*\
  =========                 |
  \\      /  F ield         | OpenFOAM: The Open Source CFD Toolbox
   \\    /   O peration     | Website:  https://openfoam.org
    \\  /    A nd           | Version:  6
     \\/     M anipulation  |
\*---------------------------------------------------------------------------*/
FoamFile
{
    version     2.0;
    format      ascii;
    class       faceList;
    location    "constant/region270/polyMesh";
    object      faces;
}
// * * * * * * * * * * * * * * * * * * * * * * * * * * * * * * * * * * * * * //


194
(
4(14 15 21 20)
4(6 30 31 7)
4(8 34 35 9)
4(12 41 42 13)
4(34 35 42 41)
4(15 45 46 16)
4(37 38 46 45)
4(41 42 50 49)
4(15 21 53 45)
4(20 52 53 21)
4(44 45 53 52)
4(21 53 54 22)
4(45 46 54 53)
4(50 51 59 58)
4(21 26 61 53)
4(53 54 62 61)
4(38 70 71 39)
4(35 42 74 67)
4(41 73 74 42)
4(42 74 75 43)
4(38 46 78 70)
4(45 77 78 46)
4(39 47 79 71)
4(46 78 79 47)
4(70 71 79 78)
4(40 48 80 72)
4(47 79 80 48)
4(41 49 81 73)
4(48 80 81 49)
4(42 50 82 74)
4(49 81 82 50)
4(50 82 83 51)
4(74 75 83 82)
4(45 53 85 77)
4(76 77 85 84)
4(46 54 86 78)
4(53 85 86 54)
4(77 78 86 85)
4(47 55 87 79)
4(54 86 87 55)
4(78 79 87 86)
4(48 56 88 80)
4(49 57 89 81)
4(50 58 90 82)
4(81 82 90 89)
4(82 83 91 90)
4(54 62 94 86)
4(78 105 106 79)
4(82 108 109 83)
4(77 85 111 104)
4(78 86 112 105)
4(82 90 115 108)
4(90 115 116 91)
4(91 97 119 116)
4(116 117 120 119)
4(119 127 128 120)
4(125 126 128 127)
4(120 123 131 128)
4(0 2 3 1)
4(4 6 7 5)
4(6 8 9 7)
4(8 12 13 9)
4(0 1 15 14)
4(10 15 16 11)
4(12 17 18 13)
4(1 3 21 15)
4(15 21 22 16)
4(18 23 24 19)
4(21 26 27 22)
4(4 5 29 28)
4(4 28 30 6)
4(28 29 31 30)
4(6 30 34 8)
4(30 31 35 34)
4(10 11 38 37)
4(32 38 39 33)
4(8 34 41 12)
4(11 16 46 38)
4(38 46 47 39)
4(39 47 48 40)
4(12 41 49 17)
4(40 48 49 41)
4(17 49 50 18)
4(16 22 54 46)
4(46 54 55 47)
4(47 55 56 48)
4(48 56 57 49)
4(18 50 58 23)
4(49 57 58 50)
4(23 58 59 24)
4(25 60 61 26)
4(52 53 61 60)
4(22 27 62 54)
4(26 61 62 27)
4(54 62 63 55)
4(32 33 65 64)
4(34 35 67 66)
4(35 36 68 67)
4(33 39 71 65)
4(64 65 71 70)
4(39 40 72 71)
4(34 66 73 41)
4(40 41 73 72)
4(66 67 74 73)
4(67 68 75 74)
4(69 70 78 77)
4(71 72 80 79)
4(72 73 81 80)
4(73 74 82 81)
4(52 84 85 53)
4(55 87 88 56)
4(79 80 88 87)
4(56 88 89 57)
4(80 81 89 88)
4(57 89 90 58)
4(58 90 91 59)
4(53 85 93 61)
4(61 93 94 62)
4(85 86 94 93)
4(55 63 95 87)
4(62 94 95 63)
4(86 87 95 94)
4(90 96 97 91)
4(91 97 98 92)
4(70 71 100 99)
4(74 75 102 101)
4(70 99 105 78)
4(77 78 105 104)
4(71 79 106 100)
4(99 100 106 105)
4(74 101 108 82)
4(81 82 108 107)
4(101 102 109 108)
4(76 103 110 84)
4(84 110 111 85)
4(103 104 111 110)
4(85 111 112 86)
4(104 105 112 111)
4(79 87 113 106)
4(86 112 113 87)
4(105 106 113 112)
4(81 107 114 89)
4(89 114 115 90)
4(107 108 115 114)
4(108 109 116 115)
4(90 115 118 96)
4(96 118 119 97)
4(115 116 119 118)
4(97 119 120 98)
4(119 122 123 120)
4(120 123 124 121)
4(116 117 126 125)
4(116 125 127 119)
4(119 127 130 122)
4(122 130 131 123)
4(123 131 132 124)
4(125 126 134 133)
4(125 133 135 127)
4(0 14 20 2)
4(2 20 21 3)
4(20 25 26 21)
4(5 7 31 29)
4(7 9 35 31)
4(9 13 42 35)
4(35 42 43 36)
4(10 37 45 15)
4(14 15 45 44)
4(13 18 50 42)
4(18 19 51 50)
4(42 50 51 43)
4(14 44 52 20)
4(19 24 59 51)
4(20 52 60 25)
4(32 64 70 38)
4(37 38 70 69)
4(36 43 75 68)
4(37 69 77 45)
4(44 45 77 76)
4(43 51 83 75)
4(44 76 84 52)
4(51 59 91 83)
4(76 77 104 103)
4(75 83 109 102)
4(83 91 116 109)
4(91 92 117 116)
4(92 98 120 117)
4(117 120 128 126)
4(120 121 129 128)
4(127 128 131 130)
4(121 124 132 129)
4(128 129 132 131)
4(126 128 136 134)
4(127 135 136 128)
4(133 134 136 135)
)


// ************************************************************************* //
