/*--------------------------------*- C++ -*----------------------------------*\
  =========                 |
  \\      /  F ield         | OpenFOAM: The Open Source CFD Toolbox
   \\    /   O peration     | Website:  https://openfoam.org
    \\  /    A nd           | Version:  6
     \\/     M anipulation  |
\*---------------------------------------------------------------------------*/
FoamFile
{
    version     2.0;
    format      ascii;
    class       vectorField;
    location    "constant/region270/polyMesh";
    object      points;
}
// * * * * * * * * * * * * * * * * * * * * * * * * * * * * * * * * * * * * * //


137
(
(6.5e-08 3.835e-06 1.105e-06)
(1.3e-07 3.835000000000001e-06 1.105e-06)
(6.5e-08 3.9e-06 1.105e-06)
(1.3e-07 3.9e-06 1.105e-06)
(3.900000000000001e-07 3.575e-06 1.17e-06)
(4.55e-07 3.575e-06 1.17e-06)
(3.900000000000001e-07 3.639999999999999e-06 1.17e-06)
(4.55e-07 3.64e-06 1.17e-06)
(3.900000000000001e-07 3.705000000000001e-06 1.17e-06)
(4.55e-07 3.705e-06 1.17e-06)
(1.3e-07 3.770000000000001e-06 1.17e-06)
(1.95e-07 3.77e-06 1.17e-06)
(3.900000000000001e-07 3.77e-06 1.17e-06)
(4.549999999999999e-07 3.77e-06 1.17e-06)
(6.5e-08 3.835e-06 1.17e-06)
(1.3e-07 3.835000000000001e-06 1.17e-06)
(1.95e-07 3.835e-06 1.17e-06)
(3.900000000000001e-07 3.835e-06 1.17e-06)
(4.55e-07 3.835e-06 1.17e-06)
(5.2e-07 3.835e-06 1.17e-06)
(6.5e-08 3.9e-06 1.17e-06)
(1.3e-07 3.900000000000001e-06 1.17e-06)
(1.95e-07 3.9e-06 1.17e-06)
(4.55e-07 3.900000000000001e-06 1.17e-06)
(5.2e-07 3.9e-06 1.17e-06)
(6.5e-08 3.964999999999999e-06 1.17e-06)
(1.3e-07 3.964999999999999e-06 1.17e-06)
(1.95e-07 3.964999999999999e-06 1.17e-06)
(3.899999999999999e-07 3.575e-06 1.235e-06)
(4.55e-07 3.575e-06 1.235e-06)
(3.899999999999999e-07 3.639999999999999e-06 1.235e-06)
(4.55e-07 3.64e-06 1.235e-06)
(1.95e-07 3.705e-06 1.235e-06)
(2.599999999999999e-07 3.705000000000001e-06 1.235e-06)
(3.899999999999999e-07 3.705e-06 1.235e-06)
(4.55e-07 3.705e-06 1.235e-06)
(5.199999999999999e-07 3.704999999999999e-06 1.235e-06)
(1.3e-07 3.77e-06 1.235e-06)
(1.95e-07 3.77e-06 1.235e-06)
(2.6e-07 3.769999999999999e-06 1.235e-06)
(3.25e-07 3.770000000000001e-06 1.235e-06)
(3.900000000000001e-07 3.77e-06 1.235e-06)
(4.549999999999999e-07 3.77e-06 1.235e-06)
(5.2e-07 3.77e-06 1.235e-06)
(6.5e-08 3.835000000000001e-06 1.235e-06)
(1.3e-07 3.835000000000001e-06 1.235e-06)
(1.95e-07 3.835e-06 1.235e-06)
(2.6e-07 3.835e-06 1.235e-06)
(3.25e-07 3.835000000000001e-06 1.235e-06)
(3.900000000000001e-07 3.835e-06 1.235e-06)
(4.55e-07 3.835000000000001e-06 1.235e-06)
(5.2e-07 3.835e-06 1.235e-06)
(6.5e-08 3.9e-06 1.235e-06)
(1.3e-07 3.9e-06 1.235e-06)
(1.95e-07 3.9e-06 1.235e-06)
(2.6e-07 3.9e-06 1.235e-06)
(3.25e-07 3.9e-06 1.235e-06)
(3.900000000000001e-07 3.9e-06 1.235e-06)
(4.55e-07 3.9e-06 1.235e-06)
(5.2e-07 3.9e-06 1.235e-06)
(6.5e-08 3.964999999999999e-06 1.235e-06)
(1.3e-07 3.964999999999999e-06 1.235e-06)
(1.95e-07 3.965e-06 1.235e-06)
(2.6e-07 3.964999999999999e-06 1.235e-06)
(1.95e-07 3.705e-06 1.3e-06)
(2.600000000000001e-07 3.705000000000001e-06 1.3e-06)
(3.899999999999999e-07 3.705e-06 1.3e-06)
(4.55e-07 3.705e-06 1.3e-06)
(5.200000000000001e-07 3.705e-06 1.3e-06)
(1.3e-07 3.769999999999999e-06 1.3e-06)
(1.95e-07 3.769999999999999e-06 1.3e-06)
(2.6e-07 3.77e-06 1.3e-06)
(3.25e-07 3.770000000000001e-06 1.3e-06)
(3.900000000000001e-07 3.77e-06 1.3e-06)
(4.55e-07 3.77e-06 1.3e-06)
(5.2e-07 3.77e-06 1.3e-06)
(6.5e-08 3.835e-06 1.3e-06)
(1.3e-07 3.835000000000001e-06 1.3e-06)
(1.95e-07 3.835e-06 1.3e-06)
(2.6e-07 3.835e-06 1.3e-06)
(3.25e-07 3.835000000000001e-06 1.3e-06)
(3.900000000000001e-07 3.835e-06 1.3e-06)
(4.55e-07 3.835000000000001e-06 1.3e-06)
(5.2e-07 3.835e-06 1.3e-06)
(6.5e-08 3.9e-06 1.3e-06)
(1.3e-07 3.9e-06 1.3e-06)
(1.95e-07 3.9e-06 1.3e-06)
(2.6e-07 3.9e-06 1.3e-06)
(3.25e-07 3.9e-06 1.3e-06)
(3.900000000000001e-07 3.9e-06 1.3e-06)
(4.55e-07 3.9e-06 1.3e-06)
(5.2e-07 3.9e-06 1.3e-06)
(5.849999999999999e-07 3.9e-06 1.3e-06)
(1.3e-07 3.964999999999999e-06 1.3e-06)
(1.95e-07 3.965e-06 1.3e-06)
(2.6e-07 3.964999999999999e-06 1.3e-06)
(4.55e-07 3.964999999999999e-06 1.3e-06)
(5.2e-07 3.964999999999999e-06 1.3e-06)
(5.849999999999999e-07 3.965e-06 1.3e-06)
(1.95e-07 3.77e-06 1.365e-06)
(2.6e-07 3.77e-06 1.365e-06)
(4.55e-07 3.77e-06 1.365e-06)
(5.2e-07 3.77e-06 1.365e-06)
(6.499999999999999e-08 3.835e-06 1.365e-06)
(1.3e-07 3.835000000000001e-06 1.365e-06)
(1.95e-07 3.835e-06 1.365e-06)
(2.599999999999999e-07 3.835e-06 1.365e-06)
(3.900000000000001e-07 3.835e-06 1.365e-06)
(4.55e-07 3.835e-06 1.365e-06)
(5.199999999999999e-07 3.835e-06 1.365e-06)
(6.5e-08 3.9e-06 1.365e-06)
(1.3e-07 3.9e-06 1.365e-06)
(1.95e-07 3.9e-06 1.365e-06)
(2.6e-07 3.9e-06 1.365e-06)
(3.900000000000001e-07 3.9e-06 1.365e-06)
(4.55e-07 3.9e-06 1.365e-06)
(5.2e-07 3.9e-06 1.365e-06)
(5.849999999999999e-07 3.9e-06 1.365e-06)
(4.55e-07 3.964999999999999e-06 1.365e-06)
(5.2e-07 3.964999999999999e-06 1.365e-06)
(5.849999999999999e-07 3.964999999999999e-06 1.365e-06)
(6.5e-07 3.965e-06 1.365e-06)
(5.2e-07 4.03e-06 1.365e-06)
(5.849999999999999e-07 4.03e-06 1.365e-06)
(6.5e-07 4.03e-06 1.365e-06)
(5.2e-07 3.9e-06 1.43e-06)
(5.849999999999999e-07 3.9e-06 1.43e-06)
(5.2e-07 3.964999999999999e-06 1.43e-06)
(5.85e-07 3.965e-06 1.43e-06)
(6.5e-07 3.964999999999999e-06 1.43e-06)
(5.2e-07 4.03e-06 1.43e-06)
(5.849999999999999e-07 4.03e-06 1.43e-06)
(6.5e-07 4.03e-06 1.43e-06)
(5.2e-07 3.9e-06 1.495e-06)
(5.85e-07 3.9e-06 1.495e-06)
(5.2e-07 3.964999999999999e-06 1.495e-06)
(5.849999999999999e-07 3.964999999999999e-06 1.495e-06)
)


// ************************************************************************* //
