/*--------------------------------*- C++ -*----------------------------------*\
  =========                 |
  \\      /  F ield         | OpenFOAM: The Open Source CFD Toolbox
   \\    /   O peration     | Website:  https://openfoam.org
    \\  /    A nd           | Version:  6
     \\/     M anipulation  |
\*---------------------------------------------------------------------------*/
FoamFile
{
    version     2.0;
    format      ascii;
    class       labelList;
    location    "constant/region208/polyMesh";
    object      cellRegionAddressing;
}
// * * * * * * * * * * * * * * * * * * * * * * * * * * * * * * * * * * * * * //


242
(
59228
59229
59230
59231
59291
59292
59293
59294
59295
59353
59354
59355
59356
59357
59358
59416
59417
59418
59419
59420
59421
59480
59481
59482
59483
59484
59545
59546
63259
63260
63261
63262
63321
63322
63323
63324
63325
63326
63327
63384
63385
63386
63387
63388
63389
63390
63391
63447
63448
63449
63450
63451
63452
63453
63454
63455
63511
63512
63513
63514
63515
63516
63517
63518
63574
63575
63576
63577
63578
63579
63580
63581
63638
63639
63640
63641
63642
63643
63703
63704
63705
63706
67353
67354
67355
67356
67357
67358
67416
67417
67418
67419
67420
67421
67422
67479
67480
67481
67482
67483
67484
67485
67486
67543
67544
67545
67546
67547
67548
67549
67550
67606
67607
67608
67609
67610
67611
67612
67613
67614
67670
67671
67672
67673
67674
67675
67676
67677
67734
67735
67736
67737
67738
67739
67798
67799
67800
67801
67802
71386
71387
71388
71449
71450
71451
71452
71453
71512
71513
71514
71515
71516
71517
71575
71576
71577
71578
71579
71580
71581
71638
71639
71640
71641
71642
71643
71644
71702
71703
71704
71705
71706
71707
71708
71766
71767
71768
71769
71770
71830
71831
71832
71833
75480
75481
75482
75483
75544
75545
75546
75547
75548
75607
75608
75609
75610
75611
75612
75670
75671
75672
75673
75674
75675
75676
75734
75735
75736
75737
75738
75739
75798
75799
75800
75801
75802
75862
75863
75864
79640
79641
79642
79643
79703
79704
79705
79706
79707
79766
79767
79768
79769
79770
79771
79830
79831
79832
79833
79894
79895
79896
83991
)


// ************************************************************************* //
