/*--------------------------------*- C++ -*----------------------------------*\
  =========                 |
  \\      /  F ield         | OpenFOAM: The Open Source CFD Toolbox
   \\    /   O peration     | Website:  https://openfoam.org
    \\  /    A nd           | Version:  6
     \\/     M anipulation  |
\*---------------------------------------------------------------------------*/
FoamFile
{
    version     2.0;
    format      ascii;
    class       faceList;
    location    "constant/region208/polyMesh";
    object      faces;
}
// * * * * * * * * * * * * * * * * * * * * * * * * * * * * * * * * * * * * * //


887
(
4(1 7 61 52)
4(6 60 61 7)
4(51 52 61 60)
4(2 8 62 53)
4(7 61 62 8)
4(52 53 62 61)
4(3 9 63 54)
4(8 62 63 9)
4(53 54 63 62)
4(9 63 64 10)
4(54 55 64 63)
4(6 14 70 60)
4(13 69 70 14)
4(59 60 70 69)
4(7 15 71 61)
4(14 70 71 15)
4(60 61 71 70)
4(8 16 72 62)
4(15 71 72 16)
4(61 62 72 71)
4(9 17 73 63)
4(16 72 73 17)
4(62 63 73 72)
4(63 64 74 73)
4(12 21 78 68)
4(20 77 78 21)
4(67 68 78 77)
4(13 22 79 69)
4(21 78 79 22)
4(68 69 79 78)
4(14 23 80 70)
4(22 79 80 23)
4(69 70 80 79)
4(15 24 81 71)
4(23 80 81 24)
4(70 71 81 80)
4(16 25 82 72)
4(24 81 82 25)
4(71 72 82 81)
4(72 73 83 82)
4(20 28 88 77)
4(27 87 88 28)
4(76 77 88 87)
4(21 29 89 78)
4(28 88 89 29)
4(77 78 89 88)
4(22 30 90 79)
4(29 89 90 30)
4(78 79 90 89)
4(23 31 91 80)
4(30 90 91 31)
4(79 80 91 90)
4(24 32 92 81)
4(31 91 92 32)
4(80 81 92 91)
4(81 82 93 92)
4(28 35 98 88)
4(87 88 98 97)
4(29 36 99 89)
4(35 98 99 36)
4(88 89 99 98)
4(30 37 100 90)
4(36 99 100 37)
4(89 90 100 99)
4(31 38 101 91)
4(90 91 101 100)
4(91 92 102 101)
4(36 41 108 99)
4(98 99 108 107)
4(99 100 109 108)
4(44 51 127 119)
4(50 126 127 51)
4(118 119 127 126)
4(45 52 128 120)
4(51 127 128 52)
4(119 120 128 127)
4(46 53 129 121)
4(52 128 129 53)
4(120 121 129 128)
4(53 129 130 54)
4(121 122 130 129)
4(49 58 135 125)
4(57 134 135 58)
4(124 125 135 134)
4(50 59 136 126)
4(58 135 136 59)
4(125 126 136 135)
4(51 60 137 127)
4(59 136 137 60)
4(126 127 137 136)
4(52 61 138 128)
4(60 137 138 61)
4(127 128 138 137)
4(53 62 139 129)
4(61 138 139 62)
4(128 129 139 138)
4(54 63 140 130)
4(62 139 140 63)
4(129 130 140 139)
4(63 140 141 64)
4(57 67 144 134)
4(66 143 144 67)
4(133 134 144 143)
4(58 68 145 135)
4(67 144 145 68)
4(134 135 145 144)
4(59 69 146 136)
4(68 145 146 69)
4(135 136 146 145)
4(60 70 147 137)
4(69 146 147 70)
4(136 137 147 146)
4(61 71 148 138)
4(70 147 148 71)
4(137 138 148 147)
4(62 72 149 139)
4(71 148 149 72)
4(138 139 149 148)
4(63 73 150 140)
4(72 149 150 73)
4(139 140 150 149)
4(73 150 151 74)
4(66 76 154 143)
4(75 153 154 76)
4(142 143 154 153)
4(67 77 155 144)
4(76 154 155 77)
4(143 144 155 154)
4(68 78 156 145)
4(77 155 156 78)
4(144 145 156 155)
4(69 79 157 146)
4(78 156 157 79)
4(145 146 157 156)
4(70 80 158 147)
4(79 157 158 80)
4(146 147 158 157)
4(71 81 159 148)
4(80 158 159 81)
4(147 148 159 158)
4(72 82 160 149)
4(81 159 160 82)
4(148 149 160 159)
4(73 83 161 150)
4(82 160 161 83)
4(149 150 161 160)
4(76 87 165 154)
4(86 164 165 87)
4(153 154 165 164)
4(77 88 166 155)
4(87 165 166 88)
4(154 155 166 165)
4(78 89 167 156)
4(88 166 167 89)
4(155 156 167 166)
4(79 90 168 157)
4(89 167 168 90)
4(156 157 168 167)
4(80 91 169 158)
4(90 168 169 91)
4(157 158 169 168)
4(81 92 170 159)
4(91 169 170 92)
4(158 159 170 169)
4(82 93 171 160)
4(92 170 171 93)
4(159 160 171 170)
4(160 161 172 171)
4(86 96 174 164)
4(95 173 174 96)
4(163 164 174 173)
4(87 97 175 165)
4(96 174 175 97)
4(164 165 175 174)
4(88 98 176 166)
4(97 175 176 98)
4(165 166 176 175)
4(89 99 177 167)
4(98 176 177 99)
4(166 167 177 176)
4(90 100 178 168)
4(99 177 178 100)
4(167 168 178 177)
4(91 101 179 169)
4(100 178 179 101)
4(168 169 179 178)
4(92 102 180 170)
4(169 170 180 179)
4(170 171 181 180)
4(96 105 183 174)
4(173 174 183 182)
4(97 106 184 175)
4(105 183 184 106)
4(174 175 184 183)
4(98 107 185 176)
4(106 184 185 107)
4(175 176 185 184)
4(99 108 186 177)
4(107 185 186 108)
4(176 177 186 185)
4(100 109 187 178)
4(108 186 187 109)
4(177 178 187 186)
4(178 179 188 187)
4(106 112 191 184)
4(183 184 191 190)
4(107 113 192 185)
4(184 185 192 191)
4(108 114 193 186)
4(185 186 193 192)
4(186 187 194 193)
4(117 125 208 200)
4(124 207 208 125)
4(199 200 208 207)
4(118 126 209 201)
4(125 208 209 126)
4(200 201 209 208)
4(119 127 210 202)
4(126 209 210 127)
4(201 202 210 209)
4(120 128 211 203)
4(127 210 211 128)
4(202 203 211 210)
4(121 129 212 204)
4(128 211 212 129)
4(203 204 212 211)
4(129 212 213 130)
4(124 134 216 207)
4(133 215 216 134)
4(206 207 216 215)
4(125 135 217 208)
4(134 216 217 135)
4(207 208 217 216)
4(126 136 218 209)
4(135 217 218 136)
4(208 209 218 217)
4(127 137 219 210)
4(136 218 219 137)
4(209 210 219 218)
4(128 138 220 211)
4(137 219 220 138)
4(210 211 220 219)
4(129 139 221 212)
4(138 220 221 139)
4(211 212 221 220)
4(139 221 222 140)
4(133 143 225 215)
4(142 224 225 143)
4(214 215 225 224)
4(134 144 226 216)
4(143 225 226 144)
4(215 216 226 225)
4(135 145 227 217)
4(144 226 227 145)
4(216 217 227 226)
4(136 146 228 218)
4(145 227 228 146)
4(217 218 228 227)
4(137 147 229 219)
4(146 228 229 147)
4(218 219 229 228)
4(138 148 230 220)
4(147 229 230 148)
4(219 220 230 229)
4(139 149 231 221)
4(148 230 231 149)
4(220 221 231 230)
4(149 231 232 150)
4(143 154 235 225)
4(153 234 235 154)
4(224 225 235 234)
4(144 155 236 226)
4(154 235 236 155)
4(225 226 236 235)
4(145 156 237 227)
4(155 236 237 156)
4(226 227 237 236)
4(146 157 238 228)
4(156 237 238 157)
4(227 228 238 237)
4(147 158 239 229)
4(157 238 239 158)
4(228 229 239 238)
4(148 159 240 230)
4(158 239 240 159)
4(229 230 240 239)
4(149 160 241 231)
4(159 240 241 160)
4(160 241 242 161)
4(153 164 244 234)
4(163 243 244 164)
4(233 234 244 243)
4(154 165 245 235)
4(164 244 245 165)
4(234 235 245 244)
4(155 166 246 236)
4(165 245 246 166)
4(235 236 246 245)
4(156 167 247 237)
4(166 246 247 167)
4(236 237 247 246)
4(157 168 248 238)
4(167 247 248 168)
4(237 238 248 247)
4(158 169 249 239)
4(168 248 249 169)
4(238 239 249 248)
4(159 170 250 240)
4(169 249 250 170)
4(239 240 250 249)
4(160 171 251 241)
4(170 250 251 171)
4(164 174 254 244)
4(173 253 254 174)
4(243 244 254 253)
4(165 175 255 245)
4(174 254 255 175)
4(244 245 255 254)
4(166 176 256 246)
4(175 255 256 176)
4(245 246 256 255)
4(167 177 257 247)
4(176 256 257 177)
4(246 247 257 256)
4(168 178 258 248)
4(177 257 258 178)
4(247 248 258 257)
4(169 179 259 249)
4(178 258 259 179)
4(170 180 260 250)
4(174 183 263 254)
4(182 262 263 183)
4(253 254 263 262)
4(175 184 264 255)
4(183 263 264 184)
4(254 255 264 263)
4(176 185 265 256)
4(184 264 265 185)
4(255 256 265 264)
4(177 186 266 257)
4(185 265 266 186)
4(256 257 266 265)
4(178 187 267 258)
4(186 266 267 187)
4(183 190 270 263)
4(184 191 271 264)
4(185 192 272 265)
4(186 193 273 266)
4(196 201 284 278)
4(200 283 284 201)
4(277 278 284 283)
4(197 202 285 279)
4(201 284 285 202)
4(278 279 285 284)
4(202 285 286 203)
4(200 208 291 283)
4(207 290 291 208)
4(282 283 291 290)
4(201 209 292 284)
4(208 291 292 209)
4(283 284 292 291)
4(202 210 293 285)
4(209 292 293 210)
4(284 285 293 292)
4(203 211 294 286)
4(210 293 294 211)
4(285 286 294 293)
4(211 294 295 212)
4(207 216 299 290)
4(215 298 299 216)
4(289 290 299 298)
4(208 217 300 291)
4(216 299 300 217)
4(290 291 300 299)
4(209 218 301 292)
4(217 300 301 218)
4(291 292 301 300)
4(210 219 302 293)
4(218 301 302 219)
4(292 293 302 301)
4(211 220 303 294)
4(219 302 303 220)
4(293 294 303 302)
4(220 303 304 221)
4(215 225 307 298)
4(224 306 307 225)
4(297 298 307 306)
4(216 226 308 299)
4(225 307 308 226)
4(298 299 308 307)
4(217 227 309 300)
4(226 308 309 227)
4(299 300 309 308)
4(218 228 310 301)
4(227 309 310 228)
4(300 301 310 309)
4(219 229 311 302)
4(228 310 311 229)
4(301 302 311 310)
4(220 230 312 303)
4(229 311 312 230)
4(302 303 312 311)
4(224 234 315 306)
4(233 314 315 234)
4(305 306 315 314)
4(225 235 316 307)
4(234 315 316 235)
4(306 307 316 315)
4(226 236 317 308)
4(235 316 317 236)
4(307 308 317 316)
4(227 237 318 309)
4(236 317 318 237)
4(308 309 318 317)
4(228 238 319 310)
4(237 318 319 238)
4(309 310 319 318)
4(229 239 320 311)
4(238 319 320 239)
4(310 311 320 319)
4(239 320 321 240)
4(234 244 323 315)
4(243 322 323 244)
4(314 315 323 322)
4(235 245 324 316)
4(244 323 324 245)
4(315 316 324 323)
4(236 246 325 317)
4(245 324 325 246)
4(316 317 325 324)
4(237 247 326 318)
4(246 325 326 247)
4(317 318 326 325)
4(238 248 327 319)
4(247 326 327 248)
4(318 319 327 326)
4(239 249 328 320)
4(244 254 331 323)
4(253 330 331 254)
4(322 323 331 330)
4(245 255 332 324)
4(254 331 332 255)
4(323 324 332 331)
4(246 256 333 325)
4(255 332 333 256)
4(324 325 333 332)
4(247 257 334 326)
4(256 333 334 257)
4(254 263 337 331)
4(255 264 338 332)
4(256 265 339 333)
4(276 282 347 342)
4(281 346 347 282)
4(277 283 348 343)
4(282 347 348 283)
4(278 284 349 344)
4(283 348 349 284)
4(284 349 350 285)
4(282 290 354 347)
4(289 353 354 290)
4(346 347 354 353)
4(283 291 355 348)
4(290 354 355 291)
4(347 348 355 354)
4(284 292 356 349)
4(291 355 356 292)
4(348 349 356 355)
4(285 293 357 350)
4(292 356 357 293)
4(349 350 357 356)
4(293 357 358 294)
4(289 298 361 353)
4(297 360 361 298)
4(352 353 361 360)
4(290 299 362 354)
4(298 361 362 299)
4(353 354 362 361)
4(291 300 363 355)
4(299 362 363 300)
4(354 355 363 362)
4(292 301 364 356)
4(300 363 364 301)
4(355 356 364 363)
4(293 302 365 357)
4(301 364 365 302)
4(356 357 365 364)
4(302 365 366 303)
4(297 306 368 360)
4(305 367 368 306)
4(359 360 368 367)
4(298 307 369 361)
4(306 368 369 307)
4(360 361 369 368)
4(299 308 370 362)
4(307 369 370 308)
4(361 362 370 369)
4(300 309 371 363)
4(308 370 371 309)
4(362 363 371 370)
4(301 310 372 364)
4(309 371 372 310)
4(363 364 372 371)
4(302 311 373 365)
4(310 372 373 311)
4(364 365 373 372)
4(306 315 376 368)
4(314 375 376 315)
4(367 368 376 375)
4(307 316 377 369)
4(315 376 377 316)
4(368 369 377 376)
4(308 317 378 370)
4(316 377 378 317)
4(369 370 378 377)
4(309 318 379 371)
4(317 378 379 318)
4(370 371 379 378)
4(310 319 380 372)
4(318 379 380 319)
4(315 323 383 376)
4(322 382 383 323)
4(375 376 383 382)
4(316 324 384 377)
4(323 383 384 324)
4(376 377 384 383)
4(317 325 385 378)
4(324 384 385 325)
4(377 378 385 384)
4(318 326 386 379)
4(323 331 389 383)
4(324 332 390 384)
4(347 354 399 393)
4(353 398 399 354)
4(348 355 400 394)
4(354 399 400 355)
4(349 356 401 395)
4(355 400 401 356)
4(356 401 402 357)
4(353 361 405 398)
4(360 404 405 361)
4(354 362 406 399)
4(361 405 406 362)
4(355 363 407 400)
4(362 406 407 363)
4(356 364 408 401)
4(363 407 408 364)
4(364 408 409 365)
4(360 368 411 404)
4(367 410 411 368)
4(361 369 412 405)
4(368 411 412 369)
4(362 370 413 406)
4(369 412 413 370)
4(363 371 414 407)
4(370 413 414 371)
4(364 372 415 408)
4(368 376 418 411)
4(375 417 418 376)
4(369 377 419 412)
4(376 418 419 377)
4(370 378 420 413)
4(377 419 420 378)
4(376 383 423 418)
4(377 384 424 419)
4(418 419 424 423)
4(294 295 304 303)
4(294 303 366 358)
4(24 32 33 25)
4(31 38 39 32)
4(10 18 74 64)
4(17 73 74 18)
4(17 26 83 73)
4(25 82 83 26)
4(73 83 84 74)
4(25 33 93 82)
4(32 92 93 33)
4(82 93 94 83)
4(37 100 101 38)
4(32 39 102 92)
4(38 101 102 39)
4(92 102 103 93)
4(40 107 108 41)
4(37 42 109 100)
4(41 108 109 42)
4(100 109 110 101)
4(107 113 114 108)
4(108 114 115 109)
4(43 44 119 118)
4(44 45 120 119)
4(45 46 121 120)
4(46 47 122 121)
4(47 54 130 122)
4(54 55 131 130)
4(48 124 134 57)
4(56 57 134 133)
4(123 133 134 124)
4(55 64 141 131)
4(56 133 143 66)
4(65 66 143 142)
4(132 142 143 133)
4(64 74 151 141)
4(65 142 153 75)
4(74 84 162 151)
4(83 161 162 84)
4(75 153 164 86)
4(85 86 164 163)
4(152 163 164 153)
4(83 94 172 161)
4(93 171 172 94)
4(85 163 173 95)
4(101 179 180 102)
4(93 103 181 171)
4(102 180 181 103)
4(95 173 182 104)
4(104 182 183 105)
4(101 110 188 179)
4(109 187 188 110)
4(105 183 190 111)
4(182 189 190 183)
4(111 190 191 112)
4(112 191 192 113)
4(113 192 193 114)
4(109 115 194 187)
4(114 193 194 115)
4(116 117 200 199)
4(117 118 201 200)
4(195 200 201 196)
4(118 119 202 201)
4(196 201 202 197)
4(119 120 203 202)
4(197 202 203 198)
4(120 121 204 203)
4(121 122 205 204)
4(116 199 207 124)
4(123 124 207 206)
4(122 130 213 205)
4(123 206 215 133)
4(132 133 215 214)
4(132 214 224 142)
4(142 224 234 153)
4(152 153 234 233)
4(223 233 234 224)
4(152 233 243 163)
4(163 243 253 173)
4(173 253 262 182)
4(182 262 269 189)
4(189 269 270 190)
4(190 270 271 191)
4(195 196 278 277)
4(196 197 279 278)
4(197 198 280 279)
4(275 281 282 276)
4(195 277 283 200)
4(199 200 283 282)
4(276 282 283 277)
4(198 203 286 280)
4(279 280 286 285)
4(203 204 287 286)
4(199 282 290 207)
4(206 207 290 289)
4(281 289 290 282)
4(206 289 298 215)
4(214 215 298 297)
4(288 297 298 289)
4(214 297 306 224)
4(223 224 306 305)
4(296 305 306 297)
4(223 305 314 233)
4(233 314 322 243)
4(243 322 330 253)
4(253 330 336 262)
4(275 276 342 341)
4(276 277 343 342)
4(277 278 344 343)
4(278 279 345 344)
4(275 341 346 281)
4(341 342 347 346)
4(342 343 348 347)
4(343 344 349 348)
4(279 285 350 345)
4(344 345 350 349)
4(285 286 351 350)
4(281 346 353 289)
4(288 289 353 352)
4(350 351 358 357)
4(288 352 360 297)
4(296 297 360 359)
4(357 358 366 365)
4(296 359 367 305)
4(365 366 374 373)
4(305 367 375 314)
4(346 347 393 392)
4(347 348 394 393)
4(348 349 395 394)
4(349 350 396 395)
4(346 392 398 353)
4(352 353 398 397)
4(392 393 399 398)
4(393 394 400 399)
4(394 395 401 400)
4(350 357 402 396)
4(395 396 402 401)
4(352 397 404 360)
4(359 360 404 403)
4(397 398 405 404)
4(398 399 406 405)
4(399 400 407 406)
4(400 401 408 407)
4(357 365 409 402)
4(401 402 409 408)
4(359 403 410 367)
4(403 404 411 410)
4(404 405 412 411)
4(405 406 413 412)
4(406 407 414 413)
4(407 408 415 414)
4(365 373 416 409)
4(408 409 416 415)
4(367 410 417 375)
4(410 411 418 417)
4(411 412 419 418)
4(412 413 420 419)
4(413 414 421 420)
4(419 420 425 424)
4(418 419 427 426)
4(419 424 429 427)
4(426 427 429 428)
4(85 95 96 86)
4(372 373 381 380)
4(372 415 416 373)
4(379 380 387 386)
4(56 66 67 57)
4(0 6 7 1)
4(1 7 8 2)
4(2 8 9 3)
4(3 9 10 4)
4(5 13 14 6)
4(6 14 15 7)
4(7 15 16 8)
4(8 16 17 9)
4(9 17 18 10)
4(11 20 21 12)
4(12 21 22 13)
4(13 22 23 14)
4(14 23 24 15)
4(15 24 25 16)
4(16 25 26 17)
4(19 27 28 20)
4(20 28 29 21)
4(21 29 30 22)
4(22 30 31 23)
4(23 31 32 24)
4(27 34 35 28)
4(28 35 36 29)
4(29 36 37 30)
4(30 37 38 31)
4(35 40 41 36)
4(36 41 42 37)
4(0 1 52 51)
4(44 51 52 45)
4(1 2 53 52)
4(45 52 53 46)
4(2 3 54 53)
4(46 53 54 47)
4(3 4 55 54)
4(49 58 59 50)
4(0 51 60 6)
4(5 6 60 59)
4(50 59 60 51)
4(4 10 64 55)
4(11 12 68 67)
4(57 67 68 58)
4(5 59 69 13)
4(12 13 69 68)
4(58 68 69 59)
4(11 67 77 20)
4(19 20 77 76)
4(66 76 77 67)
4(19 76 87 27)
4(75 86 87 76)
4(27 87 97 34)
4(86 96 97 87)
4(34 97 98 35)
4(95 104 105 96)
4(96 105 106 97)
4(35 98 107 40)
4(97 106 107 98)
4(105 111 112 106)
4(106 112 113 107)
4(130 131 141 140)
4(140 141 151 150)
4(150 151 162 161)
4(204 205 213 212)
4(130 140 222 213)
4(212 213 222 221)
4(140 150 232 222)
4(221 222 232 231)
4(230 231 241 240)
4(150 161 242 232)
4(231 232 242 241)
4(240 241 251 250)
4(161 172 252 242)
4(171 251 252 172)
4(241 242 252 251)
4(248 249 259 258)
4(179 259 260 180)
4(249 250 260 259)
4(171 181 261 251)
4(180 260 261 181)
4(250 251 261 260)
4(257 258 267 266)
4(179 188 268 259)
4(187 267 268 188)
4(258 259 268 267)
4(262 263 270 269)
4(263 264 271 270)
4(191 271 272 192)
4(264 265 272 271)
4(192 272 273 193)
4(265 266 273 272)
4(187 194 274 267)
4(193 273 274 194)
4(266 267 274 273)
4(204 212 295 287)
4(286 287 295 294)
4(212 221 304 295)
4(221 231 313 304)
4(230 312 313 231)
4(303 304 313 312)
4(230 240 321 312)
4(311 312 321 320)
4(248 327 328 249)
4(319 320 328 327)
4(240 250 329 321)
4(249 328 329 250)
4(320 321 329 328)
4(325 326 334 333)
4(248 258 335 327)
4(257 334 335 258)
4(326 327 335 334)
4(262 336 337 263)
4(330 331 337 336)
4(263 337 338 264)
4(331 332 338 337)
4(264 338 339 265)
4(332 333 339 338)
4(257 266 340 334)
4(265 339 340 266)
4(333 334 340 339)
4(286 294 358 351)
4(303 312 374 366)
4(311 373 374 312)
4(371 372 380 379)
4(311 320 381 373)
4(319 380 381 320)
4(314 375 382 322)
4(325 385 386 326)
4(378 379 386 385)
4(319 327 387 380)
4(326 386 387 327)
4(322 382 388 330)
4(330 388 389 331)
4(382 383 389 388)
4(331 389 390 332)
4(383 384 390 389)
4(325 333 391 385)
4(332 390 391 333)
4(384 385 391 390)
4(371 414 415 372)
4(371 379 421 414)
4(378 420 421 379)
4(375 417 422 382)
4(382 422 423 383)
4(417 418 423 422)
4(383 423 424 384)
4(378 385 425 420)
4(384 424 425 385)
4(418 426 428 423)
4(423 428 429 424)
4(43 50 51 44)
4(48 49 125 124)
4(116 124 125 117)
4(43 118 126 50)
4(49 50 126 125)
4(117 125 126 118)
4(65 75 76 66)
4(48 57 58 49)
)


// ************************************************************************* //
