/*--------------------------------*- C++ -*----------------------------------*\
  =========                 |
  \\      /  F ield         | OpenFOAM: The Open Source CFD Toolbox
   \\    /   O peration     | Website:  https://openfoam.org
    \\  /    A nd           | Version:  6
     \\/     M anipulation  |
\*---------------------------------------------------------------------------*/
FoamFile
{
    version     2.0;
    format      ascii;
    class       labelList;
    location    "constant/region208/polyMesh";
    object      faceRegionAddressing;
}
// * * * * * * * * * * * * * * * * * * * * * * * * * * * * * * * * * * * * * //


887
(
175864
175865
175866
175867
175868
175869
175870
175871
175872
175874
175875
176052
176053
176054
176055
176056
176057
176058
176059
176060
176061
176062
176063
176066
176237
176238
176239
176240
176241
176242
176243
176244
176245
176246
176247
176248
176249
176250
176251
176254
176425
176426
176427
176428
176429
176430
176431
176432
176433
176434
176435
176436
176437
176438
176439
176442
176616
176618
176619
176620
176621
176622
176623
176624
176625
176627
176630
176810
176812
176815
187830
187831
187832
187833
187834
187835
187836
187837
187838
187840
187841
188015
188016
188017
188018
188019
188020
188021
188022
188023
188024
188025
188026
188027
188028
188029
188030
188031
188032
188034
188203
188204
188205
188206
188207
188208
188209
188210
188211
188212
188213
188214
188215
188216
188217
188218
188219
188220
188221
188222
188223
188225
188391
188392
188393
188394
188395
188396
188397
188398
188399
188400
188401
188402
188403
188404
188405
188406
188407
188408
188409
188410
188411
188412
188413
188414
188582
188583
188584
188585
188586
188587
188588
188589
188590
188591
188592
188593
188594
188595
188596
188597
188598
188599
188600
188601
188602
188605
188770
188771
188772
188773
188774
188775
188776
188777
188778
188779
188780
188781
188782
188783
188784
188785
188786
188787
188788
188790
188793
188961
188963
188964
188965
188966
188967
188968
188969
188970
188971
188972
188973
188974
188975
188978
189155
189157
189158
189160
189161
189163
189166
199984
199985
199986
199987
199988
199989
199990
199991
199992
199993
199994
199995
199996
199997
199998
200000
200172
200173
200174
200175
200176
200177
200178
200179
200180
200181
200182
200183
200184
200185
200186
200187
200188
200189
200191
200360
200361
200362
200363
200364
200365
200366
200367
200368
200369
200370
200371
200372
200373
200374
200375
200376
200377
200378
200379
200380
200382
200551
200552
200553
200554
200555
200556
200557
200558
200559
200560
200561
200562
200563
200564
200565
200566
200567
200568
200569
200570
200573
200739
200740
200741
200742
200743
200744
200745
200746
200747
200748
200749
200750
200751
200752
200753
200754
200755
200756
200757
200758
200759
200760
200761
200930
200931
200932
200933
200934
200935
200936
200937
200938
200939
200940
200941
200942
200943
200944
200945
200946
200948
201121
201122
201123
201124
201125
201126
201127
201128
201129
201130
201131
201132
201133
201134
201312
201315
201318
201321
211956
211957
211958
211959
211960
211961
211963
212144
212145
212146
212147
212148
212149
212150
212151
212152
212153
212154
212155
212157
212332
212333
212334
212335
212336
212337
212338
212339
212340
212341
212342
212343
212344
212345
212346
212348
212520
212521
212522
212523
212524
212525
212526
212527
212528
212529
212530
212531
212532
212533
212534
212535
212536
212537
212708
212709
212710
212711
212712
212713
212714
212715
212716
212717
212718
212719
212720
212721
212722
212723
212724
212725
212727
212899
212900
212901
212902
212903
212904
212905
212906
212907
212908
212909
212910
212911
212912
212913
212914
213090
213091
213092
213093
213094
213095
213096
213097
213098
213099
213100
213281
213284
213287
224110
224111
224113
224114
224116
224117
224120
224301
224302
224303
224304
224305
224306
224307
224308
224309
224310
224311
224312
224314
224489
224490
224491
224492
224493
224494
224495
224496
224497
224498
224499
224500
224501
224502
224503
224505
224677
224678
224679
224680
224681
224682
224683
224684
224685
224686
224687
224688
224689
224690
224691
224692
224693
224694
224868
224869
224870
224871
224872
224873
224874
224875
224876
224877
224878
224879
224880
224881
225059
225060
225061
225062
225063
225064
225065
225066
225067
225068
225250
225253
236461
236462
236464
236465
236467
236468
236471
236649
236650
236652
236653
236655
236656
236658
236659
236662
236837
236838
236840
236841
236843
236844
236846
236847
236849
237028
237029
237031
237032
237034
237035
237219
237222
237224
212349
224504
-164282
-164470
176064
176065
176252
176253
-176257
176440
176441
-176445
176626
176628
176629
-176633
176811
176813
176814
-176818
-177003
-177006
-187640
-187643
-187646
-187649
187839
-187843
-188012
-188013
-188014
188033
-188200
-188201
-188202
188224
-188388
188415
188416
-188579
-188580
-188581
188603
188604
-188767
188789
188791
188792
-188958
188962
188976
188977
-189152
-189154
189156
189159
189162
189164
189165
-199794
-199797
-199798
-199800
-199801
-199803
-199804
-199806
-199809
-199981
-199982
199999
-200169
-200170
-200357
-200548
-200549
-200550
-200736
-200927
-201118
-201309
201313
201316
-211766
-211769
-211772
-211952
-211953
-211954
-211955
211962
211964
-211966
-212141
-212142
-212143
-212329
-212330
-212331
-212517
-212518
-212519
-212705
-212896
-213087
-213278
-223920
-223923
-223926
-223929
-224107
224112
224115
224118
224119
224121
-224123
-224298
-224299
224315
-224486
-224487
224506
-224674
224697
-224865
-236271
-236274
-236277
-236280
-236458
-236459
236463
236466
236469
236470
236472
-236646
-236647
236651
236654
236657
236660
236661
236663
-236834
236839
236842
236845
236848
236851
236852
236854
-237025
237030
237033
237036
237039
237227
-249192
249382
249384
-176612
224885
236853
225073
-176045
-163706
-163709
-163712
-163715
-163894
-163897
-163900
-163903
-163906
-164079
-164082
-164085
-164088
-164091
-164094
-164267
-164270
-164273
-164276
-164279
-164458
-164461
-164464
-164467
-164652
-164655
-175674
-175675
-175677
-175678
-175680
-175681
-175683
-175860
-175861
-175862
-175863
175873
-176047
-176048
-176049
-176050
-176051
-176234
-176235
-176236
-176422
-176424
-176613
-176615
176617
-176803
-176806
-176807
-176809
-176997
-177000
188035
188226
188417
200001
200190
200192
200381
200383
200571
200572
200574
200762
200763
200764
200765
200947
200949
200950
200951
200952
200953
201135
201136
201137
201138
201314
201317
201319
201320
201322
201323
201324
201325
201326
212156
212158
212347
212538
212539
212540
212726
212728
212915
212916
212917
212918
212919
213101
213102
213103
213104
213282
213283
213285
213286
213288
213289
213290
213291
213292
224313
224695
224696
224882
224883
224884
-225056
225069
225070
225071
225072
-225247
225251
225252
225254
225255
225256
225257
225258
236850
237037
237038
-237216
237220
237221
237223
237225
237226
-249379
249383
-175672
-187825
-187826
-187827
-187828
-187829
-176233
-175857
)


// ************************************************************************* //
