/*--------------------------------*- C++ -*----------------------------------*\
  =========                 |
  \\      /  F ield         | OpenFOAM: The Open Source CFD Toolbox
   \\    /   O peration     | Website:  https://openfoam.org
    \\  /    A nd           | Version:  6
     \\/     M anipulation  |
\*---------------------------------------------------------------------------*/
FoamFile
{
    version     2.0;
    format      ascii;
    class       labelList;
    note        "nPoints:430  nCells:242  nFaces:887  nInternalFaces:565";
    location    "constant/region208/polyMesh";
    object      neighbour;
}
// * * * * * * * * * * * * * * * * * * * * * * * * * * * * * * * * * * * * * //


565
(
1
5
35
2
6
36
3
7
37
8
38
5
11
42
6
12
43
7
13
44
8
14
45
46
10
16
49
11
17
50
12
18
51
13
19
52
14
20
53
54
16
21
57
17
22
58
18
23
59
19
24
60
20
25
61
62
22
66
23
26
67
24
27
68
25
69
70
27
75
76
29
34
84
30
35
85
31
36
86
37
87
33
40
89
34
41
90
35
42
91
36
43
92
37
44
93
38
45
94
46
40
48
96
41
49
97
42
50
98
43
51
99
44
52
100
45
53
101
46
54
102
55
48
56
103
49
57
104
50
58
105
51
59
106
52
60
107
53
61
108
54
62
109
55
63
110
57
65
112
58
66
113
59
67
114
60
68
115
61
69
116
62
70
117
63
71
118
119
65
72
120
66
73
121
67
74
122
68
75
123
69
76
124
70
77
125
71
126
127
73
128
74
78
129
75
79
130
76
80
131
77
81
132
133
79
135
80
136
81
137
138
83
89
142
84
90
143
85
91
144
86
92
145
87
93
146
94
89
96
147
90
97
148
91
98
149
92
99
150
93
100
151
94
101
152
102
96
103
153
97
104
154
98
105
155
99
106
156
100
107
157
101
108
158
102
109
159
110
104
112
161
105
113
162
106
114
163
107
115
164
108
116
165
109
117
166
110
118
119
112
120
167
113
121
168
114
122
169
115
123
170
116
124
171
117
125
172
118
126
173
119
127
121
128
174
122
129
175
123
130
176
124
131
177
125
132
178
126
133
127
129
134
179
130
135
180
131
136
181
132
137
182
133
138
135
136
137
138
140
143
185
141
144
186
145
143
148
188
144
149
189
145
150
190
146
151
191
152
148
154
193
149
155
194
150
156
195
151
157
196
152
158
197
159
154
161
199
155
162
200
156
163
201
157
164
202
158
165
203
159
166
204
161
167
205
162
168
206
163
169
207
164
170
208
165
171
209
166
172
210
173
168
174
211
169
175
212
170
176
213
171
177
214
172
178
215
173
175
179
216
176
180
217
177
181
218
178
182
180
181
182
184
187
185
188
186
189
190
188
193
219
189
194
220
190
195
221
191
196
222
197
193
199
223
194
200
224
195
201
225
196
202
226
197
203
227
204
199
205
228
200
206
229
201
207
230
202
208
231
203
209
232
204
210
233
206
211
234
207
212
235
208
213
236
209
214
237
210
215
212
216
238
213
217
239
214
218
240
215
217
218
220
224
221
225
222
226
227
224
229
225
230
226
231
227
232
233
229
234
230
235
231
236
232
237
233
235
238
236
239
237
240
239
240
241
)


// ************************************************************************* //
