/*--------------------------------*- C++ -*----------------------------------*\
  =========                 |
  \\      /  F ield         | OpenFOAM: The Open Source CFD Toolbox
   \\    /   O peration     | Website:  https://openfoam.org
    \\  /    A nd           | Version:  6
     \\/     M anipulation  |
\*---------------------------------------------------------------------------*/
FoamFile
{
    version     2.0;
    format      ascii;
    class       labelList;
    note        "nPoints:430  nCells:242  nFaces:887  nInternalFaces:565";
    location    "constant/region208/polyMesh";
    object      owner;
}
// * * * * * * * * * * * * * * * * * * * * * * * * * * * * * * * * * * * * * //


887
(
0
0
0
1
1
1
2
2
2
3
3
4
4
4
5
5
5
6
6
6
7
7
7
8
9
9
9
10
10
10
11
11
11
12
12
12
13
13
13
14
15
15
15
16
16
16
17
17
17
18
18
18
19
19
19
20
21
21
22
22
22
23
23
23
24
24
25
26
26
27
28
28
28
29
29
29
30
30
30
31
31
32
32
32
33
33
33
34
34
34
35
35
35
36
36
36
37
37
37
38
39
39
39
40
40
40
41
41
41
42
42
42
43
43
43
44
44
44
45
45
45
46
47
47
47
48
48
48
49
49
49
50
50
50
51
51
51
52
52
52
53
53
53
54
54
54
56
56
56
57
57
57
58
58
58
59
59
59
60
60
60
61
61
61
62
62
62
63
64
64
64
65
65
65
66
66
66
67
67
67
68
68
68
69
69
69
70
70
71
72
72
73
73
73
74
74
74
75
75
75
76
76
76
77
78
78
79
79
80
80
81
82
82
82
83
83
83
84
84
84
85
85
85
86
86
86
87
88
88
88
89
89
89
90
90
90
91
91
91
92
92
92
93
93
93
94
95
95
95
96
96
96
97
97
97
98
98
98
99
99
99
100
100
100
101
101
101
102
103
103
103
104
104
104
105
105
105
106
106
106
107
107
107
108
108
108
109
109
110
111
111
111
112
112
112
113
113
113
114
114
114
115
115
115
116
116
116
117
117
117
118
118
120
120
120
121
121
121
122
122
122
123
123
123
124
124
124
125
125
126
128
128
128
129
129
129
130
130
130
131
131
131
132
132
134
135
136
137
139
139
139
140
140
140
141
142
142
142
143
143
143
144
144
144
145
145
145
146
147
147
147
148
148
148
149
149
149
150
150
150
151
151
151
152
153
153
153
154
154
154
155
155
155
156
156
156
157
157
157
158
158
158
160
160
160
161
161
161
162
162
162
163
163
163
164
164
164
165
165
165
166
167
167
167
168
168
168
169
169
169
170
170
170
171
171
171
172
174
174
174
175
175
175
176
176
176
177
177
179
180
181
183
183
184
184
185
185
186
187
187
187
188
188
188
189
189
189
190
190
190
191
192
192
192
193
193
193
194
194
194
195
195
195
196
196
196
197
198
198
198
199
199
199
200
200
200
201
201
201
202
202
202
203
203
203
205
205
205
206
206
206
207
207
207
208
208
208
209
209
211
211
211
212
212
212
213
213
213
214
216
217
219
219
220
220
221
221
222
223
223
224
224
225
225
226
226
227
228
228
229
229
230
230
231
231
232
234
234
235
235
236
236
238
239
239
152
197
20
25
8
8
14
14
55
20
20
63
24
25
25
71
26
27
27
77
80
81
28
29
30
31
31
38
32
39
88
38
39
47
95
46
47
55
55
56
64
111
63
63
64
70
71
71
72
72
77
77
78
134
78
79
80
81
81
82
83
139
84
140
85
141
86
87
82
88
87
88
95
95
103
111
160
111
120
128
134
134
135
139
140
141
183
139
142
184
141
141
146
142
147
187
147
153
192
153
160
198
160
167
174
179
183
184
185
186
183
183
184
185
186
186
191
187
192
191
192
198
197
198
204
205
219
220
221
222
219
223
219
220
221
222
222
223
228
223
224
225
226
227
227
228
228
229
230
231
232
233
233
234
234
235
236
237
240
241
241
241
64
210
233
215
39
0
1
2
3
4
5
6
7
8
9
10
11
12
13
14
15
16
17
18
19
21
22
23
24
26
27
0
29
1
30
2
31
3
33
0
4
34
3
9
40
4
10
41
9
15
48
15
56
21
65
21
72
73
26
74
78
79
38
46
55
87
94
94
102
102
109
110
110
118
119
119
119
125
126
126
127
127
127
132
133
133
133
134
135
136
136
137
137
138
138
138
146
146
152
159
159
159
166
166
172
172
173
173
173
177
178
178
178
179
179
180
180
181
181
182
182
182
191
204
204
209
210
210
211
214
214
215
215
216
216
216
217
217
218
218
218
232
237
237
238
238
238
239
240
240
241
241
28
32
82
28
33
83
47
32
)


// ************************************************************************* //
