/*--------------------------------*- C++ -*----------------------------------*\
  =========                 |
  \\      /  F ield         | OpenFOAM: The Open Source CFD Toolbox
   \\    /   O peration     | Website:  https://openfoam.org
    \\  /    A nd           | Version:  6
     \\/     M anipulation  |
\*---------------------------------------------------------------------------*/
FoamFile
{
    version     2.0;
    format      ascii;
    class       vectorField;
    location    "constant/region208/polyMesh";
    object      points;
}
// * * * * * * * * * * * * * * * * * * * * * * * * * * * * * * * * * * * * * //


430
(
(1.82e-06 1.885e-06 9.1e-07)
(1.885e-06 1.885e-06 9.099999999999998e-07)
(1.95e-06 1.885e-06 9.100000000000001e-07)
(2.015e-06 1.885e-06 9.100000000000001e-07)
(2.08e-06 1.885e-06 9.1e-07)
(1.755e-06 1.95e-06 9.1e-07)
(1.82e-06 1.95e-06 9.099999999999998e-07)
(1.885e-06 1.95e-06 9.1e-07)
(1.95e-06 1.95e-06 9.100000000000001e-07)
(2.015e-06 1.95e-06 9.099999999999998e-07)
(2.08e-06 1.95e-06 9.100000000000001e-07)
(1.625e-06 2.015e-06 9.100000000000001e-07)
(1.69e-06 2.015e-06 9.100000000000001e-07)
(1.755e-06 2.015e-06 9.1e-07)
(1.82e-06 2.015e-06 9.099999999999998e-07)
(1.885e-06 2.015e-06 9.1e-07)
(1.95e-06 2.015e-06 9.099999999999998e-07)
(2.015e-06 2.015e-06 9.100000000000001e-07)
(2.08e-06 2.015e-06 9.099999999999998e-07)
(1.56e-06 2.08e-06 9.099999999999997e-07)
(1.625e-06 2.08e-06 9.100000000000001e-07)
(1.69e-06 2.08e-06 9.100000000000001e-07)
(1.755e-06 2.08e-06 9.1e-07)
(1.82e-06 2.08e-06 9.1e-07)
(1.885e-06 2.08e-06 9.1e-07)
(1.95e-06 2.08e-06 9.100000000000001e-07)
(2.015e-06 2.08e-06 9.099999999999998e-07)
(1.56e-06 2.145e-06 9.1e-07)
(1.625e-06 2.144999999999999e-06 9.100000000000001e-07)
(1.69e-06 2.145e-06 9.1e-07)
(1.755e-06 2.145e-06 9.1e-07)
(1.82e-06 2.144999999999999e-06 9.099999999999998e-07)
(1.885e-06 2.145e-06 9.1e-07)
(1.95e-06 2.145e-06 9.1e-07)
(1.56e-06 2.21e-06 9.1e-07)
(1.625e-06 2.21e-06 9.100000000000001e-07)
(1.69e-06 2.21e-06 9.1e-07)
(1.755e-06 2.21e-06 9.1e-07)
(1.82e-06 2.21e-06 9.099999999999998e-07)
(1.885e-06 2.21e-06 9.1e-07)
(1.625e-06 2.275e-06 9.1e-07)
(1.69e-06 2.275e-06 9.1e-07)
(1.755e-06 2.275e-06 9.100000000000001e-07)
(1.755e-06 1.82e-06 9.750000000000002e-07)
(1.82e-06 1.82e-06 9.75e-07)
(1.885e-06 1.82e-06 9.75e-07)
(1.95e-06 1.82e-06 9.75e-07)
(2.015e-06 1.82e-06 9.75e-07)
(1.625e-06 1.885e-06 9.75e-07)
(1.69e-06 1.885e-06 9.75e-07)
(1.755e-06 1.885e-06 9.75e-07)
(1.82e-06 1.885e-06 9.75e-07)
(1.885e-06 1.885e-06 9.75e-07)
(1.95e-06 1.885e-06 9.75e-07)
(2.015e-06 1.885e-06 9.75e-07)
(2.08e-06 1.885e-06 9.75e-07)
(1.56e-06 1.95e-06 9.75e-07)
(1.625e-06 1.95e-06 9.75e-07)
(1.69e-06 1.95e-06 9.75e-07)
(1.755e-06 1.95e-06 9.75e-07)
(1.82e-06 1.95e-06 9.75e-07)
(1.885e-06 1.95e-06 9.75e-07)
(1.95e-06 1.95e-06 9.75e-07)
(2.015e-06 1.95e-06 9.75e-07)
(2.08e-06 1.95e-06 9.75e-07)
(1.495e-06 2.015e-06 9.75e-07)
(1.56e-06 2.015e-06 9.75e-07)
(1.625e-06 2.015e-06 9.75e-07)
(1.69e-06 2.015e-06 9.75e-07)
(1.755e-06 2.015e-06 9.750000000000002e-07)
(1.82e-06 2.015e-06 9.75e-07)
(1.885e-06 2.015e-06 9.75e-07)
(1.95e-06 2.015e-06 9.75e-07)
(2.015e-06 2.015e-06 9.75e-07)
(2.08e-06 2.015e-06 9.750000000000002e-07)
(1.495e-06 2.08e-06 9.750000000000002e-07)
(1.56e-06 2.08e-06 9.75e-07)
(1.625e-06 2.08e-06 9.75e-07)
(1.69e-06 2.08e-06 9.750000000000002e-07)
(1.755e-06 2.08e-06 9.75e-07)
(1.82e-06 2.08e-06 9.750000000000002e-07)
(1.885e-06 2.08e-06 9.75e-07)
(1.95e-06 2.08e-06 9.75e-07)
(2.015e-06 2.08e-06 9.750000000000002e-07)
(2.08e-06 2.08e-06 9.75e-07)
(1.43e-06 2.145e-06 9.750000000000002e-07)
(1.495e-06 2.145e-06 9.75e-07)
(1.56e-06 2.145e-06 9.75e-07)
(1.625e-06 2.145e-06 9.75e-07)
(1.69e-06 2.145e-06 9.75e-07)
(1.755e-06 2.145e-06 9.750000000000002e-07)
(1.82e-06 2.145e-06 9.75e-07)
(1.885e-06 2.145e-06 9.75e-07)
(1.95e-06 2.145e-06 9.75e-07)
(2.015e-06 2.145e-06 9.75e-07)
(1.43e-06 2.21e-06 9.75e-07)
(1.495e-06 2.21e-06 9.75e-07)
(1.56e-06 2.21e-06 9.75e-07)
(1.625e-06 2.21e-06 9.75e-07)
(1.69e-06 2.21e-06 9.75e-07)
(1.755e-06 2.21e-06 9.75e-07)
(1.82e-06 2.21e-06 9.75e-07)
(1.885e-06 2.21e-06 9.75e-07)
(1.95e-06 2.21e-06 9.75e-07)
(1.43e-06 2.275e-06 9.75e-07)
(1.495e-06 2.275e-06 9.75e-07)
(1.56e-06 2.275e-06 9.75e-07)
(1.625e-06 2.275e-06 9.75e-07)
(1.69e-06 2.275e-06 9.75e-07)
(1.755e-06 2.275e-06 9.75e-07)
(1.82e-06 2.275e-06 9.75e-07)
(1.495e-06 2.34e-06 9.75e-07)
(1.56e-06 2.34e-06 9.75e-07)
(1.625e-06 2.34e-06 9.75e-07)
(1.69e-06 2.34e-06 9.75e-07)
(1.755e-06 2.34e-06 9.750000000000002e-07)
(1.625e-06 1.82e-06 1.04e-06)
(1.69e-06 1.82e-06 1.04e-06)
(1.755e-06 1.82e-06 1.04e-06)
(1.82e-06 1.82e-06 1.04e-06)
(1.885e-06 1.82e-06 1.04e-06)
(1.95e-06 1.82e-06 1.04e-06)
(2.015e-06 1.82e-06 1.04e-06)
(1.56e-06 1.885e-06 1.04e-06)
(1.625e-06 1.885e-06 1.04e-06)
(1.69e-06 1.885e-06 1.04e-06)
(1.755e-06 1.885e-06 1.04e-06)
(1.82e-06 1.885e-06 1.04e-06)
(1.885e-06 1.885e-06 1.04e-06)
(1.95e-06 1.885e-06 1.04e-06)
(2.015e-06 1.885e-06 1.04e-06)
(2.08e-06 1.885e-06 1.04e-06)
(1.495e-06 1.95e-06 1.04e-06)
(1.56e-06 1.95e-06 1.04e-06)
(1.625e-06 1.95e-06 1.04e-06)
(1.69e-06 1.95e-06 1.04e-06)
(1.755e-06 1.95e-06 1.04e-06)
(1.82e-06 1.95e-06 1.04e-06)
(1.885e-06 1.95e-06 1.04e-06)
(1.95e-06 1.95e-06 1.04e-06)
(2.015e-06 1.95e-06 1.04e-06)
(2.08e-06 1.95e-06 1.04e-06)
(1.495e-06 2.015e-06 1.04e-06)
(1.56e-06 2.015e-06 1.04e-06)
(1.625e-06 2.015e-06 1.04e-06)
(1.69e-06 2.015e-06 1.04e-06)
(1.755e-06 2.015e-06 1.04e-06)
(1.82e-06 2.015e-06 1.04e-06)
(1.885e-06 2.015e-06 1.04e-06)
(1.95e-06 2.015e-06 1.04e-06)
(2.015e-06 2.015e-06 1.04e-06)
(2.08e-06 2.015e-06 1.04e-06)
(1.43e-06 2.08e-06 1.04e-06)
(1.495e-06 2.08e-06 1.04e-06)
(1.56e-06 2.08e-06 1.04e-06)
(1.625e-06 2.08e-06 1.04e-06)
(1.69e-06 2.08e-06 1.04e-06)
(1.755000000000001e-06 2.08e-06 1.04e-06)
(1.82e-06 2.08e-06 1.04e-06)
(1.885e-06 2.08e-06 1.04e-06)
(1.95e-06 2.08e-06 1.04e-06)
(2.015e-06 2.08e-06 1.04e-06)
(2.08e-06 2.08e-06 1.04e-06)
(1.43e-06 2.145e-06 1.04e-06)
(1.495e-06 2.145e-06 1.04e-06)
(1.56e-06 2.145e-06 1.04e-06)
(1.625e-06 2.145e-06 1.04e-06)
(1.69e-06 2.145e-06 1.04e-06)
(1.755000000000001e-06 2.145e-06 1.04e-06)
(1.82e-06 2.145e-06 1.04e-06)
(1.885e-06 2.145e-06 1.04e-06)
(1.95e-06 2.145e-06 1.04e-06)
(2.015e-06 2.145e-06 1.04e-06)
(1.43e-06 2.21e-06 1.04e-06)
(1.495e-06 2.21e-06 1.04e-06)
(1.56e-06 2.21e-06 1.04e-06)
(1.625e-06 2.21e-06 1.04e-06)
(1.69e-06 2.21e-06 1.04e-06)
(1.755e-06 2.21e-06 1.04e-06)
(1.82e-06 2.21e-06 1.04e-06)
(1.885e-06 2.21e-06 1.04e-06)
(1.95e-06 2.21e-06 1.04e-06)
(1.43e-06 2.275e-06 1.04e-06)
(1.495e-06 2.275e-06 1.04e-06)
(1.56e-06 2.275e-06 1.04e-06)
(1.625e-06 2.275e-06 1.04e-06)
(1.69e-06 2.275e-06 1.04e-06)
(1.755e-06 2.275e-06 1.04e-06)
(1.82e-06 2.275e-06 1.04e-06)
(1.43e-06 2.34e-06 1.04e-06)
(1.495e-06 2.34e-06 1.04e-06)
(1.56e-06 2.34e-06 1.04e-06)
(1.625e-06 2.34e-06 1.04e-06)
(1.69e-06 2.34e-06 1.04e-06)
(1.755e-06 2.34e-06 1.04e-06)
(1.69e-06 1.755e-06 1.105e-06)
(1.755e-06 1.755e-06 1.105e-06)
(1.82e-06 1.755e-06 1.105e-06)
(1.885e-06 1.755e-06 1.105e-06)
(1.625e-06 1.82e-06 1.105e-06)
(1.69e-06 1.82e-06 1.105e-06)
(1.755e-06 1.82e-06 1.105e-06)
(1.82e-06 1.82e-06 1.105e-06)
(1.885e-06 1.82e-06 1.105e-06)
(1.95e-06 1.82e-06 1.105e-06)
(2.015e-06 1.82e-06 1.105e-06)
(1.56e-06 1.885e-06 1.105e-06)
(1.625e-06 1.885e-06 1.105e-06)
(1.69e-06 1.885e-06 1.105e-06)
(1.755e-06 1.885e-06 1.105e-06)
(1.82e-06 1.885e-06 1.105e-06)
(1.885e-06 1.885e-06 1.105e-06)
(1.95e-06 1.885e-06 1.105e-06)
(2.015e-06 1.885e-06 1.105e-06)
(1.495e-06 1.95e-06 1.105e-06)
(1.56e-06 1.95e-06 1.105e-06)
(1.625e-06 1.95e-06 1.105e-06)
(1.69e-06 1.95e-06 1.105e-06)
(1.755e-06 1.95e-06 1.105e-06)
(1.82e-06 1.95e-06 1.105e-06)
(1.885e-06 1.95e-06 1.105e-06)
(1.95e-06 1.95e-06 1.105e-06)
(2.015e-06 1.95e-06 1.105e-06)
(1.43e-06 2.015e-06 1.105e-06)
(1.495e-06 2.015e-06 1.105e-06)
(1.56e-06 2.015e-06 1.105e-06)
(1.625e-06 2.015e-06 1.105e-06)
(1.69e-06 2.015e-06 1.105e-06)
(1.755e-06 2.015e-06 1.105e-06)
(1.82e-06 2.015e-06 1.105e-06)
(1.885e-06 2.015e-06 1.105e-06)
(1.95e-06 2.015e-06 1.105e-06)
(2.015e-06 2.015e-06 1.105e-06)
(1.43e-06 2.08e-06 1.105e-06)
(1.495e-06 2.08e-06 1.105e-06)
(1.56e-06 2.08e-06 1.105e-06)
(1.625e-06 2.08e-06 1.105e-06)
(1.69e-06 2.08e-06 1.105e-06)
(1.755e-06 2.08e-06 1.105e-06)
(1.82e-06 2.08e-06 1.105e-06)
(1.885e-06 2.08e-06 1.105e-06)
(1.95e-06 2.08e-06 1.105e-06)
(2.015e-06 2.08e-06 1.105e-06)
(1.43e-06 2.145e-06 1.105e-06)
(1.495e-06 2.144999999999999e-06 1.105e-06)
(1.56e-06 2.145e-06 1.105e-06)
(1.625e-06 2.145e-06 1.105e-06)
(1.69e-06 2.145e-06 1.105e-06)
(1.755e-06 2.145e-06 1.105e-06)
(1.82e-06 2.145e-06 1.105e-06)
(1.885e-06 2.145e-06 1.105e-06)
(1.95e-06 2.145e-06 1.105e-06)
(2.015e-06 2.145e-06 1.105e-06)
(1.43e-06 2.21e-06 1.105e-06)
(1.495e-06 2.21e-06 1.105e-06)
(1.56e-06 2.21e-06 1.105e-06)
(1.625e-06 2.21e-06 1.105e-06)
(1.69e-06 2.21e-06 1.105e-06)
(1.755e-06 2.21e-06 1.105e-06)
(1.82e-06 2.21e-06 1.105e-06)
(1.885e-06 2.21e-06 1.105e-06)
(1.95e-06 2.21e-06 1.105e-06)
(1.43e-06 2.275e-06 1.105e-06)
(1.495e-06 2.275e-06 1.105e-06)
(1.56e-06 2.275e-06 1.105e-06)
(1.625e-06 2.275e-06 1.105e-06)
(1.69e-06 2.275e-06 1.105e-06)
(1.755e-06 2.275e-06 1.105e-06)
(1.82e-06 2.275e-06 1.105e-06)
(1.43e-06 2.34e-06 1.105e-06)
(1.495e-06 2.34e-06 1.105e-06)
(1.56e-06 2.34e-06 1.105e-06)
(1.625e-06 2.34e-06 1.105e-06)
(1.69e-06 2.34e-06 1.105e-06)
(1.755e-06 2.34e-06 1.105e-06)
(1.56e-06 1.755e-06 1.17e-06)
(1.625e-06 1.755e-06 1.17e-06)
(1.69e-06 1.755e-06 1.17e-06)
(1.755e-06 1.755e-06 1.17e-06)
(1.82e-06 1.755e-06 1.17e-06)
(1.885e-06 1.755e-06 1.17e-06)
(1.56e-06 1.82e-06 1.17e-06)
(1.625e-06 1.82e-06 1.17e-06)
(1.69e-06 1.82e-06 1.17e-06)
(1.755e-06 1.82e-06 1.17e-06)
(1.82e-06 1.82e-06 1.17e-06)
(1.885e-06 1.82e-06 1.17e-06)
(1.95e-06 1.82e-06 1.17e-06)
(1.495e-06 1.885e-06 1.17e-06)
(1.56e-06 1.885e-06 1.17e-06)
(1.625e-06 1.885e-06 1.17e-06)
(1.69e-06 1.885e-06 1.17e-06)
(1.755e-06 1.885e-06 1.17e-06)
(1.82e-06 1.885e-06 1.17e-06)
(1.885e-06 1.885e-06 1.17e-06)
(1.95e-06 1.885e-06 1.17e-06)
(1.43e-06 1.95e-06 1.17e-06)
(1.495e-06 1.95e-06 1.17e-06)
(1.56e-06 1.95e-06 1.17e-06)
(1.625e-06 1.95e-06 1.17e-06)
(1.69e-06 1.95e-06 1.17e-06)
(1.755e-06 1.95e-06 1.17e-06)
(1.82e-06 1.95e-06 1.17e-06)
(1.885e-06 1.95e-06 1.17e-06)
(1.95e-06 1.95e-06 1.17e-06)
(1.43e-06 2.015e-06 1.17e-06)
(1.495e-06 2.015e-06 1.17e-06)
(1.56e-06 2.015e-06 1.17e-06)
(1.625e-06 2.015e-06 1.17e-06)
(1.69e-06 2.015e-06 1.17e-06)
(1.755e-06 2.015e-06 1.17e-06)
(1.82e-06 2.015e-06 1.17e-06)
(1.885e-06 2.015e-06 1.17e-06)
(1.95e-06 2.015e-06 1.17e-06)
(1.43e-06 2.08e-06 1.17e-06)
(1.495e-06 2.08e-06 1.17e-06)
(1.56e-06 2.08e-06 1.17e-06)
(1.625e-06 2.08e-06 1.17e-06)
(1.69e-06 2.08e-06 1.17e-06)
(1.755e-06 2.08e-06 1.17e-06)
(1.82e-06 2.08e-06 1.17e-06)
(1.885e-06 2.08e-06 1.17e-06)
(1.43e-06 2.145e-06 1.17e-06)
(1.495e-06 2.145e-06 1.17e-06)
(1.56e-06 2.145e-06 1.17e-06)
(1.625e-06 2.145e-06 1.17e-06)
(1.69e-06 2.145e-06 1.17e-06)
(1.755e-06 2.145e-06 1.17e-06)
(1.82e-06 2.145e-06 1.17e-06)
(1.885e-06 2.145e-06 1.17e-06)
(1.43e-06 2.21e-06 1.17e-06)
(1.495e-06 2.21e-06 1.17e-06)
(1.56e-06 2.21e-06 1.17e-06)
(1.625e-06 2.21e-06 1.17e-06)
(1.69e-06 2.21e-06 1.17e-06)
(1.755e-06 2.21e-06 1.17e-06)
(1.43e-06 2.275e-06 1.17e-06)
(1.495e-06 2.275e-06 1.17e-06)
(1.56e-06 2.275e-06 1.17e-06)
(1.625e-06 2.275e-06 1.17e-06)
(1.69e-06 2.275e-06 1.17e-06)
(1.56e-06 1.755e-06 1.235e-06)
(1.625e-06 1.755e-06 1.235e-06)
(1.69e-06 1.755e-06 1.235e-06)
(1.755e-06 1.755e-06 1.235e-06)
(1.82e-06 1.755e-06 1.235e-06)
(1.56e-06 1.82e-06 1.235e-06)
(1.625e-06 1.82e-06 1.235e-06)
(1.69e-06 1.82e-06 1.235e-06)
(1.755e-06 1.82e-06 1.235e-06)
(1.82e-06 1.82e-06 1.235e-06)
(1.885e-06 1.82e-06 1.235e-06)
(1.495e-06 1.885e-06 1.235e-06)
(1.56e-06 1.885e-06 1.235e-06)
(1.625e-06 1.885e-06 1.235e-06)
(1.69e-06 1.885e-06 1.235e-06)
(1.755e-06 1.885e-06 1.235e-06)
(1.82e-06 1.885e-06 1.235e-06)
(1.885e-06 1.885e-06 1.235e-06)
(1.43e-06 1.95e-06 1.235e-06)
(1.495e-06 1.95e-06 1.235e-06)
(1.56e-06 1.95e-06 1.235e-06)
(1.625e-06 1.95e-06 1.235e-06)
(1.69e-06 1.95e-06 1.235e-06)
(1.755e-06 1.95e-06 1.235e-06)
(1.82e-06 1.95e-06 1.235e-06)
(1.885e-06 1.95e-06 1.235e-06)
(1.43e-06 2.015e-06 1.235e-06)
(1.495e-06 2.015e-06 1.235e-06)
(1.56e-06 2.015e-06 1.235e-06)
(1.625e-06 2.015e-06 1.235e-06)
(1.69e-06 2.015e-06 1.235e-06)
(1.755e-06 2.015e-06 1.235e-06)
(1.82e-06 2.015e-06 1.235e-06)
(1.885e-06 2.015e-06 1.235e-06)
(1.43e-06 2.08e-06 1.235e-06)
(1.495e-06 2.08e-06 1.235e-06)
(1.56e-06 2.08e-06 1.235e-06)
(1.625e-06 2.08e-06 1.235e-06)
(1.69e-06 2.08e-06 1.235e-06)
(1.755e-06 2.08e-06 1.235e-06)
(1.82e-06 2.08e-06 1.235e-06)
(1.43e-06 2.145e-06 1.235e-06)
(1.495e-06 2.145e-06 1.235e-06)
(1.56e-06 2.145e-06 1.235e-06)
(1.625e-06 2.145e-06 1.235e-06)
(1.69e-06 2.144999999999999e-06 1.235e-06)
(1.755e-06 2.145e-06 1.235e-06)
(1.43e-06 2.21e-06 1.235e-06)
(1.495e-06 2.21e-06 1.235e-06)
(1.56e-06 2.21e-06 1.235e-06)
(1.625e-06 2.21e-06 1.235e-06)
(1.56e-06 1.82e-06 1.3e-06)
(1.625e-06 1.82e-06 1.3e-06)
(1.69e-06 1.82e-06 1.3e-06)
(1.755e-06 1.82e-06 1.3e-06)
(1.82e-06 1.82e-06 1.3e-06)
(1.495e-06 1.885e-06 1.3e-06)
(1.56e-06 1.885e-06 1.3e-06)
(1.625e-06 1.885e-06 1.3e-06)
(1.69e-06 1.885e-06 1.3e-06)
(1.755e-06 1.885e-06 1.3e-06)
(1.82e-06 1.885e-06 1.3e-06)
(1.43e-06 1.95e-06 1.3e-06)
(1.495e-06 1.95e-06 1.3e-06)
(1.56e-06 1.95e-06 1.3e-06)
(1.625e-06 1.95e-06 1.3e-06)
(1.69e-06 1.95e-06 1.3e-06)
(1.755e-06 1.95e-06 1.3e-06)
(1.82e-06 1.95e-06 1.3e-06)
(1.43e-06 2.015e-06 1.3e-06)
(1.495e-06 2.015e-06 1.3e-06)
(1.56e-06 2.015e-06 1.3e-06)
(1.625e-06 2.015e-06 1.3e-06)
(1.69e-06 2.015e-06 1.3e-06)
(1.755e-06 2.015e-06 1.3e-06)
(1.82e-06 2.015e-06 1.3e-06)
(1.43e-06 2.08e-06 1.3e-06)
(1.495e-06 2.08e-06 1.3e-06)
(1.56e-06 2.08e-06 1.3e-06)
(1.625e-06 2.08e-06 1.3e-06)
(1.69e-06 2.08e-06 1.3e-06)
(1.43e-06 2.145e-06 1.3e-06)
(1.495e-06 2.145e-06 1.3e-06)
(1.56e-06 2.145e-06 1.3e-06)
(1.625e-06 2.145e-06 1.3e-06)
(1.495e-06 2.08e-06 1.365e-06)
(1.56e-06 2.08e-06 1.365e-06)
(1.495e-06 2.145e-06 1.365e-06)
(1.56e-06 2.145e-06 1.365e-06)
)


// ************************************************************************* //
