/*--------------------------------*- C++ -*----------------------------------*\
  =========                 |
  \\      /  F ield         | OpenFOAM: The Open Source CFD Toolbox
   \\    /   O peration     | Website:  https://openfoam.org
    \\  /    A nd           | Version:  6
     \\/     M anipulation  |
\*---------------------------------------------------------------------------*/
FoamFile
{
    version     2.0;
    format      ascii;
    class       labelList;
    location    "constant/region208/polyMesh";
    object      pointRegionAddressing;
}
// * * * * * * * * * * * * * * * * * * * * * * * * * * * * * * * * * * * * * //


430
(
61063
61064
61065
61066
61067
61127
61128
61129
61130
61131
61132
61190
61191
61192
61193
61194
61195
61196
61197
61254
61255
61256
61257
61258
61259
61260
61261
61319
61320
61321
61322
61323
61324
61325
61384
61385
61386
61387
61388
61389
61450
61451
61452
65222
65223
65224
65225
65226
65285
65286
65287
65288
65289
65290
65291
65292
65349
65350
65351
65352
65353
65354
65355
65356
65357
65413
65414
65415
65416
65417
65418
65419
65420
65421
65422
65478
65479
65480
65481
65482
65483
65484
65485
65486
65487
65542
65543
65544
65545
65546
65547
65548
65549
65550
65551
65607
65608
65609
65610
65611
65612
65613
65614
65615
65672
65673
65674
65675
65676
65677
65678
65738
65739
65740
65741
65742
69445
69446
69447
69448
69449
69450
69451
69509
69510
69511
69512
69513
69514
69515
69516
69517
69573
69574
69575
69576
69577
69578
69579
69580
69581
69582
69638
69639
69640
69641
69642
69643
69644
69645
69646
69647
69702
69703
69704
69705
69706
69707
69708
69709
69710
69711
69712
69767
69768
69769
69770
69771
69772
69773
69774
69775
69776
69832
69833
69834
69835
69836
69837
69838
69839
69840
69897
69898
69899
69900
69901
69902
69903
69962
69963
69964
69965
69966
69967
73606
73607
73608
73609
73670
73671
73672
73673
73674
73675
73676
73734
73735
73736
73737
73738
73739
73740
73741
73798
73799
73800
73801
73802
73803
73804
73805
73806
73862
73863
73864
73865
73866
73867
73868
73869
73870
73871
73927
73928
73929
73930
73931
73932
73933
73934
73935
73936
73992
73993
73994
73995
73996
73997
73998
73999
74000
74001
74057
74058
74059
74060
74061
74062
74063
74064
74065
74122
74123
74124
74125
74126
74127
74128
74187
74188
74189
74190
74191
74192
77829
77830
77831
77832
77833
77834
77894
77895
77896
77897
77898
77899
77900
77958
77959
77960
77961
77962
77963
77964
77965
78022
78023
78024
78025
78026
78027
78028
78029
78030
78087
78088
78089
78090
78091
78092
78093
78094
78095
78152
78153
78154
78155
78156
78157
78158
78159
78217
78218
78219
78220
78221
78222
78223
78224
78282
78283
78284
78285
78286
78287
78347
78348
78349
78350
78351
82054
82055
82056
82057
82058
82119
82120
82121
82122
82123
82124
82183
82184
82185
82186
82187
82188
82189
82247
82248
82249
82250
82251
82252
82253
82254
82312
82313
82314
82315
82316
82317
82318
82319
82377
82378
82379
82380
82381
82382
82383
82442
82443
82444
82445
82446
82447
82507
82508
82509
82510
86344
86345
86346
86347
86348
86408
86409
86410
86411
86412
86413
86472
86473
86474
86475
86476
86477
86478
86537
86538
86539
86540
86541
86542
86543
86602
86603
86604
86605
86606
86667
86668
86669
86670
90828
90829
90893
90894
)


// ************************************************************************* //
