/*--------------------------------*- C++ -*----------------------------------*\
  =========                 |
  \\      /  F ield         | OpenFOAM: The Open Source CFD Toolbox
   \\    /   O peration     | Website:  https://openfoam.org
    \\  /    A nd           | Version:  6
     \\/     M anipulation  |
\*---------------------------------------------------------------------------*/
FoamFile
{
    version     2.0;
    format      ascii;
    class       faceList;
    location    "constant/region651/polyMesh";
    object      faces;
}
// * * * * * * * * * * * * * * * * * * * * * * * * * * * * * * * * * * * * * //


44
(
4(6 7 12 11)
4(5 10 26 21)
4(9 25 26 10)
4(6 11 27 22)
4(10 26 27 11)
4(7 12 28 23)
4(11 27 28 12)
4(10 15 31 26)
4(11 16 32 27)
4(16 32 33 17)
4(0 2 3 1)
4(1 3 12 7)
4(2 11 12 3)
4(7 12 13 8)
4(11 16 17 12)
4(16 18 19 17)
4(4 20 25 9)
4(8 13 29 24)
4(12 28 29 13)
4(9 25 30 14)
4(12 17 33 28)
4(17 19 35 33)
4(18 34 35 19)
4(20 21 26 25)
4(21 22 27 26)
4(22 23 28 27)
4(23 24 29 28)
4(25 26 31 30)
4(26 27 32 31)
4(27 28 33 32)
4(32 33 35 34)
4(0 1 7 6)
4(4 9 10 5)
4(0 6 11 2)
4(5 10 11 6)
4(9 14 15 10)
4(10 15 16 11)
4(4 5 21 20)
4(5 6 22 21)
4(6 7 23 22)
4(7 8 24 23)
4(14 30 31 15)
4(15 31 32 16)
4(16 32 34 18)
)


// ************************************************************************* //
