/*--------------------------------*- C++ -*----------------------------------*\
  =========                 |
  \\      /  F ield         | OpenFOAM: The Open Source CFD Toolbox
   \\    /   O peration     | Website:  https://openfoam.org
    \\  /    A nd           | Version:  6
     \\/     M anipulation  |
\*---------------------------------------------------------------------------*/
FoamFile
{
    version     2.0;
    format      ascii;
    class       faceList;
    location    "constant/region956/polyMesh";
    object      faces;
}
// * * * * * * * * * * * * * * * * * * * * * * * * * * * * * * * * * * * * * //


58
(
4(1 7 30 24)
4(6 29 30 7)
4(2 8 31 25)
4(7 30 31 8)
4(3 9 32 26)
4(4 10 33 27)
4(7 14 37 30)
4(13 36 37 14)
4(14 37 38 15)
4(13 17 40 36)
4(14 18 41 37)
4(17 40 41 18)
4(18 41 42 19)
4(18 21 44 41)
4(0 6 7 1)
4(1 7 8 2)
4(2 8 9 3)
4(3 9 10 4)
4(4 10 11 5)
4(6 13 14 7)
4(7 14 15 8)
4(12 16 17 13)
4(13 17 18 14)
4(14 18 19 15)
4(17 20 21 18)
4(18 21 22 19)
4(8 31 32 9)
4(9 32 33 10)
4(5 11 34 28)
4(10 33 34 11)
4(8 15 38 31)
4(12 35 39 16)
4(16 39 40 17)
4(15 19 42 38)
4(17 40 43 20)
4(23 24 30 29)
4(24 25 31 30)
4(25 26 32 31)
4(26 27 33 32)
4(27 28 34 33)
4(29 30 37 36)
4(30 31 38 37)
4(35 36 40 39)
4(36 37 41 40)
4(37 38 42 41)
4(40 41 44 43)
4(41 42 45 44)
4(20 43 44 21)
4(19 22 45 42)
4(21 44 45 22)
4(0 1 24 23)
4(1 2 25 24)
4(2 3 26 25)
4(3 4 27 26)
4(4 5 28 27)
4(0 23 29 6)
4(6 29 36 13)
4(12 13 36 35)
)


// ************************************************************************* //
