/*--------------------------------*- C++ -*----------------------------------*\
  =========                 |
  \\      /  F ield         | OpenFOAM: The Open Source CFD Toolbox
   \\    /   O peration     | Website:  https://openfoam.org
    \\  /    A nd           | Version:  6
     \\/     M anipulation  |
\*---------------------------------------------------------------------------*/
FoamFile
{
    version     2.0;
    format      ascii;
    class       faceList;
    location    "constant/region751/polyMesh";
    object      faces;
}
// * * * * * * * * * * * * * * * * * * * * * * * * * * * * * * * * * * * * * //


56
(
4(2 20 21 3)
4(3 8 26 21)
4(20 21 26 25)
4(8 26 27 9)
4(10 28 29 11)
4(9 14 33 27)
4(10 15 34 28)
4(11 16 35 29)
4(28 29 35 34)
4(25 39 40 26)
4(0 1 19 18)
4(1 3 21 19)
4(18 19 21 20)
4(3 4 22 21)
4(5 6 24 23)
4(4 9 27 22)
4(21 22 27 26)
4(5 23 28 10)
4(9 10 28 27)
4(23 24 29 28)
4(20 21 38 37)
4(21 26 40 38)
4(37 38 40 39)
4(28 29 42 41)
4(0 2 3 1)
4(2 7 8 3)
4(3 8 9 4)
4(5 10 11 6)
4(8 13 14 9)
4(9 14 15 10)
4(10 15 16 11)
4(11 16 17 12)
4(0 18 20 2)
4(2 20 25 7)
4(7 25 26 8)
4(6 11 29 24)
4(11 12 30 29)
4(8 26 32 13)
4(25 31 32 26)
4(13 32 33 14)
4(26 27 33 32)
4(14 33 34 15)
4(27 28 34 33)
4(15 34 35 16)
4(12 17 36 30)
4(16 35 36 17)
4(29 30 36 35)
4(20 37 39 25)
4(25 39 43 31)
4(26 32 44 40)
4(31 43 44 32)
4(39 40 44 43)
4(28 41 45 34)
4(29 35 46 42)
4(34 45 46 35)
4(41 42 46 45)
)


// ************************************************************************* //
