/*--------------------------------*- C++ -*----------------------------------*\
  =========                 |
  \\      /  F ield         | OpenFOAM: The Open Source CFD Toolbox
   \\    /   O peration     | Website:  https://openfoam.org
    \\  /    A nd           | Version:  6
     \\/     M anipulation  |
\*---------------------------------------------------------------------------*/
FoamFile
{
    version     2.0;
    format      ascii;
    class       faceList;
    location    "constant/region406/polyMesh";
    object      faces;
}
// * * * * * * * * * * * * * * * * * * * * * * * * * * * * * * * * * * * * * //


146
(
4(6 7 9 8)
4(6 16 17 7)
4(14 15 17 16)
4(8 18 19 9)
4(16 17 19 18)
4(10 20 21 11)
4(18 19 21 20)
4(20 21 23 22)
4(16 28 29 17)
4(25 26 29 28)
4(18 31 32 19)
4(28 29 32 31)
4(20 33 34 21)
4(31 32 34 33)
4(33 34 36 35)
4(25 28 43 40)
4(27 42 43 28)
4(39 40 43 42)
4(28 43 44 29)
4(40 41 44 43)
4(28 31 46 43)
4(42 43 46 45)
4(31 46 47 32)
4(43 44 47 46)
4(33 48 49 34)
4(46 47 49 48)
4(35 50 51 36)
4(48 49 51 50)
4(40 43 58 55)
4(42 57 58 43)
4(54 55 58 57)
4(43 58 59 44)
4(55 56 59 58)
4(43 46 61 58)
4(46 61 62 47)
4(58 59 62 61)
4(48 63 64 49)
4(61 62 64 63)
4(63 64 66 65)
4(55 58 71 68)
4(58 71 72 59)
4(68 69 72 71)
4(61 73 74 62)
4(71 72 74 73)
4(63 75 76 64)
4(73 74 76 75)
4(71 81 82 72)
4(79 80 82 81)
4(73 83 84 74)
4(81 82 84 83)
4(81 89 90 82)
4(87 88 90 89)
4(24 25 40 39)
4(39 40 55 54)
4(54 55 68 67)
4(4 5 15 14)
4(14 15 26 25)
4(25 26 41 40)
4(40 41 56 55)
4(55 56 69 68)
4(68 69 80 79)
4(79 80 88 87)
4(87 88 94 93)
4(1 3 9 7)
4(5 7 17 15)
4(7 9 19 17)
4(9 11 21 19)
4(11 13 23 21)
4(15 17 29 26)
4(17 19 32 29)
4(19 21 34 32)
4(21 23 36 34)
4(26 29 44 41)
4(29 32 47 44)
4(32 34 49 47)
4(34 36 51 49)
4(36 38 53 51)
4(41 44 59 56)
4(44 47 62 59)
4(47 49 64 62)
4(49 51 66 64)
4(56 59 72 69)
4(59 62 74 72)
4(62 64 76 74)
4(64 66 78 76)
4(69 72 82 80)
4(72 74 84 82)
4(74 76 86 84)
4(80 82 90 88)
4(82 84 92 90)
4(88 90 96 94)
4(0 6 8 2)
4(2 8 9 3)
4(8 10 11 9)
4(10 12 13 11)
4(4 14 16 6)
4(6 16 18 8)
4(8 18 20 10)
4(10 20 22 12)
4(12 22 23 13)
4(14 25 28 16)
4(24 27 28 25)
4(16 28 31 18)
4(27 30 31 28)
4(18 31 33 20)
4(20 33 35 22)
4(22 35 36 23)
4(35 37 38 36)
4(24 39 42 27)
4(27 42 45 30)
4(30 45 46 31)
4(31 46 48 33)
4(33 48 50 35)
4(35 50 52 37)
4(37 52 53 38)
4(50 51 53 52)
4(39 54 57 42)
4(48 63 65 50)
4(50 65 66 51)
4(54 67 70 57)
4(65 77 78 66)
4(0 2 3 1)
4(0 1 7 6)
4(4 6 7 5)
4(42 57 60 45)
4(45 60 61 46)
4(57 58 61 60)
4(46 61 63 48)
4(57 70 71 58)
4(67 68 71 70)
4(58 71 73 61)
4(61 73 75 63)
4(63 75 77 65)
4(75 76 78 77)
4(68 79 81 71)
4(71 81 83 73)
4(73 83 85 75)
4(75 85 86 76)
4(83 84 86 85)
4(79 87 89 81)
4(81 89 91 83)
4(83 91 92 84)
4(89 90 92 91)
4(87 93 95 89)
4(89 95 96 90)
4(93 94 96 95)
)


// ************************************************************************* //
