/*--------------------------------*- C++ -*----------------------------------*\
  =========                 |
  \\      /  F ield         | OpenFOAM: The Open Source CFD Toolbox
   \\    /   O peration     | Website:  https://openfoam.org
    \\  /    A nd           | Version:  6
     \\/     M anipulation  |
\*---------------------------------------------------------------------------*/
FoamFile
{
    version     2.0;
    format      ascii;
    class       vectorField;
    location    "constant/region406/polyMesh";
    object      points;
}
// * * * * * * * * * * * * * * * * * * * * * * * * * * * * * * * * * * * * * //


97
(
(4.095000000000001e-06 6.499999999999999e-08 2.21e-06)
(4.159999999999999e-06 6.5e-08 2.21e-06)
(4.095000000000001e-06 1.3e-07 2.21e-06)
(4.160000000000001e-06 1.3e-07 2.21e-06)
(4.095e-06 0 2.275e-06)
(4.16e-06 0 2.275e-06)
(4.095e-06 6.499999999999999e-08 2.275000000000001e-06)
(4.159999999999999e-06 6.5e-08 2.275e-06)
(4.095e-06 1.3e-07 2.275e-06)
(4.160000000000001e-06 1.3e-07 2.275e-06)
(4.095e-06 1.95e-07 2.275e-06)
(4.16e-06 1.95e-07 2.275e-06)
(4.095e-06 2.599999999999999e-07 2.275e-06)
(4.16e-06 2.6e-07 2.275e-06)
(4.095e-06 0 2.34e-06)
(4.16e-06 0 2.34e-06)
(4.095000000000001e-06 6.500000000000001e-08 2.34e-06)
(4.159999999999999e-06 6.5e-08 2.339999999999999e-06)
(4.095000000000001e-06 1.3e-07 2.34e-06)
(4.160000000000001e-06 1.3e-07 2.34e-06)
(4.095000000000001e-06 1.95e-07 2.34e-06)
(4.16e-06 1.95e-07 2.34e-06)
(4.095000000000001e-06 2.600000000000001e-07 2.34e-06)
(4.16e-06 2.6e-07 2.34e-06)
(4.03e-06 0 2.405e-06)
(4.095e-06 0 2.405e-06)
(4.16e-06 0 2.405e-06)
(4.03e-06 6.500000000000001e-08 2.405e-06)
(4.095e-06 6.499999999999999e-08 2.405e-06)
(4.159999999999999e-06 6.5e-08 2.405e-06)
(4.03e-06 1.3e-07 2.405e-06)
(4.095e-06 1.3e-07 2.405e-06)
(4.160000000000001e-06 1.3e-07 2.405e-06)
(4.095e-06 1.95e-07 2.405e-06)
(4.16e-06 1.95e-07 2.405e-06)
(4.095e-06 2.599999999999999e-07 2.405e-06)
(4.16e-06 2.6e-07 2.405e-06)
(4.095e-06 3.25e-07 2.405e-06)
(4.16e-06 3.25e-07 2.405e-06)
(4.03e-06 0 2.47e-06)
(4.095e-06 0 2.47e-06)
(4.16e-06 0 2.47e-06)
(4.03e-06 6.500000000000001e-08 2.47e-06)
(4.095e-06 6.499999999999999e-08 2.47e-06)
(4.159999999999999e-06 6.5e-08 2.47e-06)
(4.03e-06 1.3e-07 2.47e-06)
(4.095e-06 1.3e-07 2.47e-06)
(4.160000000000001e-06 1.3e-07 2.47e-06)
(4.095e-06 1.95e-07 2.47e-06)
(4.16e-06 1.95e-07 2.47e-06)
(4.095e-06 2.599999999999999e-07 2.47e-06)
(4.16e-06 2.6e-07 2.47e-06)
(4.095e-06 3.25e-07 2.47e-06)
(4.16e-06 3.25e-07 2.47e-06)
(4.03e-06 0 2.535e-06)
(4.095e-06 0 2.535e-06)
(4.16e-06 0 2.535e-06)
(4.03e-06 6.500000000000001e-08 2.535e-06)
(4.095e-06 6.499999999999999e-08 2.535e-06)
(4.159999999999999e-06 6.5e-08 2.535e-06)
(4.03e-06 1.3e-07 2.535e-06)
(4.095e-06 1.3e-07 2.535e-06)
(4.160000000000001e-06 1.3e-07 2.535e-06)
(4.095e-06 1.95e-07 2.535e-06)
(4.16e-06 1.95e-07 2.535e-06)
(4.095e-06 2.599999999999999e-07 2.535e-06)
(4.16e-06 2.6e-07 2.535e-06)
(4.03e-06 0 2.6e-06)
(4.095e-06 0 2.600000000000001e-06)
(4.16e-06 0 2.6e-06)
(4.03e-06 6.500000000000001e-08 2.6e-06)
(4.095000000000001e-06 6.500000000000001e-08 2.6e-06)
(4.159999999999999e-06 6.5e-08 2.6e-06)
(4.095000000000001e-06 1.3e-07 2.600000000000001e-06)
(4.160000000000001e-06 1.3e-07 2.6e-06)
(4.095000000000001e-06 1.95e-07 2.600000000000001e-06)
(4.16e-06 1.95e-07 2.6e-06)
(4.095000000000001e-06 2.600000000000001e-07 2.600000000000001e-06)
(4.16e-06 2.6e-07 2.6e-06)
(4.095e-06 0 2.665e-06)
(4.16e-06 0 2.665e-06)
(4.095000000000001e-06 6.499999999999999e-08 2.665e-06)
(4.159999999999999e-06 6.5e-08 2.665e-06)
(4.095e-06 1.3e-07 2.665e-06)
(4.160000000000001e-06 1.3e-07 2.665e-06)
(4.095e-06 1.95e-07 2.665e-06)
(4.16e-06 1.95e-07 2.665e-06)
(4.095e-06 0 2.73e-06)
(4.16e-06 0 2.73e-06)
(4.095e-06 6.499999999999999e-08 2.73e-06)
(4.159999999999999e-06 6.5e-08 2.73e-06)
(4.095e-06 1.3e-07 2.73e-06)
(4.160000000000001e-06 1.3e-07 2.73e-06)
(4.095e-06 0 2.795e-06)
(4.16e-06 0 2.795e-06)
(4.095e-06 6.499999999999999e-08 2.795e-06)
(4.159999999999999e-06 6.5e-08 2.795e-06)
)


// ************************************************************************* //
