/*--------------------------------*- C++ -*----------------------------------*\
  =========                 |
  \\      /  F ield         | OpenFOAM: The Open Source CFD Toolbox
   \\    /   O peration     | Website:  https://openfoam.org
    \\  /    A nd           | Version:  6
     \\/     M anipulation  |
\*---------------------------------------------------------------------------*/
FoamFile
{
    version     2.0;
    format      ascii;
    class       labelList;
    location    "constant/region621/polyMesh";
    object      faceRegionAddressing;
}
// * * * * * * * * * * * * * * * * * * * * * * * * * * * * * * * * * * * * * //


220
(
707757
707758
707947
707948
707949
707952
708135
708136
708137
708140
708327
708328
708514
708516
708519
719532
719723
719913
719914
719916
719917
719918
719919
719920
719921
719923
720104
720105
720107
720108
720109
720112
720292
720293
720295
720296
720297
720299
720300
720483
720484
720485
720486
720487
720488
720671
720674
720676
720679
731886
732076
732077
732079
732080
732081
732267
732268
732269
732455
732456
732643
732644
732647
732648
732834
732835
732836
733022
733027
744048
744049
744050
744995
744996
913741
913805
913868
-707373
-707566
707756
-707760
-707761
-707763
-719341
719531
719533
719722
719724
-719726
-719727
-719729
-719731
719915
720106
720294
720673
-731695
-731882
731885
731887
-731889
-731890
-731891
-731892
-732073
732078
-732264
-732265
-732452
-732453
732457
-732640
732645
-732831
-732832
-733019
733024
-743858
-743860
-744045
-744236
-744237
-744424
-744616
-744803
-744804
-744991
-745182
745187
-756018
-756205
-756964
-757151
757155
757156
-695598
-695789
-695792
-695977
-695980
-696168
-696356
-696359
-707564
-707753
-707755
-707944
-707945
-707946
707950
707951
-708132
-708134
708138
708139
-708323
-708324
-708325
708326
-708331
-708511
-708513
708515
708517
708518
-719528
-719719
-719910
719922
-720101
-720102
720110
720111
-720289
720298
-720480
-720481
720489
720490
720491
-720668
720672
720675
720677
720678
-720864
-720867
732082
732083
732270
732271
732272
732458
732459
732460
732646
732837
732838
732839
733023
733025
733026
744051
744052
744239
744240
744241
744427
744428
744429
744806
744807
744808
744994
745185
745186
756208
756209
756210
757154
)


// ************************************************************************* //
