/*--------------------------------*- C++ -*----------------------------------*\
  =========                 |
  \\      /  F ield         | OpenFOAM: The Open Source CFD Toolbox
   \\    /   O peration     | Website:  https://openfoam.org
    \\  /    A nd           | Version:  6
     \\/     M anipulation  |
\*---------------------------------------------------------------------------*/
FoamFile
{
    version     2.0;
    format      ascii;
    class       faceList;
    location    "constant/region621/polyMesh";
    object      faces;
}
// * * * * * * * * * * * * * * * * * * * * * * * * * * * * * * * * * * * * * //


220
(
4(2 28 29 3)
4(23 24 29 28)
4(3 7 35 29)
4(6 34 35 7)
4(28 29 35 34)
4(29 30 36 35)
4(6 10 39 34)
4(9 38 39 10)
4(33 34 39 38)
4(34 35 40 39)
4(13 43 44 14)
4(38 39 44 43)
4(13 16 48 43)
4(42 43 48 47)
4(43 44 49 48)
4(20 52 53 21)
4(22 55 56 23)
4(23 28 61 56)
4(27 60 61 28)
4(24 29 62 57)
4(28 61 62 29)
4(56 57 62 61)
4(25 30 63 58)
4(29 62 63 30)
4(57 58 63 62)
4(58 59 64 63)
4(28 34 67 61)
4(33 66 67 34)
4(29 35 68 62)
4(34 67 68 35)
4(61 62 68 67)
4(62 63 69 68)
4(33 38 71 66)
4(37 70 71 38)
4(34 39 72 67)
4(38 71 72 39)
4(66 67 72 71)
4(39 72 73 40)
4(67 68 73 72)
4(38 43 76 71)
4(42 75 76 43)
4(70 71 76 75)
4(39 44 77 72)
4(43 76 77 44)
4(71 72 77 76)
4(42 47 80 75)
4(43 48 81 76)
4(75 76 81 80)
4(76 77 82 81)
4(56 90 91 57)
4(57 62 95 91)
4(61 94 95 62)
4(58 63 96 92)
4(62 95 96 63)
4(91 92 96 95)
4(62 68 100 95)
4(67 99 100 68)
4(94 95 100 99)
4(67 72 104 99)
4(71 103 104 72)
4(71 76 107 103)
4(75 106 107 76)
4(76 107 108 77)
4(103 104 108 107)
4(76 81 111 107)
4(80 110 111 81)
4(106 107 111 110)
4(80 84 114 110)
4(110 111 115 114)
4(88 92 120 117)
4(91 119 120 92)
4(116 117 120 119)
4(110 132 133 111)
4(129 130 133 132)
4(26 31 64 59)
4(59 64 97 93)
4(89 93 121 118)
4(18 20 21 19)
4(0 1 24 23)
4(1 3 29 24)
4(3 4 30 29)
4(24 29 30 25)
4(25 30 31 26)
4(18 19 51 50)
4(19 21 53 51)
4(50 51 53 52)
4(21 23 56 53)
4(52 53 56 55)
4(23 24 57 56)
4(53 56 57 54)
4(24 25 58 57)
4(25 26 59 58)
4(55 56 61 60)
4(60 61 67 66)
4(65 66 71 70)
4(74 75 80 79)
4(53 54 87 86)
4(53 86 90 56)
4(54 57 91 87)
4(86 87 91 90)
4(57 58 92 91)
4(87 91 92 88)
4(58 59 93 92)
4(88 92 93 89)
4(56 90 94 61)
4(90 91 95 94)
4(61 94 99 67)
4(66 67 99 98)
4(66 98 103 71)
4(70 71 103 102)
4(98 99 104 103)
4(70 102 106 75)
4(102 103 107 106)
4(75 106 110 80)
4(79 80 110 109)
4(79 109 113 83)
4(109 110 114 113)
4(87 88 117 116)
4(88 89 118 117)
4(87 116 119 91)
4(91 119 123 95)
4(94 95 123 122)
4(94 122 125 99)
4(103 104 128 127)
4(103 127 130 107)
4(106 107 130 129)
4(106 129 132 110)
4(110 132 134 114)
4(132 133 135 134)
4(116 117 137 136)
4(116 136 138 119)
4(129 130 141 140)
4(129 140 142 132)
4(132 142 143 133)
4(140 141 143 142)
4(0 2 3 1)
4(2 6 7 3)
4(3 7 8 4)
4(5 9 10 6)
4(6 10 11 7)
4(9 13 14 10)
4(12 15 16 13)
4(13 16 17 14)
4(20 22 23 21)
4(0 23 28 2)
4(22 27 28 23)
4(2 28 34 6)
4(5 6 34 33)
4(27 33 34 28)
4(4 8 36 30)
4(7 35 36 8)
4(5 33 38 9)
4(32 37 38 33)
4(7 11 40 35)
4(10 39 40 11)
4(9 38 43 13)
4(12 13 43 42)
4(37 42 43 38)
4(10 14 44 39)
4(39 44 45 40)
4(12 42 47 15)
4(41 46 47 42)
4(15 47 48 16)
4(14 17 49 44)
4(16 48 49 17)
4(18 50 52 20)
4(20 52 55 22)
4(22 55 60 27)
4(30 63 64 31)
4(27 60 66 33)
4(32 33 66 65)
4(30 36 69 63)
4(35 68 69 36)
4(32 65 70 37)
4(35 40 73 68)
4(37 70 75 42)
4(41 42 75 74)
4(40 45 78 73)
4(44 77 78 45)
4(72 73 78 77)
4(41 74 79 46)
4(46 79 80 47)
4(47 80 81 48)
4(44 49 82 77)
4(48 81 82 49)
4(79 83 84 80)
4(80 84 85 81)
4(63 96 97 64)
4(92 93 97 96)
4(63 69 101 96)
4(68 100 101 69)
4(95 96 101 100)
4(68 73 105 100)
4(72 104 105 73)
4(99 100 105 104)
4(72 77 108 104)
4(77 82 112 108)
4(81 111 112 82)
4(107 108 112 111)
4(83 113 114 84)
4(81 85 115 111)
4(84 114 115 85)
4(92 120 121 93)
4(117 118 121 120)
4(92 96 124 120)
4(95 123 124 96)
4(119 120 124 123)
4(95 100 126 123)
4(99 125 126 100)
4(122 123 126 125)
4(104 108 131 128)
4(107 130 131 108)
4(127 128 131 130)
4(107 111 133 130)
4(111 115 135 133)
4(114 134 135 115)
4(117 120 139 137)
4(119 138 139 120)
4(136 137 139 138)
4(130 133 143 141)
)


// ************************************************************************* //
