/*--------------------------------*- C++ -*----------------------------------*\
  =========                 |
  \\      /  F ield         | OpenFOAM: The Open Source CFD Toolbox
   \\    /   O peration     | Website:  https://openfoam.org
    \\  /    A nd           | Version:  6
     \\/     M anipulation  |
\*---------------------------------------------------------------------------*/
FoamFile
{
    version     2.0;
    format      ascii;
    class       labelList;
    note        "nPoints:144  nCells:49  nFaces:220  nInternalFaces:74";
    location    "constant/region621/polyMesh";
    object      owner;
}
// * * * * * * * * * * * * * * * * * * * * * * * * * * * * * * * * * * * * * //


220
(
0
0
1
1
1
2
3
3
3
4
5
5
6
6
7
8
9
10
10
11
11
11
12
12
12
13
14
14
15
15
15
16
17
17
18
18
18
19
19
20
20
20
21
21
21
23
24
24
25
26
27
27
28
28
28
30
30
30
32
32
34
34
35
35
36
36
36
38
39
40
40
40
45
45
13
29
41
8
0
0
2
12
13
8
8
8
9
9
11
26
12
13
10
14
17
23
26
26
26
26
28
40
29
41
27
27
30
32
32
34
32
34
34
36
38
38
38
40
41
40
42
43
43
44
44
45
45
46
46
47
47
48
48
48
48
0
1
2
3
4
5
6
7
9
0
10
1
3
14
2
2
3
17
4
4
5
6
20
5
22
6
23
6
7
7
8
9
10
13
14
17
16
16
17
19
20
23
22
22
22
23
23
24
25
25
38
39
29
29
31
31
31
33
33
33
35
37
37
37
38
39
39
41
41
42
42
42
43
43
43
44
44
44
45
46
46
47
47
47
48
)


// ************************************************************************* //
