/*--------------------------------*- C++ -*----------------------------------*\
  =========                 |
  \\      /  F ield         | OpenFOAM: The Open Source CFD Toolbox
   \\    /   O peration     | Website:  https://openfoam.org
    \\  /    A nd           | Version:  6
     \\/     M anipulation  |
\*---------------------------------------------------------------------------*/
FoamFile
{
    version     2.0;
    format      ascii;
    class       faceList;
    location    "constant/region669/polyMesh";
    object      faces;
}
// * * * * * * * * * * * * * * * * * * * * * * * * * * * * * * * * * * * * * //


45
(
4(2 21 22 3)
4(3 7 26 22)
4(4 8 27 23)
4(7 26 27 8)
4(8 27 28 9)
4(8 11 30 27)
4(11 30 31 12)
4(12 15 34 31)
4(14 33 34 15)
4(0 19 21 2)
4(2 21 25 6)
4(0 2 3 1)
4(2 6 7 3)
4(3 7 8 4)
4(4 8 9 5)
4(7 10 11 8)
4(8 11 12 9)
4(11 14 15 12)
4(12 15 16 13)
4(14 17 18 15)
4(0 1 20 19)
4(1 3 22 20)
4(3 4 23 22)
4(4 5 24 23)
4(5 9 28 24)
4(9 12 31 28)
4(12 13 32 31)
4(13 16 35 32)
4(15 34 35 16)
4(15 18 37 34)
4(17 36 37 18)
4(6 25 26 7)
4(7 26 29 10)
4(10 29 30 11)
4(11 30 33 14)
4(14 33 36 17)
4(19 20 22 21)
4(21 22 26 25)
4(22 23 27 26)
4(23 24 28 27)
4(26 27 30 29)
4(27 28 31 30)
4(30 31 34 33)
4(31 32 35 34)
4(33 34 37 36)
)


// ************************************************************************* //
