/*--------------------------------*- C++ -*----------------------------------*\
  =========                 |
  \\      /  F ield         | OpenFOAM: The Open Source CFD Toolbox
   \\    /   O peration     | Website:  https://openfoam.org
    \\  /    A nd           | Version:  6
     \\/     M anipulation  |
\*---------------------------------------------------------------------------*/
FoamFile
{
    version     2.0;
    format      ascii;
    class       labelList;
    location    "constant/region11/polyMesh";
    object      cellRegionAddressing;
}
// * * * * * * * * * * * * * * * * * * * * * * * * * * * * * * * * * * * * * //


635
(
1411
1419
1420
1421
1422
1423
1424
1474
1475
1476
1477
1478
1479
1486
1487
1488
1537
1538
1539
1540
1541
1542
1543
1544
1550
1551
1552
1602
1603
1604
1605
1606
1607
1608
1613
1614
1615
1616
1667
1668
1669
1670
1671
1672
1673
1674
1675
1676
1677
1678
1679
1680
1731
1732
1733
1734
1735
1736
1737
1738
1739
1740
1741
1742
1743
1744
1796
1797
1798
1799
1800
1801
1802
1803
1804
1805
1806
1807
1861
1862
1863
1864
1865
1866
1867
1868
1869
1870
1925
1926
1927
1928
1929
1930
1931
1932
1933
1990
1991
1992
1993
1994
1995
1996
1997
2054
2055
2056
2057
2058
2059
2060
2061
2119
2120
2121
2122
2123
2124
2125
2183
2184
2185
2186
2187
2188
2189
2190
2191
2192
2255
2256
2257
2258
5702
5703
5704
5709
5710
5711
5763
5764
5765
5766
5767
5768
5769
5770
5771
5772
5773
5774
5775
5827
5828
5829
5830
5831
5832
5833
5834
5835
5836
5837
5838
5839
5892
5893
5894
5895
5896
5897
5898
5899
5900
5901
5902
5956
5957
5958
5959
5960
5961
5962
5963
5964
5965
5966
6021
6022
6023
6024
6025
6026
6027
6028
6029
6030
6085
6086
6087
6088
6089
6090
6091
6092
6093
6149
6150
6151
6152
6153
6154
6155
6156
6157
6158
6214
6215
6216
6217
6218
6219
6220
6221
6222
6223
6278
6279
6280
6281
6282
6283
6284
6285
6286
6287
6288
6289
6290
6342
6343
6352
6353
6354
9863
9864
9865
9866
9867
9868
9869
9870
9927
9928
9929
9930
9931
9932
9933
9934
9989
9990
9991
9992
9993
9994
9995
9996
9997
9998
10053
10054
10055
10056
10057
10058
10059
10060
10061
10117
10118
10119
10120
10121
10122
10123
10124
10125
10126
10181
10182
10183
10184
10185
10186
10187
10188
10189
10190
10246
10247
10248
10249
10250
10251
10252
10253
10254
10255
10310
10311
10312
10313
10314
10315
10316
10317
10318
10319
10320
10321
10374
10375
10376
10377
10378
10379
10380
10381
10382
10383
10384
10385
10386
10387
10439
10449
10450
10451
10515
14025
14026
14027
14028
14087
14088
14089
14090
14091
14092
14093
14150
14151
14152
14153
14154
14155
14156
14157
14214
14215
14216
14217
14218
14219
14220
14221
14278
14279
14280
14281
14282
14283
14284
14285
14286
14342
14343
14344
14345
14346
14347
14348
14349
14350
14351
14406
14407
14408
14409
14410
14411
14412
14413
14414
14415
14416
14417
14470
14471
14472
14473
14474
14475
14476
14478
14479
14480
14481
14482
14545
14546
14547
14610
14611
18185
18186
18187
18188
18248
18249
18250
18251
18252
18311
18312
18313
18314
18315
18316
18374
18375
18376
18377
18378
18379
18380
18381
18382
18438
18439
18440
18441
18442
18443
18444
18445
18446
18502
18503
18504
18505
18506
18507
18508
18509
18510
18511
18512
18566
18567
18568
18569
18574
18575
18576
18577
18578
18631
18640
18641
18642
18706
18707
18771
22282
22283
22344
22345
22346
22347
22348
22407
22408
22409
22410
22411
22412
22413
22471
22472
22473
22474
22475
22476
22477
22534
22535
22536
22537
22538
22539
22540
22541
22542
22598
22599
22600
22601
22602
22603
22604
22605
22606
22607
22608
22609
22662
22663
22664
22670
22671
22672
22673
22674
22727
22728
22736
22737
22738
22739
22791
22792
22801
22802
22803
22866
22867
22931
26441
26442
26443
26504
26505
26506
26507
26508
26567
26568
26569
26570
26571
26572
26573
26631
26632
26633
26634
26635
26636
26637
26695
26696
26697
26698
26699
26700
26701
26702
26703
26704
26759
26760
26766
26767
26768
26769
26770
26823
26824
26832
26833
26834
26887
26897
26898
26899
26951
26962
26963
27015
27027
27079
27143
30601
30602
30603
30664
30665
30666
30667
30668
30727
30728
30729
30730
30731
30732
30791
30792
30793
30794
30795
30796
30797
30798
30856
30863
30864
30929
34697
34698
34760
34761
34762
34763
34824
34825
34826
34827
34888
34889
34890
34891
)


// ************************************************************************* //
