/*--------------------------------*- C++ -*----------------------------------*\
  =========                 |
  \\      /  F ield         | OpenFOAM: The Open Source CFD Toolbox
   \\    /   O peration     | Website:  https://openfoam.org
    \\  /    A nd           | Version:  6
     \\/     M anipulation  |
\*---------------------------------------------------------------------------*/
FoamFile
{
    version     2.0;
    format      ascii;
    class       faceList;
    location    "constant/region11/polyMesh";
    object      faces;
}
// * * * * * * * * * * * * * * * * * * * * * * * * * * * * * * * * * * * * * //


2312
(
4(10 187 188 11)
4(3 17 194 180)
4(4 18 195 181)
4(5 19 196 182)
4(6 20 197 183)
4(19 196 197 20)
4(7 21 198 184)
4(20 197 198 21)
4(21 198 199 22)
4(10 25 202 187)
4(24 201 202 25)
4(11 26 203 188)
4(25 202 203 26)
4(12 27 204 189)
4(26 203 204 27)
4(13 28 205 190)
4(27 204 205 28)
4(14 29 206 191)
4(28 205 206 29)
4(29 206 207 30)
4(20 33 210 197)
4(32 209 210 33)
4(21 34 211 198)
4(33 210 211 34)
4(34 211 212 35)
4(24 37 214 201)
4(25 38 215 202)
4(37 214 215 38)
4(26 39 216 203)
4(38 215 216 39)
4(27 40 217 204)
4(39 216 217 40)
4(28 41 218 205)
4(40 217 218 41)
4(29 42 219 206)
4(41 218 219 42)
4(30 43 220 207)
4(42 219 220 43)
4(43 220 221 44)
4(33 47 224 210)
4(46 223 224 47)
4(34 48 225 211)
4(47 224 225 48)
4(48 225 226 49)
4(38 51 228 215)
4(39 52 229 216)
4(51 228 229 52)
4(40 53 230 217)
4(52 229 230 53)
4(41 54 231 218)
4(53 230 231 54)
4(42 55 232 219)
4(54 231 232 55)
4(218 219 232 231)
4(43 56 233 220)
4(55 232 233 56)
4(219 220 233 232)
4(56 233 234 57)
4(220 221 234 233)
4(46 62 239 223)
4(61 238 239 62)
4(222 223 239 238)
4(47 63 240 224)
4(62 239 240 63)
4(223 224 240 239)
4(48 64 241 225)
4(63 240 241 64)
4(224 225 241 240)
4(64 241 242 65)
4(52 67 244 229)
4(66 243 244 67)
4(228 229 244 243)
4(53 68 245 230)
4(67 244 245 68)
4(229 230 245 244)
4(54 69 246 231)
4(68 245 246 69)
4(230 231 246 245)
4(55 70 247 232)
4(69 246 247 70)
4(231 232 247 246)
4(56 71 248 233)
4(70 247 248 71)
4(232 233 248 247)
4(57 72 249 234)
4(71 248 249 72)
4(233 234 249 248)
4(58 73 250 235)
4(72 249 250 73)
4(234 235 250 249)
4(59 74 251 236)
4(73 250 251 74)
4(235 236 251 250)
4(60 75 252 237)
4(74 251 252 75)
4(236 237 252 251)
4(61 76 253 238)
4(75 252 253 76)
4(237 238 253 252)
4(62 77 254 239)
4(76 253 254 77)
4(238 239 254 253)
4(63 78 255 240)
4(77 254 255 78)
4(239 240 255 254)
4(64 79 256 241)
4(78 255 256 79)
4(240 241 256 255)
4(79 256 257 80)
4(67 82 259 244)
4(243 244 259 258)
4(68 83 260 245)
4(82 259 260 83)
4(244 245 260 259)
4(69 84 261 246)
4(83 260 261 84)
4(245 246 261 260)
4(70 85 262 247)
4(84 261 262 85)
4(246 247 262 261)
4(71 86 263 248)
4(85 262 263 86)
4(247 248 263 262)
4(72 87 264 249)
4(86 263 264 87)
4(248 249 264 263)
4(73 88 265 250)
4(87 264 265 88)
4(249 250 265 264)
4(74 89 266 251)
4(88 265 266 89)
4(250 251 266 265)
4(75 90 267 252)
4(89 266 267 90)
4(251 252 267 266)
4(76 91 268 253)
4(90 267 268 91)
4(252 253 268 267)
4(77 92 269 254)
4(91 268 269 92)
4(253 254 269 268)
4(78 93 270 255)
4(92 269 270 93)
4(254 255 270 269)
4(79 94 271 256)
4(93 270 271 94)
4(255 256 271 270)
4(83 97 274 260)
4(259 260 274 273)
4(84 98 275 261)
4(97 274 275 98)
4(260 261 275 274)
4(85 99 276 262)
4(98 275 276 99)
4(261 262 276 275)
4(86 100 277 263)
4(99 276 277 100)
4(262 263 277 276)
4(87 101 278 264)
4(100 277 278 101)
4(263 264 278 277)
4(88 102 279 265)
4(101 278 279 102)
4(264 265 279 278)
4(89 103 280 266)
4(102 279 280 103)
4(265 266 280 279)
4(90 104 281 267)
4(103 280 281 104)
4(266 267 281 280)
4(91 105 282 268)
4(104 281 282 105)
4(267 268 282 281)
4(92 106 283 269)
4(105 282 283 106)
4(268 269 283 282)
4(93 107 284 270)
4(106 283 284 107)
4(269 270 284 283)
4(98 110 288 275)
4(109 287 288 110)
4(274 275 288 287)
4(99 111 289 276)
4(110 288 289 111)
4(275 276 289 288)
4(100 112 290 277)
4(111 289 290 112)
4(276 277 290 289)
4(101 113 291 278)
4(112 290 291 113)
4(277 278 291 290)
4(102 114 292 279)
4(113 291 292 114)
4(278 279 292 291)
4(103 115 293 280)
4(114 292 293 115)
4(279 280 293 292)
4(104 116 294 281)
4(115 293 294 116)
4(280 281 294 293)
4(105 117 295 282)
4(116 294 295 117)
4(281 282 295 294)
4(106 118 296 283)
4(117 295 296 118)
4(282 283 296 295)
4(283 284 297 296)
4(110 121 299 288)
4(287 288 299 298)
4(111 122 300 289)
4(121 299 300 122)
4(288 289 300 299)
4(112 123 301 290)
4(122 300 301 123)
4(289 290 301 300)
4(113 124 302 291)
4(123 301 302 124)
4(290 291 302 301)
4(114 125 303 292)
4(124 302 303 125)
4(291 292 303 302)
4(115 126 304 293)
4(125 303 304 126)
4(292 293 304 303)
4(116 127 305 294)
4(126 304 305 127)
4(293 294 305 304)
4(117 128 306 295)
4(127 305 306 128)
4(294 295 306 305)
4(128 306 307 129)
4(295 296 307 306)
4(122 131 311 300)
4(130 310 311 131)
4(299 300 311 310)
4(123 132 312 301)
4(131 311 312 132)
4(300 301 312 311)
4(124 133 313 302)
4(132 312 313 133)
4(301 302 313 312)
4(125 134 314 303)
4(133 313 314 134)
4(302 303 314 313)
4(126 135 315 304)
4(134 314 315 135)
4(303 304 315 314)
4(127 136 316 305)
4(135 315 316 136)
4(304 305 316 315)
4(128 137 317 306)
4(136 316 317 137)
4(305 306 317 316)
4(137 317 318 138)
4(306 307 318 317)
4(131 140 322 311)
4(310 311 322 321)
4(132 141 323 312)
4(140 322 323 141)
4(311 312 323 322)
4(133 142 324 313)
4(141 323 324 142)
4(312 313 324 323)
4(134 143 325 314)
4(142 324 325 143)
4(313 314 325 324)
4(135 144 326 315)
4(143 325 326 144)
4(314 315 326 325)
4(136 145 327 316)
4(144 326 327 145)
4(315 316 327 326)
4(137 146 328 317)
4(145 327 328 146)
4(316 317 328 327)
4(146 328 329 147)
4(317 318 329 328)
4(141 149 334 323)
4(148 333 334 149)
4(322 323 334 333)
4(142 150 335 324)
4(149 334 335 150)
4(323 324 335 334)
4(143 151 336 325)
4(150 335 336 151)
4(324 325 336 335)
4(144 152 337 326)
4(151 336 337 152)
4(325 326 337 336)
4(145 153 338 327)
4(152 337 338 153)
4(326 327 338 337)
4(146 154 339 328)
4(153 338 339 154)
4(327 328 339 338)
4(154 339 340 155)
4(328 329 340 339)
4(149 160 348 334)
4(333 334 348 347)
4(150 161 349 335)
4(334 335 349 348)
4(151 162 350 336)
4(335 336 350 349)
4(152 163 351 337)
4(336 337 351 350)
4(153 164 352 338)
4(337 338 352 351)
4(154 165 353 339)
4(338 339 353 352)
4(155 166 354 340)
4(339 340 354 353)
4(156 167 355 341)
4(340 341 355 354)
4(157 168 356 342)
4(167 355 356 168)
4(341 342 356 355)
4(168 356 357 169)
4(342 343 357 356)
4(168 173 364 356)
4(169 174 365 357)
4(356 357 365 364)
4(170 175 366 358)
4(357 358 366 365)
4(358 359 367 366)
4(219 232 380 369)
4(231 379 380 232)
4(220 233 381 370)
4(232 380 381 233)
4(233 381 382 234)
4(223 239 387 373)
4(238 386 387 239)
4(224 240 388 374)
4(239 387 388 240)
4(240 388 389 241)
4(229 244 391 377)
4(243 390 391 244)
4(230 245 392 378)
4(244 391 392 245)
4(231 246 393 379)
4(245 392 393 246)
4(232 247 394 380)
4(246 393 394 247)
4(233 248 395 381)
4(247 394 395 248)
4(380 381 395 394)
4(234 249 396 382)
4(248 395 396 249)
4(381 382 396 395)
4(235 250 397 383)
4(249 396 397 250)
4(382 383 397 396)
4(236 251 398 384)
4(250 397 398 251)
4(383 384 398 397)
4(237 252 399 385)
4(251 398 399 252)
4(384 385 399 398)
4(238 253 400 386)
4(252 399 400 253)
4(385 386 400 399)
4(239 254 401 387)
4(253 400 401 254)
4(386 387 401 400)
4(240 255 402 388)
4(254 401 402 255)
4(387 388 402 401)
4(255 402 403 256)
4(244 259 405 391)
4(245 260 406 392)
4(259 405 406 260)
4(246 261 407 393)
4(260 406 407 261)
4(247 262 408 394)
4(261 407 408 262)
4(248 263 409 395)
4(262 408 409 263)
4(394 395 409 408)
4(249 264 410 396)
4(263 409 410 264)
4(395 396 410 409)
4(250 265 411 397)
4(264 410 411 265)
4(396 397 411 410)
4(251 266 412 398)
4(265 411 412 266)
4(397 398 412 411)
4(252 267 413 399)
4(266 412 413 267)
4(398 399 413 412)
4(253 268 414 400)
4(267 413 414 268)
4(399 400 414 413)
4(254 269 415 401)
4(268 414 415 269)
4(400 401 415 414)
4(255 270 416 402)
4(269 415 416 270)
4(401 402 416 415)
4(260 274 419 406)
4(273 418 419 274)
4(261 275 420 407)
4(274 419 420 275)
4(406 407 420 419)
4(262 276 421 408)
4(275 420 421 276)
4(407 408 421 420)
4(263 277 422 409)
4(276 421 422 277)
4(408 409 422 421)
4(264 278 423 410)
4(277 422 423 278)
4(409 410 423 422)
4(265 279 424 411)
4(278 423 424 279)
4(410 411 424 423)
4(266 280 425 412)
4(279 424 425 280)
4(411 412 425 424)
4(267 281 426 413)
4(280 425 426 281)
4(412 413 426 425)
4(268 282 427 414)
4(281 426 427 282)
4(413 414 427 426)
4(269 283 428 415)
4(282 427 428 283)
4(414 415 428 427)
4(283 428 429 284)
4(415 416 429 428)
4(274 287 431 419)
4(275 288 432 420)
4(287 431 432 288)
4(419 420 432 431)
4(276 289 433 421)
4(288 432 433 289)
4(420 421 433 432)
4(277 290 434 422)
4(289 433 434 290)
4(421 422 434 433)
4(278 291 435 423)
4(290 434 435 291)
4(422 423 435 434)
4(279 292 436 424)
4(291 435 436 292)
4(423 424 436 435)
4(280 293 437 425)
4(292 436 437 293)
4(424 425 437 436)
4(281 294 438 426)
4(293 437 438 294)
4(425 426 438 437)
4(282 295 439 427)
4(294 438 439 295)
4(426 427 439 438)
4(283 296 440 428)
4(295 439 440 296)
4(427 428 440 439)
4(296 440 441 297)
4(288 299 443 432)
4(298 442 443 299)
4(431 432 443 442)
4(289 300 444 433)
4(299 443 444 300)
4(432 433 444 443)
4(290 301 445 434)
4(300 444 445 301)
4(433 434 445 444)
4(291 302 446 435)
4(301 445 446 302)
4(434 435 446 445)
4(292 303 447 436)
4(302 446 447 303)
4(435 436 447 446)
4(293 304 448 437)
4(303 447 448 304)
4(436 437 448 447)
4(294 305 449 438)
4(304 448 449 305)
4(437 438 449 448)
4(295 306 450 439)
4(305 449 450 306)
4(438 439 450 449)
4(296 307 451 440)
4(306 450 451 307)
4(439 440 451 450)
4(440 441 452 451)
4(299 310 454 443)
4(309 453 454 310)
4(442 443 454 453)
4(300 311 455 444)
4(310 454 455 311)
4(443 444 455 454)
4(301 312 456 445)
4(311 455 456 312)
4(444 445 456 455)
4(302 313 457 446)
4(312 456 457 313)
4(445 446 457 456)
4(303 314 458 447)
4(313 457 458 314)
4(446 447 458 457)
4(304 315 459 448)
4(314 458 459 315)
4(447 448 459 458)
4(305 316 460 449)
4(315 459 460 316)
4(448 449 460 459)
4(306 317 461 450)
4(316 460 461 317)
4(449 450 461 460)
4(317 461 462 318)
4(450 451 462 461)
4(310 321 466 454)
4(311 322 467 455)
4(321 466 467 322)
4(454 455 467 466)
4(312 323 468 456)
4(322 467 468 323)
4(455 456 468 467)
4(313 324 469 457)
4(323 468 469 324)
4(456 457 469 468)
4(314 325 470 458)
4(324 469 470 325)
4(457 458 470 469)
4(315 326 471 459)
4(325 470 471 326)
4(458 459 471 470)
4(316 327 472 460)
4(326 471 472 327)
4(459 460 472 471)
4(317 328 473 461)
4(327 472 473 328)
4(460 461 473 472)
4(318 329 474 462)
4(328 473 474 329)
4(461 462 474 473)
4(329 474 475 330)
4(462 463 475 474)
4(322 333 480 467)
4(332 479 480 333)
4(466 467 480 479)
4(323 334 481 468)
4(333 480 481 334)
4(467 468 481 480)
4(324 335 482 469)
4(334 481 482 335)
4(468 469 482 481)
4(325 336 483 470)
4(335 482 483 336)
4(469 470 483 482)
4(326 337 484 471)
4(336 483 484 337)
4(470 471 484 483)
4(327 338 485 472)
4(337 484 485 338)
4(471 472 485 484)
4(328 339 486 473)
4(338 485 486 339)
4(472 473 486 485)
4(329 340 487 474)
4(339 486 487 340)
4(473 474 487 486)
4(330 341 488 475)
4(340 487 488 341)
4(474 475 488 487)
4(341 488 489 342)
4(475 476 489 488)
4(333 347 495 480)
4(346 494 495 347)
4(479 480 495 494)
4(334 348 496 481)
4(347 495 496 348)
4(480 481 496 495)
4(335 349 497 482)
4(481 482 497 496)
4(336 350 498 483)
4(482 483 498 497)
4(337 351 499 484)
4(483 484 499 498)
4(338 352 500 485)
4(484 485 500 499)
4(339 353 501 486)
4(485 486 501 500)
4(340 354 502 487)
4(486 487 502 501)
4(341 355 503 488)
4(487 488 503 502)
4(342 356 504 489)
4(488 489 504 503)
4(343 357 505 490)
4(356 504 505 357)
4(489 490 505 504)
4(344 358 506 491)
4(357 505 506 358)
4(490 491 506 505)
4(358 506 507 359)
4(491 492 507 506)
4(347 361 510 495)
4(495 496 511 510)
4(357 365 513 505)
4(358 366 514 506)
4(505 506 514 513)
4(506 507 515 514)
4(381 395 529 520)
4(394 528 529 395)
4(382 396 530 521)
4(395 529 530 396)
4(383 397 531 522)
4(396 530 531 397)
4(384 398 532 523)
4(397 531 532 398)
4(385 399 533 524)
4(398 532 533 399)
4(386 400 534 525)
4(399 533 534 400)
4(387 401 535 526)
4(400 534 535 401)
4(401 535 536 402)
4(395 409 540 529)
4(408 539 540 409)
4(396 410 541 530)
4(409 540 541 410)
4(397 411 542 531)
4(410 541 542 411)
4(530 531 542 541)
4(398 412 543 532)
4(411 542 543 412)
4(531 532 543 542)
4(399 413 544 533)
4(412 543 544 413)
4(532 533 544 543)
4(400 414 545 534)
4(413 544 545 414)
4(533 534 545 544)
4(401 415 546 535)
4(414 545 546 415)
4(415 546 547 416)
4(407 420 549 538)
4(419 548 549 420)
4(408 421 550 539)
4(420 549 550 421)
4(409 422 551 540)
4(421 550 551 422)
4(539 540 551 550)
4(410 423 552 541)
4(422 551 552 423)
4(540 541 552 551)
4(411 424 553 542)
4(423 552 553 424)
4(541 542 553 552)
4(412 425 554 543)
4(424 553 554 425)
4(542 543 554 553)
4(413 426 555 544)
4(425 554 555 426)
4(543 544 555 554)
4(414 427 556 545)
4(426 555 556 427)
4(544 545 556 555)
4(415 428 557 546)
4(427 556 557 428)
4(545 546 557 556)
4(420 432 560 549)
4(431 559 560 432)
4(421 433 561 550)
4(432 560 561 433)
4(549 550 561 560)
4(422 434 562 551)
4(433 561 562 434)
4(550 551 562 561)
4(423 435 563 552)
4(434 562 563 435)
4(551 552 563 562)
4(424 436 564 553)
4(435 563 564 436)
4(552 553 564 563)
4(425 437 565 554)
4(436 564 565 437)
4(553 554 565 564)
4(426 438 566 555)
4(437 565 566 438)
4(554 555 566 565)
4(427 439 567 556)
4(438 566 567 439)
4(555 556 567 566)
4(439 567 568 440)
4(556 557 568 567)
4(432 443 571 560)
4(442 570 571 443)
4(433 444 572 561)
4(443 571 572 444)
4(560 561 572 571)
4(434 445 573 562)
4(444 572 573 445)
4(561 562 573 572)
4(435 446 574 563)
4(445 573 574 446)
4(562 563 574 573)
4(436 447 575 564)
4(446 574 575 447)
4(563 564 575 574)
4(437 448 576 565)
4(447 575 576 448)
4(564 565 576 575)
4(438 449 577 566)
4(448 576 577 449)
4(565 566 577 576)
4(439 450 578 567)
4(449 577 578 450)
4(566 567 578 577)
4(440 451 579 568)
4(450 578 579 451)
4(567 568 579 578)
4(451 579 580 452)
4(443 454 582 571)
4(444 455 583 572)
4(454 582 583 455)
4(571 572 583 582)
4(445 456 584 573)
4(455 583 584 456)
4(572 573 584 583)
4(446 457 585 574)
4(456 584 585 457)
4(573 574 585 584)
4(447 458 586 575)
4(457 585 586 458)
4(574 575 586 585)
4(448 459 587 576)
4(458 586 587 459)
4(575 576 587 586)
4(449 460 588 577)
4(459 587 588 460)
4(576 577 588 587)
4(450 461 589 578)
4(460 588 589 461)
4(577 578 589 588)
4(451 462 590 579)
4(461 589 590 462)
4(578 579 590 589)
4(462 590 591 463)
4(579 580 591 590)
4(455 467 594 583)
4(466 593 594 467)
4(582 583 594 593)
4(456 468 595 584)
4(467 594 595 468)
4(583 584 595 594)
4(457 469 596 585)
4(468 595 596 469)
4(584 585 596 595)
4(458 470 597 586)
4(469 596 597 470)
4(585 586 597 596)
4(459 471 598 587)
4(470 597 598 471)
4(586 587 598 597)
4(460 472 599 588)
4(471 598 599 472)
4(587 588 599 598)
4(461 473 600 589)
4(472 599 600 473)
4(588 589 600 599)
4(462 474 601 590)
4(473 600 601 474)
4(589 590 601 600)
4(463 475 602 591)
4(474 601 602 475)
4(590 591 602 601)
4(475 602 603 476)
4(591 592 603 602)
4(467 480 607 594)
4(479 606 607 480)
4(593 594 607 606)
4(468 481 608 595)
4(480 607 608 481)
4(594 595 608 607)
4(469 482 609 596)
4(481 608 609 482)
4(595 596 609 608)
4(470 483 610 597)
4(482 609 610 483)
4(596 597 610 609)
4(471 484 611 598)
4(483 610 611 484)
4(597 598 611 610)
4(472 485 612 599)
4(484 611 612 485)
4(598 599 612 611)
4(473 486 613 600)
4(485 612 613 486)
4(599 600 613 612)
4(474 487 614 601)
4(486 613 614 487)
4(600 601 614 613)
4(475 488 615 602)
4(487 614 615 488)
4(601 602 615 614)
4(476 489 616 603)
4(488 615 616 489)
4(602 603 616 615)
4(477 490 617 604)
4(489 616 617 490)
4(603 604 617 616)
4(490 617 618 491)
4(604 605 618 617)
4(480 495 622 607)
4(606 607 622 621)
4(481 496 623 608)
4(495 622 623 496)
4(607 608 623 622)
4(482 497 624 609)
4(608 609 624 623)
4(483 498 625 610)
4(609 610 625 624)
4(484 499 626 611)
4(610 611 626 625)
4(485 500 627 612)
4(611 612 627 626)
4(486 501 628 613)
4(612 613 628 627)
4(487 502 629 614)
4(488 503 630 615)
4(614 615 630 629)
4(489 504 631 616)
4(615 616 631 630)
4(490 505 632 617)
4(616 617 632 631)
4(491 506 633 618)
4(505 632 633 506)
4(617 618 633 632)
4(492 507 634 619)
4(506 633 634 507)
4(618 619 634 633)
4(507 634 635 508)
4(506 514 639 633)
4(632 633 639 638)
4(507 515 640 634)
4(633 634 640 639)
4(515 640 641 516)
4(634 635 641 640)
4(640 641 644 643)
4(531 542 653 646)
4(541 652 653 542)
4(532 543 654 647)
4(542 653 654 543)
4(533 544 655 648)
4(543 654 655 544)
4(544 655 656 545)
4(540 551 660 651)
4(550 659 660 551)
4(541 552 661 652)
4(551 660 661 552)
4(542 553 662 653)
4(552 661 662 553)
4(652 653 662 661)
4(543 554 663 654)
4(553 662 663 554)
4(653 654 663 662)
4(544 555 664 655)
4(554 663 664 555)
4(654 655 664 663)
4(545 556 665 656)
4(555 664 665 556)
4(655 656 665 664)
4(556 665 666 557)
4(550 561 668 659)
4(560 667 668 561)
4(551 562 669 660)
4(561 668 669 562)
4(552 563 670 661)
4(562 669 670 563)
4(660 661 670 669)
4(553 564 671 662)
4(563 670 671 564)
4(661 662 671 670)
4(554 565 672 663)
4(564 671 672 565)
4(662 663 672 671)
4(555 566 673 664)
4(565 672 673 566)
4(663 664 673 672)
4(556 567 674 665)
4(566 673 674 567)
4(664 665 674 673)
4(567 674 675 568)
4(561 572 677 668)
4(571 676 677 572)
4(562 573 678 669)
4(572 677 678 573)
4(668 669 678 677)
4(563 574 679 670)
4(573 678 679 574)
4(669 670 679 678)
4(564 575 680 671)
4(574 679 680 575)
4(670 671 680 679)
4(565 576 681 672)
4(575 680 681 576)
4(671 672 681 680)
4(566 577 682 673)
4(576 681 682 577)
4(672 673 682 681)
4(567 578 683 674)
4(577 682 683 578)
4(673 674 683 682)
4(578 683 684 579)
4(572 583 687 677)
4(582 686 687 583)
4(676 677 687 686)
4(573 584 688 678)
4(583 687 688 584)
4(677 678 688 687)
4(574 585 689 679)
4(584 688 689 585)
4(678 679 689 688)
4(575 586 690 680)
4(585 689 690 586)
4(679 680 690 689)
4(576 587 691 681)
4(586 690 691 587)
4(680 681 691 690)
4(577 588 692 682)
4(587 691 692 588)
4(681 682 692 691)
4(578 589 693 683)
4(588 692 693 589)
4(682 683 693 692)
4(579 590 694 684)
4(589 693 694 590)
4(683 684 694 693)
4(590 694 695 591)
4(684 685 695 694)
4(583 594 698 687)
4(593 697 698 594)
4(686 687 698 697)
4(584 595 699 688)
4(594 698 699 595)
4(687 688 699 698)
4(585 596 700 689)
4(595 699 700 596)
4(688 689 700 699)
4(586 597 701 690)
4(596 700 701 597)
4(689 690 701 700)
4(587 598 702 691)
4(597 701 702 598)
4(690 691 702 701)
4(588 599 703 692)
4(598 702 703 599)
4(691 692 703 702)
4(589 600 704 693)
4(599 703 704 600)
4(692 693 704 703)
4(590 601 705 694)
4(600 704 705 601)
4(693 694 705 704)
4(591 602 706 695)
4(601 705 706 602)
4(694 695 706 705)
4(602 706 707 603)
4(594 607 711 698)
4(606 710 711 607)
4(697 698 711 710)
4(595 608 712 699)
4(607 711 712 608)
4(698 699 712 711)
4(596 609 713 700)
4(608 712 713 609)
4(699 700 713 712)
4(597 610 714 701)
4(609 713 714 610)
4(700 701 714 713)
4(598 611 715 702)
4(610 714 715 611)
4(701 702 715 714)
4(599 612 716 703)
4(611 715 716 612)
4(702 703 716 715)
4(600 613 717 704)
4(612 716 717 613)
4(703 704 717 716)
4(601 614 718 705)
4(704 705 718 717)
4(602 615 719 706)
4(614 718 719 615)
4(705 706 719 718)
4(603 616 720 707)
4(615 719 720 616)
4(706 707 720 719)
4(604 617 721 708)
4(616 720 721 617)
4(707 708 721 720)
4(617 721 722 618)
4(607 622 725 711)
4(710 711 725 724)
4(608 623 726 712)
4(711 712 726 725)
4(609 624 727 713)
4(712 713 727 726)
4(610 625 728 714)
4(713 714 728 727)
4(611 626 729 715)
4(612 627 730 716)
4(615 630 733 719)
4(718 719 733 732)
4(616 631 734 720)
4(719 720 734 733)
4(617 632 735 721)
4(720 721 735 734)
4(618 633 736 722)
4(632 735 736 633)
4(721 722 736 735)
4(633 736 737 634)
4(722 723 737 736)
4(633 639 743 736)
4(735 736 743 742)
4(634 640 744 737)
4(639 743 744 640)
4(736 737 744 743)
4(640 744 745 641)
4(640 643 747 744)
4(743 744 747 746)
4(744 745 748 747)
4(653 662 758 752)
4(661 757 758 662)
4(654 663 759 753)
4(662 758 759 663)
4(752 753 759 758)
4(655 664 760 754)
4(663 759 760 664)
4(753 754 760 759)
4(664 760 761 665)
4(661 670 764 757)
4(669 763 764 670)
4(756 757 764 763)
4(662 671 765 758)
4(670 764 765 671)
4(757 758 765 764)
4(663 672 766 759)
4(671 765 766 672)
4(758 759 766 765)
4(664 673 767 760)
4(672 766 767 673)
4(759 760 767 766)
4(673 767 768 674)
4(760 761 768 767)
4(669 678 772 763)
4(677 771 772 678)
4(762 763 772 771)
4(670 679 773 764)
4(678 772 773 679)
4(763 764 773 772)
4(671 680 774 765)
4(679 773 774 680)
4(764 765 774 773)
4(672 681 775 766)
4(680 774 775 681)
4(765 766 775 774)
4(673 682 776 767)
4(681 775 776 682)
4(766 767 776 775)
4(682 776 777 683)
4(767 768 777 776)
4(677 687 781 771)
4(686 780 781 687)
4(678 688 782 772)
4(687 781 782 688)
4(771 772 782 781)
4(679 689 783 773)
4(688 782 783 689)
4(772 773 783 782)
4(680 690 784 774)
4(689 783 784 690)
4(773 774 784 783)
4(681 691 785 775)
4(690 784 785 691)
4(774 775 785 784)
4(682 692 786 776)
4(691 785 786 692)
4(775 776 786 785)
4(683 693 787 777)
4(692 786 787 693)
4(776 777 787 786)
4(684 694 788 778)
4(693 787 788 694)
4(777 778 788 787)
4(694 788 789 695)
4(687 698 791 781)
4(697 790 791 698)
4(780 781 791 790)
4(688 699 792 782)
4(698 791 792 699)
4(781 782 792 791)
4(689 700 793 783)
4(699 792 793 700)
4(782 783 793 792)
4(690 701 794 784)
4(700 793 794 701)
4(783 784 794 793)
4(691 702 795 785)
4(701 794 795 702)
4(784 785 795 794)
4(692 703 796 786)
4(702 795 796 703)
4(785 786 796 795)
4(693 704 797 787)
4(703 796 797 704)
4(786 787 797 796)
4(694 705 798 788)
4(704 797 798 705)
4(787 788 798 797)
4(705 798 799 706)
4(788 789 799 798)
4(698 711 804 791)
4(710 803 804 711)
4(790 791 804 803)
4(699 712 805 792)
4(711 804 805 712)
4(791 792 805 804)
4(700 713 806 793)
4(712 805 806 713)
4(792 793 806 805)
4(701 714 807 794)
4(713 806 807 714)
4(793 794 807 806)
4(702 715 808 795)
4(794 795 808 807)
4(703 716 809 796)
4(795 796 809 808)
4(704 717 810 797)
4(796 797 810 809)
4(705 718 811 798)
4(797 798 811 810)
4(706 719 812 799)
4(718 811 812 719)
4(798 799 812 811)
4(707 720 813 800)
4(719 812 813 720)
4(799 800 813 812)
4(720 813 814 721)
4(800 801 814 813)
4(711 725 818 804)
4(803 804 818 817)
4(712 726 819 805)
4(725 818 819 726)
4(804 805 819 818)
4(713 727 820 806)
4(805 806 820 819)
4(719 733 823 812)
4(811 812 823 822)
4(720 734 824 813)
4(812 813 824 823)
4(721 735 825 814)
4(734 824 825 735)
4(813 814 825 824)
4(722 736 826 815)
4(735 825 826 736)
4(814 815 826 825)
4(736 826 827 737)
4(815 816 827 826)
4(818 819 830 829)
4(735 742 833 825)
4(824 825 833 832)
4(736 743 834 826)
4(825 826 834 833)
4(743 834 835 744)
4(826 827 835 834)
4(744 747 842 835)
4(834 835 842 841)
4(747 842 843 748)
4(835 836 843 842)
4(842 843 846 845)
4(753 759 855 850)
4(758 854 855 759)
4(759 855 856 760)
4(757 764 860 853)
4(763 859 860 764)
4(758 765 861 854)
4(764 860 861 765)
4(853 854 861 860)
4(759 766 862 855)
4(765 861 862 766)
4(854 855 862 861)
4(760 767 863 856)
4(766 862 863 767)
4(855 856 863 862)
4(767 863 864 768)
4(763 772 867 859)
4(771 866 867 772)
4(764 773 868 860)
4(772 867 868 773)
4(859 860 868 867)
4(765 774 869 861)
4(773 868 869 774)
4(860 861 869 868)
4(766 775 870 862)
4(774 869 870 775)
4(861 862 870 869)
4(767 776 871 863)
4(775 870 871 776)
4(862 863 871 870)
4(768 777 872 864)
4(776 871 872 777)
4(863 864 872 871)
4(777 872 873 778)
4(772 782 876 867)
4(781 875 876 782)
4(866 867 876 875)
4(773 783 877 868)
4(782 876 877 783)
4(867 868 877 876)
4(774 784 878 869)
4(783 877 878 784)
4(868 869 878 877)
4(775 785 879 870)
4(784 878 879 785)
4(869 870 879 878)
4(776 786 880 871)
4(785 879 880 786)
4(870 871 880 879)
4(777 787 881 872)
4(786 880 881 787)
4(871 872 881 880)
4(787 881 882 788)
4(872 873 882 881)
4(781 791 885 875)
4(790 884 885 791)
4(782 792 886 876)
4(791 885 886 792)
4(875 876 886 885)
4(783 793 887 877)
4(792 886 887 793)
4(876 877 887 886)
4(784 794 888 878)
4(793 887 888 794)
4(877 878 888 887)
4(785 795 889 879)
4(794 888 889 795)
4(878 879 889 888)
4(786 796 890 880)
4(795 889 890 796)
4(879 880 890 889)
4(787 797 891 881)
4(796 890 891 797)
4(880 881 891 890)
4(788 798 892 882)
4(797 891 892 798)
4(881 882 892 891)
4(798 892 893 799)
4(791 804 898 885)
4(803 897 898 804)
4(792 805 899 886)
4(804 898 899 805)
4(885 886 899 898)
4(793 806 900 887)
4(805 899 900 806)
4(886 887 900 899)
4(794 807 901 888)
4(887 888 901 900)
4(795 808 902 889)
4(888 889 902 901)
4(796 809 903 890)
4(889 890 903 902)
4(797 810 904 891)
4(890 891 904 903)
4(798 811 905 892)
4(891 892 905 904)
4(799 812 906 893)
4(811 905 906 812)
4(892 893 906 905)
4(800 813 907 894)
4(812 906 907 813)
4(893 894 907 906)
4(801 814 908 895)
4(813 907 908 814)
4(894 895 908 907)
4(814 908 909 815)
4(804 818 912 898)
4(805 819 913 899)
4(818 912 913 819)
4(898 899 913 912)
4(819 913 914 820)
4(899 900 914 913)
4(812 823 916 906)
4(905 906 916 915)
4(813 824 917 907)
4(906 907 917 916)
4(814 825 918 908)
4(824 917 918 825)
4(907 908 918 917)
4(815 826 919 909)
4(825 918 919 826)
4(908 909 919 918)
4(826 919 920 827)
4(909 910 920 919)
4(819 830 923 913)
4(829 922 923 830)
4(912 913 923 922)
4(830 923 924 831)
4(913 914 924 923)
4(825 833 926 918)
4(917 918 926 925)
4(826 834 927 919)
4(833 926 927 834)
4(918 919 927 926)
4(827 835 928 920)
4(834 927 928 835)
4(919 920 928 927)
4(835 928 929 836)
4(830 838 931 923)
4(922 923 931 930)
4(834 841 934 927)
4(926 927 934 933)
4(835 842 935 928)
4(841 934 935 842)
4(927 928 935 934)
4(842 935 936 843)
4(928 929 936 935)
4(842 845 940 935)
4(934 935 940 939)
4(845 940 941 846)
4(935 936 941 940)
4(940 941 945 944)
4(854 861 956 951)
4(860 955 956 861)
4(855 862 957 952)
4(861 956 957 862)
4(862 957 958 863)
4(860 868 962 955)
4(867 961 962 868)
4(861 869 963 956)
4(868 962 963 869)
4(955 956 963 962)
4(862 870 964 957)
4(869 963 964 870)
4(956 957 964 963)
4(863 871 965 958)
4(870 964 965 871)
4(957 958 965 964)
4(871 965 966 872)
4(867 876 969 961)
4(875 968 969 876)
4(868 877 970 962)
4(876 969 970 877)
4(961 962 970 969)
4(869 878 971 963)
4(877 970 971 878)
4(962 963 971 970)
4(870 879 972 964)
4(878 971 972 879)
4(963 964 972 971)
4(871 880 973 965)
4(879 972 973 880)
4(964 965 973 972)
4(872 881 974 966)
4(880 973 974 881)
4(965 966 974 973)
4(881 974 975 882)
4(876 886 977 969)
4(885 976 977 886)
4(968 969 977 976)
4(877 887 978 970)
4(886 977 978 887)
4(969 970 978 977)
4(878 888 979 971)
4(887 978 979 888)
4(970 971 979 978)
4(879 889 980 972)
4(888 979 980 889)
4(971 972 980 979)
4(880 890 981 973)
4(889 980 981 890)
4(972 973 981 980)
4(881 891 982 974)
4(890 981 982 891)
4(973 974 982 981)
4(891 982 983 892)
4(886 899 988 977)
4(898 987 988 899)
4(976 977 988 987)
4(887 900 989 978)
4(899 988 989 900)
4(977 978 989 988)
4(888 901 990 979)
4(978 979 990 989)
4(889 902 991 980)
4(979 980 991 990)
4(890 903 992 981)
4(980 981 992 991)
4(891 904 993 982)
4(981 982 993 992)
4(892 905 994 983)
4(982 983 994 993)
4(893 906 995 984)
4(905 994 995 906)
4(983 984 995 994)
4(894 907 996 985)
4(906 995 996 907)
4(907 996 997 908)
4(899 913 1001 988)
4(912 1000 1001 913)
4(913 1001 1002 914)
4(988 989 1002 1001)
4(906 916 1004 995)
4(907 917 1005 996)
4(995 996 1005 1004)
4(908 918 1006 997)
4(917 1005 1006 918)
4(996 997 1006 1005)
4(909 919 1007 998)
4(918 1006 1007 919)
4(919 1007 1008 920)
4(913 923 1010 1001)
4(922 1009 1010 923)
4(918 926 1013 1006)
4(919 927 1014 1007)
4(926 1013 1014 927)
4(1006 1007 1014 1013)
4(927 1014 1015 928)
4(930 1017 1018 931)
4(927 934 1020 1014)
4(928 935 1021 1015)
4(934 1020 1021 935)
4(935 1021 1022 936)
4(937 1023 1024 938)
4(935 940 1026 1021)
4(940 1026 1027 941)
4(942 1028 1029 943)
4(946 1032 1033 947)
4(956 963 1042 1037)
4(962 1041 1042 963)
4(1036 1037 1042 1041)
4(957 964 1043 1038)
4(963 1042 1043 964)
4(1037 1038 1043 1042)
4(964 1043 1044 965)
4(962 970 1048 1041)
4(969 1047 1048 970)
4(1040 1041 1048 1047)
4(963 971 1049 1042)
4(970 1048 1049 971)
4(1041 1042 1049 1048)
4(964 972 1050 1043)
4(971 1049 1050 972)
4(1042 1043 1050 1049)
4(965 973 1051 1044)
4(972 1050 1051 973)
4(1043 1044 1051 1050)
4(973 1051 1052 974)
4(969 977 1054 1047)
4(976 1053 1054 977)
4(970 978 1055 1048)
4(977 1054 1055 978)
4(1047 1048 1055 1054)
4(971 979 1056 1049)
4(978 1055 1056 979)
4(1048 1049 1056 1055)
4(972 980 1057 1050)
4(979 1056 1057 980)
4(1049 1050 1057 1056)
4(973 981 1058 1051)
4(980 1057 1058 981)
4(1050 1051 1058 1057)
4(981 1058 1059 982)
4(977 988 1063 1054)
4(978 989 1064 1055)
4(988 1063 1064 989)
4(1054 1055 1064 1063)
4(979 990 1065 1056)
4(1055 1056 1065 1064)
4(980 991 1066 1057)
4(1056 1057 1066 1065)
4(981 992 1067 1058)
4(1057 1058 1067 1066)
4(982 993 1068 1059)
4(983 994 1069 1060)
4(996 1005 1076 1071)
4(1037 1042 1086 1082)
4(1041 1085 1086 1042)
4(1042 1086 1087 1043)
4(1041 1048 1090 1085)
4(1047 1089 1090 1048)
4(1042 1049 1091 1086)
4(1048 1090 1091 1049)
4(1043 1050 1092 1087)
4(1049 1091 1092 1050)
4(1050 1092 1093 1051)
4(1048 1055 1095 1090)
4(1054 1094 1095 1055)
4(1049 1056 1096 1091)
4(1055 1095 1096 1056)
4(1050 1057 1097 1092)
4(1056 1096 1097 1057)
4(1057 1097 1098 1058)
4(1055 1064 1100 1095)
4(1056 1065 1101 1096)
4(1057 1066 1102 1097)
4(23 36 37 24)
4(9 24 25 10)
4(24 37 38 25)
4(37 50 51 38)
4(0 10 11 1)
4(10 25 26 11)
4(25 38 39 26)
4(38 51 52 39)
4(51 66 67 52)
4(66 81 82 67)
4(11 26 27 12)
4(26 39 40 27)
4(39 52 53 40)
4(52 67 68 53)
4(67 82 83 68)
4(82 96 97 83)
4(12 27 28 13)
4(27 40 41 28)
4(40 53 54 41)
4(53 68 69 54)
4(68 83 84 69)
4(83 97 98 84)
4(97 109 110 98)
4(109 120 121 110)
4(13 28 29 14)
4(28 41 42 29)
4(41 54 55 42)
4(54 69 70 55)
4(69 84 85 70)
4(84 98 99 85)
4(98 110 111 99)
4(110 121 122 111)
4(121 130 131 122)
4(130 139 140 131)
4(14 29 30 15)
4(29 42 43 30)
4(42 55 56 43)
4(55 70 71 56)
4(70 85 86 71)
4(85 99 100 86)
4(99 111 112 100)
4(111 122 123 112)
4(122 131 132 123)
4(131 140 141 132)
4(140 148 149 141)
4(148 159 160 149)
4(30 43 44 31)
4(43 56 57 44)
4(56 71 72 57)
4(71 86 87 72)
4(86 100 101 87)
4(100 112 113 101)
4(112 123 124 113)
4(123 132 133 124)
4(132 141 142 133)
4(141 149 150 142)
4(149 160 161 150)
4(57 72 73 58)
4(72 87 88 73)
4(87 101 102 88)
4(101 113 114 102)
4(113 124 125 114)
4(124 133 134 125)
4(133 142 143 134)
4(142 150 151 143)
4(150 161 162 151)
4(58 73 74 59)
4(73 88 89 74)
4(88 102 103 89)
4(102 114 115 103)
4(114 125 126 115)
4(125 134 135 126)
4(134 143 144 135)
4(143 151 152 144)
4(151 162 163 152)
4(2 16 17 3)
4(59 74 75 60)
4(74 89 90 75)
4(89 103 104 90)
4(103 115 116 104)
4(115 126 127 116)
4(126 135 136 127)
4(135 144 145 136)
4(144 152 153 145)
4(152 163 164 153)
4(3 17 18 4)
4(60 75 76 61)
4(75 90 91 76)
4(90 104 105 91)
4(104 116 117 105)
4(116 127 128 117)
4(127 136 137 128)
4(136 145 146 137)
4(145 153 154 146)
4(153 164 165 154)
4(4 18 19 5)
4(45 61 62 46)
4(61 76 77 62)
4(76 91 92 77)
4(91 105 106 92)
4(105 117 118 106)
4(117 128 129 118)
4(128 137 138 129)
4(137 146 147 138)
4(146 154 155 147)
4(154 165 166 155)
4(5 19 20 6)
4(19 32 33 20)
4(32 46 47 33)
4(46 62 63 47)
4(62 77 78 63)
4(77 92 93 78)
4(92 106 107 93)
4(106 118 119 107)
4(155 166 167 156)
4(6 20 21 7)
4(20 33 34 21)
4(33 47 48 34)
4(47 63 64 48)
4(63 78 79 64)
4(78 93 94 79)
4(93 107 108 94)
4(156 167 168 157)
4(167 172 173 168)
4(7 21 22 8)
4(21 34 35 22)
4(34 48 49 35)
4(48 64 65 49)
4(64 79 80 65)
4(79 94 95 80)
4(157 168 169 158)
4(168 173 174 169)
4(169 174 175 170)
4(170 175 176 171)
4(160 348 349 161)
4(161 349 350 162)
4(162 350 351 163)
4(163 351 352 164)
4(164 352 353 165)
4(165 353 354 166)
4(166 354 355 167)
4(167 355 363 172)
4(172 363 364 173)
4(355 356 364 363)
4(173 364 365 174)
4(174 365 366 175)
4(175 366 367 176)
4(348 496 497 349)
4(349 497 498 350)
4(350 498 499 351)
4(351 499 500 352)
4(352 500 501 353)
4(353 501 502 354)
4(354 502 503 355)
4(355 503 504 356)
4(348 362 511 496)
4(356 504 512 364)
4(364 512 513 365)
4(504 505 513 512)
4(365 513 514 366)
4(366 514 515 367)
4(496 623 624 497)
4(497 624 625 498)
4(498 625 626 499)
4(499 626 627 500)
4(500 627 628 501)
4(501 628 629 502)
4(613 614 629 628)
4(502 629 630 503)
4(503 630 631 504)
4(504 631 632 505)
4(496 511 637 623)
4(505 632 638 513)
4(513 638 639 514)
4(514 639 640 515)
4(515 640 643 517)
4(639 642 643 640)
4(613 717 718 614)
4(623 726 727 624)
4(624 727 728 625)
4(625 728 729 626)
4(714 715 729 728)
4(626 729 730 627)
4(715 716 730 729)
4(613 628 731 717)
4(627 730 731 628)
4(716 717 731 730)
4(614 718 732 629)
4(629 732 733 630)
4(630 733 734 631)
4(631 734 735 632)
4(632 735 742 638)
4(734 741 742 735)
4(638 742 743 639)
4(639 743 746 642)
4(642 746 747 643)
4(714 807 808 715)
4(715 808 809 716)
4(716 809 810 717)
4(717 810 811 718)
4(726 819 820 727)
4(714 728 821 807)
4(727 820 821 728)
4(806 807 821 820)
4(718 811 822 732)
4(732 822 823 733)
4(733 823 824 734)
4(726 740 830 819)
4(819 830 831 820)
4(734 824 832 741)
4(741 832 833 742)
4(742 833 834 743)
4(830 838 839 831)
4(743 834 841 746)
4(833 840 841 834)
4(746 841 842 747)
4(747 842 845 749)
4(841 844 845 842)
4(806 900 901 807)
4(807 901 902 808)
4(808 902 903 809)
4(809 903 904 810)
4(810 904 905 811)
4(806 820 914 900)
4(811 905 915 822)
4(822 915 916 823)
4(823 916 917 824)
4(820 831 924 914)
4(824 917 925 832)
4(832 925 926 833)
4(831 839 932 924)
4(838 931 932 839)
4(833 926 933 840)
4(840 933 934 841)
4(841 934 939 844)
4(844 939 940 845)
4(845 940 944 847)
4(900 989 990 901)
4(901 990 991 902)
4(902 991 992 903)
4(903 992 993 904)
4(904 993 994 905)
4(900 914 1002 989)
4(905 994 1003 915)
4(915 1003 1004 916)
4(916 1004 1005 917)
4(914 924 1011 1002)
4(917 1005 1012 925)
4(925 1012 1013 926)
4(926 1013 1019 933)
4(933 1019 1020 934)
4(934 1020 1025 939)
4(938 943 1029 1024)
4(943 947 1033 1029)
4(0 1 178 177)
4(2 3 180 179)
4(3 4 181 180)
4(4 5 182 181)
4(5 6 183 182)
4(6 7 184 183)
4(7 8 185 184)
4(0 177 187 10)
4(9 10 187 186)
4(1 11 188 178)
4(177 178 188 187)
4(11 12 189 188)
4(12 13 190 189)
4(13 14 191 190)
4(14 15 192 191)
4(2 179 193 16)
4(16 193 194 17)
4(179 180 194 193)
4(17 194 195 18)
4(180 181 195 194)
4(18 195 196 19)
4(181 182 196 195)
4(182 183 197 196)
4(183 184 198 197)
4(8 22 199 185)
4(184 185 199 198)
4(9 186 201 24)
4(23 24 201 200)
4(186 187 202 201)
4(187 188 203 202)
4(188 189 204 203)
4(189 190 205 204)
4(190 191 206 205)
4(15 30 207 192)
4(191 192 207 206)
4(30 31 208 207)
4(19 196 209 32)
4(196 197 210 209)
4(197 198 211 210)
4(22 35 212 199)
4(198 199 212 211)
4(23 200 213 36)
4(36 213 214 37)
4(200 201 214 213)
4(201 202 215 214)
4(202 203 216 215)
4(203 204 217 216)
4(204 205 218 217)
4(205 206 219 218)
4(206 207 220 219)
4(31 44 221 208)
4(207 208 221 220)
4(32 209 223 46)
4(45 46 223 222)
4(209 210 224 223)
4(210 211 225 224)
4(35 49 226 212)
4(211 212 226 225)
4(37 214 227 50)
4(50 227 228 51)
4(214 215 228 227)
4(215 216 229 228)
4(216 217 230 229)
4(217 218 231 230)
4(44 57 234 221)
4(57 58 235 234)
4(58 59 236 235)
4(59 60 237 236)
4(45 222 238 61)
4(60 61 238 237)
4(49 65 242 226)
4(225 226 242 241)
4(51 228 243 66)
4(65 80 257 242)
4(241 242 257 256)
4(66 243 258 81)
4(81 258 259 82)
4(80 95 272 257)
4(94 271 272 95)
4(256 257 272 271)
4(82 259 273 96)
4(96 273 274 97)
4(94 108 285 271)
4(107 284 285 108)
4(270 271 285 284)
4(97 274 287 109)
4(273 286 287 274)
4(107 119 297 284)
4(118 296 297 119)
4(109 287 298 120)
4(120 298 299 121)
4(118 129 307 296)
4(296 307 308 297)
4(121 299 310 130)
4(298 309 310 299)
4(129 138 318 307)
4(130 310 321 139)
4(309 320 321 310)
4(139 321 322 140)
4(138 147 329 318)
4(318 329 330 319)
4(140 322 333 148)
4(321 332 333 322)
4(147 155 340 329)
4(155 156 341 340)
4(329 340 341 330)
4(156 157 342 341)
4(330 341 342 331)
4(157 158 343 342)
4(148 333 347 159)
4(332 346 347 333)
4(159 347 348 160)
4(158 169 357 343)
4(169 170 358 357)
4(343 357 358 344)
4(170 171 359 358)
4(344 358 359 345)
4(346 360 361 347)
4(347 361 362 348)
4(171 176 367 359)
4(218 219 369 368)
4(219 220 370 369)
4(220 221 371 370)
4(222 223 373 372)
4(223 224 374 373)
4(224 225 375 374)
4(228 229 377 376)
4(229 230 378 377)
4(218 368 379 231)
4(230 231 379 378)
4(368 369 380 379)
4(369 370 381 380)
4(221 234 382 371)
4(370 371 382 381)
4(234 235 383 382)
4(235 236 384 383)
4(236 237 385 384)
4(222 372 386 238)
4(237 238 386 385)
4(372 373 387 386)
4(373 374 388 387)
4(225 241 389 375)
4(374 375 389 388)
4(228 376 390 243)
4(376 377 391 390)
4(377 378 392 391)
4(378 379 393 392)
4(379 380 394 393)
4(241 256 403 389)
4(388 389 403 402)
4(243 390 404 258)
4(258 404 405 259)
4(390 391 405 404)
4(391 392 406 405)
4(392 393 407 406)
4(393 394 408 407)
4(256 271 417 403)
4(270 416 417 271)
4(402 403 417 416)
4(259 405 418 273)
4(405 406 419 418)
4(270 284 429 416)
4(273 418 430 286)
4(286 430 431 287)
4(418 419 431 430)
4(284 297 441 429)
4(428 429 441 440)
4(287 431 442 298)
4(297 308 452 441)
4(307 451 452 308)
4(298 442 453 309)
4(307 318 462 451)
4(318 319 463 462)
4(451 462 463 452)
4(309 453 465 320)
4(320 465 466 321)
4(453 454 466 465)
4(319 330 475 463)
4(330 331 476 475)
4(463 475 476 464)
4(321 466 479 332)
4(331 342 489 476)
4(342 343 490 489)
4(476 489 490 477)
4(343 344 491 490)
4(477 490 491 478)
4(344 345 492 491)
4(332 479 494 346)
4(345 359 507 492)
4(492 507 508 493)
4(346 494 509 360)
4(360 509 510 361)
4(494 495 510 509)
4(361 510 511 362)
4(359 367 515 507)
4(507 515 516 508)
4(515 517 518 516)
4(380 381 520 519)
4(381 382 521 520)
4(382 383 522 521)
4(383 384 523 522)
4(384 385 524 523)
4(385 386 525 524)
4(386 387 526 525)
4(387 388 527 526)
4(380 519 528 394)
4(519 520 529 528)
4(520 521 530 529)
4(521 522 531 530)
4(522 523 532 531)
4(523 524 533 532)
4(524 525 534 533)
4(525 526 535 534)
4(388 402 536 527)
4(526 527 536 535)
4(406 407 538 537)
4(394 528 539 408)
4(407 408 539 538)
4(528 529 540 539)
4(529 530 541 540)
4(534 535 546 545)
4(402 416 547 536)
4(535 536 547 546)
4(406 537 548 419)
4(537 538 549 548)
4(538 539 550 549)
4(416 429 558 547)
4(428 557 558 429)
4(546 547 558 557)
4(419 548 559 431)
4(548 549 560 559)
4(428 440 568 557)
4(440 441 569 568)
4(431 559 570 442)
4(559 560 571 570)
4(441 452 580 569)
4(568 569 580 579)
4(442 570 581 453)
4(453 581 582 454)
4(570 571 582 581)
4(452 463 591 580)
4(463 464 592 591)
4(454 582 593 466)
4(464 476 603 592)
4(476 477 604 603)
4(477 478 605 604)
4(466 593 606 479)
4(478 491 618 605)
4(491 492 619 618)
4(492 493 620 619)
4(479 606 621 494)
4(494 621 622 495)
4(493 508 635 620)
4(619 620 635 634)
4(495 622 636 510)
4(510 636 637 511)
4(622 623 637 636)
4(508 516 641 635)
4(516 518 644 641)
4(517 643 644 518)
4(530 531 646 645)
4(531 532 647 646)
4(532 533 648 647)
4(533 534 649 648)
4(539 540 651 650)
4(530 645 652 541)
4(540 541 652 651)
4(645 646 653 652)
4(646 647 654 653)
4(647 648 655 654)
4(534 545 656 649)
4(648 649 656 655)
4(545 546 657 656)
4(539 650 659 550)
4(549 550 659 658)
4(650 651 660 659)
4(651 652 661 660)
4(546 557 666 657)
4(656 657 666 665)
4(549 658 667 560)
4(658 659 668 667)
4(659 660 669 668)
4(557 568 675 666)
4(665 666 675 674)
4(560 667 676 571)
4(667 668 677 676)
4(568 579 684 675)
4(674 675 684 683)
4(579 580 685 684)
4(571 676 686 582)
4(580 591 695 685)
4(591 592 696 695)
4(582 686 697 593)
4(592 603 707 696)
4(695 696 707 706)
4(603 604 708 707)
4(604 605 709 708)
4(593 697 710 606)
4(605 618 722 709)
4(708 709 722 721)
4(618 619 723 722)
4(606 710 724 621)
4(621 724 725 622)
4(622 725 726 623)
4(619 634 737 723)
4(634 635 738 737)
4(725 739 740 726)
4(635 641 745 738)
4(737 738 745 744)
4(641 644 748 745)
4(643 747 748 644)
4(747 749 750 748)
4(652 653 752 751)
4(653 654 753 752)
4(654 655 754 753)
4(655 656 755 754)
4(652 751 757 661)
4(660 661 757 756)
4(751 752 758 757)
4(656 665 761 755)
4(754 755 761 760)
4(660 756 763 669)
4(668 669 763 762)
4(665 674 768 761)
4(668 762 771 677)
4(676 677 771 770)
4(674 683 777 768)
4(683 684 778 777)
4(768 777 778 769)
4(684 685 779 778)
4(676 770 780 686)
4(770 771 781 780)
4(685 695 789 779)
4(778 779 789 788)
4(686 780 790 697)
4(695 706 799 789)
4(706 707 800 799)
4(707 708 801 800)
4(697 790 803 710)
4(708 721 814 801)
4(721 722 815 814)
4(801 814 815 802)
4(722 723 816 815)
4(710 803 817 724)
4(724 817 818 725)
4(723 737 827 816)
4(725 818 829 739)
4(739 829 830 740)
4(737 744 835 827)
4(744 745 836 835)
4(827 835 836 828)
4(829 837 838 830)
4(745 748 843 836)
4(748 750 846 843)
4(749 845 846 750)
4(845 847 848 846)
4(752 753 850 849)
4(753 754 851 850)
4(756 757 853 852)
4(752 849 854 758)
4(757 758 854 853)
4(849 850 855 854)
4(754 760 856 851)
4(850 851 856 855)
4(760 761 857 856)
4(756 852 859 763)
4(762 763 859 858)
4(852 853 860 859)
4(761 768 864 857)
4(856 857 864 863)
4(768 769 865 864)
4(762 858 866 771)
4(858 859 867 866)
4(769 778 873 865)
4(864 865 873 872)
4(771 866 875 781)
4(780 781 875 874)
4(778 788 882 873)
4(788 789 883 882)
4(780 874 884 790)
4(874 875 885 884)
4(789 799 893 883)
4(882 883 893 892)
4(799 800 894 893)
4(800 801 895 894)
4(801 802 896 895)
4(790 884 897 803)
4(884 885 898 897)
4(802 815 909 896)
4(895 896 909 908)
4(815 816 910 909)
4(803 897 911 817)
4(817 911 912 818)
4(897 898 912 911)
4(816 827 920 910)
4(827 828 921 920)
4(818 912 922 829)
4(828 836 929 921)
4(920 921 929 928)
4(829 922 930 837)
4(837 930 931 838)
4(923 924 932 931)
4(836 843 936 929)
4(930 937 938 931)
4(843 846 941 936)
4(937 942 943 938)
4(846 848 945 941)
4(847 944 945 848)
4(942 946 947 943)
4(946 948 949 947)
4(853 854 951 950)
4(854 855 952 951)
4(855 856 953 952)
4(853 950 955 860)
4(859 860 955 954)
4(950 951 956 955)
4(951 952 957 956)
4(856 863 958 953)
4(952 953 958 957)
4(863 864 959 958)
4(859 954 961 867)
4(866 867 961 960)
4(954 955 962 961)
4(864 872 966 959)
4(958 959 966 965)
4(872 873 967 966)
4(866 960 968 875)
4(960 961 969 968)
4(873 882 975 967)
4(966 967 975 974)
4(875 968 976 885)
4(882 892 983 975)
4(974 975 983 982)
4(892 893 984 983)
4(893 894 985 984)
4(894 895 986 985)
4(885 976 987 898)
4(984 985 996 995)
4(895 908 997 986)
4(985 986 997 996)
4(908 909 998 997)
4(909 910 999 998)
4(898 987 1000 912)
4(987 988 1001 1000)
4(994 995 1004 1003)
4(997 998 1007 1006)
4(910 920 1008 999)
4(998 999 1008 1007)
4(912 1000 1009 922)
4(1000 1001 1010 1009)
4(923 1010 1011 924)
4(1001 1002 1011 1010)
4(1005 1006 1013 1012)
4(920 928 1015 1008)
4(1007 1008 1015 1014)
4(928 929 1016 1015)
4(922 1009 1017 930)
4(923 931 1018 1010)
4(1009 1010 1018 1017)
4(1013 1014 1020 1019)
4(1014 1015 1021 1020)
4(929 936 1022 1016)
4(1015 1016 1022 1021)
4(930 1017 1023 937)
4(931 938 1024 1018)
4(1017 1018 1024 1023)
4(939 1025 1026 940)
4(1020 1021 1026 1025)
4(936 941 1027 1022)
4(1021 1022 1027 1026)
4(937 1023 1028 942)
4(1023 1024 1029 1028)
4(940 1026 1030 944)
4(941 945 1031 1027)
4(944 1030 1031 945)
4(1026 1027 1031 1030)
4(942 1028 1032 946)
4(1028 1029 1033 1032)
4(946 1032 1034 948)
4(947 949 1035 1033)
4(948 1034 1035 949)
4(1032 1033 1035 1034)
4(955 956 1037 1036)
4(956 957 1038 1037)
4(957 958 1039 1038)
4(955 1036 1041 962)
4(961 962 1041 1040)
4(958 965 1044 1039)
4(1038 1039 1044 1043)
4(965 966 1045 1044)
4(961 1040 1047 969)
4(968 969 1047 1046)
4(966 974 1052 1045)
4(1044 1045 1052 1051)
4(968 1046 1053 976)
4(1046 1047 1054 1053)
4(974 982 1059 1052)
4(1051 1052 1059 1058)
4(982 983 1060 1059)
4(983 984 1061 1060)
4(976 1053 1062 987)
4(987 1062 1063 988)
4(1053 1054 1063 1062)
4(989 1064 1065 990)
4(990 1065 1066 991)
4(991 1066 1067 992)
4(992 1067 1068 993)
4(1058 1059 1068 1067)
4(993 1068 1069 994)
4(1059 1060 1069 1068)
4(984 995 1070 1061)
4(994 1069 1070 995)
4(1060 1061 1070 1069)
4(995 996 1071 1070)
4(996 997 1072 1071)
4(988 1063 1073 1001)
4(989 1002 1074 1064)
4(1001 1073 1074 1002)
4(1063 1064 1074 1073)
4(995 1070 1075 1004)
4(1004 1075 1076 1005)
4(1070 1071 1076 1075)
4(997 1006 1077 1072)
4(1005 1076 1077 1006)
4(1071 1072 1077 1076)
4(1006 1007 1078 1077)
4(1006 1077 1079 1013)
4(1007 1014 1080 1078)
4(1013 1079 1080 1014)
4(1077 1078 1080 1079)
4(1036 1037 1082 1081)
4(1037 1038 1083 1082)
4(1036 1081 1085 1041)
4(1040 1041 1085 1084)
4(1081 1082 1086 1085)
4(1038 1043 1087 1083)
4(1082 1083 1087 1086)
4(1043 1044 1088 1087)
4(1040 1084 1089 1047)
4(1084 1085 1090 1089)
4(1085 1086 1091 1090)
4(1086 1087 1092 1091)
4(1044 1051 1093 1088)
4(1087 1088 1093 1092)
4(1047 1089 1094 1054)
4(1089 1090 1095 1094)
4(1090 1091 1096 1095)
4(1091 1092 1097 1096)
4(1051 1058 1098 1093)
4(1092 1093 1098 1097)
4(1054 1094 1099 1063)
4(1063 1099 1100 1064)
4(1094 1095 1100 1099)
4(1064 1100 1101 1065)
4(1095 1096 1101 1100)
4(1065 1101 1102 1066)
4(1096 1097 1102 1101)
4(1058 1067 1103 1098)
4(1066 1102 1103 1067)
4(1097 1098 1103 1102)
)


// ************************************************************************* //
