/*--------------------------------*- C++ -*----------------------------------*\
  =========                 |
  \\      /  F ield         | OpenFOAM: The Open Source CFD Toolbox
   \\    /   O peration     | Website:  https://openfoam.org
    \\  /    A nd           | Version:  6
     \\/     M anipulation  |
\*---------------------------------------------------------------------------*/
FoamFile
{
    version     2.0;
    format      ascii;
    class       labelList;
    location    "constant/region11/polyMesh";
    object      faceRegionAddressing;
}
// * * * * * * * * * * * * * * * * * * * * * * * * * * * * * * * * * * * * * //


2312
(
4213
4236
4239
4242
4245
4246
4248
4249
4252
4400
4401
4403
4404
4406
4407
4409
4410
4412
4413
4416
4436
4437
4439
4440
4443
4588
4591
4592
4594
4595
4597
4598
4600
4601
4603
4604
4606
4607
4610
4627
4628
4630
4631
4634
4782
4785
4786
4788
4789
4791
4792
4794
4795
4796
4797
4798
4799
4801
4802
4815
4816
4817
4818
4819
4820
4821
4822
4823
4825
4976
4977
4978
4979
4980
4981
4982
4983
4984
4985
4986
4987
4988
4989
4990
4991
4992
4993
4994
4995
4996
4997
4998
4999
5000
5001
5002
5003
5004
5005
5006
5007
5008
5009
5010
5011
5012
5013
5014
5016
5167
5169
5170
5171
5172
5173
5174
5175
5176
5177
5178
5179
5180
5181
5182
5183
5184
5185
5186
5187
5188
5189
5190
5191
5192
5193
5194
5195
5196
5197
5198
5199
5200
5201
5202
5203
5204
5205
5361
5363
5364
5365
5366
5367
5368
5369
5370
5371
5372
5373
5374
5375
5376
5377
5378
5379
5380
5381
5382
5383
5384
5385
5386
5387
5388
5389
5390
5391
5392
5393
5555
5556
5557
5558
5559
5560
5561
5562
5563
5564
5565
5566
5567
5568
5569
5570
5571
5572
5573
5574
5575
5576
5577
5578
5579
5580
5581
5584
5746
5748
5749
5750
5751
5752
5753
5754
5755
5756
5757
5758
5759
5760
5761
5762
5763
5764
5765
5766
5767
5768
5769
5771
5772
5940
5941
5942
5943
5944
5945
5946
5947
5948
5949
5950
5951
5952
5953
5954
5955
5956
5957
5958
5959
5960
5962
5963
6131
6133
6134
6135
6136
6137
6138
6139
6140
6141
6142
6143
6144
6145
6146
6147
6148
6149
6150
6151
6153
6154
6325
6326
6327
6328
6329
6330
6331
6332
6333
6334
6335
6336
6337
6338
6339
6340
6341
6342
6344
6345
6516
6518
6519
6521
6522
6524
6525
6527
6528
6530
6531
6533
6534
6536
6537
6539
6540
6541
6542
6544
6545
6731
6734
6736
6737
6739
6742
16954
16955
16957
16958
16961
16975
16976
16978
16979
16982
17136
17137
17139
17140
17142
17143
17145
17146
17148
17149
17150
17151
17152
17153
17154
17155
17156
17157
17158
17159
17160
17161
17162
17163
17164
17165
17166
17167
17168
17169
17170
17171
17173
17327
17330
17331
17333
17334
17336
17337
17339
17340
17341
17342
17343
17344
17345
17346
17347
17348
17349
17350
17351
17352
17353
17354
17355
17356
17357
17358
17359
17360
17361
17362
17521
17522
17524
17525
17526
17527
17528
17529
17530
17531
17532
17533
17534
17535
17536
17537
17538
17539
17540
17541
17542
17543
17544
17545
17546
17547
17548
17549
17550
17552
17553
17712
17715
17716
17717
17718
17719
17720
17721
17722
17723
17724
17725
17726
17727
17728
17729
17730
17731
17732
17733
17734
17735
17736
17737
17738
17739
17740
17741
17743
17906
17907
17908
17909
17910
17911
17912
17913
17914
17915
17916
17917
17918
17919
17920
17921
17922
17923
17924
17925
17926
17927
17928
17929
17930
17931
17932
17935
18097
18098
18099
18100
18101
18102
18103
18104
18105
18106
18107
18108
18109
18110
18111
18112
18113
18114
18115
18116
18117
18118
18119
18120
18122
18123
18288
18291
18292
18293
18294
18295
18296
18297
18298
18299
18300
18301
18302
18303
18304
18305
18306
18307
18308
18309
18310
18311
18312
18313
18314
18316
18317
18482
18483
18484
18485
18486
18487
18488
18489
18490
18491
18492
18493
18494
18495
18496
18497
18498
18499
18500
18501
18502
18503
18504
18505
18506
18507
18508
18510
18511
18673
18674
18675
18676
18677
18678
18679
18681
18682
18684
18685
18687
18688
18690
18691
18693
18694
18696
18697
18699
18700
18702
18703
18704
18705
18706
18707
18708
18710
18711
18864
18869
18894
18897
18899
18902
29308
29309
29311
29312
29314
29315
29317
29318
29320
29321
29323
29324
29326
29327
29330
29499
29500
29502
29503
29505
29506
29507
29508
29509
29510
29511
29512
29513
29514
29515
29516
29517
29518
29521
29684
29685
29687
29688
29690
29691
29692
29693
29694
29695
29696
29697
29698
29699
29700
29701
29702
29703
29704
29705
29706
29707
29708
29709
29710
29875
29876
29878
29879
29880
29881
29882
29883
29884
29885
29886
29887
29888
29889
29890
29891
29892
29893
29894
29895
29896
29897
29898
29900
29901
30066
30067
30069
30070
30071
30072
30073
30074
30075
30076
30077
30078
30079
30080
30081
30082
30083
30084
30085
30086
30087
30088
30089
30090
30091
30092
30094
30257
30260
30261
30262
30263
30264
30265
30266
30267
30268
30269
30270
30271
30272
30273
30274
30275
30276
30277
30278
30279
30280
30281
30282
30283
30285
30286
30451
30452
30453
30454
30455
30456
30457
30458
30459
30460
30461
30462
30463
30464
30465
30466
30467
30468
30469
30470
30471
30472
30473
30474
30475
30476
30477
30479
30480
30642
30643
30644
30645
30646
30647
30648
30649
30650
30651
30652
30653
30654
30655
30656
30657
30658
30659
30660
30661
30662
30663
30664
30665
30666
30667
30668
30669
30670
30671
30672
30673
30674
30676
30677
30833
30835
30836
30837
30838
30839
30841
30842
30844
30845
30847
30848
30850
30851
30853
30854
30857
30859
30860
30862
30863
30865
30866
30867
30868
30869
30870
30871
30873
31057
31059
31060
31062
31064
31065
31256
41665
41666
41668
41669
41671
41672
41675
41850
41851
41853
41854
41856
41857
41858
41859
41860
41861
41862
41863
41864
41865
41866
41867
41869
42038
42039
42041
42042
42044
42045
42046
42047
42048
42049
42050
42051
42052
42053
42054
42055
42056
42057
42058
42060
42229
42230
42232
42233
42234
42235
42236
42237
42238
42239
42240
42241
42242
42243
42244
42245
42246
42247
42248
42249
42251
42420
42421
42422
42423
42424
42425
42426
42427
42428
42429
42430
42431
42432
42433
42434
42435
42436
42437
42438
42439
42440
42441
42442
42443
42445
42446
42611
42612
42613
42614
42615
42616
42617
42618
42619
42620
42621
42622
42623
42624
42625
42626
42627
42628
42629
42630
42631
42632
42633
42634
42635
42636
42637
42639
42802
42803
42804
42805
42806
42807
42808
42809
42810
42811
42812
42813
42814
42815
42816
42817
42818
42819
42820
42821
42822
42823
42825
42826
42827
42828
42829
42830
42831
42832
42833
42834
42836
42993
42995
42996
42998
42999
43001
43002
43004
43005
43008
43017
43019
43020
43022
43023
43025
43026
43027
43028
43030
43031
43217
43219
43220
43221
43222
43224
43411
43413
43416
54016
54017
54019
54020
54021
54022
54023
54024
54026
54204
54205
54206
54207
54208
54209
54210
54211
54212
54213
54214
54215
54217
54218
54392
54393
54394
54395
54396
54397
54398
54399
54400
54401
54402
54403
54404
54405
54406
54408
54409
54580
54581
54583
54584
54585
54586
54587
54588
54589
54590
54591
54592
54593
54594
54595
54596
54597
54598
54599
54600
54601
54602
54603
54605
54771
54772
54773
54774
54775
54776
54777
54778
54779
54780
54781
54782
54783
54784
54785
54786
54787
54788
54789
54790
54791
54792
54793
54794
54796
54797
54962
54963
54964
54965
54966
54967
54968
54969
54970
54971
54972
54973
54974
54976
54977
54979
54980
54982
54983
54985
54986
54987
54988
54989
54990
54991
54993
54994
55153
55155
55156
55157
55158
55159
55161
55177
55179
55180
55182
55183
55184
55185
55186
55187
55188
55190
55191
55349
55374
55376
55377
55379
55381
55382
55571
55573
55575
55576
55767
66179
66180
66183
66364
66365
66367
66368
66369
66370
66371
66372
66373
66374
66375
66377
66552
66553
66555
66556
66557
66558
66559
66560
66561
66562
66563
66564
66565
66566
66567
66568
66569
66571
66743
66744
66745
66746
66747
66748
66749
66750
66751
66752
66753
66754
66755
66756
66757
66758
66759
66760
66762
66763
66931
66932
66934
66935
66936
66937
66938
66939
66940
66941
66942
66943
66944
66945
66946
66947
66948
66949
66950
66951
66952
66953
66954
66956
67122
67123
67125
67126
67127
67128
67129
67130
67131
67133
67134
67136
67137
67139
67140
67142
67143
67145
67146
67147
67148
67149
67150
67151
67152
67153
67154
67156
67313
67316
67317
67318
67320
67321
67337
67339
67340
67342
67343
67344
67345
67346
67347
67348
67350
67351
67507
67508
67509
67511
67512
67534
67536
67537
67538
67539
67540
67541
67542
67544
67698
67700
67728
67730
67731
67732
67733
67735
67736
67922
67924
67926
67927
68118
78527
78528
78530
78531
78534
78715
78716
78718
78719
78720
78721
78722
78723
78724
78725
78726
78728
78903
78904
78906
78907
78908
78909
78910
78911
78912
78913
78914
78915
78916
78917
78918
78919
78920
78922
79094
79095
79096
79097
79098
79099
79100
79101
79102
79103
79104
79105
79106
79107
79108
79109
79110
79111
79113
79285
79286
79287
79288
79289
79290
79291
79293
79294
79296
79297
79299
79300
79302
79303
79305
79306
79307
79308
79309
79310
79313
79476
79477
79480
79481
79497
79500
79502
79503
79504
79505
79506
79507
79510
79667
79668
79694
79697
79698
79699
79701
79859
79888
79891
79892
79895
80050
80082
80086
80241
80432
90878
90879
90880
90881
90882
90883
90885
91066
91067
91068
91069
91070
91071
91072
91073
91074
91075
91076
91077
91079
91254
91255
91257
91258
91259
91260
91261
91262
91263
91264
91265
91266
91267
91268
91270
91445
91448
91449
91450
91451
91453
91454
91456
91457
91459
91460
91463
91660
103038
103039
103042
103226
103227
103229
103230
103232
103233
103236
103417
103418
103420
103421
103423
103424
103427
103608
103611
103614
918873
918936
918937
918938
918999
919000
919001
919002
919003
919004
919064
919065
919066
919067
919068
919069
919128
919129
919130
919131
919132
919133
919134
919135
919192
919193
919194
919195
919196
919197
919198
919199
919200
919201
919256
919257
919258
919259
919260
919261
919262
919263
919264
919265
919266
919267
919321
919322
919323
919324
919325
919326
919327
919328
919329
919330
919331
919387
919388
919389
919390
919391
919392
919393
919394
919395
919451
919452
919453
919454
919455
919456
919457
919458
919459
919511
919515
919516
919517
919518
919519
919520
919521
919522
919523
919575
919579
919580
919581
919582
919583
919584
919585
919586
919587
919639
919642
919643
919644
919645
919646
919647
919648
919649
919650
919651
919703
919704
919705
919706
919707
919708
919709
919710
919715
919767
919768
919769
919770
919771
919772
919773
919779
919780
919831
919832
919833
919834
919835
919836
919843
919844
919908
919972
6520
6523
6526
6529
6532
6535
6538
-6728
6732
6733
6735
6738
6741
18680
18683
18686
18689
18692
18695
18698
18701
18867
-18891
18895
18896
18898
18901
30840
30843
30846
30849
30852
30855
30856
30858
30861
30864
31027
-31054
31058
31061
-31251
-31253
42824
43000
43003
43006
43007
43009
43010
43011
43012
43013
-43014
43018
43021
43024
-43214
-43216
43218
-43408
43412
54975
54978
54981
54984
55160
55162
55163
55164
-55174
55178
55181
55347
-55352
-55371
55375
55378
-55543
-55568
-55570
55572
-55762
-55764
67132
67135
67138
67141
67144
67319
-67334
67338
67341
67510
-67531
67535
67701
67702
-67725
67729
-67919
67923
-68113
79292
79295
79298
79301
79304
79479
-79494
79498
79501
79670
-79691
79695
-79885
79889
-80079
80240
80431
-4022
-4046
-4049
-4052
-4055
-4058
-4061
-4209
-4210
4212
4214
-4216
-4219
-4222
-4225
-4233
4237
4238
4240
4241
4243
4244
4247
4250
4251
4253
-4397
-4398
4402
4405
4408
4411
4414
4415
4417
-4419
-4433
4438
4441
4442
4444
-4585
4589
4590
4593
4596
4599
4602
4605
4608
4609
4611
-4624
-4625
4629
4632
4633
4635
-4779
4783
4784
4787
4790
4793
4800
-4804
-4807
-4810
-4812
-4813
4824
4826
-4973
5015
5017
-5164
5168
5206
5207
5208
-5358
5362
5394
5395
5396
-5552
-5554
5582
5583
-5743
5747
5770
-5775
-5937
-5939
5961
-6128
-6130
6132
6152
-6157
-6322
-6324
6343
-6347
-6348
-6350
-6351
-6353
-6513
-6515
6517
6543
-6547
-6548
-6550
-6551
-6706
-6709
6740
-16764
-16767
-16770
-16785
-16788
-16791
-16946
-16949
-16951
-16952
16956
16959
16960
16962
-16964
-16967
-16970
-16972
-16973
16977
16980
16981
16983
-17133
17138
17141
17144
17147
17172
17174
-17324
17328
17329
17332
17335
17338
17363
17364
17365
-17518
17523
17551
-17709
17713
17714
17742
17744
-17903
17933
17934
-18094
18121
-18125
-18126
-18285
18289
18290
18315
-18319
-18320
-18479
18509
-18513
-18514
-18516
-18517
-18519
-18670
18709
-18714
-18861
18865
18866
18868
18900
-18905
-19096
-29118
-29121
-29124
-29127
-29130
-29133
-29136
-29139
-29305
29310
29313
29316
29319
29322
29325
29328
29329
29331
-29494
-29496
-29497
29501
29504
29519
29520
29522
-29681
29686
29689
29711
29712
29713
-29872
29877
29899
-29903
-30063
30068
30093
30095
-30254
30258
30259
30284
-30288
-30448
30478
-30482
-30485
-30639
30675
-30679
-30682
-30830
30834
30872
30874
-31024
31028
31029
31063
31254
31255
-41475
-41478
-41481
-41484
-41660
-41662
-41663
41667
41670
41673
41674
41676
-41678
-41847
-41848
41852
41855
41868
41870
-42035
42040
42043
42059
42061
-42226
42231
42250
42252
-42254
-42417
42444
-42448
-42608
42638
42640
-42642
-42645
-42799
42835
42837
-42839
-42990
42994
42997
43029
-43033
-43189
43223
43225
43414
43415
-43607
-53826
-53829
-53832
-53835
-54013
-54014
54018
54025
54027
-54201
-54202
54216
-54389
-54390
54407
-54411
-54412
-54414
-54577
54582
54604
54606
-54768
54795
-54799
-54802
-54959
54992
-54996
-54997
-54999
-55150
55154
55189
-55344
55348
55380
-55384
-55385
-55540
55574
55765
55766
-55958
-65989
-65992
-66174
-66176
-66177
66181
66182
66184
-66186
-66361
-66362
66366
66376
66378
-66380
-66549
66554
66570
66572
-66740
-66741
66761
-66765
-66928
66933
66955
66957
-66959
-66962
-66965
-67119
67124
67155
67157
-67159
-67310
67314
67315
67349
-67353
-67504
67543
67545
-67695
67699
67703
67734
-67891
67925
-68082
68116
68117
-68273
-68464
-78337
-78340
-78343
-78524
-78525
78529
78532
78533
78535
-78537
-78712
-78713
78717
78727
78729
-78731
-78900
78905
78921
78923
-79091
79112
79114
-79116
-79119
-79122
-79282
79311
79312
79314
-79316
-79319
-79473
79478
79499
79508
79509
79511
-79664
79669
79671
79672
79696
79700
79702
-79704
-79855
79858
79860
79890
79893
79894
79896
-80046
80049
80051
80083
80084
80085
80087
-80237
80242
-80273
80276
80277
80278
-80428
80433
-80619
80622
80623
80624
-90688
-90691
-90694
-90875
-90876
90884
90886
-90888
-91063
-91064
91078
91080
-91251
91256
91269
91271
-91273
-91276
-91442
91446
91447
91452
91455
91458
91461
91462
91464
91465
91466
91467
91468
-91470
-91473
-91636
91639
91640
91641
-91657
91661
91662
91663
91664
91665
-91667
-91854
91857
91858
91859
-102848
-102851
-103035
-103036
103040
103041
103043
-103045
-103223
103228
103231
103234
103235
103237
-103414
103419
103422
103425
103426
103428
-103605
103609
103610
103612
103613
103615
103616
103617
103618
103619
)


// ************************************************************************* //
