/*--------------------------------*- C++ -*----------------------------------*\
  =========                 |
  \\      /  F ield         | OpenFOAM: The Open Source CFD Toolbox
   \\    /   O peration     | Website:  https://openfoam.org
    \\  /    A nd           | Version:  6
     \\/     M anipulation  |
\*---------------------------------------------------------------------------*/
FoamFile
{
    version     2.0;
    format      ascii;
    class       labelList;
    note        "nPoints:1104  nCells:635  nFaces:2312  nInternalFaces:1498";
    location    "constant/region11/polyMesh";
    object      neighbour;
}
// * * * * * * * * * * * * * * * * * * * * * * * * * * * * * * * * * * * * * //


1498
(
8
2
3
4
5
13
6
14
15
8
17
9
18
10
19
11
20
12
21
22
14
24
15
25
26
17
18
27
19
28
20
29
21
30
22
31
23
32
33
25
35
26
36
37
28
29
38
30
39
31
40
32
41
134
33
42
135
43
136
35
48
137
36
49
138
37
50
139
51
39
52
140
40
53
141
41
54
142
42
55
143
43
56
144
44
57
145
45
58
146
46
59
147
47
60
148
48
61
149
49
62
150
50
63
151
51
64
152
65
53
153
54
66
154
55
67
155
56
68
156
57
69
157
58
70
158
59
71
159
60
72
160
61
73
161
62
74
162
63
75
163
64
76
164
65
77
165
67
166
68
78
167
69
79
168
70
80
169
71
81
170
72
82
171
73
83
172
74
84
173
75
85
174
76
86
175
77
87
176
79
88
178
80
89
179
81
90
180
82
91
181
83
92
182
84
93
183
85
94
184
86
95
185
87
96
186
187
89
188
90
97
189
91
98
190
92
99
191
93
100
192
94
101
193
95
102
194
96
103
195
104
196
98
105
199
99
106
200
100
107
201
101
108
202
102
109
203
103
110
204
104
111
205
112
206
106
208
107
113
209
108
114
210
109
115
211
110
116
212
111
117
213
112
118
214
119
215
114
120
218
115
121
219
116
122
220
117
123
221
118
124
222
119
125
223
126
224
121
228
122
229
123
230
124
231
125
232
126
233
127
234
128
235
129
130
236
131
237
131
132
242
133
243
244
135
143
136
144
145
138
150
139
151
152
141
153
142
154
143
155
144
156
145
157
245
146
158
246
147
159
247
148
160
248
149
161
249
150
162
250
151
163
251
152
164
252
165
154
155
166
156
167
157
168
158
169
253
159
170
254
160
171
255
161
172
256
162
173
257
163
174
258
164
175
259
165
176
260
167
177
168
178
261
169
179
262
170
180
263
171
181
264
172
182
265
173
183
266
174
184
267
175
185
268
176
186
269
187
270
178
179
188
271
180
189
272
181
190
273
182
191
274
183
192
275
184
193
276
185
194
277
186
195
278
187
196
279
197
189
198
280
190
199
281
191
200
282
192
201
283
193
202
284
194
203
285
195
204
286
196
205
287
197
206
288
289
199
207
290
200
208
291
201
209
292
202
210
293
203
211
294
204
212
295
205
213
296
206
214
297
215
298
208
209
217
300
210
218
301
211
219
302
212
220
303
213
221
304
214
222
305
215
223
306
216
224
307
225
308
218
227
310
219
228
311
220
229
312
221
230
313
222
231
314
223
232
315
224
233
316
225
234
317
226
235
318
236
319
228
240
322
229
241
323
230
324
231
325
232
326
233
327
234
328
235
329
236
330
237
331
238
242
332
239
243
333
244
334
241
336
243
244
337
338
246
253
247
254
248
255
249
256
250
257
251
258
252
259
260
254
263
255
264
256
265
341
257
266
342
258
267
343
259
268
344
260
269
270
262
271
263
272
264
273
345
265
274
346
266
275
347
267
276
348
268
277
349
269
278
350
270
279
351
272
280
273
281
352
274
282
353
275
283
354
276
284
355
277
285
356
278
286
357
279
287
358
288
359
281
290
282
291
360
283
292
361
284
293
362
285
294
363
286
295
364
287
296
365
288
297
366
289
298
367
299
291
292
300
368
293
301
369
294
302
370
295
303
371
296
304
372
297
305
373
298
306
374
299
307
375
308
376
301
310
377
302
311
378
303
312
379
304
313
380
305
314
381
306
315
382
307
316
383
308
317
384
309
318
385
319
386
311
322
387
312
323
388
313
324
389
314
325
390
315
326
391
316
327
392
317
328
393
318
329
394
319
330
395
320
331
396
321
332
397
333
398
323
399
324
336
400
325
401
326
402
327
403
328
404
329
405
330
331
406
332
407
333
408
334
337
409
335
338
410
339
338
411
339
412
340
413
415
342
347
343
348
344
349
350
346
353
347
354
348
355
416
349
356
417
350
357
418
351
358
419
359
353
360
354
361
355
362
420
356
363
421
357
364
422
358
365
423
359
366
424
367
361
368
362
369
425
363
370
426
364
371
427
365
372
428
366
373
429
367
374
430
375
369
377
431
370
378
432
371
379
433
372
380
434
373
381
435
374
382
436
375
383
437
376
384
438
385
439
378
387
440
379
388
441
380
389
442
381
390
443
382
391
444
383
392
445
384
393
446
385
394
447
386
395
448
396
388
399
449
389
400
450
390
401
451
391
402
452
392
403
453
393
404
454
394
405
455
395
456
396
406
457
397
407
458
398
408
459
409
400
460
401
461
402
462
403
463
404
405
407
464
408
465
409
466
410
411
467
412
468
412
471
413
414
472
415
415
473
474
417
421
418
422
476
419
423
477
424
421
426
478
422
427
479
423
428
480
424
429
481
430
482
426
432
483
427
433
484
428
434
485
429
435
486
430
436
487
437
488
432
440
433
441
490
434
442
491
435
443
492
436
444
493
437
445
494
438
446
495
439
447
496
448
441
449
497
442
450
498
443
451
499
444
452
500
445
453
501
446
454
502
447
455
503
448
456
504
457
505
450
460
506
451
461
507
452
462
508
453
463
509
454
510
455
511
456
512
457
513
458
464
514
459
465
515
466
516
461
518
462
469
519
463
520
465
521
466
522
467
470
523
468
471
524
472
525
526
471
528
472
529
473
530
474
535
475
536
538
477
480
481
479
484
480
485
540
481
486
541
482
487
542
488
484
490
485
491
543
486
492
544
487
493
545
488
494
546
489
495
547
496
491
498
548
492
499
549
493
500
550
494
501
551
495
502
552
496
503
553
504
554
498
506
499
507
555
500
508
556
501
509
557
502
510
558
503
511
559
504
512
560
505
513
561
514
507
518
508
519
562
509
520
563
510
564
511
565
512
566
513
567
514
568
515
521
569
516
522
570
517
523
571
524
519
520
526
572
527
573
522
574
523
575
524
528
576
525
529
577
530
578
527
532
579
533
580
529
581
530
534
582
531
535
583
536
533
584
535
585
536
537
586
538
587
538
589
539
590
592
541
544
542
545
546
544
549
545
550
595
546
551
596
547
552
597
553
549
555
550
556
598
551
557
599
552
558
600
553
559
601
554
560
602
561
556
562
603
557
563
604
558
564
605
559
565
606
560
566
607
561
567
608
568
563
572
609
564
573
610
565
611
566
612
567
613
568
614
569
615
570
574
616
571
575
576
573
579
580
617
575
576
618
577
581
619
578
582
583
580
584
582
583
585
620
586
588
586
587
589
590
591
590
592
593
594
596
599
621
597
600
622
601
599
604
623
600
605
624
601
606
625
602
607
626
608
604
609
605
610
627
606
611
628
607
612
629
608
613
630
614
610
611
617
631
612
632
613
633
614
634
615
616
619
622
624
625
624
627
625
628
626
629
630
628
631
629
632
630
633
634
632
633
634
)


// ************************************************************************* //
