/*--------------------------------*- C++ -*----------------------------------*\
  =========                 |
  \\      /  F ield         | OpenFOAM: The Open Source CFD Toolbox
   \\    /   O peration     | Website:  https://openfoam.org
    \\  /    A nd           | Version:  6
     \\/     M anipulation  |
\*---------------------------------------------------------------------------*/
FoamFile
{
    version     2.0;
    format      ascii;
    class       labelList;
    location    "constant/region11/polyMesh";
    object      pointRegionAddressing;
}
// * * * * * * * * * * * * * * * * * * * * * * * * * * * * * * * * * * * * * //


1104
(
1433
1434
1441
1442
1443
1444
1445
1446
1447
1497
1498
1499
1500
1501
1502
1503
1506
1507
1508
1509
1510
1511
1512
1561
1562
1563
1564
1565
1566
1567
1568
1569
1574
1575
1576
1577
1626
1627
1628
1629
1630
1631
1632
1633
1634
1638
1639
1640
1641
1642
1692
1693
1694
1695
1696
1697
1698
1699
1700
1701
1702
1703
1704
1705
1706
1707
1758
1759
1760
1761
1762
1763
1764
1765
1766
1767
1768
1769
1770
1771
1772
1823
1824
1825
1826
1827
1828
1829
1830
1831
1832
1833
1834
1835
1836
1837
1889
1890
1891
1892
1893
1894
1895
1896
1897
1898
1899
1900
1901
1955
1956
1957
1958
1959
1960
1961
1962
1963
1964
1965
2020
2021
2022
2023
2024
2025
2026
2027
2028
2029
2086
2087
2088
2089
2090
2091
2092
2093
2094
2151
2152
2153
2154
2155
2156
2157
2158
2159
2217
2218
2219
2220
2221
2222
2223
2224
2225
2226
2227
2282
2283
2284
2285
2286
2287
2288
2289
2290
2291
2292
2293
2294
2355
2356
2357
2358
2359
5658
5659
5666
5667
5668
5669
5670
5671
5672
5722
5723
5724
5725
5726
5727
5728
5731
5732
5733
5734
5735
5736
5737
5786
5787
5788
5789
5790
5791
5792
5793
5794
5799
5800
5801
5802
5851
5852
5853
5854
5855
5856
5857
5858
5859
5863
5864
5865
5866
5867
5917
5918
5919
5920
5921
5922
5923
5924
5925
5926
5927
5928
5929
5930
5931
5932
5983
5984
5985
5986
5987
5988
5989
5990
5991
5992
5993
5994
5995
5996
5997
6048
6049
6050
6051
6052
6053
6054
6055
6056
6057
6058
6059
6060
6061
6062
6114
6115
6116
6117
6118
6119
6120
6121
6122
6123
6124
6125
6126
6179
6180
6181
6182
6183
6184
6185
6186
6187
6188
6189
6190
6245
6246
6247
6248
6249
6250
6251
6252
6253
6254
6255
6310
6311
6312
6313
6314
6315
6316
6317
6318
6319
6320
6375
6376
6377
6378
6379
6380
6381
6382
6383
6384
6385
6386
6441
6442
6443
6444
6445
6446
6447
6448
6449
6450
6451
6452
6453
6454
6506
6507
6508
6509
6510
6511
6512
6513
6514
6515
6516
6517
6518
6519
6571
6572
6573
6580
6581
6582
6583
6584
10081
10082
10083
10084
10088
10089
10090
10091
10143
10144
10145
10146
10147
10148
10149
10150
10151
10152
10153
10154
10155
10156
10208
10209
10210
10211
10212
10213
10214
10215
10216
10217
10218
10219
10220
10221
10273
10274
10275
10276
10277
10278
10279
10280
10281
10282
10283
10284
10285
10286
10339
10340
10341
10342
10343
10344
10345
10346
10347
10348
10349
10350
10404
10405
10406
10407
10408
10409
10410
10411
10412
10413
10414
10415
10470
10471
10472
10473
10474
10475
10476
10477
10478
10479
10480
10535
10536
10537
10538
10539
10540
10541
10542
10543
10544
10545
10546
10600
10601
10602
10603
10604
10605
10606
10607
10608
10609
10610
10611
10612
10613
10666
10667
10668
10669
10670
10671
10672
10673
10674
10675
10676
10677
10678
10679
10680
10731
10732
10733
10734
10735
10736
10737
10738
10739
10740
10741
10742
10743
10744
10745
10796
10797
10798
10806
10807
10808
10809
10810
10874
10875
14372
14373
14374
14375
14376
14377
14378
14379
14380
14437
14438
14439
14440
14441
14442
14443
14444
14445
14500
14501
14502
14503
14504
14505
14506
14507
14508
14509
14510
14565
14566
14567
14568
14569
14570
14571
14572
14573
14574
14575
14630
14631
14632
14633
14634
14635
14636
14637
14638
14639
14640
14695
14696
14697
14698
14699
14700
14701
14702
14703
14704
14705
14760
14761
14762
14763
14764
14765
14766
14767
14768
14769
14770
14771
14826
14827
14828
14829
14830
14831
14832
14833
14834
14835
14836
14837
14838
14891
14892
14893
14894
14895
14896
14897
14898
14899
14900
14901
14902
14903
14904
14905
14956
14957
14958
14959
14960
14961
14962
14963
14964
14965
14966
14967
14968
14969
14970
15022
15023
15032
15033
15034
15035
15098
15099
15100
18664
18665
18666
18667
18668
18727
18728
18729
18730
18731
18732
18733
18734
18791
18792
18793
18794
18795
18796
18797
18798
18799
18856
18857
18858
18859
18860
18861
18862
18863
18864
18921
18922
18923
18924
18925
18926
18927
18928
18929
18930
18986
18987
18988
18989
18990
18991
18992
18993
18994
18995
18996
19051
19052
19053
19054
19055
19056
19057
19058
19059
19060
19061
19062
19063
19116
19117
19118
19119
19120
19121
19122
19123
19124
19125
19126
19127
19128
19129
19181
19182
19183
19184
19185
19186
19187
19188
19189
19190
19191
19192
19193
19194
19195
19247
19248
19256
19257
19258
19259
19260
19323
19324
19325
19389
19390
22954
22955
22956
22957
22958
23018
23019
23020
23021
23022
23023
23082
23083
23084
23085
23086
23087
23088
23089
23146
23147
23148
23149
23150
23151
23152
23153
23154
23155
23211
23212
23213
23214
23215
23216
23217
23218
23219
23220
23276
23277
23278
23279
23280
23281
23282
23283
23284
23285
23286
23287
23288
23341
23342
23343
23344
23345
23346
23347
23348
23349
23350
23351
23352
23353
23354
23406
23407
23408
23409
23410
23414
23415
23416
23417
23418
23419
23420
23472
23473
23474
23481
23482
23483
23484
23485
23537
23538
23539
23547
23548
23549
23550
23613
23614
23615
23679
23680
27180
27181
27182
27243
27244
27245
27246
27247
27248
27307
27308
27309
27310
27311
27312
27313
27314
27372
27373
27374
27375
27376
27377
27378
27379
27436
27437
27438
27439
27440
27441
27442
27443
27444
27445
27501
27502
27503
27504
27505
27506
27507
27508
27509
27510
27511
27512
27513
27566
27567
27568
27569
27570
27571
27572
27573
27574
27575
27576
27577
27578
27579
27631
27632
27633
27634
27639
27640
27641
27642
27643
27644
27645
27697
27698
27699
27706
27707
27708
27709
27710
27762
27763
27764
27772
27773
27774
27775
27827
27828
27838
27839
27840
27892
27893
27904
27905
27957
27958
28022
28023
31469
31470
31471
31472
31533
31534
31535
31536
31537
31538
31597
31598
31599
31600
31601
31602
31603
31604
31662
31663
31664
31665
31666
31667
31668
31669
31727
31728
31729
31730
31731
31732
31733
31734
31735
31736
31737
31792
31793
31794
31795
31796
31797
31798
31799
31800
31801
31802
31803
31804
31857
31858
31859
31864
31865
31866
31867
31868
31869
31922
31923
31924
31931
31932
31933
31934
31935
31987
31988
31997
31998
31999
32000
32052
32053
32063
32064
32065
32117
32118
32129
32130
32182
32183
32247
32248
35759
35760
35761
35762
35823
35824
35825
35826
35827
35828
35887
35888
35889
35890
35891
35892
35893
35952
35953
35954
35955
35956
35957
35958
35959
35960
36017
36018
36019
36020
36021
36022
36023
36024
36025
36026
36027
36083
36084
36090
36091
36092
36093
36157
36158
39984
39985
39986
40048
40049
40050
40051
40052
40113
40114
40115
40116
40117
40178
40179
40180
40181
40182
40243
40244
40245
40246
40247
)


// ************************************************************************* //
