/*--------------------------------*- C++ -*----------------------------------*\
  =========                 |
  \\      /  F ield         | OpenFOAM: The Open Source CFD Toolbox
   \\    /   O peration     | Website:  https://openfoam.org
    \\  /    A nd           | Version:  6
     \\/     M anipulation  |
\*---------------------------------------------------------------------------*/
FoamFile
{
    version     2.0;
    format      ascii;
    class       faceList;
    location    "constant/region668/polyMesh";
    object      faces;
}
// * * * * * * * * * * * * * * * * * * * * * * * * * * * * * * * * * * * * * //


99
(
4(1 6 40 35)
4(5 39 40 6)
4(2 7 41 36)
4(6 40 41 7)
4(7 41 42 8)
4(5 11 45 39)
4(10 44 45 11)
4(6 12 46 40)
4(11 45 46 12)
4(7 13 47 41)
4(12 46 47 13)
4(8 14 48 42)
4(13 47 48 14)
4(14 48 49 15)
4(11 17 51 45)
4(16 50 51 17)
4(12 18 52 46)
4(17 51 52 18)
4(13 19 53 47)
4(18 52 53 19)
4(14 20 54 48)
4(19 53 54 20)
4(20 54 55 21)
4(17 24 58 51)
4(18 25 59 52)
4(19 26 60 53)
4(25 59 60 26)
4(20 27 61 54)
4(26 60 61 27)
4(21 28 62 55)
4(27 61 62 28)
4(26 31 65 60)
4(27 32 66 61)
4(4 10 11 5)
4(0 1 35 34)
4(1 2 36 35)
4(2 3 37 36)
4(0 34 39 5)
4(4 5 39 38)
4(4 38 44 10)
4(34 35 40 39)
4(35 36 41 40)
4(36 37 42 41)
4(38 39 45 44)
4(39 40 46 45)
4(40 41 47 46)
4(41 42 48 47)
4(42 43 49 48)
4(44 45 51 50)
4(45 46 52 51)
4(46 47 53 52)
4(47 48 54 53)
4(48 49 55 54)
4(50 51 58 57)
4(51 52 59 58)
4(52 53 60 59)
4(53 54 61 60)
4(54 55 62 61)
4(55 56 63 62)
4(59 60 65 64)
4(60 61 66 65)
4(61 62 67 66)
4(0 5 6 1)
4(1 6 7 2)
4(2 7 8 3)
4(5 11 12 6)
4(6 12 13 7)
4(7 13 14 8)
4(8 14 15 9)
4(10 16 17 11)
4(11 17 18 12)
4(12 18 19 13)
4(13 19 20 14)
4(14 20 21 15)
4(16 23 24 17)
4(17 24 25 18)
4(18 25 26 19)
4(19 26 27 20)
4(20 27 28 21)
4(21 28 29 22)
4(25 30 31 26)
4(26 31 32 27)
4(27 32 33 28)
4(3 8 42 37)
4(8 9 43 42)
4(9 15 49 43)
4(10 44 50 16)
4(15 21 55 49)
4(21 22 56 55)
4(16 50 57 23)
4(23 57 58 24)
4(24 58 59 25)
4(22 29 63 56)
4(28 62 63 29)
4(25 59 64 30)
4(30 64 65 31)
4(31 65 66 32)
4(28 33 67 62)
4(32 66 67 33)
)


// ************************************************************************* //
