/*--------------------------------*- C++ -*----------------------------------*\
  =========                 |
  \\      /  F ield         | OpenFOAM: The Open Source CFD Toolbox
   \\    /   O peration     | Website:  https://openfoam.org
    \\  /    A nd           | Version:  6
     \\/     M anipulation  |
\*---------------------------------------------------------------------------*/
FoamFile
{
    version     2.0;
    format      ascii;
    class       vectorField;
    location    "constant/region668/polyMesh";
    object      points;
}
// * * * * * * * * * * * * * * * * * * * * * * * * * * * * * * * * * * * * * //


68
(
(2.275e-06 1.04e-06 4.095e-06)
(2.34e-06 1.04e-06 4.095e-06)
(2.405e-06 1.04e-06 4.095000000000001e-06)
(2.47e-06 1.04e-06 4.095e-06)
(2.21e-06 1.105e-06 4.095e-06)
(2.275e-06 1.105e-06 4.095000000000001e-06)
(2.34e-06 1.105e-06 4.095e-06)
(2.405e-06 1.105e-06 4.095000000000001e-06)
(2.47e-06 1.105e-06 4.095e-06)
(2.535e-06 1.105e-06 4.095000000000001e-06)
(2.21e-06 1.17e-06 4.095000000000001e-06)
(2.275e-06 1.17e-06 4.095e-06)
(2.34e-06 1.17e-06 4.095e-06)
(2.405e-06 1.17e-06 4.095e-06)
(2.47e-06 1.17e-06 4.095000000000001e-06)
(2.535e-06 1.17e-06 4.095000000000001e-06)
(2.21e-06 1.235e-06 4.095000000000001e-06)
(2.275e-06 1.235e-06 4.095000000000001e-06)
(2.34e-06 1.235e-06 4.095000000000001e-06)
(2.405e-06 1.235e-06 4.095000000000001e-06)
(2.47e-06 1.235e-06 4.095e-06)
(2.535e-06 1.235e-06 4.095e-06)
(2.6e-06 1.235e-06 4.095e-06)
(2.21e-06 1.3e-06 4.095000000000001e-06)
(2.275e-06 1.3e-06 4.095000000000001e-06)
(2.34e-06 1.3e-06 4.095000000000001e-06)
(2.405e-06 1.3e-06 4.095000000000001e-06)
(2.47e-06 1.3e-06 4.095e-06)
(2.535e-06 1.3e-06 4.095e-06)
(2.6e-06 1.3e-06 4.095e-06)
(2.34e-06 1.365e-06 4.095e-06)
(2.405e-06 1.365e-06 4.095e-06)
(2.47e-06 1.365e-06 4.095000000000001e-06)
(2.535e-06 1.365e-06 4.095000000000001e-06)
(2.275e-06 1.04e-06 4.16e-06)
(2.34e-06 1.04e-06 4.160000000000001e-06)
(2.405e-06 1.04e-06 4.160000000000001e-06)
(2.47e-06 1.04e-06 4.16e-06)
(2.21e-06 1.105e-06 4.16e-06)
(2.275e-06 1.105e-06 4.159999999999999e-06)
(2.34e-06 1.105e-06 4.16e-06)
(2.405e-06 1.105e-06 4.16e-06)
(2.47e-06 1.105e-06 4.160000000000001e-06)
(2.535e-06 1.105e-06 4.16e-06)
(2.21e-06 1.17e-06 4.16e-06)
(2.275e-06 1.17e-06 4.16e-06)
(2.34e-06 1.17e-06 4.16e-06)
(2.405e-06 1.17e-06 4.16e-06)
(2.47e-06 1.17e-06 4.16e-06)
(2.535e-06 1.17e-06 4.16e-06)
(2.21e-06 1.235e-06 4.16e-06)
(2.275e-06 1.235e-06 4.16e-06)
(2.34e-06 1.235e-06 4.16e-06)
(2.405e-06 1.235e-06 4.160000000000001e-06)
(2.47e-06 1.235e-06 4.159999999999999e-06)
(2.535e-06 1.235e-06 4.16e-06)
(2.6e-06 1.235e-06 4.16e-06)
(2.21e-06 1.3e-06 4.16e-06)
(2.275e-06 1.3e-06 4.160000000000001e-06)
(2.34e-06 1.3e-06 4.16e-06)
(2.405e-06 1.3e-06 4.160000000000001e-06)
(2.47e-06 1.3e-06 4.159999999999999e-06)
(2.535e-06 1.3e-06 4.16e-06)
(2.6e-06 1.3e-06 4.16e-06)
(2.34e-06 1.365e-06 4.16e-06)
(2.405e-06 1.365e-06 4.16e-06)
(2.47e-06 1.365e-06 4.16e-06)
(2.535e-06 1.365e-06 4.16e-06)
)


// ************************************************************************* //
