/*--------------------------------*- C++ -*----------------------------------*\
  =========                 |
  \\      /  F ield         | OpenFOAM: The Open Source CFD Toolbox
   \\    /   O peration     | Website:  https://openfoam.org
    \\  /    A nd           | Version:  6
     \\/     M anipulation  |
\*---------------------------------------------------------------------------*/
FoamFile
{
    version     2.0;
    format      ascii;
    class       labelList;
    location    "constant/region893/polyMesh";
    object      cellRegionAddressing;
}
// * * * * * * * * * * * * * * * * * * * * * * * * * * * * * * * * * * * * * //


210
(
238335
238399
238463
242302
242303
242366
242367
242429
242430
242431
242492
242493
242494
242495
242557
242558
242559
242621
242622
242623
242686
242687
242750
242751
242815
242879
246399
246460
246461
246462
246463
246523
246524
246525
246526
246527
246587
246588
246589
246590
246591
246651
246652
246653
246654
246655
246715
246716
246717
246718
246719
246779
246780
246781
246782
246783
246844
246845
246846
246847
246908
246909
246910
246911
246972
246973
246974
246975
247037
247038
247039
247103
250621
250622
250623
250684
250685
250686
250687
250747
250748
250749
250750
250751
250811
250812
250813
250814
250815
250875
250876
250877
250878
250879
250939
250940
250941
250942
250943
251003
251004
251005
251006
251007
251067
251068
251069
251070
251071
251131
251132
251133
251134
251135
251195
251196
251197
251198
251199
251260
251261
251262
251263
251326
251327
254845
254846
254847
254908
254909
254910
254911
254972
254973
254974
254975
255035
255036
255037
255038
255039
255099
255100
255101
255102
255103
255163
255164
255165
255166
255167
255227
255228
255229
255230
255231
255291
255292
255293
255294
255295
255355
255356
255357
255358
255359
255419
255420
255421
255422
255423
259007
259069
259070
259071
259132
259133
259134
259135
259196
259197
259198
259199
259259
259260
259261
259262
259263
259323
259324
259325
259326
259327
259387
259388
259389
259390
259391
259451
259452
259453
259454
259455
259515
259516
259517
259518
259519
259582
259583
)


// ************************************************************************* //
