/*--------------------------------*- C++ -*----------------------------------*\
  =========                 |
  \\      /  F ield         | OpenFOAM: The Open Source CFD Toolbox
   \\    /   O peration     | Website:  https://openfoam.org
    \\  /    A nd           | Version:  6
     \\/     M anipulation  |
\*---------------------------------------------------------------------------*/
FoamFile
{
    version     2.0;
    format      ascii;
    class       labelList;
    location    "constant/region893/polyMesh";
    object      faceRegionAddressing;
}
// * * * * * * * * * * * * * * * * * * * * * * * * * * * * * * * * * * * * * //


780
(
707571
707572
707762
707763
707954
719346
719347
719349
719350
719537
719538
719539
719540
719541
719725
719726
719727
719728
719729
719730
719731
719732
719913
719915
719916
719917
719918
719919
719920
719921
719922
719923
720107
720108
720109
720110
720111
720112
720113
720114
720298
720300
720301
720302
720303
720304
720305
720492
720493
720494
720495
720496
720683
720685
720686
720687
720877
720878
721069
731509
731691
731692
731694
731695
731697
731698
731700
731879
731880
731882
731883
731885
731886
731887
731888
731889
731890
731891
731892
732070
732071
732073
732074
732075
732076
732077
732078
732079
732080
732081
732082
732083
732261
732262
732263
732264
732265
732266
732267
732268
732269
732270
732271
732272
732273
732274
732452
732453
732454
732455
732456
732457
732458
732459
732460
732461
732462
732463
732464
732465
732643
732645
732646
732647
732648
732649
732650
732651
732652
732653
732654
732655
732656
732837
732838
732839
732840
732841
732842
732843
732844
732845
732846
732847
733028
733029
733030
733031
733032
733033
733034
733035
733036
733037
733038
733219
733221
733222
733223
733224
733225
733226
733227
733228
733229
733413
733415
733416
733418
733419
733420
733611
744045
744046
744048
744049
744051
744233
744234
744236
744237
744239
744240
744242
744421
744422
744424
744425
744427
744428
744429
744430
744431
744432
744433
744434
744612
744613
744615
744616
744617
744618
744619
744620
744621
744622
744623
744624
744625
744803
744804
744806
744807
744808
744809
744810
744811
744812
744813
744814
744815
744816
744994
744995
744996
744997
744998
744999
745000
745001
745002
745003
745004
745005
745006
745007
745185
745186
745187
745188
745189
745190
745191
745192
745193
745194
745195
745196
745197
745198
745376
745377
745378
745379
745380
745381
745382
745383
745384
745385
745386
745387
745388
745389
745567
745568
745569
745570
745571
745572
745573
745574
745575
745576
745577
745578
745579
745580
745758
745760
745761
745762
745763
745764
745765
745766
745767
745768
745769
745770
745771
745952
745954
745955
745957
745958
745959
745960
745961
745962
746149
746151
746153
756587
756588
756590
756591
756593
756775
756776
756778
756779
756781
756782
756784
756785
756966
756967
756969
756970
756971
756972
756973
756974
756975
756976
757154
757155
757157
757158
757159
757160
757161
757162
757163
757164
757165
757166
757167
757345
757346
757348
757349
757350
757351
757352
757353
757354
757355
757356
757357
757358
757536
757537
757538
757539
757540
757541
757542
757543
757544
757545
757546
757547
757548
757549
757727
757728
757729
757730
757731
757732
757733
757734
757735
757736
757737
757738
757739
757740
757918
757919
757920
757921
757922
757923
757924
757925
757926
757927
757928
757929
757930
757931
758109
758110
758111
758112
758113
758114
758115
758116
758117
758118
758119
758120
758121
758122
758300
758302
758303
758305
758306
758308
758309
758311
758313
768944
769129
769130
769132
769133
769135
769317
769318
769320
769321
769323
769324
769326
769508
769509
769511
769512
769514
769515
769517
769696
769697
769699
769700
769702
769703
769705
769706
769708
769887
769888
769890
769891
769893
769894
769896
769897
769899
770078
770079
770081
770082
770084
770085
770087
770088
770090
770269
770270
770272
770273
770275
770276
770278
770279
770281
770460
770463
770466
770469
770470
770472
770660
913676
913677
913678
913738
913739
913740
913741
913742
913743
913744
913745
913746
913747
913802
913803
913804
913805
913806
913807
913808
913809
913810
913811
913812
913813
913868
913869
913870
913871
913872
913873
913874
913875
913876
913877
913878
913879
913934
913935
913936
913937
913938
913939
913940
913941
913942
913943
913999
914000
914001
914002
914003
914004
914005
914006
914007
914008
768945
769131
769134
769136
769319
769322
769325
769327
769510
769513
769516
769518
769698
769701
769704
769707
769709
769889
769892
769895
769898
769900
770080
770083
770086
770089
770091
770271
770274
770277
770280
770282
770462
770465
770468
770471
770473
770662
770664
-719156
-719158
-719343
719348
-731318
-731501
-731504
-731506
-731507
731510
-731688
-731689
731693
731696
731699
731701
-731876
731881
731884
-732067
732072
-743855
-743858
-743860
-744042
-744043
744047
744050
744052
-744230
-744231
744235
744238
744241
744243
-744418
744423
744426
-744609
744614
-744800
744805
-744991
-756397
-756400
-756402
-756584
-756585
756589
756592
756594
-756772
756777
756780
756783
-756963
-756964
756968
-757151
757156
-757342
757347
-757533
-757724
-757915
-758106
-758297
-768753
-768939
-768941
-768942
-769126
-769127
-769314
-769505
-769506
-769693
-769884
-770075
-770266
-770457
770461
-695412
-695603
-695794
-707188
-707190
-707379
-707380
-707381
-707567
-707568
-707570
-707755
-707758
-707759
-707761
-707949
-707950
-707952
707953
-708140
-708143
-708145
-708334
-708336
-708525
-708527
-708718
-708909
-719533
-719534
-719535
-719536
-719721
-719722
-719723
-719724
-719910
-719912
719914
-720103
-720104
-720106
-720294
-720295
-720297
720299
-720485
-720488
-720489
-720491
-720679
-720680
-720682
720684
-720870
-720873
-720874
-720876
-721061
-721064
-721065
-721067
721068
-721255
-721258
-721260
-721451
-732258
-732449
-732640
732644
-732834
-732836
-733025
-733027
-733216
-733218
733220
-733409
-733410
-733412
733414
733417
-733600
-733603
-733606
-733607
-733609
733610
-733794
-733797
-733800
-733802
-733991
-733993
-745182
-745373
-745564
-745755
745759
-745949
-745951
745953
745956
-746142
-746145
-746146
-746148
746150
746152
758301
758304
758307
758310
758312
-758502
-758504
770464
770467
-770657
770661
770663
)


// ************************************************************************* //
