/*--------------------------------*- C++ -*----------------------------------*\
  =========                 |
  \\      /  F ield         | OpenFOAM: The Open Source CFD Toolbox
   \\    /   O peration     | Website:  https://openfoam.org
    \\  /    A nd           | Version:  6
     \\/     M anipulation  |
\*---------------------------------------------------------------------------*/
FoamFile
{
    version     2.0;
    format      ascii;
    class       faceList;
    location    "constant/region893/polyMesh";
    object      faces;
}
// * * * * * * * * * * * * * * * * * * * * * * * * * * * * * * * * * * * * * //


780
(
4(2 21 22 3)
4(16 17 22 21)
4(4 26 27 5)
4(21 22 27 26)
4(26 27 31 30)
4(9 12 52 47)
4(11 51 52 12)
4(12 52 53 13)
4(47 48 53 52)
4(12 16 58 52)
4(15 57 58 16)
4(51 52 58 57)
4(16 58 59 17)
4(52 53 59 58)
4(15 20 63 57)
4(19 62 63 20)
4(56 57 63 62)
4(16 21 64 58)
4(20 63 64 21)
4(57 58 64 63)
4(21 64 65 22)
4(58 59 65 64)
4(19 24 68 62)
4(61 62 68 67)
4(20 25 69 63)
4(24 68 69 25)
4(62 63 69 68)
4(21 26 70 64)
4(25 69 70 26)
4(63 64 70 69)
4(26 70 71 27)
4(64 65 71 70)
4(25 29 75 69)
4(28 74 75 29)
4(68 69 75 74)
4(26 30 76 70)
4(29 75 76 30)
4(69 70 76 75)
4(30 76 77 31)
4(70 71 77 76)
4(29 33 81 75)
4(74 75 81 80)
4(30 34 82 76)
4(33 81 82 34)
4(75 76 82 81)
4(34 82 83 35)
4(76 77 83 82)
4(34 37 88 82)
4(36 87 88 37)
4(81 82 88 87)
4(37 88 89 38)
4(82 83 89 88)
4(37 40 93 88)
4(87 88 93 92)
4(40 93 94 41)
4(88 89 94 93)
4(42 98 99 43)
4(93 94 99 98)
4(98 99 104 103)
4(52 116 117 53)
4(50 56 120 114)
4(55 119 120 56)
4(51 57 121 115)
4(56 120 121 57)
4(52 58 122 116)
4(57 121 122 58)
4(58 122 123 59)
4(55 61 125 119)
4(60 124 125 61)
4(56 62 126 120)
4(61 125 126 62)
4(57 63 127 121)
4(62 126 127 63)
4(120 121 127 126)
4(58 64 128 122)
4(63 127 128 64)
4(121 122 128 127)
4(64 128 129 65)
4(122 123 129 128)
4(61 67 131 125)
4(66 130 131 67)
4(62 68 132 126)
4(67 131 132 68)
4(125 126 132 131)
4(63 69 133 127)
4(68 132 133 69)
4(126 127 133 132)
4(64 70 134 128)
4(69 133 134 70)
4(127 128 134 133)
4(70 134 135 71)
4(128 129 135 134)
4(67 73 137 131)
4(72 136 137 73)
4(130 131 137 136)
4(68 74 138 132)
4(73 137 138 74)
4(131 132 138 137)
4(69 75 139 133)
4(74 138 139 75)
4(132 133 139 138)
4(70 76 140 134)
4(75 139 140 76)
4(133 134 140 139)
4(76 140 141 77)
4(134 135 141 140)
4(73 79 143 137)
4(78 142 143 79)
4(136 137 143 142)
4(74 80 144 138)
4(79 143 144 80)
4(137 138 144 143)
4(75 81 145 139)
4(80 144 145 81)
4(138 139 145 144)
4(76 82 146 140)
4(81 145 146 82)
4(139 140 146 145)
4(82 146 147 83)
4(140 141 147 146)
4(79 85 149 143)
4(142 143 149 148)
4(80 86 150 144)
4(85 149 150 86)
4(143 144 150 149)
4(81 87 151 145)
4(86 150 151 87)
4(144 145 151 150)
4(82 88 152 146)
4(87 151 152 88)
4(145 146 152 151)
4(88 152 153 89)
4(146 147 153 152)
4(86 91 156 150)
4(90 155 156 91)
4(149 150 156 155)
4(87 92 157 151)
4(91 156 157 92)
4(150 151 157 156)
4(88 93 158 152)
4(92 157 158 93)
4(151 152 158 157)
4(93 158 159 94)
4(152 153 159 158)
4(91 96 162 156)
4(95 161 162 96)
4(155 156 162 161)
4(92 97 163 157)
4(96 162 163 97)
4(156 157 163 162)
4(93 98 164 158)
4(97 163 164 98)
4(157 158 164 163)
4(98 164 165 99)
4(158 159 165 164)
4(96 101 168 162)
4(161 162 168 167)
4(97 102 169 163)
4(101 168 169 102)
4(162 163 169 168)
4(98 103 170 164)
4(102 169 170 103)
4(163 164 170 169)
4(103 170 171 104)
4(164 165 171 170)
4(102 106 175 169)
4(168 169 175 174)
4(103 107 176 170)
4(169 170 176 175)
4(107 176 177 108)
4(170 171 177 176)
4(176 177 183 182)
4(121 127 198 193)
4(126 197 198 127)
4(122 128 199 194)
4(127 198 199 128)
4(128 199 200 129)
4(126 132 203 197)
4(131 202 203 132)
4(127 133 204 198)
4(132 203 204 133)
4(128 134 205 199)
4(133 204 205 134)
4(134 205 206 135)
4(131 137 208 202)
4(136 207 208 137)
4(132 138 209 203)
4(137 208 209 138)
4(133 139 210 204)
4(138 209 210 139)
4(203 204 210 209)
4(134 140 211 205)
4(139 210 211 140)
4(204 205 211 210)
4(140 211 212 141)
4(205 206 212 211)
4(137 143 214 208)
4(142 213 214 143)
4(138 144 215 209)
4(143 214 215 144)
4(208 209 215 214)
4(139 145 216 210)
4(144 215 216 145)
4(209 210 216 215)
4(140 146 217 211)
4(145 216 217 146)
4(210 211 217 216)
4(146 217 218 147)
4(211 212 218 217)
4(143 149 220 214)
4(148 219 220 149)
4(144 150 221 215)
4(149 220 221 150)
4(214 215 221 220)
4(145 151 222 216)
4(150 221 222 151)
4(215 216 222 221)
4(146 152 223 217)
4(151 222 223 152)
4(216 217 223 222)
4(152 223 224 153)
4(217 218 224 223)
4(149 155 226 220)
4(154 225 226 155)
4(219 220 226 225)
4(150 156 227 221)
4(155 226 227 156)
4(220 221 227 226)
4(151 157 228 222)
4(156 227 228 157)
4(221 222 228 227)
4(152 158 229 223)
4(157 228 229 158)
4(222 223 229 228)
4(158 229 230 159)
4(223 224 230 229)
4(155 161 232 226)
4(160 231 232 161)
4(225 226 232 231)
4(156 162 233 227)
4(161 232 233 162)
4(226 227 233 232)
4(157 163 234 228)
4(162 233 234 163)
4(227 228 234 233)
4(158 164 235 229)
4(163 234 235 164)
4(228 229 235 234)
4(164 235 236 165)
4(229 230 236 235)
4(161 167 238 232)
4(166 237 238 167)
4(231 232 238 237)
4(162 168 239 233)
4(167 238 239 168)
4(232 233 239 238)
4(163 169 240 234)
4(168 239 240 169)
4(233 234 240 239)
4(164 170 241 235)
4(169 240 241 170)
4(234 235 241 240)
4(170 241 242 171)
4(235 236 242 241)
4(167 173 244 238)
4(172 243 244 173)
4(237 238 244 243)
4(168 174 245 239)
4(173 244 245 174)
4(238 239 245 244)
4(169 175 246 240)
4(174 245 246 175)
4(239 240 246 245)
4(170 176 247 241)
4(175 246 247 176)
4(240 241 247 246)
4(176 247 248 177)
4(241 242 248 247)
4(173 179 250 244)
4(243 244 250 249)
4(174 180 251 245)
4(179 250 251 180)
4(244 245 251 250)
4(175 181 252 246)
4(180 251 252 181)
4(245 246 252 251)
4(176 182 253 247)
4(181 252 253 182)
4(246 247 253 252)
4(182 253 254 183)
4(247 248 254 253)
4(180 185 257 251)
4(250 251 257 256)
4(181 186 258 252)
4(251 252 258 257)
4(182 187 259 253)
4(186 258 259 187)
4(252 253 259 258)
4(187 259 260 188)
4(253 254 260 259)
4(187 190 265 259)
4(258 259 265 264)
4(259 260 266 265)
4(204 210 273 268)
4(209 272 273 210)
4(205 211 274 269)
4(210 273 274 211)
4(211 274 275 212)
4(209 215 277 272)
4(214 276 277 215)
4(210 216 278 273)
4(215 277 278 216)
4(211 217 279 274)
4(216 278 279 217)
4(217 279 280 218)
4(274 275 280 279)
4(215 221 283 277)
4(220 282 283 221)
4(216 222 284 278)
4(221 283 284 222)
4(277 278 284 283)
4(217 223 285 279)
4(222 284 285 223)
4(278 279 285 284)
4(223 285 286 224)
4(279 280 286 285)
4(220 226 288 282)
4(225 287 288 226)
4(221 227 289 283)
4(226 288 289 227)
4(282 283 289 288)
4(222 228 290 284)
4(227 289 290 228)
4(283 284 290 289)
4(223 229 291 285)
4(228 290 291 229)
4(284 285 291 290)
4(229 291 292 230)
4(285 286 292 291)
4(226 232 294 288)
4(231 293 294 232)
4(227 233 295 289)
4(232 294 295 233)
4(288 289 295 294)
4(228 234 296 290)
4(233 295 296 234)
4(289 290 296 295)
4(229 235 297 291)
4(234 296 297 235)
4(290 291 297 296)
4(235 297 298 236)
4(291 292 298 297)
4(232 238 300 294)
4(237 299 300 238)
4(293 294 300 299)
4(233 239 301 295)
4(238 300 301 239)
4(294 295 301 300)
4(234 240 302 296)
4(239 301 302 240)
4(295 296 302 301)
4(235 241 303 297)
4(240 302 303 241)
4(296 297 303 302)
4(241 303 304 242)
4(297 298 304 303)
4(238 244 306 300)
4(243 305 306 244)
4(299 300 306 305)
4(239 245 307 301)
4(244 306 307 245)
4(300 301 307 306)
4(240 246 308 302)
4(245 307 308 246)
4(301 302 308 307)
4(241 247 309 303)
4(246 308 309 247)
4(302 303 309 308)
4(247 309 310 248)
4(303 304 310 309)
4(244 250 312 306)
4(249 311 312 250)
4(305 306 312 311)
4(245 251 313 307)
4(250 312 313 251)
4(306 307 313 312)
4(246 252 314 308)
4(251 313 314 252)
4(307 308 314 313)
4(247 253 315 309)
4(252 314 315 253)
4(308 309 315 314)
4(253 315 316 254)
4(309 310 316 315)
4(250 256 318 312)
4(255 317 318 256)
4(311 312 318 317)
4(251 257 319 313)
4(256 318 319 257)
4(312 313 319 318)
4(252 258 320 314)
4(257 319 320 258)
4(313 314 320 319)
4(253 259 321 315)
4(258 320 321 259)
4(314 315 321 320)
4(259 321 322 260)
4(315 316 322 321)
4(256 262 324 318)
4(317 318 324 323)
4(257 263 325 319)
4(318 319 325 324)
4(258 264 326 320)
4(319 320 326 325)
4(259 265 327 321)
4(320 321 327 326)
4(321 322 328 327)
4(279 336 337 280)
4(278 284 340 335)
4(283 339 340 284)
4(279 285 341 336)
4(284 340 341 285)
4(285 341 342 286)
4(283 289 344 339)
4(288 343 344 289)
4(284 290 345 340)
4(289 344 345 290)
4(285 291 346 341)
4(290 345 346 291)
4(291 346 347 292)
4(289 295 350 344)
4(294 349 350 295)
4(290 296 351 345)
4(295 350 351 296)
4(291 297 352 346)
4(296 351 352 297)
4(297 352 353 298)
4(294 300 355 349)
4(299 354 355 300)
4(295 301 356 350)
4(300 355 356 301)
4(296 302 357 351)
4(301 356 357 302)
4(297 303 358 352)
4(302 357 358 303)
4(303 358 359 304)
4(300 306 361 355)
4(305 360 361 306)
4(301 307 362 356)
4(306 361 362 307)
4(302 308 363 357)
4(307 362 363 308)
4(303 309 364 358)
4(308 363 364 309)
4(309 364 365 310)
4(306 312 367 361)
4(311 366 367 312)
4(307 313 368 362)
4(312 367 368 313)
4(308 314 369 363)
4(313 368 369 314)
4(309 315 370 364)
4(314 369 370 315)
4(315 370 371 316)
4(312 318 373 367)
4(317 372 373 318)
4(313 319 374 368)
4(318 373 374 319)
4(314 320 375 369)
4(319 374 375 320)
4(315 321 376 370)
4(320 375 376 321)
4(321 376 377 322)
4(318 324 379 373)
4(319 325 380 374)
4(320 326 381 375)
4(321 327 382 376)
4(326 381 382 327)
4(327 382 383 328)
4(327 330 385 382)
4(1 3 22 17)
4(3 5 27 22)
4(5 7 31 27)
4(10 13 53 48)
4(13 17 59 53)
4(17 22 65 59)
4(22 27 71 65)
4(27 31 77 71)
4(31 35 83 77)
4(35 38 89 83)
4(38 41 94 89)
4(41 43 99 94)
4(43 45 104 99)
4(48 53 117 112)
4(53 59 123 117)
4(59 65 129 123)
4(65 71 135 129)
4(71 77 141 135)
4(77 83 147 141)
4(83 89 153 147)
4(89 94 159 153)
4(94 99 165 159)
4(99 104 171 165)
4(104 108 177 171)
4(108 110 183 177)
4(123 129 200 195)
4(129 135 206 200)
4(135 141 212 206)
4(141 147 218 212)
4(147 153 224 218)
4(153 159 230 224)
4(159 165 236 230)
4(165 171 242 236)
4(171 177 248 242)
4(177 183 254 248)
4(183 188 260 254)
4(188 191 266 260)
4(206 212 275 270)
4(212 218 280 275)
4(218 224 286 280)
4(224 230 292 286)
4(230 236 298 292)
4(236 242 304 298)
4(242 248 310 304)
4(248 254 316 310)
4(254 260 322 316)
4(260 266 328 322)
4(275 280 337 333)
4(280 286 342 337)
4(286 292 347 342)
4(292 298 353 347)
4(298 304 359 353)
4(304 310 365 359)
4(310 316 371 365)
4(316 322 377 371)
4(322 328 383 377)
4(328 331 386 383)
4(332 333 337 336)
4(334 335 340 339)
4(335 336 341 340)
4(336 337 342 341)
4(338 339 344 343)
4(339 340 345 344)
4(340 341 346 345)
4(341 342 347 346)
4(343 344 350 349)
4(344 345 351 350)
4(345 346 352 351)
4(346 347 353 352)
4(348 349 355 354)
4(349 350 356 355)
4(350 351 357 356)
4(351 352 358 357)
4(352 353 359 358)
4(354 355 361 360)
4(355 356 362 361)
4(356 357 363 362)
4(357 358 364 363)
4(358 359 365 364)
4(360 361 367 366)
4(361 362 368 367)
4(362 363 369 368)
4(363 364 370 369)
4(364 365 371 370)
4(366 367 373 372)
4(367 368 374 373)
4(368 369 375 374)
4(369 370 376 375)
4(370 371 377 376)
4(372 373 379 378)
4(373 374 380 379)
4(374 375 381 380)
4(375 376 382 381)
4(376 377 383 382)
4(381 382 385 384)
4(382 383 386 385)
4(8 9 47 46)
4(9 10 48 47)
4(8 46 51 11)
4(46 47 52 51)
4(47 48 112 111)
4(49 50 114 113)
4(50 51 115 114)
4(47 111 116 52)
4(51 52 116 115)
4(111 112 117 116)
4(49 113 119 55)
4(54 55 119 118)
4(113 114 120 119)
4(114 115 121 120)
4(115 116 122 121)
4(116 117 123 122)
4(54 118 124 60)
4(118 119 125 124)
4(119 120 126 125)
4(60 124 130 66)
4(124 125 131 130)
4(120 121 193 192)
4(121 122 194 193)
4(122 123 195 194)
4(120 192 197 126)
4(125 126 197 196)
4(192 193 198 197)
4(193 194 199 198)
4(194 195 200 199)
4(125 196 202 131)
4(130 131 202 201)
4(196 197 203 202)
4(197 198 204 203)
4(198 199 205 204)
4(199 200 206 205)
4(130 201 207 136)
4(201 202 208 207)
4(202 203 209 208)
4(136 207 213 142)
4(207 208 214 213)
4(142 213 219 148)
4(213 214 220 219)
4(148 219 225 154)
4(203 204 268 267)
4(204 205 269 268)
4(205 206 270 269)
4(203 267 272 209)
4(208 209 272 271)
4(267 268 273 272)
4(268 269 274 273)
4(269 270 275 274)
4(208 271 276 214)
4(271 272 277 276)
4(272 273 278 277)
4(273 274 279 278)
4(214 276 282 220)
4(219 220 282 281)
4(276 277 283 282)
4(219 281 287 225)
4(281 282 288 287)
4(225 287 293 231)
4(287 288 294 293)
4(231 293 299 237)
4(237 299 305 243)
4(243 305 311 249)
4(249 311 317 255)
4(255 317 323 261)
4(274 275 333 332)
4(277 278 335 334)
4(274 332 336 279)
4(278 279 336 335)
4(277 334 339 283)
4(282 283 339 338)
4(282 338 343 288)
4(288 343 349 294)
4(293 294 349 348)
4(293 348 354 299)
4(299 354 360 305)
4(305 360 366 311)
4(311 366 372 317)
4(317 372 378 323)
4(323 378 379 324)
4(0 2 3 1)
4(2 4 5 3)
4(4 6 7 5)
4(8 11 12 9)
4(9 12 13 10)
4(11 15 16 12)
4(0 1 17 16)
4(12 16 17 13)
4(14 19 20 15)
4(0 16 21 2)
4(15 20 21 16)
4(18 23 24 19)
4(19 24 25 20)
4(2 21 26 4)
4(20 25 26 21)
4(24 28 29 25)
4(4 26 30 6)
4(25 29 30 26)
4(6 30 31 7)
4(28 32 33 29)
4(29 33 34 30)
4(30 34 35 31)
4(33 36 37 34)
4(34 37 38 35)
4(36 39 40 37)
4(37 40 41 38)
4(40 42 43 41)
4(42 44 45 43)
4(49 55 56 50)
4(11 51 57 15)
4(14 15 57 56)
4(50 56 57 51)
4(54 60 61 55)
4(14 56 62 19)
4(18 19 62 61)
4(55 61 62 56)
4(18 61 67 23)
4(60 66 67 61)
4(23 67 68 24)
4(66 72 73 67)
4(24 68 74 28)
4(67 73 74 68)
4(72 78 79 73)
4(28 74 80 32)
4(73 79 80 74)
4(32 80 81 33)
4(78 84 85 79)
4(79 85 86 80)
4(33 81 87 36)
4(80 86 87 81)
4(85 90 91 86)
4(36 87 92 39)
4(86 91 92 87)
4(39 92 93 40)
4(90 95 96 91)
4(91 96 97 92)
4(40 93 98 42)
4(92 97 98 93)
4(95 100 101 96)
4(96 101 102 97)
4(42 98 103 44)
4(97 102 103 98)
4(44 103 104 45)
4(101 105 106 102)
4(102 106 107 103)
4(103 107 108 104)
4(107 109 110 108)
4(66 130 136 72)
4(72 136 142 78)
4(78 142 148 84)
4(84 148 149 85)
4(85 149 155 90)
4(148 154 155 149)
4(90 155 161 95)
4(154 160 161 155)
4(95 161 167 100)
4(160 166 167 161)
4(100 167 168 101)
4(166 172 173 167)
4(101 168 174 105)
4(167 173 174 168)
4(105 174 175 106)
4(106 175 176 107)
4(172 178 179 173)
4(173 179 180 174)
4(174 180 181 175)
4(107 176 182 109)
4(175 181 182 176)
4(109 182 183 110)
4(179 184 185 180)
4(180 185 186 181)
4(181 186 187 182)
4(182 187 188 183)
4(186 189 190 187)
4(187 190 191 188)
4(154 225 231 160)
4(160 231 237 166)
4(166 237 243 172)
4(172 243 249 178)
4(178 249 250 179)
4(179 250 256 184)
4(249 255 256 250)
4(184 256 257 185)
4(185 257 258 186)
4(255 261 262 256)
4(256 262 263 257)
4(186 258 264 189)
4(257 263 264 258)
4(189 264 265 190)
4(190 265 266 191)
4(261 323 324 262)
4(262 324 325 263)
4(263 325 326 264)
4(264 326 327 265)
4(265 327 328 266)
4(326 329 330 327)
4(327 330 331 328)
4(324 379 380 325)
4(325 380 381 326)
4(326 381 384 329)
4(329 384 385 330)
4(330 385 386 331)
)


// ************************************************************************* //
