/*--------------------------------*- C++ -*----------------------------------*\
  =========                 |
  \\      /  F ield         | OpenFOAM: The Open Source CFD Toolbox
   \\    /   O peration     | Website:  https://openfoam.org
    \\  /    A nd           | Version:  6
     \\/     M anipulation  |
\*---------------------------------------------------------------------------*/
FoamFile
{
    version     2.0;
    format      ascii;
    class       labelList;
    note        "nPoints:387  nCells:210  nFaces:780  nInternalFaces:480";
    location    "constant/region893/polyMesh";
    object      neighbour;
}
// * * * * * * * * * * * * * * * * * * * * * * * * * * * * * * * * * * * * * //


480
(
1
9
2
13
16
4
5
6
26
6
8
29
9
30
8
11
33
9
12
34
13
35
11
37
12
14
38
13
15
39
16
40
15
17
43
16
18
44
19
45
18
48
19
20
49
21
50
21
22
54
23
55
23
58
24
59
25
63
67
30
28
32
29
33
30
34
35
32
36
33
37
34
38
72
35
39
73
40
74
37
41
38
42
75
39
43
76
40
44
77
45
78
42
46
79
43
47
80
44
48
81
45
49
82
50
83
47
51
84
48
52
85
49
53
86
50
54
87
55
88
52
89
53
56
90
54
57
91
55
58
92
59
93
57
60
95
58
61
96
59
62
97
63
98
61
64
100
62
65
101
63
66
102
67
103
65
105
66
68
106
67
69
107
70
108
69
111
70
112
71
113
118
73
76
74
77
78
76
80
77
81
78
82
83
80
84
81
85
82
86
125
83
87
126
88
127
85
89
86
90
128
87
91
129
88
92
130
93
131
90
94
91
95
132
92
96
133
93
97
134
98
135
95
99
136
96
100
137
97
101
138
98
102
139
103
140
100
104
141
101
105
142
102
106
143
103
107
144
108
145
105
109
146
106
110
147
107
111
148
108
112
149
113
150
110
114
151
111
115
152
112
116
153
113
117
154
118
155
115
156
116
119
157
117
120
158
118
121
159
122
160
120
162
121
163
122
123
164
124
165
124
169
170
126
129
127
130
131
129
132
130
133
131
134
135
171
133
137
134
138
172
135
139
173
140
174
137
141
138
142
175
139
143
176
140
144
177
145
178
142
146
143
147
179
144
148
180
145
149
181
150
182
147
151
183
148
152
184
149
153
185
150
154
186
155
187
152
156
188
153
157
189
154
158
190
155
159
191
160
192
157
161
193
158
162
194
159
163
195
160
164
196
165
197
162
166
198
163
167
199
164
168
200
165
169
201
170
202
167
203
168
204
169
205
170
206
207
174
173
176
174
177
178
176
179
177
180
178
181
182
180
184
181
185
182
186
187
184
188
185
189
186
190
187
191
192
189
193
190
194
191
195
192
196
197
194
198
195
199
196
200
197
201
202
199
203
200
204
201
205
202
206
207
204
205
206
207
208
209
209
)


// ************************************************************************* //
