/*--------------------------------*- C++ -*----------------------------------*\
  =========                 |
  \\      /  F ield         | OpenFOAM: The Open Source CFD Toolbox
   \\    /   O peration     | Website:  https://openfoam.org
    \\  /    A nd           | Version:  6
     \\/     M anipulation  |
\*---------------------------------------------------------------------------*/
FoamFile
{
    version     2.0;
    format      ascii;
    class       labelList;
    location    "constant/region893/polyMesh";
    object      pointRegionAddressing;
}
// * * * * * * * * * * * * * * * * * * * * * * * * * * * * * * * * * * * * * //


387
(
245828
245829
245893
245894
245958
245959
246023
246024
249922
249923
249924
249987
249988
249989
250051
250052
250053
250054
250115
250116
250117
250118
250119
250180
250181
250182
250183
250184
250246
250247
250248
250249
250311
250312
250313
250314
250377
250378
250379
250442
250443
250444
250508
250509
250573
250574
254147
254148
254149
254210
254211
254212
254213
254214
254274
254275
254276
254277
254278
254279
254339
254340
254341
254342
254343
254344
254404
254405
254406
254407
254408
254409
254469
254470
254471
254472
254473
254474
254534
254535
254536
254537
254538
254539
254599
254600
254601
254602
254603
254604
254665
254666
254667
254668
254669
254730
254731
254732
254733
254734
254795
254796
254797
254798
254799
254861
254862
254863
254864
254928
254929
258373
258374
258435
258436
258437
258438
258439
258499
258500
258501
258502
258503
258504
258564
258565
258566
258567
258568
258569
258629
258630
258631
258632
258633
258634
258694
258695
258696
258697
258698
258699
258759
258760
258761
258762
258763
258764
258824
258825
258826
258827
258828
258829
258889
258890
258891
258892
258893
258894
258954
258955
258956
258957
258958
258959
259019
259020
259021
259022
259023
259024
259084
259085
259086
259087
259088
259089
259149
259150
259151
259152
259153
259154
259215
259216
259217
259218
259219
259282
259283
259284
262726
262727
262728
262729
262790
262791
262792
262793
262794
262854
262855
262856
262857
262858
262859
262919
262920
262921
262922
262923
262924
262984
262985
262986
262987
262988
262989
263049
263050
263051
263052
263053
263054
263114
263115
263116
263117
263118
263119
263179
263180
263181
263182
263183
263184
263244
263245
263246
263247
263248
263249
263309
263310
263311
263312
263313
263314
263374
263375
263376
263377
263378
263379
263439
263440
263441
263442
263443
263444
263504
263505
263506
263507
263508
263509
267081
267082
267083
267084
267145
267146
267147
267148
267149
267210
267211
267212
267213
267214
267274
267275
267276
267277
267278
267279
267339
267340
267341
267342
267343
267344
267404
267405
267406
267407
267408
267409
267469
267470
267471
267472
267473
267474
267534
267535
267536
267537
267538
267539
267599
267600
267601
267602
267603
267604
267664
267665
267666
267667
267668
267669
267729
267730
267731
267732
267733
267734
267797
267798
267799
271373
271374
271436
271437
271438
271439
271500
271501
271502
271503
271504
271565
271566
271567
271568
271569
271629
271630
271631
271632
271633
271634
271694
271695
271696
271697
271698
271699
271759
271760
271761
271762
271763
271764
271824
271825
271826
271827
271828
271829
271889
271890
271891
271892
271893
271894
271954
271955
271956
271957
271958
271959
272022
272023
272024
)


// ************************************************************************* //
