/*--------------------------------*- C++ -*----------------------------------*\
  =========                 |
  \\      /  F ield         | OpenFOAM: The Open Source CFD Toolbox
   \\    /   O peration     | Website:  https://openfoam.org
    \\  /    A nd           | Version:  6
     \\/     M anipulation  |
\*---------------------------------------------------------------------------*/
FoamFile
{
    version     2.0;
    format      ascii;
    class       labelList;
    location    "constant/region503/polyMesh";
    object      cellRegionAddressing;
}
// * * * * * * * * * * * * * * * * * * * * * * * * * * * * * * * * * * * * * //


890
(
226810
226811
226812
226813
226874
230715
230716
230717
230718
230778
230779
230780
230781
230782
230783
230841
230842
230843
230844
230845
230846
230847
230904
230905
230906
230907
230908
230909
230910
230911
230968
230969
230970
230971
230972
230973
230974
230975
231032
231033
231034
234620
234621
234622
234683
234684
234685
234686
234687
234747
234748
234749
234750
234751
234810
234811
234812
234813
234814
234815
234873
234874
234875
234876
234877
234878
234879
234935
234936
234937
234938
234939
234940
234941
234942
234943
234998
234999
235000
235001
235002
235003
235004
235005
235006
235007
235062
235063
235064
235065
235066
235067
235068
235069
235070
235126
235127
235128
235129
235130
235190
235191
235192
235193
235255
235256
235257
238525
238526
238588
238589
238590
238591
238651
238652
238653
238654
238655
238715
238716
238717
238718
238719
238779
238780
238781
238782
238783
238842
238843
238844
238845
238846
238847
238906
238907
238908
238909
238910
238911
238966
238967
238968
238969
238970
238971
238972
238973
238974
238975
239029
239030
239031
239032
239033
239034
239035
239036
239037
239038
239093
239094
239095
239096
239097
239098
239099
239100
239101
239102
239157
239158
239159
239160
239161
239162
239163
239164
239165
239221
239222
239223
239224
239225
239226
239227
239285
239286
239287
239288
239289
239290
239350
239351
239352
239353
239354
239415
239416
239417
239418
239480
239481
239482
242685
242748
242749
242750
242811
242812
242813
242814
242875
242876
242877
242878
242939
242940
242941
242942
242996
242997
242998
242999
243000
243001
243002
243003
243004
243005
243006
243060
243061
243062
243063
243064
243065
243066
243067
243068
243069
243070
243124
243125
243126
243127
243128
243129
243130
243131
243132
243133
243187
243188
243189
243190
243191
243192
243193
243194
243195
243196
243197
243252
243253
243254
243255
243256
243257
243258
243259
243260
243316
243317
243318
243319
243320
243321
243322
243323
243380
243381
243382
243383
243384
243385
243386
243387
243445
243446
243447
243448
243449
243450
243451
243510
243511
243512
243513
243514
243515
243575
243576
243577
243578
243579
243640
243641
243642
243643
243705
243706
243707
243770
243771
246971
246972
247027
247028
247029
247030
247031
247032
247033
247034
247035
247036
247090
247091
247092
247093
247094
247095
247096
247097
247098
247099
247100
247101
247102
247154
247155
247156
247157
247158
247159
247160
247161
247162
247163
247164
247218
247219
247220
247221
247222
247223
247224
247225
247226
247227
247228
247282
247283
247284
247285
247286
247287
247288
247289
247290
247291
247347
247348
247349
247350
247351
247352
247353
247354
247355
247356
247411
247412
247413
247414
247415
247416
247417
247418
247419
247476
247477
247478
247479
247480
247481
247482
247483
247484
247541
247542
247543
247544
247545
247546
247547
247548
247605
247606
247607
247608
247609
247610
247611
247612
247670
247671
247672
247673
247674
247675
247676
247735
247736
247737
247738
247739
247740
247800
247801
247802
247803
247804
247865
247866
247867
247868
247930
247931
251004
251005
251060
251061
251062
251063
251064
251065
251066
251067
251068
251069
251070
251122
251123
251124
251125
251126
251127
251128
251129
251130
251131
251132
251133
251134
251185
251186
251187
251188
251189
251190
251191
251192
251193
251194
251195
251196
251197
251198
251249
251250
251251
251252
251253
251254
251255
251256
251257
251258
251259
251260
251313
251314
251315
251316
251317
251318
251319
251320
251321
251322
251323
251324
251377
251378
251379
251380
251381
251382
251383
251384
251385
251386
251387
251388
251442
251443
251444
251445
251446
251447
251448
251449
251450
251451
251507
251508
251509
251510
251511
251512
251513
251514
251515
251516
251572
251573
251574
251575
251576
251577
251578
251579
251580
251636
251637
251638
251639
251640
251641
251642
251643
251644
251701
251702
251703
251704
251705
251706
251707
251708
251766
251767
251768
251769
251770
251771
251772
251831
251832
251833
251834
251835
251836
251895
251896
251897
251898
251899
251900
251961
251962
251963
251964
252026
252027
255036
255037
255098
255099
255100
255101
255102
255154
255155
255156
255157
255158
255159
255160
255161
255162
255163
255164
255165
255166
255217
255218
255219
255220
255221
255222
255223
255224
255225
255226
255227
255228
255229
255230
255280
255281
255282
255283
255284
255285
255286
255287
255288
255289
255290
255291
255292
255293
255294
255344
255345
255346
255347
255348
255349
255350
255351
255352
255353
255354
255355
255356
255408
255409
255410
255411
255412
255413
255414
255415
255416
255417
255418
255419
255473
255474
255475
255476
255477
255478
255479
255480
255481
255482
255483
255537
255538
255539
255540
255541
255542
255543
255544
255545
255546
255547
255602
255603
255604
255605
255606
255607
255608
255609
255610
255611
255667
255668
255669
255670
255671
255672
255673
255674
255675
255676
255732
255733
255734
255735
255736
255737
255738
255739
255740
255797
255798
255799
255800
255801
255802
255803
255804
255862
255863
255864
255865
255866
255867
255868
255927
255928
255929
255930
255931
255932
255992
255993
255994
255995
256057
256058
256059
259131
259132
259133
259192
259193
259194
259195
259196
259197
259249
259250
259251
259252
259253
259254
259255
259256
259257
259258
259259
259260
259261
259262
259312
259313
259314
259315
259316
259317
259318
259319
259320
259321
259322
259323
259324
259325
259376
259377
259378
259379
259380
259381
259382
259383
259384
259385
259386
259387
259388
259389
259440
259441
259442
259443
259444
259445
259446
259447
259448
259449
259450
259451
259452
259504
259505
259506
259507
259508
259509
259510
259511
259512
259513
259514
259515
259568
259569
259570
259571
259572
259573
259574
259575
259576
259577
259578
259579
259633
259634
259635
259636
259637
259638
259639
259640
259641
259642
259643
259697
259698
259699
259700
259701
259702
259703
259704
259705
259706
259707
259762
259763
259764
259765
259766
259767
259768
259769
259770
259771
259827
259828
259829
259830
259831
259832
259833
259834
259835
259893
259894
259895
259896
259897
259898
259899
259958
259959
259960
259961
259962
259963
260023
260024
260025
260026
260027
260088
260089
260090
)


// ************************************************************************* //
