/*--------------------------------*- C++ -*----------------------------------*\
  =========                 |
  \\      /  F ield         | OpenFOAM: The Open Source CFD Toolbox
   \\    /   O peration     | Website:  https://openfoam.org
    \\  /    A nd           | Version:  6
     \\/     M anipulation  |
\*---------------------------------------------------------------------------*/
FoamFile
{
    version     2.0;
    format      ascii;
    class       faceList;
    location    "constant/region503/polyMesh";
    object      faces;
}
// * * * * * * * * * * * * * * * * * * * * * * * * * * * * * * * * * * * * * //


3103
(
4(1 6 44 35)
4(5 43 44 6)
4(34 35 44 43)
4(2 7 45 36)
4(35 36 45 44)
4(3 8 46 37)
4(36 37 46 45)
4(37 38 47 46)
4(43 44 53 52)
4(13 19 89 81)
4(18 88 89 19)
4(80 81 89 88)
4(14 20 90 82)
4(19 89 90 20)
4(81 82 90 89)
4(15 21 91 83)
4(20 90 91 21)
4(82 83 91 90)
4(21 91 92 22)
4(83 84 92 91)
4(18 26 98 88)
4(25 97 98 26)
4(87 88 98 97)
4(19 27 99 89)
4(26 98 99 27)
4(88 89 99 98)
4(20 28 100 90)
4(27 99 100 28)
4(89 90 100 99)
4(21 29 101 91)
4(28 100 101 29)
4(90 91 101 100)
4(22 30 102 92)
4(29 101 102 30)
4(91 92 102 101)
4(30 102 103 31)
4(92 93 103 102)
4(25 34 108 97)
4(33 107 108 34)
4(96 97 108 107)
4(26 35 109 98)
4(34 108 109 35)
4(97 98 109 108)
4(27 36 110 99)
4(35 109 110 36)
4(98 99 110 109)
4(28 37 111 100)
4(36 110 111 37)
4(99 100 111 110)
4(29 38 112 101)
4(37 111 112 38)
4(100 101 112 111)
4(30 39 113 102)
4(38 112 113 39)
4(101 102 113 112)
4(39 113 114 40)
4(102 103 114 113)
4(33 42 118 107)
4(41 117 118 42)
4(106 107 118 117)
4(34 43 119 108)
4(42 118 119 43)
4(107 108 119 118)
4(35 44 120 109)
4(43 119 120 44)
4(108 109 120 119)
4(36 45 121 110)
4(44 120 121 45)
4(109 110 121 120)
4(37 46 122 111)
4(45 121 122 46)
4(110 111 122 121)
4(38 47 123 112)
4(46 122 123 47)
4(111 112 123 122)
4(39 48 124 113)
4(47 123 124 48)
4(112 113 124 123)
4(48 124 125 49)
4(113 114 125 124)
4(42 51 129 118)
4(50 128 129 51)
4(117 118 129 128)
4(43 52 130 119)
4(51 129 130 52)
4(118 119 130 129)
4(44 53 131 120)
4(52 130 131 53)
4(119 120 131 130)
4(45 54 132 121)
4(120 121 132 131)
4(46 55 133 122)
4(121 122 133 132)
4(47 56 134 123)
4(122 123 134 133)
4(48 57 135 124)
4(123 124 135 134)
4(51 60 140 129)
4(128 129 140 139)
4(52 61 141 130)
4(129 130 141 140)
4(130 131 142 141)
4(64 69 174 168)
4(68 173 174 69)
4(167 168 174 173)
4(65 70 175 169)
4(69 174 175 70)
4(168 169 175 174)
4(70 175 176 71)
4(169 170 176 175)
4(68 74 180 173)
4(73 179 180 74)
4(172 173 180 179)
4(69 75 181 174)
4(74 180 181 75)
4(173 174 181 180)
4(70 76 182 175)
4(75 181 182 76)
4(174 175 182 181)
4(71 77 183 176)
4(76 182 183 77)
4(175 176 183 182)
4(77 183 184 78)
4(176 177 184 183)
4(74 81 187 180)
4(80 186 187 81)
4(179 180 187 186)
4(75 82 188 181)
4(81 187 188 82)
4(180 181 188 187)
4(76 83 189 182)
4(82 188 189 83)
4(181 182 189 188)
4(77 84 190 183)
4(83 189 190 84)
4(182 183 190 189)
4(84 190 191 85)
4(183 184 191 190)
4(80 88 197 186)
4(87 196 197 88)
4(185 186 197 196)
4(81 89 198 187)
4(88 197 198 89)
4(186 187 198 197)
4(82 90 199 188)
4(89 198 199 90)
4(187 188 199 198)
4(83 91 200 189)
4(90 199 200 91)
4(188 189 200 199)
4(84 92 201 190)
4(91 200 201 92)
4(189 190 201 200)
4(92 201 202 93)
4(190 191 202 201)
4(87 97 208 196)
4(96 207 208 97)
4(195 196 208 207)
4(88 98 209 197)
4(97 208 209 98)
4(196 197 209 208)
4(89 99 210 198)
4(98 209 210 99)
4(197 198 210 209)
4(90 100 211 199)
4(99 210 211 100)
4(198 199 211 210)
4(91 101 212 200)
4(100 211 212 101)
4(199 200 212 211)
4(92 102 213 201)
4(101 212 213 102)
4(200 201 213 212)
4(102 213 214 103)
4(201 202 214 213)
4(95 106 218 206)
4(105 217 218 106)
4(205 206 218 217)
4(96 107 219 207)
4(106 218 219 107)
4(206 207 219 218)
4(97 108 220 208)
4(107 219 220 108)
4(207 208 220 219)
4(98 109 221 209)
4(108 220 221 109)
4(208 209 221 220)
4(99 110 222 210)
4(109 221 222 110)
4(209 210 222 221)
4(100 111 223 211)
4(110 222 223 111)
4(210 211 223 222)
4(101 112 224 212)
4(111 223 224 112)
4(211 212 224 223)
4(102 113 225 213)
4(112 224 225 113)
4(212 213 225 224)
4(113 225 226 114)
4(105 116 229 217)
4(115 228 229 116)
4(216 217 229 228)
4(106 117 230 218)
4(116 229 230 117)
4(217 218 230 229)
4(107 118 231 219)
4(117 230 231 118)
4(218 219 231 230)
4(108 119 232 220)
4(118 231 232 119)
4(219 220 232 231)
4(109 120 233 221)
4(119 232 233 120)
4(220 221 233 232)
4(110 121 234 222)
4(120 233 234 121)
4(221 222 234 233)
4(111 122 235 223)
4(121 234 235 122)
4(222 223 235 234)
4(112 123 236 224)
4(122 235 236 123)
4(223 224 236 235)
4(113 124 237 225)
4(123 236 237 124)
4(224 225 237 236)
4(116 127 241 229)
4(126 240 241 127)
4(228 229 241 240)
4(117 128 242 230)
4(127 241 242 128)
4(229 230 242 241)
4(118 129 243 231)
4(128 242 243 129)
4(230 231 243 242)
4(119 130 244 232)
4(129 243 244 130)
4(231 232 244 243)
4(120 131 245 233)
4(130 244 245 131)
4(232 233 245 244)
4(121 132 246 234)
4(233 234 246 245)
4(122 133 247 235)
4(234 235 247 246)
4(123 134 248 236)
4(235 236 248 247)
4(127 138 252 241)
4(137 251 252 138)
4(240 241 252 251)
4(128 139 253 242)
4(138 252 253 139)
4(241 242 253 252)
4(129 140 254 243)
4(139 253 254 140)
4(242 243 254 253)
4(130 141 255 244)
4(140 254 255 141)
4(243 244 255 254)
4(244 245 256 255)
4(138 144 260 252)
4(251 252 260 259)
4(139 145 261 253)
4(144 260 261 145)
4(252 253 261 260)
4(140 146 262 254)
4(145 261 262 146)
4(253 254 262 261)
4(146 262 263 147)
4(254 255 263 262)
4(145 149 267 261)
4(260 261 267 266)
4(146 150 268 262)
4(261 262 268 267)
4(262 263 269 268)
4(153 157 285 281)
4(156 284 285 157)
4(157 285 286 158)
4(156 162 290 284)
4(161 289 290 162)
4(157 163 291 285)
4(162 290 291 163)
4(284 285 291 290)
4(158 164 292 286)
4(163 291 292 164)
4(164 292 293 165)
4(161 167 295 289)
4(166 294 295 167)
4(162 168 296 290)
4(167 295 296 168)
4(289 290 296 295)
4(163 169 297 291)
4(168 296 297 169)
4(290 291 297 296)
4(164 170 298 292)
4(169 297 298 170)
4(291 292 298 297)
4(170 298 299 171)
4(167 173 301 295)
4(172 300 301 173)
4(294 295 301 300)
4(168 174 302 296)
4(173 301 302 174)
4(295 296 302 301)
4(169 175 303 297)
4(174 302 303 175)
4(296 297 303 302)
4(170 176 304 298)
4(175 303 304 176)
4(297 298 304 303)
4(176 304 305 177)
4(173 180 308 301)
4(179 307 308 180)
4(300 301 308 307)
4(174 181 309 302)
4(180 308 309 181)
4(301 302 309 308)
4(175 182 310 303)
4(181 309 310 182)
4(302 303 310 309)
4(176 183 311 304)
4(182 310 311 183)
4(303 304 311 310)
4(183 311 312 184)
4(179 186 320 307)
4(185 319 320 186)
4(180 187 321 308)
4(186 320 321 187)
4(307 308 321 320)
4(181 188 322 309)
4(187 321 322 188)
4(308 309 322 321)
4(182 189 323 310)
4(188 322 323 189)
4(309 310 323 322)
4(183 190 324 311)
4(189 323 324 190)
4(310 311 324 323)
4(190 324 325 191)
4(186 197 333 320)
4(196 332 333 197)
4(319 320 333 332)
4(187 198 334 321)
4(197 333 334 198)
4(320 321 334 333)
4(188 199 335 322)
4(198 334 335 199)
4(321 322 335 334)
4(189 200 336 323)
4(199 335 336 200)
4(322 323 336 335)
4(190 201 337 324)
4(200 336 337 201)
4(323 324 337 336)
4(201 337 338 202)
4(193 205 342 329)
4(204 341 342 205)
4(328 329 342 341)
4(194 206 343 330)
4(205 342 343 206)
4(329 330 343 342)
4(195 207 344 331)
4(206 343 344 207)
4(330 331 344 343)
4(196 208 345 332)
4(207 344 345 208)
4(331 332 345 344)
4(197 209 346 333)
4(208 345 346 209)
4(332 333 346 345)
4(198 210 347 334)
4(209 346 347 210)
4(333 334 347 346)
4(199 211 348 335)
4(210 347 348 211)
4(334 335 348 347)
4(200 212 349 336)
4(211 348 349 212)
4(335 336 349 348)
4(201 213 350 337)
4(212 349 350 213)
4(336 337 350 349)
4(204 216 355 341)
4(215 354 355 216)
4(340 341 355 354)
4(205 217 356 342)
4(216 355 356 217)
4(341 342 356 355)
4(206 218 357 343)
4(217 356 357 218)
4(342 343 357 356)
4(207 219 358 344)
4(218 357 358 219)
4(343 344 358 357)
4(208 220 359 345)
4(219 358 359 220)
4(344 345 359 358)
4(209 221 360 346)
4(220 359 360 221)
4(345 346 360 359)
4(210 222 361 347)
4(221 360 361 222)
4(346 347 361 360)
4(211 223 362 348)
4(222 361 362 223)
4(347 348 362 361)
4(212 224 363 349)
4(223 362 363 224)
4(348 349 363 362)
4(224 363 364 225)
4(216 228 368 355)
4(227 367 368 228)
4(354 355 368 367)
4(217 229 369 356)
4(228 368 369 229)
4(355 356 369 368)
4(218 230 370 357)
4(229 369 370 230)
4(356 357 370 369)
4(219 231 371 358)
4(230 370 371 231)
4(357 358 371 370)
4(220 232 372 359)
4(231 371 372 232)
4(358 359 372 371)
4(221 233 373 360)
4(232 372 373 233)
4(359 360 373 372)
4(222 234 374 361)
4(233 373 374 234)
4(360 361 374 373)
4(223 235 375 362)
4(234 374 375 235)
4(361 362 375 374)
4(224 236 376 363)
4(235 375 376 236)
4(362 363 376 375)
4(228 240 380 368)
4(239 379 380 240)
4(367 368 380 379)
4(229 241 381 369)
4(240 380 381 241)
4(368 369 381 380)
4(230 242 382 370)
4(241 381 382 242)
4(369 370 382 381)
4(231 243 383 371)
4(242 382 383 243)
4(370 371 383 382)
4(232 244 384 372)
4(243 383 384 244)
4(371 372 384 383)
4(233 245 385 373)
4(244 384 385 245)
4(372 373 385 384)
4(234 246 386 374)
4(245 385 386 246)
4(373 374 386 385)
4(235 247 387 375)
4(374 375 387 386)
4(240 251 391 380)
4(250 390 391 251)
4(379 380 391 390)
4(241 252 392 381)
4(251 391 392 252)
4(380 381 392 391)
4(242 253 393 382)
4(252 392 393 253)
4(381 382 393 392)
4(243 254 394 383)
4(253 393 394 254)
4(382 383 394 393)
4(244 255 395 384)
4(254 394 395 255)
4(383 384 395 394)
4(245 256 396 385)
4(255 395 396 256)
4(384 385 396 395)
4(385 386 397 396)
4(251 259 400 391)
4(390 391 400 399)
4(252 260 401 392)
4(259 400 401 260)
4(391 392 401 400)
4(253 261 402 393)
4(260 401 402 261)
4(392 393 402 401)
4(254 262 403 394)
4(261 402 403 262)
4(393 394 403 402)
4(255 263 404 395)
4(262 403 404 263)
4(394 395 404 403)
4(263 404 405 264)
4(395 396 405 404)
4(260 266 409 401)
4(400 401 409 408)
4(261 267 410 402)
4(266 409 410 267)
4(401 402 410 409)
4(262 268 411 403)
4(267 410 411 268)
4(402 403 411 410)
4(263 269 412 404)
4(268 411 412 269)
4(403 404 412 411)
4(269 412 413 270)
4(404 405 413 412)
4(267 272 417 410)
4(409 410 417 416)
4(268 273 418 411)
4(272 417 418 273)
4(410 411 418 417)
4(269 274 419 412)
4(273 418 419 274)
4(411 412 419 418)
4(274 419 420 275)
4(412 413 420 419)
4(273 277 424 418)
4(417 418 424 423)
4(274 278 425 419)
4(418 419 425 424)
4(419 420 426 425)
4(290 443 444 291)
4(290 296 448 443)
4(295 447 448 296)
4(291 297 449 444)
4(296 448 449 297)
4(297 449 450 298)
4(295 301 452 447)
4(300 451 452 301)
4(296 302 453 448)
4(301 452 453 302)
4(297 303 454 449)
4(302 453 454 303)
4(303 454 455 304)
4(301 308 465 452)
4(307 464 465 308)
4(451 452 465 464)
4(302 309 466 453)
4(308 465 466 309)
4(452 453 466 465)
4(303 310 467 454)
4(309 466 467 310)
4(310 467 468 311)
4(308 321 479 465)
4(320 478 479 321)
4(464 465 479 478)
4(309 322 480 466)
4(321 479 480 322)
4(465 466 480 479)
4(310 323 481 467)
4(322 480 481 323)
4(323 481 482 324)
4(314 327 486 472)
4(326 485 486 327)
4(471 472 486 485)
4(315 328 487 473)
4(327 486 487 328)
4(472 473 487 486)
4(316 329 488 474)
4(328 487 488 329)
4(473 474 488 487)
4(317 330 489 475)
4(329 488 489 330)
4(474 475 489 488)
4(318 331 490 476)
4(330 489 490 331)
4(475 476 490 489)
4(319 332 491 477)
4(331 490 491 332)
4(476 477 491 490)
4(320 333 492 478)
4(332 491 492 333)
4(477 478 492 491)
4(321 334 493 479)
4(333 492 493 334)
4(478 479 493 492)
4(322 335 494 480)
4(334 493 494 335)
4(479 480 494 493)
4(323 336 495 481)
4(335 494 495 336)
4(480 481 495 494)
4(336 495 496 337)
4(481 482 496 495)
4(327 340 500 486)
4(339 499 500 340)
4(485 486 500 499)
4(328 341 501 487)
4(340 500 501 341)
4(486 487 501 500)
4(329 342 502 488)
4(341 501 502 342)
4(487 488 502 501)
4(330 343 503 489)
4(342 502 503 343)
4(488 489 503 502)
4(331 344 504 490)
4(343 503 504 344)
4(489 490 504 503)
4(332 345 505 491)
4(344 504 505 345)
4(490 491 505 504)
4(333 346 506 492)
4(345 505 506 346)
4(491 492 506 505)
4(334 347 507 493)
4(346 506 507 347)
4(492 493 507 506)
4(335 348 508 494)
4(347 507 508 348)
4(493 494 508 507)
4(336 349 509 495)
4(348 508 509 349)
4(340 354 514 500)
4(353 513 514 354)
4(499 500 514 513)
4(341 355 515 501)
4(354 514 515 355)
4(500 501 515 514)
4(342 356 516 502)
4(355 515 516 356)
4(501 502 516 515)
4(343 357 517 503)
4(356 516 517 357)
4(502 503 517 516)
4(344 358 518 504)
4(357 517 518 358)
4(503 504 518 517)
4(345 359 519 505)
4(358 518 519 359)
4(504 505 519 518)
4(346 360 520 506)
4(359 519 520 360)
4(505 506 520 519)
4(347 361 521 507)
4(360 520 521 361)
4(506 507 521 520)
4(348 362 522 508)
4(361 521 522 362)
4(507 508 522 521)
4(362 522 523 363)
4(353 366 526 513)
4(512 513 526 525)
4(354 367 527 514)
4(366 526 527 367)
4(513 514 527 526)
4(355 368 528 515)
4(367 527 528 368)
4(514 515 528 527)
4(356 369 529 516)
4(368 528 529 369)
4(515 516 529 528)
4(357 370 530 517)
4(369 529 530 370)
4(516 517 530 529)
4(358 371 531 518)
4(370 530 531 371)
4(517 518 531 530)
4(359 372 532 519)
4(371 531 532 372)
4(518 519 532 531)
4(360 373 533 520)
4(372 532 533 373)
4(519 520 533 532)
4(361 374 534 521)
4(373 533 534 374)
4(520 521 534 533)
4(362 375 535 522)
4(374 534 535 375)
4(367 379 539 527)
4(378 538 539 379)
4(526 527 539 538)
4(368 380 540 528)
4(379 539 540 380)
4(527 528 540 539)
4(369 381 541 529)
4(380 540 541 381)
4(528 529 541 540)
4(370 382 542 530)
4(381 541 542 382)
4(529 530 542 541)
4(371 383 543 531)
4(382 542 543 383)
4(530 531 543 542)
4(372 384 544 532)
4(383 543 544 384)
4(531 532 544 543)
4(373 385 545 533)
4(384 544 545 385)
4(532 533 545 544)
4(374 386 546 534)
4(385 545 546 386)
4(533 534 546 545)
4(534 535 547 546)
4(379 390 550 539)
4(389 549 550 390)
4(538 539 550 549)
4(380 391 551 540)
4(390 550 551 391)
4(539 540 551 550)
4(381 392 552 541)
4(391 551 552 392)
4(540 541 552 551)
4(382 393 553 542)
4(392 552 553 393)
4(541 542 553 552)
4(383 394 554 543)
4(393 553 554 394)
4(542 543 554 553)
4(384 395 555 544)
4(394 554 555 395)
4(543 544 555 554)
4(385 396 556 545)
4(395 555 556 396)
4(544 545 556 555)
4(396 556 557 397)
4(545 546 557 556)
4(390 399 560 550)
4(549 550 560 559)
4(391 400 561 551)
4(399 560 561 400)
4(550 551 561 560)
4(392 401 562 552)
4(400 561 562 401)
4(551 552 562 561)
4(393 402 563 553)
4(401 562 563 402)
4(552 553 563 562)
4(394 403 564 554)
4(402 563 564 403)
4(553 554 564 563)
4(395 404 565 555)
4(403 564 565 404)
4(554 555 565 564)
4(396 405 566 556)
4(404 565 566 405)
4(555 556 566 565)
4(405 566 567 406)
4(556 557 567 566)
4(400 408 570 561)
4(560 561 570 569)
4(401 409 571 562)
4(408 570 571 409)
4(561 562 571 570)
4(402 410 572 563)
4(409 571 572 410)
4(562 563 572 571)
4(403 411 573 564)
4(410 572 573 411)
4(563 564 573 572)
4(404 412 574 565)
4(411 573 574 412)
4(564 565 574 573)
4(405 413 575 566)
4(412 574 575 413)
4(565 566 575 574)
4(413 575 576 414)
4(566 567 576 575)
4(409 416 580 571)
4(570 571 580 579)
4(410 417 581 572)
4(416 580 581 417)
4(571 572 581 580)
4(411 418 582 573)
4(417 581 582 418)
4(572 573 582 581)
4(412 419 583 574)
4(418 582 583 419)
4(573 574 583 582)
4(413 420 584 575)
4(419 583 584 420)
4(574 575 584 583)
4(420 584 585 421)
4(575 576 585 584)
4(417 423 589 581)
4(580 581 589 588)
4(418 424 590 582)
4(423 589 590 424)
4(581 582 590 589)
4(419 425 591 583)
4(424 590 591 425)
4(582 583 591 590)
4(420 426 592 584)
4(425 591 592 426)
4(583 584 592 591)
4(426 592 593 427)
4(584 585 593 592)
4(424 429 597 590)
4(589 590 597 596)
4(425 430 598 591)
4(429 597 598 430)
4(590 591 598 597)
4(426 431 599 592)
4(430 598 599 431)
4(591 592 599 598)
4(431 599 600 432)
4(592 593 600 599)
4(430 434 604 598)
4(597 598 604 603)
4(431 435 605 599)
4(434 604 605 435)
4(598 599 605 604)
4(435 605 606 436)
4(599 600 606 605)
4(435 438 610 605)
4(604 605 610 609)
4(605 606 611 610)
4(452 465 641 627)
4(464 640 641 465)
4(626 627 641 640)
4(465 641 642 466)
4(627 628 642 641)
4(457 471 648 633)
4(470 647 648 471)
4(632 633 648 647)
4(458 472 649 634)
4(471 648 649 472)
4(633 634 649 648)
4(459 473 650 635)
4(472 649 650 473)
4(634 635 650 649)
4(460 474 651 636)
4(473 650 651 474)
4(635 636 651 650)
4(461 475 652 637)
4(474 651 652 475)
4(636 637 652 651)
4(462 476 653 638)
4(475 652 653 476)
4(637 638 653 652)
4(463 477 654 639)
4(476 653 654 477)
4(638 639 654 653)
4(464 478 655 640)
4(477 654 655 478)
4(639 640 655 654)
4(465 479 656 641)
4(478 655 656 479)
4(640 641 656 655)
4(479 656 657 480)
4(641 642 657 656)
4(470 484 662 647)
4(483 661 662 484)
4(646 647 662 661)
4(471 485 663 648)
4(484 662 663 485)
4(647 648 663 662)
4(472 486 664 649)
4(485 663 664 486)
4(648 649 664 663)
4(473 487 665 650)
4(486 664 665 487)
4(649 650 665 664)
4(474 488 666 651)
4(487 665 666 488)
4(650 651 666 665)
4(475 489 667 652)
4(488 666 667 489)
4(651 652 667 666)
4(476 490 668 653)
4(489 667 668 490)
4(652 653 668 667)
4(477 491 669 654)
4(490 668 669 491)
4(653 654 669 668)
4(478 492 670 655)
4(491 669 670 492)
4(654 655 670 669)
4(479 493 671 656)
4(492 670 671 493)
4(655 656 671 670)
4(480 494 672 657)
4(493 671 672 494)
4(656 657 672 671)
4(481 495 673 658)
4(657 658 673 672)
4(658 659 674 673)
4(484 498 677 662)
4(497 676 677 498)
4(661 662 677 676)
4(485 499 678 663)
4(498 677 678 499)
4(662 663 678 677)
4(486 500 679 664)
4(499 678 679 500)
4(663 664 679 678)
4(487 501 680 665)
4(500 679 680 501)
4(664 665 680 679)
4(488 502 681 666)
4(501 680 681 502)
4(665 666 681 680)
4(489 503 682 667)
4(502 681 682 503)
4(666 667 682 681)
4(490 504 683 668)
4(503 682 683 504)
4(667 668 683 682)
4(491 505 684 669)
4(504 683 684 505)
4(668 669 684 683)
4(492 506 685 670)
4(505 684 685 506)
4(669 670 685 684)
4(493 507 686 671)
4(506 685 686 507)
4(670 671 686 685)
4(507 686 687 508)
4(671 672 687 686)
4(498 512 690 677)
4(511 689 690 512)
4(676 677 690 689)
4(499 513 691 678)
4(512 690 691 513)
4(677 678 691 690)
4(500 514 692 679)
4(513 691 692 514)
4(678 679 692 691)
4(501 515 693 680)
4(514 692 693 515)
4(679 680 693 692)
4(502 516 694 681)
4(515 693 694 516)
4(680 681 694 693)
4(503 517 695 682)
4(516 694 695 517)
4(681 682 695 694)
4(504 518 696 683)
4(517 695 696 518)
4(682 683 696 695)
4(505 519 697 684)
4(518 696 697 519)
4(683 684 697 696)
4(506 520 698 685)
4(519 697 698 520)
4(684 685 698 697)
4(507 521 699 686)
4(520 698 699 521)
4(685 686 699 698)
4(686 687 700 699)
4(512 525 703 690)
4(689 690 703 702)
4(513 526 704 691)
4(525 703 704 526)
4(690 691 704 703)
4(514 527 705 692)
4(526 704 705 527)
4(691 692 705 704)
4(515 528 706 693)
4(527 705 706 528)
4(692 693 706 705)
4(516 529 707 694)
4(528 706 707 529)
4(693 694 707 706)
4(517 530 708 695)
4(529 707 708 530)
4(694 695 708 707)
4(518 531 709 696)
4(530 708 709 531)
4(695 696 709 708)
4(519 532 710 697)
4(531 709 710 532)
4(696 697 710 709)
4(520 533 711 698)
4(532 710 711 533)
4(697 698 711 710)
4(533 711 712 534)
4(698 699 712 711)
4(526 538 716 704)
4(537 715 716 538)
4(703 704 716 715)
4(527 539 717 705)
4(538 716 717 539)
4(704 705 717 716)
4(528 540 718 706)
4(539 717 718 540)
4(705 706 718 717)
4(529 541 719 707)
4(540 718 719 541)
4(706 707 719 718)
4(530 542 720 708)
4(541 719 720 542)
4(707 708 720 719)
4(531 543 721 709)
4(542 720 721 543)
4(708 709 721 720)
4(532 544 722 710)
4(543 721 722 544)
4(709 710 722 721)
4(533 545 723 711)
4(544 722 723 545)
4(710 711 723 722)
4(534 546 724 712)
4(545 723 724 546)
4(711 712 724 723)
4(538 549 727 716)
4(715 716 727 726)
4(539 550 728 717)
4(549 727 728 550)
4(716 717 728 727)
4(540 551 729 718)
4(550 728 729 551)
4(717 718 729 728)
4(541 552 730 719)
4(551 729 730 552)
4(718 719 730 729)
4(542 553 731 720)
4(552 730 731 553)
4(719 720 731 730)
4(543 554 732 721)
4(553 731 732 554)
4(720 721 732 731)
4(544 555 733 722)
4(554 732 733 555)
4(721 722 733 732)
4(545 556 734 723)
4(555 733 734 556)
4(722 723 734 733)
4(556 734 735 557)
4(723 724 735 734)
4(550 560 738 728)
4(727 728 738 737)
4(551 561 739 729)
4(560 738 739 561)
4(728 729 739 738)
4(552 562 740 730)
4(561 739 740 562)
4(729 730 740 739)
4(553 563 741 731)
4(562 740 741 563)
4(730 731 741 740)
4(554 564 742 732)
4(563 741 742 564)
4(731 732 742 741)
4(555 565 743 733)
4(564 742 743 565)
4(732 733 743 742)
4(556 566 744 734)
4(565 743 744 566)
4(733 734 744 743)
4(557 567 745 735)
4(566 744 745 567)
4(734 735 745 744)
4(567 745 746 568)
4(735 736 746 745)
4(561 570 749 739)
4(569 748 749 570)
4(738 739 749 748)
4(562 571 750 740)
4(570 749 750 571)
4(739 740 750 749)
4(563 572 751 741)
4(571 750 751 572)
4(740 741 751 750)
4(564 573 752 742)
4(572 751 752 573)
4(741 742 752 751)
4(565 574 753 743)
4(573 752 753 574)
4(742 743 753 752)
4(566 575 754 744)
4(574 753 754 575)
4(743 744 754 753)
4(567 576 755 745)
4(575 754 755 576)
4(744 745 755 754)
4(576 755 756 577)
4(745 746 756 755)
4(570 579 758 749)
4(748 749 758 757)
4(571 580 759 750)
4(579 758 759 580)
4(749 750 759 758)
4(572 581 760 751)
4(580 759 760 581)
4(750 751 760 759)
4(573 582 761 752)
4(581 760 761 582)
4(751 752 761 760)
4(574 583 762 753)
4(582 761 762 583)
4(752 753 762 761)
4(575 584 763 754)
4(583 762 763 584)
4(753 754 763 762)
4(576 585 764 755)
4(584 763 764 585)
4(754 755 764 763)
4(585 764 765 586)
4(755 756 765 764)
4(580 588 767 759)
4(758 759 767 766)
4(581 589 768 760)
4(588 767 768 589)
4(759 760 768 767)
4(582 590 769 761)
4(589 768 769 590)
4(760 761 769 768)
4(583 591 770 762)
4(590 769 770 591)
4(761 762 770 769)
4(584 592 771 763)
4(591 770 771 592)
4(762 763 771 770)
4(585 593 772 764)
4(592 771 772 593)
4(763 764 772 771)
4(593 772 773 594)
4(764 765 773 772)
4(589 596 775 768)
4(767 768 775 774)
4(590 597 776 769)
4(596 775 776 597)
4(768 769 776 775)
4(591 598 777 770)
4(597 776 777 598)
4(769 770 777 776)
4(592 599 778 771)
4(598 777 778 599)
4(770 771 778 777)
4(593 600 779 772)
4(599 778 779 600)
4(771 772 779 778)
4(600 779 780 601)
4(772 773 780 779)
4(597 603 783 776)
4(775 776 783 782)
4(598 604 784 777)
4(603 783 784 604)
4(776 777 784 783)
4(599 605 785 778)
4(604 784 785 605)
4(777 778 785 784)
4(600 606 786 779)
4(605 785 786 606)
4(778 779 786 785)
4(606 786 787 607)
4(779 780 787 786)
4(604 609 789 784)
4(783 784 789 788)
4(605 610 790 785)
4(609 789 790 610)
4(784 785 790 789)
4(606 611 791 786)
4(610 790 791 611)
4(785 786 791 790)
4(786 787 792 791)
4(610 614 794 790)
4(789 790 794 793)
4(790 791 795 794)
4(617 628 816 802)
4(627 815 816 628)
4(801 802 816 815)
4(628 816 817 629)
4(802 803 817 816)
4(620 634 823 808)
4(633 822 823 634)
4(807 808 823 822)
4(621 635 824 809)
4(634 823 824 635)
4(808 809 824 823)
4(622 636 825 810)
4(635 824 825 636)
4(809 810 825 824)
4(623 637 826 811)
4(636 825 826 637)
4(810 811 826 825)
4(624 638 827 812)
4(637 826 827 638)
4(811 812 827 826)
4(625 639 828 813)
4(638 827 828 639)
4(812 813 828 827)
4(626 640 829 814)
4(639 828 829 640)
4(813 814 829 828)
4(627 641 830 815)
4(640 829 830 641)
4(814 815 830 829)
4(628 642 831 816)
4(641 830 831 642)
4(815 816 831 830)
4(629 643 832 817)
4(642 831 832 643)
4(816 817 832 831)
4(643 832 833 644)
4(817 818 833 832)
4(632 647 837 821)
4(646 836 837 647)
4(820 821 837 836)
4(633 648 838 822)
4(647 837 838 648)
4(821 822 838 837)
4(634 649 839 823)
4(648 838 839 649)
4(822 823 839 838)
4(635 650 840 824)
4(649 839 840 650)
4(823 824 840 839)
4(636 651 841 825)
4(650 840 841 651)
4(824 825 841 840)
4(637 652 842 826)
4(651 841 842 652)
4(825 826 842 841)
4(638 653 843 827)
4(652 842 843 653)
4(826 827 843 842)
4(639 654 844 828)
4(653 843 844 654)
4(827 828 844 843)
4(640 655 845 829)
4(654 844 845 655)
4(828 829 845 844)
4(641 656 846 830)
4(655 845 846 656)
4(829 830 846 845)
4(642 657 847 831)
4(656 846 847 657)
4(830 831 847 846)
4(643 658 848 832)
4(657 847 848 658)
4(831 832 848 847)
4(658 848 849 659)
4(832 833 849 848)
4(646 661 852 836)
4(660 851 852 661)
4(835 836 852 851)
4(647 662 853 837)
4(661 852 853 662)
4(836 837 853 852)
4(648 663 854 838)
4(662 853 854 663)
4(837 838 854 853)
4(649 664 855 839)
4(663 854 855 664)
4(838 839 855 854)
4(650 665 856 840)
4(664 855 856 665)
4(839 840 856 855)
4(651 666 857 841)
4(665 856 857 666)
4(840 841 857 856)
4(652 667 858 842)
4(666 857 858 667)
4(841 842 858 857)
4(653 668 859 843)
4(667 858 859 668)
4(842 843 859 858)
4(654 669 860 844)
4(668 859 860 669)
4(843 844 860 859)
4(655 670 861 845)
4(669 860 861 670)
4(844 845 861 860)
4(656 671 862 846)
4(670 861 862 671)
4(845 846 862 861)
4(657 672 863 847)
4(671 862 863 672)
4(846 847 863 862)
4(658 673 864 848)
4(847 848 864 863)
4(848 849 865 864)
4(661 676 868 852)
4(675 867 868 676)
4(851 852 868 867)
4(662 677 869 853)
4(676 868 869 677)
4(852 853 869 868)
4(663 678 870 854)
4(677 869 870 678)
4(853 854 870 869)
4(664 679 871 855)
4(678 870 871 679)
4(854 855 871 870)
4(665 680 872 856)
4(679 871 872 680)
4(855 856 872 871)
4(666 681 873 857)
4(680 872 873 681)
4(856 857 873 872)
4(667 682 874 858)
4(681 873 874 682)
4(857 858 874 873)
4(668 683 875 859)
4(682 874 875 683)
4(858 859 875 874)
4(669 684 876 860)
4(683 875 876 684)
4(859 860 876 875)
4(670 685 877 861)
4(684 876 877 685)
4(860 861 877 876)
4(671 686 878 862)
4(685 877 878 686)
4(861 862 878 877)
4(686 878 879 687)
4(862 863 879 878)
4(676 689 882 868)
4(688 881 882 689)
4(867 868 882 881)
4(677 690 883 869)
4(689 882 883 690)
4(868 869 883 882)
4(678 691 884 870)
4(690 883 884 691)
4(869 870 884 883)
4(679 692 885 871)
4(691 884 885 692)
4(870 871 885 884)
4(680 693 886 872)
4(692 885 886 693)
4(871 872 886 885)
4(681 694 887 873)
4(693 886 887 694)
4(872 873 887 886)
4(682 695 888 874)
4(694 887 888 695)
4(873 874 888 887)
4(683 696 889 875)
4(695 888 889 696)
4(874 875 889 888)
4(684 697 890 876)
4(696 889 890 697)
4(875 876 890 889)
4(685 698 891 877)
4(697 890 891 698)
4(876 877 891 890)
4(686 699 892 878)
4(698 891 892 699)
4(877 878 892 891)
4(699 892 893 700)
4(689 702 895 882)
4(881 882 895 894)
4(690 703 896 883)
4(702 895 896 703)
4(882 883 896 895)
4(691 704 897 884)
4(703 896 897 704)
4(883 884 897 896)
4(692 705 898 885)
4(704 897 898 705)
4(884 885 898 897)
4(693 706 899 886)
4(705 898 899 706)
4(885 886 899 898)
4(694 707 900 887)
4(706 899 900 707)
4(886 887 900 899)
4(695 708 901 888)
4(707 900 901 708)
4(887 888 901 900)
4(696 709 902 889)
4(708 901 902 709)
4(888 889 902 901)
4(697 710 903 890)
4(709 902 903 710)
4(889 890 903 902)
4(698 711 904 891)
4(710 903 904 711)
4(890 891 904 903)
4(699 712 905 892)
4(711 904 905 712)
4(891 892 905 904)
4(703 715 909 896)
4(895 896 909 908)
4(704 716 910 897)
4(715 909 910 716)
4(896 897 910 909)
4(705 717 911 898)
4(716 910 911 717)
4(897 898 911 910)
4(706 718 912 899)
4(717 911 912 718)
4(898 899 912 911)
4(707 719 913 900)
4(718 912 913 719)
4(899 900 913 912)
4(708 720 914 901)
4(719 913 914 720)
4(900 901 914 913)
4(709 721 915 902)
4(720 914 915 721)
4(901 902 915 914)
4(710 722 916 903)
4(721 915 916 722)
4(902 903 916 915)
4(711 723 917 904)
4(722 916 917 723)
4(903 904 917 916)
4(723 917 918 724)
4(904 905 918 917)
4(716 727 922 910)
4(909 910 922 921)
4(717 728 923 911)
4(727 922 923 728)
4(910 911 923 922)
4(718 729 924 912)
4(728 923 924 729)
4(911 912 924 923)
4(719 730 925 913)
4(729 924 925 730)
4(912 913 925 924)
4(720 731 926 914)
4(730 925 926 731)
4(913 914 926 925)
4(721 732 927 915)
4(731 926 927 732)
4(914 915 927 926)
4(722 733 928 916)
4(732 927 928 733)
4(915 916 928 927)
4(723 734 929 917)
4(733 928 929 734)
4(916 917 929 928)
4(724 735 930 918)
4(734 929 930 735)
4(917 918 930 929)
4(735 930 931 736)
4(728 738 934 923)
4(737 933 934 738)
4(922 923 934 933)
4(729 739 935 924)
4(738 934 935 739)
4(923 924 935 934)
4(730 740 936 925)
4(739 935 936 740)
4(924 925 936 935)
4(731 741 937 926)
4(740 936 937 741)
4(925 926 937 936)
4(732 742 938 927)
4(741 937 938 742)
4(926 927 938 937)
4(733 743 939 928)
4(742 938 939 743)
4(927 928 939 938)
4(734 744 940 929)
4(743 939 940 744)
4(928 929 940 939)
4(735 745 941 930)
4(744 940 941 745)
4(929 930 941 940)
4(745 941 942 746)
4(930 931 942 941)
4(738 748 944 934)
4(933 934 944 943)
4(739 749 945 935)
4(748 944 945 749)
4(934 935 945 944)
4(740 750 946 936)
4(749 945 946 750)
4(935 936 946 945)
4(741 751 947 937)
4(750 946 947 751)
4(936 937 947 946)
4(742 752 948 938)
4(751 947 948 752)
4(937 938 948 947)
4(743 753 949 939)
4(752 948 949 753)
4(938 939 949 948)
4(744 754 950 940)
4(753 949 950 754)
4(939 940 950 949)
4(745 755 951 941)
4(754 950 951 755)
4(940 941 951 950)
4(755 951 952 756)
4(941 942 952 951)
4(749 758 954 945)
4(944 945 954 953)
4(750 759 955 946)
4(758 954 955 759)
4(945 946 955 954)
4(751 760 956 947)
4(759 955 956 760)
4(946 947 956 955)
4(752 761 957 948)
4(760 956 957 761)
4(947 948 957 956)
4(753 762 958 949)
4(761 957 958 762)
4(948 949 958 957)
4(754 763 959 950)
4(762 958 959 763)
4(949 950 959 958)
4(755 764 960 951)
4(763 959 960 764)
4(950 951 960 959)
4(764 960 961 765)
4(951 952 961 960)
4(759 767 963 955)
4(954 955 963 962)
4(760 768 964 956)
4(767 963 964 768)
4(955 956 964 963)
4(761 769 965 957)
4(768 964 965 769)
4(956 957 965 964)
4(762 770 966 958)
4(769 965 966 770)
4(957 958 966 965)
4(763 771 967 959)
4(770 966 967 771)
4(958 959 967 966)
4(764 772 968 960)
4(771 967 968 772)
4(959 960 968 967)
4(772 968 969 773)
4(960 961 969 968)
4(768 775 971 964)
4(774 970 971 775)
4(963 964 971 970)
4(769 776 972 965)
4(775 971 972 776)
4(964 965 972 971)
4(770 777 973 966)
4(776 972 973 777)
4(965 966 973 972)
4(771 778 974 967)
4(777 973 974 778)
4(966 967 974 973)
4(772 779 975 968)
4(778 974 975 779)
4(967 968 975 974)
4(779 975 976 780)
4(968 969 976 975)
4(775 782 978 971)
4(776 783 979 972)
4(971 972 979 978)
4(777 784 980 973)
4(783 979 980 784)
4(972 973 980 979)
4(778 785 981 974)
4(784 980 981 785)
4(973 974 981 980)
4(779 786 982 975)
4(785 981 982 786)
4(974 975 982 981)
4(786 982 983 787)
4(784 789 985 980)
4(979 980 985 984)
4(785 790 986 981)
4(789 985 986 790)
4(980 981 986 985)
4(786 791 987 982)
4(790 986 987 791)
4(981 982 987 986)
4(790 794 990 986)
4(797 802 1001 994)
4(801 1000 1001 802)
4(993 994 1001 1000)
4(802 1001 1002 803)
4(994 995 1002 1001)
4(800 814 1014 999)
4(813 1013 1014 814)
4(998 999 1014 1013)
4(801 815 1015 1000)
4(814 1014 1015 815)
4(999 1000 1015 1014)
4(802 816 1016 1001)
4(815 1015 1016 816)
4(1000 1001 1016 1015)
4(803 817 1017 1002)
4(816 1016 1017 817)
4(1001 1002 1017 1016)
4(817 1017 1018 818)
4(806 821 1022 1006)
4(820 1021 1022 821)
4(1005 1006 1022 1021)
4(807 822 1023 1007)
4(821 1022 1023 822)
4(1006 1007 1023 1022)
4(808 823 1024 1008)
4(822 1023 1024 823)
4(1007 1008 1024 1023)
4(809 824 1025 1009)
4(823 1024 1025 824)
4(1008 1009 1025 1024)
4(810 825 1026 1010)
4(824 1025 1026 825)
4(1009 1010 1026 1025)
4(811 826 1027 1011)
4(825 1026 1027 826)
4(1010 1011 1027 1026)
4(812 827 1028 1012)
4(826 1027 1028 827)
4(1011 1012 1028 1027)
4(813 828 1029 1013)
4(827 1028 1029 828)
4(1012 1013 1029 1028)
4(814 829 1030 1014)
4(828 1029 1030 829)
4(1013 1014 1030 1029)
4(815 830 1031 1015)
4(829 1030 1031 830)
4(1014 1015 1031 1030)
4(816 831 1032 1016)
4(830 1031 1032 831)
4(1015 1016 1032 1031)
4(817 832 1033 1017)
4(831 1032 1033 832)
4(1016 1017 1033 1032)
4(832 1033 1034 833)
4(1017 1018 1034 1033)
4(820 836 1037 1021)
4(835 1036 1037 836)
4(1020 1021 1037 1036)
4(821 837 1038 1022)
4(836 1037 1038 837)
4(1021 1022 1038 1037)
4(822 838 1039 1023)
4(837 1038 1039 838)
4(1022 1023 1039 1038)
4(823 839 1040 1024)
4(838 1039 1040 839)
4(1023 1024 1040 1039)
4(824 840 1041 1025)
4(839 1040 1041 840)
4(1024 1025 1041 1040)
4(825 841 1042 1026)
4(840 1041 1042 841)
4(1025 1026 1042 1041)
4(826 842 1043 1027)
4(841 1042 1043 842)
4(1026 1027 1043 1042)
4(827 843 1044 1028)
4(842 1043 1044 843)
4(1027 1028 1044 1043)
4(828 844 1045 1029)
4(843 1044 1045 844)
4(1028 1029 1045 1044)
4(829 845 1046 1030)
4(844 1045 1046 845)
4(1029 1030 1046 1045)
4(830 846 1047 1031)
4(845 1046 1047 846)
4(1030 1031 1047 1046)
4(831 847 1048 1032)
4(846 1047 1048 847)
4(1031 1032 1048 1047)
4(832 848 1049 1033)
4(847 1048 1049 848)
4(1032 1033 1049 1048)
4(848 1049 1050 849)
4(835 851 1052 1036)
4(850 1051 1052 851)
4(1035 1036 1052 1051)
4(836 852 1053 1037)
4(851 1052 1053 852)
4(1036 1037 1053 1052)
4(837 853 1054 1038)
4(852 1053 1054 853)
4(1037 1038 1054 1053)
4(838 854 1055 1039)
4(853 1054 1055 854)
4(1038 1039 1055 1054)
4(839 855 1056 1040)
4(854 1055 1056 855)
4(1039 1040 1056 1055)
4(840 856 1057 1041)
4(855 1056 1057 856)
4(1040 1041 1057 1056)
4(841 857 1058 1042)
4(856 1057 1058 857)
4(1041 1042 1058 1057)
4(842 858 1059 1043)
4(857 1058 1059 858)
4(1042 1043 1059 1058)
4(843 859 1060 1044)
4(858 1059 1060 859)
4(1043 1044 1060 1059)
4(844 860 1061 1045)
4(859 1060 1061 860)
4(1044 1045 1061 1060)
4(845 861 1062 1046)
4(860 1061 1062 861)
4(1045 1046 1062 1061)
4(846 862 1063 1047)
4(861 1062 1063 862)
4(1046 1047 1063 1062)
4(847 863 1064 1048)
4(862 1063 1064 863)
4(1047 1048 1064 1063)
4(848 864 1065 1049)
4(1048 1049 1065 1064)
4(851 867 1068 1052)
4(866 1067 1068 867)
4(1051 1052 1068 1067)
4(852 868 1069 1053)
4(867 1068 1069 868)
4(1052 1053 1069 1068)
4(853 869 1070 1054)
4(868 1069 1070 869)
4(1053 1054 1070 1069)
4(854 870 1071 1055)
4(869 1070 1071 870)
4(1054 1055 1071 1070)
4(855 871 1072 1056)
4(870 1071 1072 871)
4(1055 1056 1072 1071)
4(856 872 1073 1057)
4(871 1072 1073 872)
4(1056 1057 1073 1072)
4(857 873 1074 1058)
4(872 1073 1074 873)
4(1057 1058 1074 1073)
4(858 874 1075 1059)
4(873 1074 1075 874)
4(1058 1059 1075 1074)
4(859 875 1076 1060)
4(874 1075 1076 875)
4(1059 1060 1076 1075)
4(860 876 1077 1061)
4(875 1076 1077 876)
4(1060 1061 1077 1076)
4(861 877 1078 1062)
4(876 1077 1078 877)
4(1061 1062 1078 1077)
4(862 878 1079 1063)
4(877 1078 1079 878)
4(1062 1063 1079 1078)
4(1063 1064 1080 1079)
4(867 881 1082 1068)
4(1067 1068 1082 1081)
4(868 882 1083 1069)
4(881 1082 1083 882)
4(1068 1069 1083 1082)
4(869 883 1084 1070)
4(882 1083 1084 883)
4(1069 1070 1084 1083)
4(870 884 1085 1071)
4(883 1084 1085 884)
4(1070 1071 1085 1084)
4(871 885 1086 1072)
4(884 1085 1086 885)
4(1071 1072 1086 1085)
4(872 886 1087 1073)
4(885 1086 1087 886)
4(1072 1073 1087 1086)
4(873 887 1088 1074)
4(886 1087 1088 887)
4(1073 1074 1088 1087)
4(874 888 1089 1075)
4(887 1088 1089 888)
4(1074 1075 1089 1088)
4(875 889 1090 1076)
4(888 1089 1090 889)
4(1075 1076 1090 1089)
4(876 890 1091 1077)
4(889 1090 1091 890)
4(1076 1077 1091 1090)
4(877 891 1092 1078)
4(890 1091 1092 891)
4(1077 1078 1092 1091)
4(891 1092 1093 892)
4(1078 1079 1093 1092)
4(882 895 1096 1083)
4(894 1095 1096 895)
4(1082 1083 1096 1095)
4(883 896 1097 1084)
4(895 1096 1097 896)
4(1083 1084 1097 1096)
4(884 897 1098 1085)
4(896 1097 1098 897)
4(1084 1085 1098 1097)
4(885 898 1099 1086)
4(897 1098 1099 898)
4(1085 1086 1099 1098)
4(886 899 1100 1087)
4(898 1099 1100 899)
4(1086 1087 1100 1099)
4(887 900 1101 1088)
4(899 1100 1101 900)
4(1087 1088 1101 1100)
4(888 901 1102 1089)
4(900 1101 1102 901)
4(1088 1089 1102 1101)
4(889 902 1103 1090)
4(901 1102 1103 902)
4(1089 1090 1103 1102)
4(890 903 1104 1091)
4(902 1103 1104 903)
4(1090 1091 1104 1103)
4(891 904 1105 1092)
4(903 1104 1105 904)
4(1091 1092 1105 1104)
4(904 1105 1106 905)
4(1092 1093 1106 1105)
4(895 908 1108 1096)
4(1095 1096 1108 1107)
4(896 909 1109 1097)
4(908 1108 1109 909)
4(1096 1097 1109 1108)
4(897 910 1110 1098)
4(909 1109 1110 910)
4(1097 1098 1110 1109)
4(898 911 1111 1099)
4(910 1110 1111 911)
4(1098 1099 1111 1110)
4(899 912 1112 1100)
4(911 1111 1112 912)
4(1099 1100 1112 1111)
4(900 913 1113 1101)
4(912 1112 1113 913)
4(1100 1101 1113 1112)
4(901 914 1114 1102)
4(913 1113 1114 914)
4(1101 1102 1114 1113)
4(902 915 1115 1103)
4(914 1114 1115 915)
4(1102 1103 1115 1114)
4(903 916 1116 1104)
4(915 1115 1116 916)
4(1103 1104 1116 1115)
4(904 917 1117 1105)
4(916 1116 1117 917)
4(1104 1105 1117 1116)
4(917 1117 1118 918)
4(1105 1106 1118 1117)
4(909 921 1121 1109)
4(1108 1109 1121 1120)
4(910 922 1122 1110)
4(921 1121 1122 922)
4(1109 1110 1122 1121)
4(911 923 1123 1111)
4(922 1122 1123 923)
4(1110 1111 1123 1122)
4(912 924 1124 1112)
4(923 1123 1124 924)
4(1111 1112 1124 1123)
4(913 925 1125 1113)
4(924 1124 1125 925)
4(1112 1113 1125 1124)
4(914 926 1126 1114)
4(925 1125 1126 926)
4(1113 1114 1126 1125)
4(915 927 1127 1115)
4(926 1126 1127 927)
4(1114 1115 1127 1126)
4(916 928 1128 1116)
4(927 1127 1128 928)
4(1115 1116 1128 1127)
4(917 929 1129 1117)
4(928 1128 1129 929)
4(1116 1117 1129 1128)
4(929 1129 1130 930)
4(1117 1118 1130 1129)
4(922 933 1134 1122)
4(1121 1122 1134 1133)
4(923 934 1135 1123)
4(933 1134 1135 934)
4(1122 1123 1135 1134)
4(924 935 1136 1124)
4(934 1135 1136 935)
4(1123 1124 1136 1135)
4(925 936 1137 1125)
4(935 1136 1137 936)
4(1124 1125 1137 1136)
4(926 937 1138 1126)
4(936 1137 1138 937)
4(1125 1126 1138 1137)
4(927 938 1139 1127)
4(937 1138 1139 938)
4(1126 1127 1139 1138)
4(928 939 1140 1128)
4(938 1139 1140 939)
4(1127 1128 1140 1139)
4(929 940 1141 1129)
4(939 1140 1141 940)
4(1128 1129 1141 1140)
4(930 941 1142 1130)
4(940 1141 1142 941)
4(1129 1130 1142 1141)
4(941 1142 1143 942)
4(934 944 1146 1135)
4(1134 1135 1146 1145)
4(935 945 1147 1136)
4(944 1146 1147 945)
4(1135 1136 1147 1146)
4(936 946 1148 1137)
4(945 1147 1148 946)
4(1136 1137 1148 1147)
4(937 947 1149 1138)
4(946 1148 1149 947)
4(1137 1138 1149 1148)
4(938 948 1150 1139)
4(947 1149 1150 948)
4(1138 1139 1150 1149)
4(939 949 1151 1140)
4(948 1150 1151 949)
4(1139 1140 1151 1150)
4(940 950 1152 1141)
4(949 1151 1152 950)
4(1140 1141 1152 1151)
4(941 951 1153 1142)
4(950 1152 1153 951)
4(1141 1142 1153 1152)
4(951 1153 1154 952)
4(945 954 1156 1147)
4(1146 1147 1156 1155)
4(946 955 1157 1148)
4(954 1156 1157 955)
4(1147 1148 1157 1156)
4(947 956 1158 1149)
4(955 1157 1158 956)
4(1148 1149 1158 1157)
4(948 957 1159 1150)
4(956 1158 1159 957)
4(1149 1150 1159 1158)
4(949 958 1160 1151)
4(957 1159 1160 958)
4(1150 1151 1160 1159)
4(950 959 1161 1152)
4(958 1160 1161 959)
4(1151 1152 1161 1160)
4(951 960 1162 1153)
4(959 1161 1162 960)
4(1152 1153 1162 1161)
4(960 1162 1163 961)
4(955 963 1165 1157)
4(1156 1157 1165 1164)
4(956 964 1166 1158)
4(963 1165 1166 964)
4(1157 1158 1166 1165)
4(957 965 1167 1159)
4(964 1166 1167 965)
4(1158 1159 1167 1166)
4(958 966 1168 1160)
4(965 1167 1168 966)
4(1159 1160 1168 1167)
4(959 967 1169 1161)
4(966 1168 1169 967)
4(1160 1161 1169 1168)
4(960 968 1170 1162)
4(967 1169 1170 968)
4(1161 1162 1170 1169)
4(968 1170 1171 969)
4(964 971 1173 1166)
4(1165 1166 1173 1172)
4(965 972 1174 1167)
4(971 1173 1174 972)
4(1166 1167 1174 1173)
4(966 973 1175 1168)
4(972 1174 1175 973)
4(1167 1168 1175 1174)
4(967 974 1176 1169)
4(973 1175 1176 974)
4(1168 1169 1176 1175)
4(968 975 1177 1170)
4(974 1176 1177 975)
4(1169 1170 1177 1176)
4(972 979 1180 1174)
4(1173 1174 1180 1179)
4(973 980 1181 1175)
4(979 1180 1181 980)
4(1174 1175 1181 1180)
4(974 981 1182 1176)
4(980 1181 1182 981)
4(1175 1176 1182 1181)
4(981 1182 1183 982)
4(980 985 1185 1181)
4(981 986 1186 1182)
4(993 1000 1196 1189)
4(999 1195 1196 1000)
4(994 1001 1197 1190)
4(1000 1196 1197 1001)
4(1001 1197 1198 1002)
4(997 1012 1207 1193)
4(1011 1206 1207 1012)
4(998 1013 1208 1194)
4(1012 1207 1208 1013)
4(999 1014 1209 1195)
4(1013 1208 1209 1014)
4(1000 1015 1210 1196)
4(1014 1209 1210 1015)
4(1001 1016 1211 1197)
4(1015 1210 1211 1016)
4(1016 1211 1212 1017)
4(1005 1021 1216 1200)
4(1020 1215 1216 1021)
4(1006 1022 1217 1201)
4(1021 1216 1217 1022)
4(1007 1023 1218 1202)
4(1022 1217 1218 1023)
4(1008 1024 1219 1203)
4(1023 1218 1219 1024)
4(1009 1025 1220 1204)
4(1024 1219 1220 1025)
4(1010 1026 1221 1205)
4(1025 1220 1221 1026)
4(1011 1027 1222 1206)
4(1026 1221 1222 1027)
4(1012 1028 1223 1207)
4(1027 1222 1223 1028)
4(1013 1029 1224 1208)
4(1028 1223 1224 1029)
4(1014 1030 1225 1209)
4(1029 1224 1225 1030)
4(1015 1031 1226 1210)
4(1030 1225 1226 1031)
4(1016 1032 1227 1211)
4(1031 1226 1227 1032)
4(1017 1033 1228 1212)
4(1032 1227 1228 1033)
4(1020 1036 1231 1215)
4(1035 1230 1231 1036)
4(1021 1037 1232 1216)
4(1036 1231 1232 1037)
4(1022 1038 1233 1217)
4(1037 1232 1233 1038)
4(1023 1039 1234 1218)
4(1038 1233 1234 1039)
4(1024 1040 1235 1219)
4(1039 1234 1235 1040)
4(1025 1041 1236 1220)
4(1040 1235 1236 1041)
4(1026 1042 1237 1221)
4(1041 1236 1237 1042)
4(1027 1043 1238 1222)
4(1042 1237 1238 1043)
4(1028 1044 1239 1223)
4(1043 1238 1239 1044)
4(1029 1045 1240 1224)
4(1044 1239 1240 1045)
4(1030 1046 1241 1225)
4(1045 1240 1241 1046)
4(1031 1047 1242 1226)
4(1046 1241 1242 1047)
4(1032 1048 1243 1227)
4(1047 1242 1243 1048)
4(1048 1243 1244 1049)
4(1036 1052 1246 1231)
4(1051 1245 1246 1052)
4(1037 1053 1247 1232)
4(1052 1246 1247 1053)
4(1038 1054 1248 1233)
4(1053 1247 1248 1054)
4(1039 1055 1249 1234)
4(1054 1248 1249 1055)
4(1040 1056 1250 1235)
4(1055 1249 1250 1056)
4(1041 1057 1251 1236)
4(1056 1250 1251 1057)
4(1042 1058 1252 1237)
4(1057 1251 1252 1058)
4(1043 1059 1253 1238)
4(1058 1252 1253 1059)
4(1044 1060 1254 1239)
4(1059 1253 1254 1060)
4(1045 1061 1255 1240)
4(1060 1254 1255 1061)
4(1046 1062 1256 1241)
4(1061 1255 1256 1062)
4(1047 1063 1257 1242)
4(1062 1256 1257 1063)
4(1048 1064 1258 1243)
4(1063 1257 1258 1064)
4(1052 1068 1261 1246)
4(1067 1260 1261 1068)
4(1053 1069 1262 1247)
4(1068 1261 1262 1069)
4(1054 1070 1263 1248)
4(1069 1262 1263 1070)
4(1055 1071 1264 1249)
4(1070 1263 1264 1071)
4(1056 1072 1265 1250)
4(1071 1264 1265 1072)
4(1057 1073 1266 1251)
4(1072 1265 1266 1073)
4(1058 1074 1267 1252)
4(1073 1266 1267 1074)
4(1059 1075 1268 1253)
4(1074 1267 1268 1075)
4(1060 1076 1269 1254)
4(1075 1268 1269 1076)
4(1061 1077 1270 1255)
4(1076 1269 1270 1077)
4(1062 1078 1271 1256)
4(1077 1270 1271 1078)
4(1063 1079 1272 1257)
4(1078 1271 1272 1079)
4(1068 1082 1275 1261)
4(1081 1274 1275 1082)
4(1069 1083 1276 1262)
4(1082 1275 1276 1083)
4(1070 1084 1277 1263)
4(1083 1276 1277 1084)
4(1071 1085 1278 1264)
4(1084 1277 1278 1085)
4(1072 1086 1279 1265)
4(1085 1278 1279 1086)
4(1073 1087 1280 1266)
4(1086 1279 1280 1087)
4(1074 1088 1281 1267)
4(1087 1280 1281 1088)
4(1075 1089 1282 1268)
4(1088 1281 1282 1089)
4(1076 1090 1283 1269)
4(1089 1282 1283 1090)
4(1077 1091 1284 1270)
4(1090 1283 1284 1091)
4(1078 1092 1285 1271)
4(1091 1284 1285 1092)
4(1092 1285 1286 1093)
4(1082 1095 1288 1275)
4(1083 1096 1289 1276)
4(1095 1288 1289 1096)
4(1084 1097 1290 1277)
4(1096 1289 1290 1097)
4(1085 1098 1291 1278)
4(1097 1290 1291 1098)
4(1086 1099 1292 1279)
4(1098 1291 1292 1099)
4(1087 1100 1293 1280)
4(1099 1292 1293 1100)
4(1088 1101 1294 1281)
4(1100 1293 1294 1101)
4(1089 1102 1295 1282)
4(1101 1294 1295 1102)
4(1090 1103 1296 1283)
4(1102 1295 1296 1103)
4(1091 1104 1297 1284)
4(1103 1296 1297 1104)
4(1092 1105 1298 1285)
4(1104 1297 1298 1105)
4(1105 1298 1299 1106)
4(1096 1108 1301 1289)
4(1107 1300 1301 1108)
4(1097 1109 1302 1290)
4(1108 1301 1302 1109)
4(1098 1110 1303 1291)
4(1109 1302 1303 1110)
4(1099 1111 1304 1292)
4(1110 1303 1304 1111)
4(1100 1112 1305 1293)
4(1111 1304 1305 1112)
4(1101 1113 1306 1294)
4(1112 1305 1306 1113)
4(1102 1114 1307 1295)
4(1113 1306 1307 1114)
4(1103 1115 1308 1296)
4(1114 1307 1308 1115)
4(1104 1116 1309 1297)
4(1115 1308 1309 1116)
4(1105 1117 1310 1298)
4(1116 1309 1310 1117)
4(1117 1310 1311 1118)
4(1108 1120 1313 1301)
4(1109 1121 1314 1302)
4(1120 1313 1314 1121)
4(1110 1122 1315 1303)
4(1121 1314 1315 1122)
4(1111 1123 1316 1304)
4(1122 1315 1316 1123)
4(1112 1124 1317 1305)
4(1123 1316 1317 1124)
4(1113 1125 1318 1306)
4(1124 1317 1318 1125)
4(1114 1126 1319 1307)
4(1125 1318 1319 1126)
4(1115 1127 1320 1308)
4(1126 1319 1320 1127)
4(1116 1128 1321 1309)
4(1127 1320 1321 1128)
4(1117 1129 1322 1310)
4(1128 1321 1322 1129)
4(1129 1322 1323 1130)
4(1121 1133 1325 1314)
4(1122 1134 1326 1315)
4(1133 1325 1326 1134)
4(1123 1135 1327 1316)
4(1134 1326 1327 1135)
4(1124 1136 1328 1317)
4(1135 1327 1328 1136)
4(1125 1137 1329 1318)
4(1136 1328 1329 1137)
4(1126 1138 1330 1319)
4(1137 1329 1330 1138)
4(1127 1139 1331 1320)
4(1138 1330 1331 1139)
4(1128 1140 1332 1321)
4(1139 1331 1332 1140)
4(1129 1141 1333 1322)
4(1140 1332 1333 1141)
4(1141 1333 1334 1142)
4(1134 1145 1336 1326)
4(1135 1146 1337 1327)
4(1136 1147 1338 1328)
4(1146 1337 1338 1147)
4(1137 1148 1339 1329)
4(1147 1338 1339 1148)
4(1138 1149 1340 1330)
4(1148 1339 1340 1149)
4(1139 1150 1341 1331)
4(1149 1340 1341 1150)
4(1140 1151 1342 1332)
4(1150 1341 1342 1151)
4(1141 1152 1343 1333)
4(1151 1342 1343 1152)
4(1152 1343 1344 1153)
4(1147 1156 1346 1338)
4(1148 1157 1347 1339)
4(1156 1346 1347 1157)
4(1149 1158 1348 1340)
4(1157 1347 1348 1158)
4(1150 1159 1349 1341)
4(1158 1348 1349 1159)
4(1151 1160 1350 1342)
4(1159 1349 1350 1160)
4(1152 1161 1351 1343)
4(1160 1350 1351 1161)
4(1161 1351 1352 1162)
4(1157 1165 1354 1347)
4(1158 1166 1355 1348)
4(1165 1354 1355 1166)
4(1159 1167 1356 1349)
4(1166 1355 1356 1167)
4(1160 1168 1357 1350)
4(1167 1356 1357 1168)
4(1161 1169 1358 1351)
4(1168 1357 1358 1169)
4(1169 1358 1359 1170)
4(1166 1173 1361 1355)
4(1167 1174 1362 1356)
4(1173 1361 1362 1174)
4(1168 1175 1363 1357)
4(1174 1362 1363 1175)
4(1169 1176 1364 1358)
4(1175 1363 1364 1176)
4(1174 1180 1367 1362)
4(1175 1181 1368 1363)
4(23 31 103 93)
4(31 40 114 103)
4(40 49 125 114)
4(49 58 136 125)
4(72 78 184 177)
4(78 85 191 184)
4(85 93 202 191)
4(93 103 214 202)
4(103 114 226 214)
4(114 125 238 226)
4(159 165 293 287)
4(165 171 299 293)
4(171 177 305 299)
4(177 184 312 305)
4(184 191 325 312)
4(191 202 338 325)
4(202 214 351 338)
4(451 626 640 464)
4(463 464 640 639)
4(625 639 640 626)
4(799 800 999 998)
4(1188 1189 1196 1195)
4(1189 1190 1197 1196)
4(1190 1191 1198 1197)
4(1192 1193 1207 1206)
4(1193 1194 1208 1207)
4(1194 1195 1209 1208)
4(1195 1196 1210 1209)
4(1196 1197 1211 1210)
4(1197 1198 1212 1211)
4(1199 1200 1216 1215)
4(1200 1201 1217 1216)
4(1201 1202 1218 1217)
4(1202 1203 1219 1218)
4(1203 1204 1220 1219)
4(1204 1205 1221 1220)
4(1205 1206 1222 1221)
4(1206 1207 1223 1222)
4(1207 1208 1224 1223)
4(1208 1209 1225 1224)
4(1209 1210 1226 1225)
4(1210 1211 1227 1226)
4(1211 1212 1228 1227)
4(1212 1213 1229 1228)
4(1214 1215 1231 1230)
4(1215 1216 1232 1231)
4(1216 1217 1233 1232)
4(1217 1218 1234 1233)
4(1218 1219 1235 1234)
4(1219 1220 1236 1235)
4(1220 1221 1237 1236)
4(1221 1222 1238 1237)
4(1222 1223 1239 1238)
4(1223 1224 1240 1239)
4(1224 1225 1241 1240)
4(1225 1226 1242 1241)
4(1226 1227 1243 1242)
4(1227 1228 1244 1243)
4(1230 1231 1246 1245)
4(1231 1232 1247 1246)
4(1232 1233 1248 1247)
4(1233 1234 1249 1248)
4(1234 1235 1250 1249)
4(1235 1236 1251 1250)
4(1236 1237 1252 1251)
4(1237 1238 1253 1252)
4(1238 1239 1254 1253)
4(1239 1240 1255 1254)
4(1240 1241 1256 1255)
4(1241 1242 1257 1256)
4(1242 1243 1258 1257)
4(1243 1244 1259 1258)
4(1245 1246 1261 1260)
4(1246 1247 1262 1261)
4(1247 1248 1263 1262)
4(1248 1249 1264 1263)
4(1249 1250 1265 1264)
4(1250 1251 1266 1265)
4(1251 1252 1267 1266)
4(1252 1253 1268 1267)
4(1253 1254 1269 1268)
4(1254 1255 1270 1269)
4(1255 1256 1271 1270)
4(1256 1257 1272 1271)
4(1257 1258 1273 1272)
4(1260 1261 1275 1274)
4(1261 1262 1276 1275)
4(1262 1263 1277 1276)
4(1263 1264 1278 1277)
4(1264 1265 1279 1278)
4(1265 1266 1280 1279)
4(1266 1267 1281 1280)
4(1267 1268 1282 1281)
4(1268 1269 1283 1282)
4(1269 1270 1284 1283)
4(1270 1271 1285 1284)
4(1271 1272 1286 1285)
4(1274 1275 1288 1287)
4(1275 1276 1289 1288)
4(1276 1277 1290 1289)
4(1277 1278 1291 1290)
4(1278 1279 1292 1291)
4(1279 1280 1293 1292)
4(1280 1281 1294 1293)
4(1281 1282 1295 1294)
4(1282 1283 1296 1295)
4(1283 1284 1297 1296)
4(1284 1285 1298 1297)
4(1285 1286 1299 1298)
4(1288 1289 1301 1300)
4(1289 1290 1302 1301)
4(1290 1291 1303 1302)
4(1291 1292 1304 1303)
4(1292 1293 1305 1304)
4(1293 1294 1306 1305)
4(1294 1295 1307 1306)
4(1295 1296 1308 1307)
4(1296 1297 1309 1308)
4(1297 1298 1310 1309)
4(1298 1299 1311 1310)
4(1300 1301 1313 1312)
4(1301 1302 1314 1313)
4(1302 1303 1315 1314)
4(1303 1304 1316 1315)
4(1304 1305 1317 1316)
4(1305 1306 1318 1317)
4(1306 1307 1319 1318)
4(1307 1308 1320 1319)
4(1308 1309 1321 1320)
4(1309 1310 1322 1321)
4(1310 1311 1323 1322)
4(1313 1314 1325 1324)
4(1314 1315 1326 1325)
4(1315 1316 1327 1326)
4(1316 1317 1328 1327)
4(1317 1318 1329 1328)
4(1318 1319 1330 1329)
4(1319 1320 1331 1330)
4(1320 1321 1332 1331)
4(1321 1322 1333 1332)
4(1322 1323 1334 1333)
4(1325 1326 1336 1335)
4(1326 1327 1337 1336)
4(1327 1328 1338 1337)
4(1328 1329 1339 1338)
4(1329 1330 1340 1339)
4(1330 1331 1341 1340)
4(1331 1332 1342 1341)
4(1332 1333 1343 1342)
4(1333 1334 1344 1343)
4(1337 1338 1346 1345)
4(1338 1339 1347 1346)
4(1339 1340 1348 1347)
4(1340 1341 1349 1348)
4(1341 1342 1350 1349)
4(1342 1343 1351 1350)
4(1343 1344 1352 1351)
4(1346 1347 1354 1353)
4(1347 1348 1355 1354)
4(1348 1349 1356 1355)
4(1349 1350 1357 1356)
4(1350 1351 1358 1357)
4(1351 1352 1359 1358)
4(1354 1355 1361 1360)
4(1355 1356 1362 1361)
4(1356 1357 1363 1362)
4(1357 1358 1364 1363)
4(1358 1359 1365 1364)
4(1361 1362 1367 1366)
4(1362 1363 1368 1367)
4(1363 1364 1369 1368)
4(1176 1177 1183 1182)
4(1176 1364 1365 1177)
4(1176 1182 1369 1364)
4(306 307 320 319)
4(307 464 478 320)
4(319 320 478 477)
4(463 477 478 464)
4(185 319 332 196)
4(195 196 332 331)
4(318 331 332 319)
4(442 443 448 447)
4(446 447 452 451)
4(447 448 453 452)
4(448 449 454 453)
4(453 454 467 466)
4(466 467 481 480)
4(451 452 627 626)
4(452 453 628 627)
4(616 627 628 617)
4(617 628 629 618)
4(453 466 642 628)
4(628 642 643 629)
4(466 480 657 642)
4(480 481 658 657)
4(642 657 658 643)
4(616 617 802 801)
4(796 801 802 797)
4(617 618 803 802)
4(797 802 803 798)
4(616 801 815 627)
4(626 627 815 814)
4(800 814 815 801)
4(53 131 132 54)
4(54 132 133 55)
4(55 133 134 56)
4(56 134 135 57)
4(124 125 136 135)
4(53 62 142 131)
4(61 141 142 62)
4(67 172 179 73)
4(73 179 186 80)
4(79 80 186 185)
4(178 185 186 179)
4(79 185 196 87)
4(86 87 196 195)
4(192 204 205 193)
4(94 95 206 205)
4(193 205 206 194)
4(86 195 207 96)
4(95 96 207 206)
4(194 206 207 195)
4(213 214 226 225)
4(124 237 238 125)
4(225 226 238 237)
4(131 245 246 132)
4(132 246 247 133)
4(133 247 248 134)
4(124 135 249 237)
4(134 248 249 135)
4(236 237 249 248)
4(131 142 256 245)
4(141 255 256 142)
4(245 256 257 246)
4(141 147 263 255)
4(255 263 264 256)
4(147 151 269 263)
4(150 268 269 151)
4(263 269 270 264)
4(268 273 274 269)
4(269 274 275 270)
4(273 277 278 274)
4(274 278 279 275)
4(280 281 285 284)
4(281 282 286 285)
4(155 283 289 161)
4(160 161 289 288)
4(283 284 290 289)
4(285 286 292 291)
4(286 287 293 292)
4(160 288 294 166)
4(288 289 295 294)
4(292 293 299 298)
4(166 294 300 172)
4(298 299 305 304)
4(172 300 307 179)
4(178 179 307 306)
4(304 305 312 311)
4(178 306 319 185)
4(311 312 325 324)
4(313 326 327 314)
4(314 327 328 315)
4(192 193 329 328)
4(315 328 329 316)
4(193 194 330 329)
4(316 329 330 317)
4(194 195 331 330)
4(317 330 331 318)
4(324 325 338 337)
4(192 328 341 204)
4(203 204 341 340)
4(327 340 341 328)
4(213 350 351 214)
4(337 338 351 350)
4(213 225 364 350)
4(349 350 364 363)
4(225 237 377 364)
4(236 376 377 237)
4(363 364 377 376)
4(246 386 387 247)
4(236 248 388 376)
4(247 387 388 248)
4(246 257 397 386)
4(256 396 397 257)
4(256 264 405 396)
4(396 405 406 397)
4(264 270 413 405)
4(405 413 414 406)
4(270 275 420 413)
4(413 420 421 414)
4(275 279 426 420)
4(278 425 426 279)
4(420 426 427 421)
4(425 430 431 426)
4(426 431 432 427)
4(430 434 435 431)
4(431 435 436 432)
4(434 437 438 435)
4(435 438 439 436)
4(284 285 441 440)
4(284 440 443 290)
4(289 290 443 442)
4(285 291 444 441)
4(440 441 444 443)
4(291 292 445 444)
4(289 442 447 295)
4(294 295 447 446)
4(443 444 449 448)
4(292 298 450 445)
4(444 445 450 449)
4(294 446 451 300)
4(298 304 455 450)
4(449 450 455 454)
4(300 451 464 307)
4(304 311 468 455)
4(454 455 468 467)
4(456 470 471 457)
4(313 314 472 471)
4(457 471 472 458)
4(314 315 473 472)
4(458 472 473 459)
4(315 316 474 473)
4(459 473 474 460)
4(316 317 475 474)
4(460 474 475 461)
4(317 318 476 475)
4(461 475 476 462)
4(318 319 477 476)
4(462 476 477 463)
4(311 324 482 468)
4(467 468 482 481)
4(324 337 496 482)
4(337 350 510 496)
4(349 509 510 350)
4(349 363 523 509)
4(363 376 536 523)
4(522 523 536 535)
4(386 546 547 387)
4(386 397 557 546)
4(397 406 567 557)
4(557 567 568 558)
4(406 414 576 567)
4(567 576 577 568)
4(414 421 585 576)
4(576 585 586 577)
4(421 427 593 585)
4(585 593 594 586)
4(427 432 600 593)
4(593 600 601 594)
4(432 436 606 600)
4(600 606 607 601)
4(436 439 611 606)
4(438 610 611 439)
4(606 611 612 607)
4(610 614 615 611)
4(456 457 633 632)
4(457 458 634 633)
4(619 633 634 620)
4(458 459 635 634)
4(620 634 635 621)
4(459 460 636 635)
4(621 635 636 622)
4(460 461 637 636)
4(622 636 637 623)
4(461 462 638 637)
4(623 637 638 624)
4(462 463 639 638)
4(624 638 639 625)
4(629 643 644 630)
4(481 482 659 658)
4(643 658 659 644)
4(482 496 674 659)
4(535 547 725 713)
4(546 724 725 547)
4(712 713 725 724)
4(546 557 735 724)
4(557 558 736 735)
4(724 735 736 725)
4(558 568 746 736)
4(568 577 756 746)
4(577 586 765 756)
4(586 594 773 765)
4(601 607 787 780)
4(607 612 792 787)
4(611 791 792 612)
4(613 793 794 614)
4(611 615 795 791)
4(614 794 795 615)
4(619 620 808 807)
4(620 621 809 808)
4(621 622 810 809)
4(622 623 811 810)
4(623 624 812 811)
4(624 625 813 812)
4(625 626 814 813)
4(799 813 814 800)
4(618 629 817 803)
4(629 630 818 817)
4(803 817 818 804)
4(631 632 821 820)
4(805 820 821 806)
4(619 807 822 633)
4(632 633 822 821)
4(806 821 822 807)
4(630 644 833 818)
4(644 659 849 833)
4(700 713 906 893)
4(712 905 906 713)
4(892 893 906 905)
4(712 724 918 905)
4(724 725 919 918)
4(725 736 931 919)
4(918 919 931 930)
4(736 746 942 931)
4(746 756 952 942)
4(756 765 961 952)
4(975 976 983 982)
4(791 987 988 792)
4(793 989 990 794)
4(791 795 991 987)
4(794 990 991 795)
4(986 987 991 990)
4(796 797 994 993)
4(797 798 995 994)
4(796 993 1000 801)
4(800 801 1000 999)
4(992 999 1000 993)
4(798 803 1002 995)
4(803 804 1003 1002)
4(806 807 1007 1006)
4(807 808 1008 1007)
4(808 809 1009 1008)
4(809 810 1010 1009)
4(810 811 1011 1010)
4(811 812 1012 1011)
4(996 1011 1012 997)
4(799 998 1013 813)
4(812 813 1013 1012)
4(997 1012 1013 998)
4(892 905 1106 1093)
4(905 918 1118 1106)
4(918 930 1130 1118)
4(930 931 1131 1130)
4(931 942 1143 1131)
4(942 952 1154 1143)
4(975 1177 1178 976)
4(975 982 1183 1177)
4(986 1186 1187 987)
4(1182 1183 1187 1186)
4(992 1188 1195 999)
4(998 999 1195 1194)
4(982 983 988 987)
4(982 987 1187 1183)
4(494 495 509 508)
4(495 496 510 509)
4(508 509 523 522)
4(494 672 673 495)
4(495 673 674 496)
4(494 508 687 672)
4(508 522 700 687)
4(594 601 780 773)
4(672 863 864 673)
4(659 674 865 849)
4(673 864 865 674)
4(672 687 879 863)
4(687 700 893 879)
4(878 879 893 892)
4(765 773 969 961)
4(773 780 976 969)
4(780 787 983 976)
4(787 792 988 983)
4(804 818 1018 1003)
4(1002 1003 1018 1017)
4(818 833 1034 1018)
4(833 849 1050 1034)
4(1033 1034 1050 1049)
4(863 1064 1065 864)
4(849 865 1066 1050)
4(864 1065 1066 865)
4(1049 1050 1066 1065)
4(863 879 1080 1064)
4(878 1079 1080 879)
4(878 892 1093 1079)
4(1130 1131 1143 1142)
4(1142 1143 1154 1153)
4(952 961 1163 1154)
4(1153 1154 1163 1162)
4(961 969 1171 1163)
4(1162 1163 1171 1170)
4(969 976 1178 1171)
4(1170 1171 1178 1177)
4(992 993 1189 1188)
4(993 994 1190 1189)
4(994 995 1191 1190)
4(995 1002 1198 1191)
4(1002 1017 1212 1198)
4(1017 1018 1213 1212)
4(1018 1034 1229 1213)
4(1033 1228 1229 1034)
4(1033 1049 1244 1228)
4(1049 1065 1259 1244)
4(1064 1258 1259 1065)
4(1064 1080 1273 1258)
4(1079 1272 1273 1080)
4(1079 1093 1286 1272)
4(1093 1106 1299 1286)
4(1106 1118 1311 1299)
4(1118 1130 1323 1311)
4(1130 1142 1334 1323)
4(1142 1153 1344 1334)
4(1153 1162 1352 1344)
4(1162 1170 1359 1352)
4(1170 1177 1365 1359)
4(521 522 535 534)
4(521 699 700 522)
4(521 534 712 699)
4(534 535 713 712)
4(699 712 713 700)
4(375 376 388 387)
4(375 535 536 376)
4(375 387 547 535)
4(0 5 6 1)
4(1 6 7 2)
4(2 7 8 3)
4(3 8 9 4)
4(5 10 11 6)
4(12 18 19 13)
4(13 19 20 14)
4(14 20 21 15)
4(15 21 22 16)
4(17 25 26 18)
4(18 26 27 19)
4(19 27 28 20)
4(20 28 29 21)
4(21 29 30 22)
4(22 30 31 23)
4(24 33 34 25)
4(0 1 35 34)
4(25 34 35 26)
4(1 2 36 35)
4(26 35 36 27)
4(2 3 37 36)
4(27 36 37 28)
4(3 4 38 37)
4(28 37 38 29)
4(29 38 39 30)
4(30 39 40 31)
4(32 41 42 33)
4(0 34 43 5)
4(33 42 43 34)
4(6 44 45 7)
4(7 45 46 8)
4(4 9 47 38)
4(8 46 47 9)
4(38 47 48 39)
4(39 48 49 40)
4(41 50 51 42)
4(5 43 52 10)
4(42 51 52 43)
4(6 11 53 44)
4(10 52 53 11)
4(44 53 54 45)
4(45 54 55 46)
4(46 55 56 47)
4(47 56 57 48)
4(48 57 58 49)
4(50 59 60 51)
4(51 60 61 52)
4(52 61 62 53)
4(63 68 69 64)
4(64 69 70 65)
4(65 70 71 66)
4(67 73 74 68)
4(68 74 75 69)
4(69 75 76 70)
4(70 76 77 71)
4(71 77 78 72)
4(12 13 81 80)
4(73 80 81 74)
4(13 14 82 81)
4(74 81 82 75)
4(14 15 83 82)
4(75 82 83 76)
4(15 16 84 83)
4(76 83 84 77)
4(77 84 85 78)
4(12 80 88 18)
4(17 18 88 87)
4(79 87 88 80)
4(16 22 92 84)
4(22 23 93 92)
4(84 92 93 85)
4(17 87 97 25)
4(24 25 97 96)
4(86 96 97 87)
4(94 105 106 95)
4(24 96 107 33)
4(32 33 107 106)
4(95 106 107 96)
4(104 115 116 105)
4(32 106 117 41)
4(105 116 117 106)
4(115 126 127 116)
4(41 117 128 50)
4(116 127 128 117)
4(57 135 136 58)
4(126 137 138 127)
4(50 128 139 59)
4(127 138 139 128)
4(59 139 140 60)
4(60 140 141 61)
4(137 143 144 138)
4(138 144 145 139)
4(139 145 146 140)
4(140 146 147 141)
4(144 148 149 145)
4(145 149 150 146)
4(146 150 151 147)
4(152 156 157 153)
4(153 157 158 154)
4(155 161 162 156)
4(156 162 163 157)
4(157 163 164 158)
4(158 164 165 159)
4(160 166 167 161)
4(63 64 168 167)
4(161 167 168 162)
4(64 65 169 168)
4(162 168 169 163)
4(65 66 170 169)
4(163 169 170 164)
4(164 170 171 165)
4(63 167 173 68)
4(67 68 173 172)
4(166 172 173 167)
4(66 71 176 170)
4(71 72 177 176)
4(170 176 177 171)
4(203 215 216 204)
4(94 205 217 105)
4(104 105 217 216)
4(204 216 217 205)
4(104 216 228 115)
4(215 227 228 216)
4(115 228 240 126)
4(227 239 240 228)
4(126 240 251 137)
4(239 250 251 240)
4(137 251 259 143)
4(250 258 259 251)
4(143 259 260 144)
4(144 260 266 148)
4(259 265 266 260)
4(148 266 267 149)
4(149 267 268 150)
4(266 271 272 267)
4(267 272 273 268)
4(272 276 277 273)
4(152 153 281 280)
4(153 154 282 281)
4(152 280 284 156)
4(155 156 284 283)
4(154 158 286 282)
4(158 159 287 286)
4(326 339 340 327)
4(203 340 354 215)
4(339 353 354 340)
4(352 365 366 353)
4(215 354 367 227)
4(353 366 367 354)
4(227 367 379 239)
4(366 378 379 367)
4(239 379 390 250)
4(378 389 390 379)
4(250 390 399 258)
4(389 398 399 390)
4(258 399 400 259)
4(259 400 408 265)
4(399 407 408 400)
4(265 408 409 266)
4(266 409 416 271)
4(408 415 416 409)
4(271 416 417 272)
4(272 417 423 276)
4(416 422 423 417)
4(276 423 424 277)
4(277 424 425 278)
4(423 428 429 424)
4(424 429 430 425)
4(429 433 434 430)
4(469 483 484 470)
4(313 471 485 326)
4(470 484 485 471)
4(483 497 498 484)
4(326 485 499 339)
4(484 498 499 485)
4(497 511 512 498)
4(339 499 513 353)
4(352 353 513 512)
4(498 512 513 499)
4(352 512 525 365)
4(511 524 525 512)
4(365 525 526 366)
4(366 526 538 378)
4(525 537 538 526)
4(378 538 549 389)
4(537 548 549 538)
4(389 549 559 398)
4(398 559 560 399)
4(399 560 569 407)
4(407 569 570 408)
4(408 570 579 415)
4(569 578 579 570)
4(415 579 580 416)
4(416 580 588 422)
4(579 587 588 580)
4(422 588 589 423)
4(423 589 596 428)
4(588 595 596 589)
4(428 596 597 429)
4(429 597 603 433)
4(596 602 603 597)
4(433 603 604 434)
4(434 604 609 437)
4(603 608 609 604)
4(437 609 610 438)
4(609 613 614 610)
4(456 632 647 470)
4(469 470 647 646)
4(631 646 647 632)
4(469 646 661 483)
4(645 660 661 646)
4(483 661 676 497)
4(660 675 676 661)
4(497 676 689 511)
4(675 688 689 676)
4(511 689 702 524)
4(688 701 702 689)
4(524 702 703 525)
4(525 703 715 537)
4(702 714 715 703)
4(537 715 726 548)
4(548 726 727 549)
4(549 727 737 559)
4(559 737 738 560)
4(560 738 748 569)
4(737 747 748 738)
4(569 748 757 578)
4(578 757 758 579)
4(579 758 766 587)
4(587 766 767 588)
4(588 767 774 595)
4(595 774 775 596)
4(596 775 782 602)
4(774 781 782 775)
4(602 782 783 603)
4(603 783 788 608)
4(608 788 789 609)
4(609 789 793 613)
4(631 820 836 646)
4(645 646 836 835)
4(819 835 836 820)
4(645 835 851 660)
4(834 850 851 835)
4(660 851 867 675)
4(850 866 867 851)
4(675 867 881 688)
4(866 880 881 867)
4(688 881 894 701)
4(701 894 895 702)
4(702 895 908 714)
4(894 907 908 895)
4(714 908 909 715)
4(715 909 921 726)
4(908 920 921 909)
4(726 921 922 727)
4(727 922 933 737)
4(921 932 933 922)
4(737 933 943 747)
4(747 943 944 748)
4(748 944 953 757)
4(757 953 954 758)
4(758 954 962 766)
4(766 962 963 767)
4(767 963 970 774)
4(774 970 977 781)
4(781 977 978 782)
4(970 971 978 977)
4(782 978 979 783)
4(783 979 984 788)
4(788 984 985 789)
4(789 985 989 793)
4(985 986 990 989)
4(805 806 1006 1005)
4(805 1005 1021 820)
4(819 820 1021 1020)
4(1004 1020 1021 1005)
4(819 1020 1036 835)
4(834 835 1036 1035)
4(1019 1035 1036 1020)
4(834 1035 1051 850)
4(850 1051 1067 866)
4(866 1067 1081 880)
4(880 1081 1082 881)
4(881 1082 1095 894)
4(1081 1094 1095 1082)
4(894 1095 1107 907)
4(907 1107 1108 908)
4(908 1108 1120 920)
4(1107 1119 1120 1108)
4(920 1120 1121 921)
4(921 1121 1133 932)
4(1120 1132 1133 1121)
4(932 1133 1134 933)
4(933 1134 1145 943)
4(1133 1144 1145 1134)
4(943 1145 1146 944)
4(944 1146 1155 953)
4(953 1155 1156 954)
4(954 1156 1164 962)
4(962 1164 1165 963)
4(963 1165 1172 970)
4(970 1172 1173 971)
4(971 1173 1179 978)
4(978 1179 1180 979)
4(979 1180 1184 984)
4(984 1184 1185 985)
4(1180 1181 1185 1184)
4(985 1185 1186 986)
4(1181 1182 1186 1185)
4(996 997 1193 1192)
4(997 998 1194 1193)
4(1004 1005 1200 1199)
4(1005 1006 1201 1200)
4(1006 1007 1202 1201)
4(1007 1008 1203 1202)
4(1008 1009 1204 1203)
4(1009 1010 1205 1204)
4(996 1192 1206 1011)
4(1010 1011 1206 1205)
4(1004 1199 1215 1020)
4(1019 1020 1215 1214)
4(1019 1214 1230 1035)
4(1035 1230 1245 1051)
4(1051 1245 1260 1067)
4(1067 1260 1274 1081)
4(1081 1274 1287 1094)
4(1094 1287 1288 1095)
4(1095 1288 1300 1107)
4(1107 1300 1312 1119)
4(1119 1312 1313 1120)
4(1120 1313 1324 1132)
4(1132 1324 1325 1133)
4(1133 1325 1335 1144)
4(1144 1335 1336 1145)
4(1145 1336 1337 1146)
4(1146 1337 1345 1155)
4(1155 1345 1346 1156)
4(1156 1346 1353 1164)
4(1164 1353 1354 1165)
4(1165 1354 1360 1172)
4(1172 1360 1361 1173)
4(1173 1361 1366 1179)
4(1179 1366 1367 1180)
4(1180 1367 1368 1181)
4(1181 1368 1369 1182)
)


// ************************************************************************* //
