/*--------------------------------*- C++ -*----------------------------------*\
  =========                 |
  \\      /  F ield         | OpenFOAM: The Open Source CFD Toolbox
   \\    /   O peration     | Website:  https://openfoam.org
    \\  /    A nd           | Version:  6
     \\/     M anipulation  |
\*---------------------------------------------------------------------------*/
FoamFile
{
    version     2.0;
    format      ascii;
    class       labelList;
    location    "constant/region503/polyMesh";
    object      faceRegionAddressing;
}
// * * * * * * * * * * * * * * * * * * * * * * * * * * * * * * * * * * * * * //


3103
(
673368
673369
673370
673371
673373
673374
673376
673379
673561
684958
684959
684960
684961
684962
684963
684964
684965
684966
684968
684969
685146
685147
685148
685149
685150
685151
685152
685153
685154
685155
685156
685157
685158
685159
685160
685161
685162
685334
685335
685336
685337
685338
685339
685340
685341
685342
685343
685344
685345
685346
685347
685348
685349
685350
685351
685352
685353
685522
685523
685524
685525
685526
685527
685528
685529
685530
685531
685532
685533
685534
685535
685536
685537
685538
685539
685540
685541
685542
685543
685544
685713
685714
685715
685716
685717
685718
685719
685720
685721
685722
685724
685725
685727
685728
685730
685731
685733
685904
685906
685907
685909
685912
696548
696549
696550
696551
696552
696553
696555
696556
696736
696737
696738
696739
696740
696741
696742
696743
696744
696745
696746
696747
696748
696749
696927
696928
696929
696930
696931
696932
696933
696934
696935
696936
696937
696938
696939
696940
697115
697116
697117
697118
697119
697120
697121
697122
697123
697124
697125
697126
697127
697128
697129
697130
697131
697303
697304
697305
697306
697307
697308
697309
697310
697311
697312
697313
697314
697315
697316
697317
697318
697319
697320
697321
697322
697488
697489
697490
697491
697492
697493
697494
697495
697496
697497
697498
697499
697500
697501
697502
697503
697504
697505
697506
697507
697508
697509
697510
697511
697512
697676
697677
697678
697679
697680
697681
697682
697683
697684
697685
697686
697687
697688
697689
697690
697691
697692
697693
697694
697695
697696
697697
697698
697699
697700
697701
697702
697867
697868
697869
697870
697871
697872
697873
697874
697875
697876
697877
697878
697879
697880
697881
697882
697884
697885
697887
697888
697890
698058
698059
698060
698061
698062
698063
698064
698065
698066
698067
698068
698069
698072
698249
698251
698252
698253
698254
698255
698256
698257
698259
698260
698443
698445
698446
698448
698451
708138
708139
708142
708326
708327
708329
708330
708331
708332
708333
708335
708514
708515
708517
708518
708519
708520
708521
708522
708523
708524
708525
708526
708705
708706
708707
708708
708709
708710
708711
708712
708713
708714
708715
708716
708717
708896
708897
708898
708899
708900
708901
708902
708903
708904
708905
708906
708907
708908
709084
709085
709087
709088
709089
709090
709091
709092
709093
709094
709095
709096
709097
709098
709099
709275
709276
709277
709278
709279
709280
709281
709282
709283
709284
709285
709286
709287
709288
709289
709290
709454
709455
709456
709457
709458
709459
709460
709461
709462
709463
709464
709465
709466
709467
709468
709469
709470
709471
709472
709473
709474
709475
709476
709477
709478
709479
709480
709642
709643
709644
709645
709646
709647
709648
709649
709650
709651
709652
709653
709654
709655
709656
709657
709658
709659
709660
709661
709662
709663
709664
709665
709666
709667
709668
709670
709833
709834
709835
709836
709837
709838
709839
709840
709841
709842
709843
709844
709845
709846
709847
709848
709849
709850
709851
709852
709853
709854
709855
709856
709857
709858
709859
710024
710025
710026
710027
710028
710029
710030
710031
710032
710033
710034
710035
710036
710037
710038
710039
710040
710041
710042
710043
710044
710045
710047
710215
710216
710217
710218
710219
710220
710221
710222
710223
710224
710225
710226
710227
710228
710229
710230
710231
710232
710235
710406
710408
710409
710410
710411
710412
710413
710414
710415
710416
710417
710418
710419
710420
710422
710423
710600
710602
710603
710604
710605
710606
710607
710608
710609
710610
710611
710613
710614
710794
710796
710797
710798
710799
710800
710801
710802
710804
710805
710988
710990
710991
710993
710996
720490
720677
720678
720680
720681
720684
720865
720866
720868
720869
720871
720872
720875
721056
721057
721058
721059
721060
721061
721062
721063
721066
721247
721248
721249
721250
721251
721252
721253
721254
721257
721417
721418
721419
721420
721421
721422
721423
721424
721425
721426
721427
721428
721429
721430
721431
721432
721433
721434
721435
721436
721437
721438
721439
721440
721441
721442
721443
721444
721445
721446
721448
721449
721608
721609
721610
721611
721612
721613
721614
721615
721616
721617
721618
721619
721620
721621
721622
721623
721624
721625
721626
721627
721628
721629
721630
721631
721632
721633
721634
721635
721636
721799
721800
721801
721802
721803
721804
721805
721806
721807
721808
721809
721810
721811
721812
721813
721814
721815
721816
721817
721818
721819
721820
721821
721822
721823
721824
721825
721827
721987
721989
721990
721991
721992
721993
721994
721995
721996
721997
721998
721999
722000
722001
722002
722003
722004
722005
722006
722007
722008
722009
722010
722011
722012
722013
722014
722015
722181
722182
722183
722184
722185
722186
722187
722188
722189
722190
722191
722192
722193
722194
722195
722196
722197
722198
722199
722200
722201
722202
722203
722204
722207
722372
722373
722374
722375
722376
722377
722378
722379
722380
722381
722382
722383
722384
722385
722386
722387
722388
722389
722390
722391
722392
722394
722395
722563
722565
722566
722567
722568
722569
722570
722571
722572
722573
722574
722575
722576
722577
722578
722579
722580
722581
722582
722583
722585
722586
722757
722759
722760
722761
722762
722763
722764
722765
722766
722767
722768
722769
722770
722771
722772
722773
722774
722776
722777
722951
722953
722954
722955
722956
722957
722958
722959
722960
722961
722962
722963
722964
722965
722967
722968
723145
723147
723148
723149
723150
723151
723152
723153
723154
723155
723156
723158
723159
723339
723341
723342
723343
723344
723345
723346
723347
723349
723350
723533
723535
723536
723537
723538
723540
723541
723727
723729
723732
733216
733217
733218
733220
733221
733383
733384
733385
733386
733387
733388
733389
733390
733391
733392
733393
733394
733395
733396
733397
733398
733399
733400
733401
733402
733403
733404
733405
733406
733407
733408
733409
733411
733412
733571
733572
733573
733574
733575
733576
733577
733578
733579
733580
733581
733582
733583
733584
733585
733586
733587
733588
733589
733590
733591
733592
733593
733594
733595
733596
733597
733598
733599
733600
733601
733602
733603
733604
733606
733609
733762
733763
733764
733765
733766
733767
733768
733769
733770
733771
733772
733773
733774
733775
733776
733777
733778
733779
733780
733781
733782
733783
733784
733785
733786
733787
733788
733789
733790
733791
733793
733794
733953
733954
733955
733956
733957
733958
733959
733960
733961
733962
733963
733964
733965
733966
733967
733968
733969
733970
733971
733972
733973
733974
733975
733976
733977
733978
733979
733980
733981
733982
733985
734144
734146
734147
734148
734149
734150
734151
734152
734153
734154
734155
734156
734157
734158
734159
734160
734161
734162
734163
734164
734165
734166
734167
734168
734169
734170
734172
734173
734338
734339
734340
734341
734342
734343
734344
734345
734346
734347
734348
734349
734350
734351
734352
734353
734354
734355
734356
734357
734358
734359
734360
734361
734362
734363
734364
734529
734531
734532
734533
734534
734535
734536
734537
734538
734539
734540
734541
734542
734543
734544
734545
734546
734547
734548
734549
734550
734551
734552
734554
734555
734723
734725
734726
734727
734728
734729
734730
734731
734732
734733
734734
734735
734736
734737
734738
734739
734740
734741
734742
734743
734744
734745
734746
734748
734749
734917
734918
734919
734920
734921
734922
734923
734924
734925
734926
734927
734928
734929
734930
734931
734932
734933
734934
734935
734936
734937
734939
734940
735108
735110
735111
735112
735113
735114
735115
735116
735117
735118
735119
735120
735121
735122
735123
735124
735125
735126
735127
735128
735130
735131
735302
735304
735305
735306
735307
735308
735309
735310
735311
735312
735313
735314
735315
735316
735317
735318
735319
735321
735322
735496
735498
735499
735500
735501
735502
735503
735504
735505
735506
735507
735508
735509
735510
735512
735513
735690
735692
735693
735694
735695
735696
735697
735698
735699
735700
735701
735703
735704
735884
735886
735887
735888
735889
735890
735891
735892
735895
736078
736080
736083
745188
745189
745190
745192
745193
745355
745356
745357
745358
745359
745360
745361
745362
745363
745364
745365
745366
745367
745368
745369
745370
745371
745372
745373
745374
745375
745376
745377
745378
745379
745380
745381
745382
745383
745384
745386
745387
745540
745541
745542
745543
745544
745545
745546
745547
745548
745549
745550
745551
745552
745553
745554
745555
745556
745557
745558
745559
745560
745561
745562
745563
745564
745565
745566
745567
745568
745569
745570
745571
745572
745573
745574
745575
745577
745578
745728
745729
745730
745731
745732
745733
745734
745735
745736
745737
745738
745739
745740
745741
745742
745743
745744
745745
745746
745747
745748
745749
745750
745751
745752
745753
745754
745755
745756
745757
745758
745759
745760
745761
745762
745763
745764
745766
745769
745919
745920
745921
745922
745923
745924
745925
745926
745927
745928
745929
745930
745931
745932
745933
745934
745935
745936
745937
745938
745939
745940
745941
745942
745943
745944
745945
745946
745947
745948
745949
745950
745951
745953
745954
746110
746111
746112
746113
746114
746115
746116
746117
746118
746119
746120
746121
746122
746123
746124
746125
746126
746127
746128
746129
746130
746131
746132
746133
746134
746135
746136
746137
746138
746139
746140
746141
746142
746144
746301
746303
746304
746305
746306
746307
746308
746309
746310
746311
746312
746313
746314
746315
746316
746317
746318
746319
746320
746321
746322
746323
746324
746325
746326
746327
746328
746329
746330
746331
746332
746333
746495
746497
746498
746499
746500
746501
746502
746503
746504
746505
746506
746507
746508
746509
746510
746511
746512
746513
746514
746515
746516
746517
746518
746519
746520
746521
746523
746524
746689
746691
746692
746693
746694
746695
746696
746697
746698
746699
746700
746701
746702
746703
746704
746705
746706
746707
746708
746709
746710
746711
746712
746713
746714
746715
746717
746883
746884
746885
746886
746887
746888
746889
746890
746891
746892
746893
746894
746895
746896
746897
746898
746899
746900
746901
746902
746903
746904
746905
746906
746908
746909
747074
747076
747077
747078
747079
747080
747081
747082
747083
747084
747085
747086
747087
747088
747089
747090
747091
747092
747093
747094
747095
747096
747097
747099
747100
747268
747270
747271
747272
747273
747274
747275
747276
747277
747278
747279
747280
747281
747282
747283
747284
747285
747286
747287
747288
747290
747291
747462
747464
747465
747466
747467
747468
747469
747470
747471
747472
747473
747474
747475
747476
747477
747478
747479
747481
747482
747656
747657
747658
747659
747660
747661
747662
747663
747664
747665
747666
747667
747668
747669
747670
747672
747673
747847
747850
747852
747853
747854
747855
747856
747857
747858
747859
747860
747861
747863
748044
748046
748047
748048
748049
748050
748051
748052
748238
757157
757158
757159
757161
757162
757342
757343
757344
757345
757346
757347
757348
757349
757350
757351
757352
757353
757355
757509
757510
757511
757512
757513
757514
757515
757516
757517
757518
757519
757520
757521
757522
757523
757524
757525
757526
757527
757528
757529
757530
757531
757532
757533
757534
757535
757536
757537
757538
757539
757540
757541
757542
757543
757544
757546
757547
757697
757698
757699
757700
757701
757702
757703
757704
757705
757706
757707
757708
757709
757710
757711
757712
757713
757714
757715
757716
757717
757718
757719
757720
757721
757722
757723
757724
757725
757726
757727
757728
757729
757730
757731
757732
757733
757734
757735
757737
757885
757886
757887
757888
757889
757890
757891
757892
757893
757894
757895
757896
757897
757898
757899
757900
757901
757902
757903
757904
757905
757906
757907
757908
757909
757910
757911
757912
757913
757914
757915
757916
757917
757918
757919
757920
757921
757922
757923
757924
757926
758076
758077
758078
758079
758080
758081
758082
758083
758084
758085
758086
758087
758088
758089
758090
758091
758092
758093
758094
758095
758096
758097
758098
758099
758100
758101
758102
758103
758104
758105
758106
758107
758108
758109
758110
758111
758114
758267
758269
758270
758271
758272
758273
758274
758275
758276
758277
758278
758279
758280
758281
758282
758283
758284
758285
758286
758287
758288
758289
758290
758291
758292
758293
758294
758295
758296
758297
758298
758299
758301
758302
758461
758462
758463
758464
758465
758466
758467
758468
758469
758470
758471
758472
758473
758474
758475
758476
758477
758478
758479
758480
758481
758482
758483
758484
758485
758486
758487
758488
758489
758490
758492
758493
758652
758654
758655
758656
758657
758658
758659
758660
758661
758662
758663
758664
758665
758666
758667
758668
758669
758670
758671
758672
758673
758674
758675
758676
758677
758678
758679
758680
758681
758683
758684
758846
758848
758849
758850
758851
758852
758853
758854
758855
758856
758857
758858
758859
758860
758861
758862
758863
758864
758865
758866
758867
758868
758869
758870
758871
758872
758874
758875
759040
759042
759043
759044
759045
759046
759047
759048
759049
759050
759051
759052
759053
759054
759055
759056
759057
759058
759059
759060
759061
759062
759063
759064
759065
759066
759068
759234
759236
759237
759238
759239
759240
759241
759242
759243
759244
759245
759246
759247
759248
759249
759250
759251
759252
759253
759254
759255
759256
759257
759259
759428
759430
759431
759432
759433
759434
759435
759436
759437
759438
759439
759440
759441
759442
759443
759444
759445
759446
759447
759448
759450
759622
759624
759625
759626
759627
759628
759629
759630
759631
759632
759633
759634
759635
759636
759637
759638
759639
759641
759816
759818
759819
759820
759821
759822
759823
759824
759825
759826
759827
759828
759829
759830
760010
760012
760013
760014
760015
760016
760017
760018
760020
760204
760207
769314
769315
769317
769318
769321
769496
769497
769499
769500
769502
769503
769505
769506
769508
769509
769512
769666
769667
769669
769670
769672
769673
769675
769676
769678
769679
769681
769682
769684
769685
769687
769688
769690
769691
769693
769694
769696
769697
769699
769700
769702
769703
769854
769855
769857
769858
769860
769861
769863
769864
769866
769867
769869
769870
769872
769873
769875
769876
769878
769879
769881
769882
769884
769885
769887
769888
769890
769891
769894
770045
770046
770048
770049
770051
770052
770054
770055
770057
770058
770060
770061
770063
770064
770066
770067
770069
770070
770072
770073
770075
770076
770078
770079
770081
770082
770236
770237
770239
770240
770242
770243
770245
770246
770248
770249
770251
770252
770254
770255
770257
770258
770260
770261
770263
770264
770266
770267
770269
770270
770427
770428
770430
770431
770433
770434
770436
770437
770439
770440
770442
770443
770445
770446
770448
770449
770451
770452
770454
770455
770457
770458
770461
770618
770621
770622
770624
770625
770627
770628
770630
770631
770633
770634
770636
770637
770639
770640
770642
770643
770645
770646
770648
770649
770652
770812
770813
770815
770816
770818
770819
770821
770822
770824
770825
770827
770828
770830
770831
770833
770834
770836
770837
770839
770840
770843
771003
771006
771007
771009
771010
771012
771013
771015
771016
771018
771019
771021
771022
771024
771025
771027
771028
771030
771031
771034
771197
771200
771201
771203
771204
771206
771207
771209
771210
771212
771213
771215
771216
771218
771219
771221
771222
771225
771391
771394
771397
771398
771400
771401
771403
771404
771406
771407
771409
771410
771412
771413
771416
771588
771591
771592
771594
771595
771597
771598
771600
771601
771603
771604
771607
771782
771785
771786
771788
771789
771791
771792
771794
771795
771798
771976
771979
771980
771982
771983
771985
771986
772170
772173
913558
913559
913560
913561
913619
913620
913621
913622
913623
913624
913680
913681
913682
913683
913684
913685
913686
-733213
-733214
-733215
-757152
769316
769319
769322
769498
769501
769504
769507
769510
769513
769668
769671
769674
769677
769680
769683
769686
769689
769692
769695
769698
769701
769704
769707
769856
769859
769862
769865
769868
769871
769874
769877
769880
769883
769886
769889
769892
769895
770047
770050
770053
770056
770059
770062
770065
770068
770071
770074
770077
770080
770083
770086
770238
770241
770244
770247
770250
770253
770256
770259
770262
770265
770268
770271
770274
770429
770432
770435
770438
770441
770444
770447
770450
770453
770456
770459
770462
770620
770623
770626
770629
770632
770635
770638
770641
770644
770647
770650
770653
770814
770817
770820
770823
770826
770829
770832
770835
770838
770841
770844
771005
771008
771011
771014
771017
771020
771023
771026
771029
771032
771035
771199
771202
771205
771208
771211
771214
771217
771220
771223
771226
771393
771396
771399
771402
771405
771408
771411
771414
771417
771590
771593
771596
771599
771602
771605
771608
771784
771787
771790
771793
771796
771799
771978
771981
771984
771987
771990
772172
772175
772178
760021
771989
772176
709086
-721244
-721245
-721246
-709272
-709273
-709274
720679
720867
720870
720873
721064
721255
-733026
-733029
-733030
-733033
733219
-733224
733410
-733414
-733415
-744998
-744999
-745001
-745002
-745185
-745186
-745187
685723
685726
685729
685732
685735
685910
685911
-696733
-696924
-696925
-696926
-697112
-697113
-697296
-697298
-697299
-697300
-697301
-697302
697513
697703
697704
697883
697886
697889
697891
697892
697893
698070
698071
-698075
698258
-698263
698449
698450
-698454
-698642
-698645
-698833
-698836
708140
708143
-708323
-708324
708328
708334
708336
-708511
708516
708527
-708702
708718
-708893
-708894
708909
-709081
709100
-709259
-709262
-709264
-709265
-709267
-709268
-709270
-709271
709291
-709451
-709452
-709453
709481
709482
709669
709671
709860
709861
709862
710046
710048
710049
710233
710234
710421
-710426
710612
-710617
710803
-710808
710994
710995
-710999
-711187
-711190
-711378
-711381
-711569
-711572
-720299
-720486
-720487
720489
720491
-720493
-720674
-720675
720682
720683
720685
-720862
720874
720876
-721053
721065
721067
-721225
-721227
-721228
-721230
-721231
-721233
-721234
-721236
-721237
-721239
-721240
-721242
-721243
721256
721258
721447
721638
721639
721826
722017
722019
722206
722393
722584
-722589
722775
-722780
722966
-722971
723157
-723162
723348
-723353
723539
-723544
723730
723731
-723735
-723923
-733193
-733196
-733197
-733199
-733200
-733202
-733203
-733205
-733206
-733208
-733209
-733211
-733212
-733227
-733417
-733418
733607
734365
734366
734367
734553
-734557
-734558
734747
734938
735129
735320
735702
735893
735894
736079
736081
736082
-745165
-745168
-745171
-745174
-745177
-745180
-745183
-745184
745191
-745195
-745196
-745350
-745351
-745352
-745353
-745354
745385
745576
746334
746335
746336
746522
-746526
746716
746718
746907
747098
747289
747864
748054
748239
748241
748242
748243
-756967
-756970
-757154
-757155
-757156
757160
-757164
-757322
-757325
-757328
-757331
-757334
-757337
-757338
-757339
-757340
-757341
758491
758682
758873
-758877
759067
759258
759832
760019
760211
760212
-769311
-769312
748055
760210
721637
721640
721828
733605
733608
733792
733983
735511
745765
745767
745768
745952
746143
746145
747480
747671
747862
748053
757354
757356
757545
757736
757738
757925
757927
757928
757929
758112
758113
758300
759069
759260
759449
759451
759640
759642
759831
759833
-769124
-769127
-769130
769320
769511
-769515
769705
769706
769893
770084
770085
770272
770273
770460
770651
770842
771033
771224
771415
771606
771797
771988
722016
733984
734171
-734175
-734176
710050
722018
722205
-661210
-661213
-661216
-661219
-661401
-672800
-672803
-672806
-672809
-672988
-672991
-672994
-672997
-673000
-673002
-673176
-673178
-673179
-673181
-673182
-673184
-673185
-673187
-673188
-673191
-673193
-673364
-673365
-673367
673372
673375
673377
673378
-673382
-673384
-673555
-673556
-673558
673559
673560
-673564
-673567
-673570
-673573
-673575
-673746
-673749
-673752
-684390
-684393
-684396
-684578
-684581
-684584
-684587
-684589
-684768
-684769
-684771
-684772
-684774
-684775
-684777
-684778
-684780
-684955
-684956
-684957
684967
-684970
-684971
-685143
-685144
-685145
-685330
-685331
-685332
-685333
-685518
-685519
-685521
-685709
-685710
-685712
685734
-685900
-685901
-685903
685905
685908
-686091
-686094
-686097
-686100
-686285
-686288
-686291
-695980
-695983
-696168
-696171
-696174
-696176
-696356
-696358
-696359
-696361
-696362
-696364
-696365
-696367
-696545
-696546
-696547
696554
-696557
-696558
-697484
-697485
-697486
-697487
-697673
-697675
-697864
-697866
-698055
-698057
-698246
-698248
698250
-698440
-698442
698444
698447
-698636
-698639
-698830
-707948
-707951
-708135
-708136
708141
-708144
-709450
-709639
-709641
-709829
-709830
-709832
-710021
-710023
-710212
-710214
-710403
-710405
710407
-710597
-710599
710601
-710791
-710793
710795
-710985
-710987
710989
710992
-711181
-711184
-711375
-721413
-721414
-721416
-721604
-721605
-721607
-721795
-721796
-721797
-721798
-721984
-721986
721988
-722178
-722180
-722369
-722371
-722560
722564
-722754
722758
-722948
-722950
722952
-723142
-723144
723146
-723336
-723338
723340
-723530
-723532
723534
-723724
-723726
723728
-723920
-733380
-733381
-733382
-733568
-733570
-733759
-733761
-733950
-733952
-734141
-734143
734145
-734335
-734337
-734526
734530
-734720
734724
-734914
-734916
-735105
735109
-735299
735303
-735493
735497
-735687
-735689
735691
-735881
735885
-736075
-745537
-745538
-745539
-745725
-745727
-745916
-745918
-746107
-746109
-746298
746302
-746492
-746494
746496
-746686
-746688
746690
-746880
-746882
-747071
747075
-747265
747269
-747459
747463
-747653
-747844
747848
747849
747851
-748041
748045
-748235
748240
-757319
-757506
-757507
-757508
-757694
-757695
-757696
-757882
-758073
-758264
758268
-758458
-758460
-758649
758653
-758843
-758845
758847
-759037
-759039
759041
-759231
-759233
759235
-759425
759429
-759619
759623
-759813
759817
-760007
760011
-760201
760205
760206
760208
760209
-769306
-769309
-769476
-769479
-769482
-769485
-769488
-769491
-769493
-769494
-769663
-769664
-769851
-770042
-770233
-770424
-770615
770619
-770809
-771000
771004
-771194
771198
-771388
771392
771395
-771585
771589
-771779
771783
-771973
771977
-772167
772171
772174
772177
)


// ************************************************************************* //
