/*--------------------------------*- C++ -*----------------------------------*\
  =========                 |
  \\      /  F ield         | OpenFOAM: The Open Source CFD Toolbox
   \\    /   O peration     | Website:  https://openfoam.org
    \\  /    A nd           | Version:  6
     \\/     M anipulation  |
\*---------------------------------------------------------------------------*/
FoamFile
{
    version     2.0;
    format      ascii;
    class       labelList;
    note        "nPoints:1370  nCells:890  nFaces:3103  nInternalFaces:2237";
    location    "constant/region503/polyMesh";
    object      neighbour;
}
// * * * * * * * * * * * * * * * * * * * * * * * * * * * * * * * * * * * * * //


2237
(
1
4
24
2
25
3
26
27
32
6
10
55
7
11
56
8
12
57
13
58
10
16
61
11
17
62
12
18
63
13
19
64
14
20
65
21
66
16
23
69
17
24
70
18
25
71
19
26
72
20
27
73
21
28
74
29
75
23
30
78
24
31
79
25
32
80
26
33
81
27
34
82
28
35
83
29
36
84
37
85
31
38
88
32
39
89
33
40
90
34
91
35
92
36
93
37
94
39
97
40
98
99
42
45
119
43
46
120
47
121
45
49
123
46
50
124
47
51
125
48
52
126
53
127
50
55
129
51
56
130
52
57
131
53
58
132
59
133
55
61
134
56
62
135
57
63
136
58
64
137
59
65
138
66
139
61
69
143
62
70
144
63
71
145
64
72
146
65
73
147
66
74
148
75
149
68
77
152
69
78
153
70
79
154
71
80
155
72
81
156
73
82
157
74
83
158
75
84
159
85
77
86
161
78
87
162
79
88
163
80
89
164
81
90
165
82
91
166
83
92
167
84
93
168
85
94
169
87
95
171
88
96
172
89
97
173
90
98
174
91
99
175
92
176
93
177
94
178
96
100
180
97
101
181
98
102
182
99
103
183
184
101
187
102
104
188
103
105
189
106
190
105
193
106
194
195
108
110
111
110
114
111
115
204
112
116
117
114
118
115
119
205
116
120
206
117
121
207
122
119
123
208
120
124
209
121
125
210
122
126
211
127
124
129
212
125
130
213
126
131
214
127
132
215
133
129
134
130
135
216
131
136
217
132
137
218
133
138
219
139
135
144
226
136
145
227
137
146
228
138
147
229
139
148
230
149
141
151
233
142
152
234
143
153
235
144
154
236
145
155
237
146
156
238
147
157
239
148
158
240
149
159
241
151
160
243
152
161
244
153
162
245
154
163
246
155
164
247
156
165
248
157
166
249
158
167
250
159
168
251
169
161
170
254
162
171
255
163
172
256
164
173
257
165
174
258
166
175
259
167
176
260
168
177
261
169
178
262
171
179
264
172
180
265
173
181
266
174
182
267
175
183
268
176
184
269
177
185
270
178
271
180
186
273
181
187
274
182
188
275
183
189
276
184
190
277
185
191
278
279
187
281
188
192
282
189
193
283
190
194
284
191
195
285
196
286
193
289
194
197
290
195
198
291
196
199
292
200
293
198
296
199
201
297
200
202
298
203
299
202
302
203
303
304
206
206
209
207
210
211
209
212
210
213
211
214
215
213
216
315
214
217
316
215
218
219
217
227
325
218
228
326
219
229
230
221
231
329
222
232
330
223
233
331
224
234
332
225
235
333
226
236
334
227
237
335
228
238
336
229
239
337
230
240
338
241
339
232
242
342
233
243
343
234
244
344
235
245
345
236
246
346
237
247
347
238
248
348
239
249
349
240
250
350
241
251
243
253
353
244
254
354
245
255
355
246
256
356
247
257
357
248
258
358
249
259
359
250
260
360
251
261
361
262
253
363
254
263
364
255
264
365
256
265
366
257
266
367
258
267
368
259
268
369
260
269
370
261
270
371
262
271
264
272
373
265
273
374
266
274
375
267
275
376
268
276
377
269
277
378
270
278
379
271
279
380
381
273
280
383
274
281
384
275
282
385
276
283
386
277
284
387
278
285
388
279
286
389
287
390
281
391
282
288
392
283
289
393
284
290
394
285
291
395
286
292
396
287
293
397
294
398
289
400
290
295
401
291
296
402
292
297
403
293
298
404
294
299
405
300
406
296
409
297
301
410
298
302
411
299
303
412
300
304
413
305
414
302
417
303
306
418
304
307
419
305
308
420
309
421
307
424
308
310
425
309
311
426
312
427
311
430
312
313
431
314
432
314
435
436
316
325
449
326
450
318
328
454
319
329
455
320
330
456
321
331
457
322
332
458
323
333
459
324
334
460
325
335
461
326
336
462
337
463
328
340
467
329
341
468
330
342
469
331
343
470
332
344
471
333
345
472
334
346
473
335
347
474
336
348
475
337
349
476
338
350
477
339
478
479
341
351
481
342
352
482
343
353
483
344
354
484
345
355
485
346
356
486
347
357
487
348
358
488
349
359
489
350
360
490
361
491
352
362
493
353
363
494
354
364
495
355
365
496
356
366
497
357
367
498
358
368
499
359
369
500
360
370
501
361
371
502
503
363
505
364
372
506
365
373
507
366
374
508
367
375
509
368
376
510
369
377
511
370
378
512
371
379
513
380
514
373
382
517
374
383
518
375
384
519
376
385
520
377
386
521
378
387
522
379
388
523
380
389
524
381
390
525
383
526
384
391
527
385
392
528
386
393
529
387
394
530
388
395
531
389
396
532
390
397
533
398
534
392
536
393
400
537
394
401
538
395
402
539
396
403
540
397
404
541
398
405
542
399
406
543
407
544
401
408
546
402
409
547
403
410
548
404
411
549
405
412
550
406
413
551
407
414
552
415
553
409
554
410
416
555
411
417
556
412
418
557
413
419
558
414
420
559
415
421
560
422
561
417
562
418
423
563
419
424
564
420
425
565
421
426
566
422
427
567
428
568
424
569
425
429
570
426
430
571
427
431
572
428
432
573
433
574
430
576
431
434
577
432
435
578
433
436
579
437
580
435
581
436
438
582
437
439
583
584
439
585
586
441
450
591
451
592
443
455
596
444
456
597
445
457
598
446
458
599
447
459
600
448
460
601
449
461
602
450
462
603
451
463
604
452
464
605
465
606
454
467
608
455
468
609
456
469
610
457
470
611
458
471
612
459
472
613
460
473
614
461
474
615
462
475
616
463
476
617
464
477
618
465
478
619
479
620
467
480
622
468
481
623
469
482
624
470
483
625
471
484
626
472
485
627
473
486
628
474
487
629
475
488
630
476
489
631
477
490
632
478
491
633
479
634
635
481
492
637
482
493
638
483
494
639
484
495
640
485
496
641
486
497
642
487
498
643
488
499
644
489
500
645
490
501
646
491
502
647
503
648
493
504
650
494
505
651
495
506
652
496
507
653
497
508
654
498
509
655
499
510
656
500
511
657
501
512
658
502
513
659
503
514
660
515
505
661
506
516
662
507
517
663
508
518
664
509
519
665
510
520
666
511
521
667
512
522
668
513
523
669
514
524
670
515
525
671
517
673
518
526
674
519
527
675
520
528
676
521
529
677
522
530
678
523
531
679
524
532
680
525
533
681
534
682
527
684
528
536
685
529
537
686
530
538
687
531
539
688
532
540
689
533
541
690
534
542
691
535
543
692
544
537
545
694
538
546
695
539
547
696
540
548
697
541
549
698
542
550
699
543
551
700
544
552
701
553
702
546
703
547
554
704
548
555
705
549
556
706
550
557
707
551
558
708
552
559
709
553
560
710
561
711
555
712
556
562
713
557
563
714
558
564
715
559
565
716
560
566
717
561
567
718
568
719
563
720
564
569
721
565
570
722
566
571
723
567
572
724
568
573
725
574
726
570
575
727
571
576
728
572
577
729
573
578
730
574
579
731
580
732
576
577
733
578
581
734
579
582
735
580
583
736
584
582
737
583
585
738
584
586
739
586
588
591
741
592
742
590
602
745
591
603
746
592
604
747
593
605
748
606
595
608
750
596
609
751
597
610
752
598
611
753
599
612
754
600
613
755
601
614
756
602
615
757
603
616
758
604
617
759
605
618
760
606
619
761
620
762
608
622
764
609
623
765
610
624
766
611
625
767
612
626
768
613
627
769
614
628
770
615
629
771
616
630
772
617
631
773
618
632
774
619
633
775
620
634
776
635
622
636
777
623
637
778
624
638
779
625
639
780
626
640
781
627
641
782
628
642
783
629
643
784
630
644
785
631
645
786
632
646
787
633
647
788
634
648
789
635
790
637
649
791
638
650
792
639
651
793
640
652
794
641
653
795
642
654
796
643
655
797
644
656
798
645
657
799
646
658
800
647
659
801
648
660
802
803
650
804
651
661
805
652
662
806
653
663
807
654
664
808
655
665
809
656
666
810
657
667
811
658
668
812
659
669
813
660
670
814
671
815
662
672
817
663
673
818
664
674
819
665
675
820
666
676
821
667
677
822
668
678
823
669
679
824
670
680
825
671
681
826
682
827
673
828
674
683
829
675
684
830
676
685
831
677
686
832
678
687
833
679
688
834
680
689
835
681
690
836
682
691
837
692
838
684
840
685
693
841
686
694
842
687
695
843
688
696
844
689
697
845
690
698
846
691
699
847
692
700
848
701
849
694
851
695
703
852
696
704
853
697
705
854
698
706
855
699
707
856
700
708
857
701
709
858
702
710
859
711
704
861
705
712
862
706
713
863
707
714
864
708
715
865
709
716
866
710
717
867
711
718
868
719
713
869
714
720
870
715
721
871
716
722
872
717
723
873
718
724
874
719
725
875
726
721
876
722
727
877
723
728
878
724
729
879
725
730
880
726
731
881
732
728
882
729
733
883
730
734
884
731
735
885
732
736
886
734
887
735
737
888
736
738
889
739
738
739
741
746
742
747
748
744
756
745
757
746
758
747
759
748
760
761
750
764
751
765
752
766
753
767
754
768
755
769
756
770
757
771
758
772
759
773
760
774
761
775
762
776
764
777
765
778
766
779
767
780
768
781
769
782
770
783
771
784
772
785
773
786
774
787
775
788
776
789
790
778
791
779
792
780
793
781
794
782
795
783
796
784
797
785
798
786
799
787
800
788
801
789
802
790
803
792
804
793
805
794
806
795
807
796
808
797
809
798
810
799
811
800
812
801
813
802
814
803
815
805
816
806
817
807
818
808
819
809
820
810
821
811
822
812
823
813
824
814
825
815
826
827
817
818
828
819
829
820
830
821
831
822
832
823
833
824
834
825
835
826
836
827
837
838
829
839
830
840
831
841
832
842
833
843
834
844
835
845
836
846
837
847
838
848
849
840
841
850
842
851
843
852
844
853
845
854
846
855
847
856
848
857
849
858
859
851
852
860
853
861
854
862
855
863
856
864
857
865
858
866
859
867
868
861
862
863
869
864
870
865
871
866
872
867
873
868
874
875
870
871
876
872
877
873
878
874
879
875
880
881
877
878
882
879
883
880
884
881
885
886
883
884
887
885
888
886
889
888
889
)


// ************************************************************************* //
