/*--------------------------------*- C++ -*----------------------------------*\
  =========                 |
  \\      /  F ield         | OpenFOAM: The Open Source CFD Toolbox
   \\    /   O peration     | Website:  https://openfoam.org
    \\  /    A nd           | Version:  6
     \\/     M anipulation  |
\*---------------------------------------------------------------------------*/
FoamFile
{
    version     2.0;
    format      ascii;
    class       labelList;
    location    "constant/region503/polyMesh";
    object      pointRegionAddressing;
}
// * * * * * * * * * * * * * * * * * * * * * * * * * * * * * * * * * * * * * //


1370
(
233928
233929
233930
233931
233932
233993
233994
233995
233996
233997
234058
234059
237959
237960
237961
237962
237963
238023
238024
238025
238026
238027
238028
238029
238087
238088
238089
238090
238091
238092
238093
238094
238151
238152
238153
238154
238155
238156
238157
238158
238159
238216
238217
238218
238219
238220
238221
238222
238223
238224
238281
238282
238283
238284
238285
238286
238287
238288
238289
238346
238347
238348
238349
241990
241991
241992
241993
242054
242055
242056
242057
242058
242059
242119
242120
242121
242122
242123
242124
242183
242184
242185
242186
242187
242188
242189
242247
242248
242249
242250
242251
242252
242253
242254
242310
242311
242312
242313
242314
242315
242316
242317
242318
242319
242374
242375
242376
242377
242378
242379
242380
242381
242382
242383
242384
242439
242440
242441
242442
242443
242444
242445
242446
242447
242448
242449
242504
242505
242506
242507
242508
242509
242510
242511
242512
242513
242514
242569
242570
242571
242572
242573
242574
242634
242635
242636
242637
242638
242700
242701
242702
242703
246021
246022
246023
246085
246086
246087
246088
246089
246149
246150
246151
246152
246153
246154
246214
246215
246216
246217
246218
246219
246279
246280
246281
246282
246283
246284
246343
246344
246345
246346
246347
246348
246349
246408
246409
246410
246411
246412
246413
246414
246469
246470
246471
246472
246473
246474
246475
246476
246477
246478
246479
246533
246534
246535
246536
246537
246538
246539
246540
246541
246542
246543
246544
246598
246599
246600
246601
246602
246603
246604
246605
246606
246607
246608
246609
246663
246664
246665
246666
246667
246668
246669
246670
246671
246672
246673
246674
246728
246729
246730
246731
246732
246733
246734
246735
246736
246737
246738
246793
246794
246795
246796
246797
246798
246799
246800
246858
246859
246860
246861
246862
246863
246864
246924
246925
246926
246927
246928
246929
246990
246991
246992
246993
246994
247056
247057
247058
247059
250246
250247
250248
250310
250311
250312
250313
250314
250374
250375
250376
250377
250378
250379
250439
250440
250441
250442
250443
250444
250504
250505
250506
250507
250508
250509
250568
250569
250570
250571
250572
250573
250574
250627
250628
250629
250630
250631
250632
250633
250634
250635
250636
250637
250638
250639
250692
250693
250694
250695
250696
250697
250698
250699
250700
250701
250702
250703
250704
250757
250758
250759
250760
250761
250762
250763
250764
250765
250766
250767
250768
250769
250821
250822
250823
250824
250825
250826
250827
250828
250829
250830
250831
250832
250833
250886
250887
250888
250889
250890
250891
250892
250893
250894
250895
250896
250897
250898
250952
250953
250954
250955
250956
250957
250958
250959
250960
250961
250962
251017
251018
251019
251020
251021
251022
251023
251024
251025
251082
251083
251084
251085
251086
251087
251088
251089
251090
251148
251149
251150
251151
251152
251153
251154
251155
251214
251215
251216
251217
251218
251219
251220
251280
251281
251282
251283
251284
251285
251346
251347
251348
251349
251350
251412
251413
251414
251415
251478
251479
251480
254536
254537
254600
254601
254602
254603
254664
254665
254666
254667
254668
254729
254730
254731
254732
254733
254786
254787
254788
254789
254790
254791
254792
254793
254794
254795
254796
254797
254798
254850
254851
254852
254853
254854
254855
254856
254857
254858
254859
254860
254861
254862
254863
254915
254916
254917
254918
254919
254920
254921
254922
254923
254924
254925
254926
254927
254928
254980
254981
254982
254983
254984
254985
254986
254987
254988
254989
254990
254991
254992
254993
255045
255046
255047
255048
255049
255050
255051
255052
255053
255054
255055
255056
255057
255110
255111
255112
255113
255114
255115
255116
255117
255118
255119
255120
255121
255122
255176
255177
255178
255179
255180
255181
255182
255183
255184
255185
255186
255241
255242
255243
255244
255245
255246
255247
255248
255249
255250
255251
255307
255308
255309
255310
255311
255312
255313
255314
255315
255316
255373
255374
255375
255376
255377
255378
255379
255380
255381
255438
255439
255440
255441
255442
255443
255444
255445
255446
255504
255505
255506
255507
255508
255509
255510
255511
255570
255571
255572
255573
255574
255575
255576
255636
255637
255638
255639
255640
255641
255702
255703
255704
255705
255706
255768
255769
255770
258890
258891
258892
258947
258948
258949
258950
258951
258952
258953
258954
258955
258956
258957
258958
259010
259011
259012
259013
259014
259015
259016
259017
259018
259019
259020
259021
259022
259023
259074
259075
259076
259077
259078
259079
259080
259081
259082
259083
259084
259085
259086
259087
259088
259139
259140
259141
259142
259143
259144
259145
259146
259147
259148
259149
259150
259151
259152
259153
259204
259205
259206
259207
259208
259209
259210
259211
259212
259213
259214
259215
259216
259269
259270
259271
259272
259273
259274
259275
259276
259277
259278
259279
259280
259281
259334
259335
259336
259337
259338
259339
259340
259341
259342
259343
259344
259345
259346
259400
259401
259402
259403
259404
259405
259406
259407
259408
259409
259410
259411
259466
259467
259468
259469
259470
259471
259472
259473
259474
259475
259476
259532
259533
259534
259535
259536
259537
259538
259539
259540
259541
259597
259598
259599
259600
259601
259602
259603
259604
259605
259606
259663
259664
259665
259666
259667
259668
259669
259670
259671
259729
259730
259731
259732
259733
259734
259735
259736
259795
259796
259797
259798
259799
259800
259801
259860
259861
259862
259863
259864
259865
259866
259927
259928
259929
259930
259931
259993
259994
259995
263050
263051
263052
263113
263114
263115
263116
263117
263118
263170
263171
263172
263173
263174
263175
263176
263177
263178
263179
263180
263181
263182
263183
263234
263235
263236
263237
263238
263239
263240
263241
263242
263243
263244
263245
263246
263247
263248
263298
263299
263300
263301
263302
263303
263304
263305
263306
263307
263308
263309
263310
263311
263312
263313
263363
263364
263365
263366
263367
263368
263369
263370
263371
263372
263373
263374
263375
263376
263377
263378
263428
263429
263430
263431
263432
263433
263434
263435
263436
263437
263438
263439
263440
263441
263493
263494
263495
263496
263497
263498
263499
263500
263501
263502
263503
263504
263505
263506
263559
263560
263561
263562
263563
263564
263565
263566
263567
263568
263569
263570
263571
263624
263625
263626
263627
263628
263629
263630
263631
263632
263633
263634
263635
263636
263690
263691
263692
263693
263694
263695
263696
263697
263698
263699
263700
263701
263756
263757
263758
263759
263760
263761
263762
263763
263764
263765
263766
263822
263823
263824
263825
263826
263827
263828
263829
263830
263831
263888
263889
263890
263891
263892
263893
263894
263895
263896
263954
263955
263956
263957
263958
263959
263960
263961
264020
264021
264022
264023
264024
264025
264026
264085
264086
264087
264088
264089
264090
264091
264152
264153
264154
264155
264156
264218
264219
264220
267274
267275
267276
267277
267336
267337
267338
267339
267340
267341
267342
267343
267394
267395
267396
267397
267398
267399
267400
267401
267402
267403
267404
267405
267406
267407
267408
267458
267459
267460
267461
267462
267463
267464
267465
267466
267467
267468
267469
267470
267471
267472
267473
267523
267524
267525
267526
267527
267528
267529
267530
267531
267532
267533
267534
267535
267536
267537
267538
267588
267589
267590
267591
267592
267593
267594
267595
267596
267597
267598
267599
267600
267601
267602
267603
267653
267654
267655
267656
267657
267658
267659
267660
267661
267662
267663
267664
267665
267666
267718
267719
267720
267721
267722
267723
267724
267725
267726
267727
267728
267729
267730
267783
267784
267785
267786
267787
267788
267789
267790
267791
267792
267793
267794
267795
267849
267850
267851
267852
267853
267854
267855
267856
267857
267858
267859
267860
267914
267915
267916
267917
267918
267919
267920
267921
267922
267923
267924
267925
267926
267980
267981
267982
267983
267984
267985
267986
267987
267988
267989
267990
267991
268046
268047
268048
268049
268050
268051
268052
268053
268054
268055
268056
268113
268114
268115
268116
268117
268118
268119
268120
268121
268179
268180
268181
268182
268183
268184
268185
268186
268245
268246
268247
268248
268249
268250
268251
268311
268312
268313
268314
268315
268377
268378
268379
268380
271499
271500
271501
271502
271561
271562
271563
271564
271565
271566
271567
271619
271620
271621
271622
271623
271624
271625
271626
271627
271628
271629
271630
271631
271632
271633
271683
271684
271685
271686
271687
271688
271689
271690
271691
271692
271693
271694
271695
271696
271697
271698
271748
271749
271750
271751
271752
271753
271754
271755
271756
271757
271758
271759
271760
271761
271762
271813
271814
271815
271816
271817
271818
271819
271820
271821
271822
271823
271824
271825
271826
271827
271878
271879
271880
271881
271882
271883
271884
271885
271886
271887
271888
271889
271890
271891
271943
271944
271945
271946
271947
271948
271949
271950
271951
271952
271953
271954
271955
272008
272009
272010
272011
272012
272013
272014
272015
272016
272017
272018
272019
272020
272074
272075
272076
272077
272078
272079
272080
272081
272082
272083
272084
272085
272139
272140
272141
272142
272143
272144
272145
272146
272147
272148
272149
272150
272205
272206
272207
272208
272209
272210
272211
272212
272213
272214
272215
272271
272272
272273
272274
272275
272276
272277
272278
272279
272280
272338
272339
272340
272341
272342
272343
272344
272345
272404
272405
272406
272407
272408
272409
272410
272470
272471
272472
272473
272474
272475
272536
272537
272538
272539
)


// ************************************************************************* //
