/*--------------------------------*- C++ -*----------------------------------*\
  =========                 |
  \\      /  F ield         | OpenFOAM: The Open Source CFD Toolbox
   \\    /   O peration     | Website:  https://openfoam.org
    \\  /    A nd           | Version:  6
     \\/     M anipulation  |
\*---------------------------------------------------------------------------*/
FoamFile
{
    version     2.0;
    format      ascii;
    class       faceList;
    location    "constant/region546/polyMesh";
    object      faces;
}
// * * * * * * * * * * * * * * * * * * * * * * * * * * * * * * * * * * * * * //


52
(
4(2 12 13 3)
4(9 10 13 12)
4(4 15 16 5)
4(12 13 16 15)
4(15 16 19 18)
4(9 12 28 25)
4(11 27 28 12)
4(12 28 29 13)
4(12 15 31 28)
4(14 30 31 15)
4(15 31 32 16)
4(15 18 34 31)
4(18 34 35 19)
4(20 36 37 21)
4(1 3 13 10)
4(3 5 16 13)
4(5 7 19 16)
4(10 13 29 26)
4(13 16 32 29)
4(16 19 35 32)
4(19 21 37 35)
4(21 23 39 37)
4(4 6 7 5)
4(0 9 12 2)
4(8 11 12 9)
4(2 12 15 4)
4(11 14 15 12)
4(4 15 18 6)
4(14 17 18 15)
4(6 18 19 7)
4(18 20 21 19)
4(8 24 27 11)
4(11 27 30 14)
4(14 30 33 17)
4(17 33 34 18)
4(18 34 36 20)
4(24 25 28 27)
4(25 26 29 28)
4(27 28 31 30)
4(28 29 32 31)
4(30 31 34 33)
4(31 32 35 34)
4(34 35 37 36)
4(36 37 39 38)
4(0 2 3 1)
4(2 4 5 3)
4(0 1 10 9)
4(20 22 23 21)
4(8 9 25 24)
4(9 10 26 25)
4(20 36 38 22)
4(22 38 39 23)
)


// ************************************************************************* //
