/*--------------------------------*- C++ -*----------------------------------*\
  =========                 |
  \\      /  F ield         | OpenFOAM: The Open Source CFD Toolbox
   \\    /   O peration     | Website:  https://openfoam.org
    \\  /    A nd           | Version:  6
     \\/     M anipulation  |
\*---------------------------------------------------------------------------*/
FoamFile
{
    version     2.0;
    format      ascii;
    class       faceList;
    location    "constant/region683/polyMesh";
    object      faces;
}
// * * * * * * * * * * * * * * * * * * * * * * * * * * * * * * * * * * * * * //


61
(
4(1 6 29 24)
4(2 7 30 25)
4(6 29 30 7)
4(3 8 31 26)
4(7 30 31 8)
4(8 31 32 9)
4(7 12 35 30)
4(11 34 35 12)
4(8 13 36 31)
4(12 35 36 13)
4(9 14 37 32)
4(13 36 37 14)
4(14 37 38 15)
4(12 17 40 35)
4(13 18 41 36)
4(14 19 42 37)
4(19 42 43 20)
4(0 5 6 1)
4(1 6 7 2)
4(2 7 8 3)
4(3 8 9 4)
4(6 11 12 7)
4(7 12 13 8)
4(8 13 14 9)
4(9 14 15 10)
4(11 16 17 12)
4(12 17 18 13)
4(13 18 19 14)
4(14 19 20 15)
4(19 21 22 20)
4(2 3 26 25)
4(3 4 27 26)
4(0 23 28 5)
4(5 28 29 6)
4(4 9 32 27)
4(9 10 33 32)
4(6 29 34 11)
4(11 34 39 16)
4(16 39 40 17)
4(17 40 41 18)
4(18 41 42 19)
4(19 42 44 21)
4(21 44 45 22)
4(0 1 24 23)
4(1 2 25 24)
4(10 15 38 33)
4(15 20 43 38)
4(20 22 45 43)
4(23 24 29 28)
4(24 25 30 29)
4(25 26 31 30)
4(26 27 32 31)
4(29 30 35 34)
4(30 31 36 35)
4(31 32 37 36)
4(32 33 38 37)
4(34 35 40 39)
4(35 36 41 40)
4(36 37 42 41)
4(37 38 43 42)
4(42 43 45 44)
)


// ************************************************************************* //
