/*--------------------------------*- C++ -*----------------------------------*\
  =========                 |
  \\      /  F ield         | OpenFOAM: The Open Source CFD Toolbox
   \\    /   O peration     | Website:  https://openfoam.org
    \\  /    A nd           | Version:  6
     \\/     M anipulation  |
\*---------------------------------------------------------------------------*/
FoamFile
{
    version     2.0;
    format      ascii;
    class       faceList;
    location    "constant/region303/polyMesh";
    object      faces;
}
// * * * * * * * * * * * * * * * * * * * * * * * * * * * * * * * * * * * * * //


61
(
4(4 5 7 6)
4(6 13 14 7)
4(10 11 14 13)
4(13 14 17 16)
4(11 14 28 25)
4(13 27 28 14)
4(14 28 29 15)
4(14 17 31 28)
4(16 30 31 17)
4(17 31 32 18)
4(28 29 32 31)
4(17 20 34 31)
4(19 33 34 20)
4(30 31 34 33)
4(31 32 35 34)
4(31 41 42 32)
4(31 34 44 41)
4(0 4 6 2)
4(4 10 13 6)
4(6 13 16 8)
4(10 24 27 13)
4(13 27 30 16)
4(16 30 33 19)
4(19 33 36 22)
4(30 40 43 33)
4(0 2 3 1)
4(2 6 7 3)
4(6 8 9 7)
4(8 16 17 9)
4(16 19 20 17)
4(17 20 21 18)
4(19 22 23 20)
4(24 25 28 27)
4(25 26 29 28)
4(27 28 31 30)
4(28 29 39 38)
4(28 38 41 31)
4(30 31 41 40)
4(29 32 42 39)
4(38 39 42 41)
4(40 41 44 43)
4(41 42 45 44)
4(0 1 5 4)
4(1 3 7 5)
4(4 5 11 10)
4(5 7 14 11)
4(11 14 15 12)
4(7 9 17 14)
4(14 17 18 15)
4(10 11 25 24)
4(11 12 26 25)
4(12 15 29 26)
4(15 18 32 29)
4(18 21 35 32)
4(20 34 35 21)
4(20 23 37 34)
4(22 36 37 23)
4(33 34 37 36)
4(33 43 44 34)
4(32 35 45 42)
4(34 44 45 35)
)


// ************************************************************************* //
