/*--------------------------------*- C++ -*----------------------------------*\
  =========                 |
  \\      /  F ield         | OpenFOAM: The Open Source CFD Toolbox
   \\    /   O peration     | Website:  https://openfoam.org
    \\  /    A nd           | Version:  6
     \\/     M anipulation  |
\*---------------------------------------------------------------------------*/
FoamFile
{
    version     2.0;
    format      ascii;
    class       faceList;
    location    "constant/region625/polyMesh";
    object      faces;
}
// * * * * * * * * * * * * * * * * * * * * * * * * * * * * * * * * * * * * * //


40
(
4(10 11 15 14)
4(6 18 19 7)
4(7 11 23 19)
4(10 22 23 11)
4(10 14 26 22)
4(21 22 26 25)
4(22 23 27 26)
4(22 26 32 29)
4(0 2 3 1)
4(4 6 7 5)
4(7 11 12 8)
4(1 3 15 11)
4(2 14 15 3)
4(8 12 24 20)
4(11 23 24 12)
4(13 25 26 14)
4(11 15 27 23)
4(14 26 27 15)
4(26 32 33 27)
4(0 1 11 10)
4(6 10 11 7)
4(0 10 14 2)
4(9 13 14 10)
4(4 5 17 16)
4(4 16 18 6)
4(5 7 19 17)
4(16 17 19 18)
4(7 8 20 19)
4(6 18 22 10)
4(9 10 22 21)
4(18 19 23 22)
4(19 20 24 23)
4(9 21 25 13)
4(21 22 29 28)
4(22 23 30 29)
4(21 28 31 25)
4(25 31 32 26)
4(28 29 32 31)
4(23 27 33 30)
4(29 30 33 32)
)


// ************************************************************************* //
