/*--------------------------------*- C++ -*----------------------------------*\
  =========                 |
  \\      /  F ield         | OpenFOAM: The Open Source CFD Toolbox
   \\    /   O peration     | Website:  https://openfoam.org
    \\  /    A nd           | Version:  6
     \\/     M anipulation  |
\*---------------------------------------------------------------------------*/
FoamFile
{
    version     2.0;
    format      ascii;
    class       faceList;
    location    "constant/region515/polyMesh";
    object      faces;
}
// * * * * * * * * * * * * * * * * * * * * * * * * * * * * * * * * * * * * * //


423
(
4(1 4 18 12)
4(11 12 18 17)
4(12 13 19 18)
4(7 12 43 37)
4(11 42 43 12)
4(36 37 43 42)
4(8 13 44 38)
4(12 43 44 13)
4(37 38 44 43)
4(13 44 45 14)
4(38 39 45 44)
4(11 17 48 42)
4(16 47 48 17)
4(41 42 48 47)
4(12 18 49 43)
4(17 48 49 18)
4(42 43 49 48)
4(13 19 50 44)
4(18 49 50 19)
4(43 44 50 49)
4(14 20 51 45)
4(19 50 51 20)
4(44 45 51 50)
4(20 51 52 21)
4(45 46 52 51)
4(17 23 54 48)
4(22 53 54 23)
4(47 48 54 53)
4(18 24 55 49)
4(23 54 55 24)
4(48 49 55 54)
4(19 25 56 50)
4(24 55 56 25)
4(49 50 56 55)
4(20 26 57 51)
4(25 56 57 26)
4(50 51 57 56)
4(51 52 58 57)
4(23 29 60 54)
4(53 54 60 59)
4(24 30 61 55)
4(54 55 61 60)
4(25 31 62 56)
4(55 56 62 61)
4(56 57 63 62)
4(34 38 74 69)
4(37 73 74 38)
4(68 69 74 73)
4(38 74 75 39)
4(69 70 75 74)
4(37 43 79 73)
4(42 78 79 43)
4(72 73 79 78)
4(38 44 80 74)
4(43 79 80 44)
4(73 74 80 79)
4(39 45 81 75)
4(44 80 81 45)
4(74 75 81 80)
4(45 81 82 46)
4(75 76 82 81)
4(42 48 84 78)
4(47 83 84 48)
4(77 78 84 83)
4(43 49 85 79)
4(48 84 85 49)
4(78 79 85 84)
4(44 50 86 80)
4(49 85 86 50)
4(79 80 86 85)
4(45 51 87 81)
4(50 86 87 51)
4(80 81 87 86)
4(51 87 88 52)
4(81 82 88 87)
4(48 54 90 84)
4(53 89 90 54)
4(83 84 90 89)
4(49 55 91 85)
4(54 90 91 55)
4(84 85 91 90)
4(50 56 92 86)
4(55 91 92 56)
4(85 86 92 91)
4(51 57 93 87)
4(56 92 93 57)
4(86 87 93 92)
4(57 93 94 58)
4(87 88 94 93)
4(54 60 96 90)
4(89 90 96 95)
4(55 61 97 91)
4(60 96 97 61)
4(90 91 97 96)
4(56 62 98 92)
4(61 97 98 62)
4(91 92 98 97)
4(57 63 99 93)
4(92 93 99 98)
4(93 94 100 99)
4(61 66 102 97)
4(96 97 102 101)
4(97 98 103 102)
4(69 74 110 105)
4(73 109 110 74)
4(104 105 110 109)
4(70 75 111 106)
4(74 110 111 75)
4(105 106 111 110)
4(75 111 112 76)
4(106 107 112 111)
4(73 79 115 109)
4(78 114 115 79)
4(108 109 115 114)
4(74 80 116 110)
4(79 115 116 80)
4(109 110 116 115)
4(75 81 117 111)
4(80 116 117 81)
4(110 111 117 116)
4(81 117 118 82)
4(111 112 118 117)
4(78 84 120 114)
4(83 119 120 84)
4(113 114 120 119)
4(79 85 121 115)
4(84 120 121 85)
4(114 115 121 120)
4(80 86 122 116)
4(85 121 122 86)
4(115 116 122 121)
4(81 87 123 117)
4(86 122 123 87)
4(116 117 123 122)
4(87 123 124 88)
4(117 118 124 123)
4(84 90 126 120)
4(89 125 126 90)
4(119 120 126 125)
4(85 91 127 121)
4(90 126 127 91)
4(120 121 127 126)
4(86 92 128 122)
4(91 127 128 92)
4(121 122 128 127)
4(87 93 129 123)
4(92 128 129 93)
4(122 123 129 128)
4(93 129 130 94)
4(123 124 130 129)
4(90 96 132 126)
4(91 97 133 127)
4(96 132 133 97)
4(126 127 133 132)
4(92 98 134 128)
4(97 133 134 98)
4(127 128 134 133)
4(93 99 135 129)
4(128 129 135 134)
4(129 130 136 135)
4(97 102 138 133)
4(105 110 146 141)
4(109 145 146 110)
4(140 141 146 145)
4(106 111 147 142)
4(110 146 147 111)
4(141 142 147 146)
4(111 147 148 112)
4(142 143 148 147)
4(109 115 151 145)
4(114 150 151 115)
4(144 145 151 150)
4(110 116 152 146)
4(115 151 152 116)
4(145 146 152 151)
4(111 117 153 147)
4(116 152 153 117)
4(146 147 153 152)
4(117 153 154 118)
4(147 148 154 153)
4(114 120 156 150)
4(119 155 156 120)
4(115 121 157 151)
4(120 156 157 121)
4(150 151 157 156)
4(116 122 158 152)
4(121 157 158 122)
4(151 152 158 157)
4(117 123 159 153)
4(122 158 159 123)
4(152 153 159 158)
4(123 159 160 124)
4(153 154 160 159)
4(120 126 162 156)
4(121 127 163 157)
4(126 162 163 127)
4(156 157 163 162)
4(122 128 164 158)
4(127 163 164 128)
4(157 158 164 163)
4(123 129 165 159)
4(128 164 165 129)
4(158 159 165 164)
4(129 165 166 130)
4(159 160 166 165)
4(127 133 168 163)
4(128 134 169 164)
4(163 164 169 168)
4(129 135 170 165)
4(164 165 170 169)
4(165 166 171 170)
4(141 146 178 173)
4(145 177 178 146)
4(142 147 179 174)
4(146 178 179 147)
4(147 179 180 148)
4(174 175 180 179)
4(145 151 182 177)
4(150 181 182 151)
4(146 152 183 178)
4(151 182 183 152)
4(147 153 184 179)
4(152 183 184 153)
4(178 179 184 183)
4(153 184 185 154)
4(179 180 185 184)
4(151 157 187 182)
4(156 186 187 157)
4(152 158 188 183)
4(157 187 188 158)
4(182 183 188 187)
4(153 159 189 184)
4(158 188 189 159)
4(183 184 189 188)
4(159 189 190 160)
4(184 185 190 189)
4(157 163 192 187)
4(158 164 193 188)
4(163 192 193 164)
4(159 165 194 189)
4(164 193 194 165)
4(188 189 194 193)
4(165 194 195 166)
4(189 190 195 194)
4(164 169 197 193)
4(165 170 198 194)
4(179 203 204 180)
4(179 184 207 203)
4(183 206 207 184)
4(184 207 208 185)
4(183 188 210 206)
4(184 189 211 207)
4(188 210 211 189)
4(189 211 212 190)
4(189 194 214 211)
4(15 21 52 46)
4(21 27 58 52)
4(40 46 82 76)
4(46 52 88 82)
4(52 58 94 88)
4(58 64 100 94)
4(71 76 112 107)
4(76 82 118 112)
4(82 88 124 118)
4(88 94 130 124)
4(94 100 136 130)
4(107 112 148 143)
4(112 118 154 148)
4(118 124 160 154)
4(124 130 166 160)
4(130 136 171 166)
4(143 148 180 175)
4(148 154 185 180)
4(154 160 190 185)
4(160 166 195 190)
4(166 171 199 195)
4(175 180 204 201)
4(180 185 208 204)
4(185 190 212 208)
4(190 195 215 212)
4(187 188 193 192)
4(187 209 210 188)
4(188 210 213 193)
4(0 1 12 11)
4(6 11 12 7)
4(1 2 13 12)
4(7 12 13 8)
4(0 11 17 3)
4(10 16 17 11)
4(14 20 21 15)
4(20 26 27 21)
4(22 28 29 23)
4(6 7 37 36)
4(7 8 38 37)
4(33 37 38 34)
4(8 9 39 38)
4(34 38 39 35)
4(6 36 42 11)
4(10 11 42 41)
4(9 14 45 39)
4(14 15 46 45)
4(39 45 46 40)
4(10 41 47 16)
4(16 47 53 22)
4(26 57 58 27)
4(22 53 59 28)
4(28 59 60 29)
4(29 60 61 30)
4(30 61 62 31)
4(26 32 63 57)
4(31 62 63 32)
4(57 63 64 58)
4(60 65 66 61)
4(61 66 67 62)
4(33 34 69 68)
4(34 35 70 69)
4(33 68 73 37)
4(36 37 73 72)
4(35 39 75 70)
4(39 40 76 75)
4(70 75 76 71)
4(36 72 78 42)
4(41 42 78 77)
4(41 77 83 47)
4(47 83 89 53)
4(53 89 95 59)
4(59 95 96 60)
4(62 98 99 63)
4(63 99 100 64)
4(60 96 101 65)
4(65 101 102 66)
4(62 67 103 98)
4(66 102 103 67)
4(68 69 105 104)
4(69 70 106 105)
4(70 71 107 106)
4(68 104 109 73)
4(72 73 109 108)
4(72 108 114 78)
4(77 78 114 113)
4(77 113 119 83)
4(83 119 125 89)
4(89 125 131 95)
4(98 134 135 99)
4(99 135 136 100)
4(101 137 138 102)
4(98 103 139 134)
4(102 138 139 103)
4(133 134 139 138)
4(104 105 141 140)
4(105 106 142 141)
4(106 107 143 142)
4(104 140 145 109)
4(108 109 145 144)
4(108 144 150 114)
4(113 114 150 149)
4(113 149 155 119)
4(149 150 156 155)
4(119 155 161 125)
4(133 168 169 134)
4(134 169 170 135)
4(135 170 171 136)
4(140 141 173 172)
4(141 142 174 173)
4(142 143 175 174)
4(140 172 177 145)
4(144 145 177 176)
4(172 173 178 177)
4(173 174 179 178)
4(144 176 181 150)
4(176 177 182 181)
4(177 178 183 182)
4(150 181 186 156)
4(181 182 187 186)
4(169 197 198 170)
4(170 198 199 171)
4(174 175 201 200)
4(174 200 203 179)
4(178 179 203 202)
4(178 202 206 183)
4(182 183 206 205)
4(182 205 209 187)
4(0 3 4 1)
4(1 4 5 2)
4(8 13 14 9)
4(3 17 18 4)
4(2 5 19 13)
4(4 18 19 5)
4(13 19 20 14)
4(16 22 23 17)
4(17 23 24 18)
4(18 24 25 19)
4(19 25 26 20)
4(23 29 30 24)
4(24 30 31 25)
4(25 31 32 26)
4(95 131 132 96)
4(125 126 132 131)
4(96 132 137 101)
4(132 133 138 137)
4(125 161 162 126)
4(155 156 162 161)
4(126 162 167 132)
4(132 167 168 133)
4(162 163 168 167)
4(156 186 191 162)
4(162 191 192 163)
4(186 187 192 191)
4(163 192 196 168)
4(168 196 197 169)
4(192 193 197 196)
4(193 194 198 197)
4(194 195 199 198)
4(193 213 214 194)
4(194 214 215 195)
4(200 201 204 203)
4(202 203 207 206)
4(203 204 208 207)
4(205 206 210 209)
4(206 207 211 210)
4(207 208 212 211)
4(210 211 214 213)
4(211 212 215 214)
)


// ************************************************************************* //
