/*--------------------------------*- C++ -*----------------------------------*\
  =========                 |
  \\      /  F ield         | OpenFOAM: The Open Source CFD Toolbox
   \\    /   O peration     | Website:  https://openfoam.org
    \\  /    A nd           | Version:  6
     \\/     M anipulation  |
\*---------------------------------------------------------------------------*/
FoamFile
{
    version     2.0;
    format      ascii;
    class       labelList;
    location    "constant/region515/polyMesh";
    object      faceRegionAddressing;
}
// * * * * * * * * * * * * * * * * * * * * * * * * * * * * * * * * * * * * * //


423
(
700941
700943
700946
712910
712911
712912
712913
712914
712915
712917
712918
713098
713099
713100
713101
713102
713103
713104
713105
713106
713107
713108
713109
713110
713111
713289
713290
713291
713292
713293
713294
713295
713296
713297
713298
713299
713300
713302
713480
713482
713483
713485
713486
713488
713491
724882
724883
724884
724886
724887
725070
725071
725072
725073
725074
725075
725076
725077
725078
725079
725080
725258
725259
725260
725261
725262
725263
725264
725265
725266
725267
725268
725269
725270
725271
725449
725450
725451
725452
725453
725454
725455
725456
725457
725458
725459
725460
725461
725462
725640
725642
725643
725644
725645
725646
725647
725648
725649
725651
725653
725834
725836
725839
737042
737043
737044
737045
737046
737047
737048
737049
737230
737231
737232
737233
737234
737235
737236
737237
737238
737239
737240
737418
737419
737420
737421
737422
737423
737424
737425
737426
737427
737428
737429
737430
737431
737609
737610
737611
737612
737613
737614
737615
737616
737617
737618
737619
737620
737621
737622
737800
737803
737804
737805
737806
737807
737808
737809
737811
737813
737994
749202
749203
749204
749205
749206
749207
749208
749209
749390
749391
749392
749393
749394
749395
749396
749397
749398
749399
749400
749578
749579
749581
749582
749583
749584
749585
749586
749587
749588
749589
749590
749591
749769
749772
749773
749774
749775
749776
749777
749778
749779
749780
749781
749782
749963
749966
749968
749969
749971
749973
761362
761363
761365
761366
761368
761369
761550
761551
761553
761554
761556
761557
761558
761559
761560
761741
761742
761744
761745
761746
761747
761748
761749
761750
761751
761932
761935
761936
761938
761939
761940
761941
761942
762126
762129
773528
773716
773717
773719
773904
773907
773908
773910
774098
913705
913706
913768
913769
913770
913771
913831
913832
913833
913834
913835
913895
913896
913897
913898
913899
913959
913960
913961
913962
913963
914023
914024
914025
914026
761937
773905
-774095
-700751
-700752
-700754
-700755
-700938
-700940
-700951
-701142
-701322
-712720
-712723
-712724
-712726
-712727
-712907
-712908
712916
-712919
-712920
-713095
-713286
713301
-713477
713481
713484
713487
713489
713490
-713493
-713676
-713679
-724692
-724695
-724879
-724880
724885
-724888
-724889
-725067
-725068
-725255
-725446
-725637
725641
725650
725652
-725831
725835
725837
725838
-736852
-736855
-736857
-737039
-737040
-737227
-737228
-737415
-737606
-737797
737810
737812
737995
737997
737998
737999
-749012
-749015
-749017
-749199
-749200
-749387
-749388
-749575
749580
-749766
749967
749970
749972
-761172
-761175
-761177
-761359
-761360
761364
761367
-761547
761552
761555
-761738
761743
762130
762132
-773337
-773525
-773526
-773713
-773714
-773901
-688783
-688786
-700758
700942
700944
700945
-700949
-701131
-701134
-701137
-701140
-701325
-701328
-701331
737801
737802
-737991
737996
749770
749771
-749960
749964
749965
-761929
761933
761934
-762123
762127
762128
762131
762133
774099
774101
773529
773718
773720
773906
773909
773911
774100
774102
)


// ************************************************************************* //
