/*--------------------------------*- C++ -*----------------------------------*\
  =========                 |
  \\      /  F ield         | OpenFOAM: The Open Source CFD Toolbox
   \\    /   O peration     | Website:  https://openfoam.org
    \\  /    A nd           | Version:  6
     \\/     M anipulation  |
\*---------------------------------------------------------------------------*/
FoamFile
{
    version     2.0;
    format      ascii;
    class       labelList;
    note        "nPoints:216  nCells:113  nFaces:423  nInternalFaces:255";
    location    "constant/region515/polyMesh";
    object      neighbour;
}
// * * * * * * * * * * * * * * * * * * * * * * * * * * * * * * * * * * * * * //


255
(
1
6
7
3
6
21
4
7
22
8
23
6
10
25
7
11
26
8
12
27
9
13
28
14
29
11
15
30
12
16
31
13
17
32
14
18
33
34
16
35
17
36
18
37
38
20
22
42
23
43
22
26
45
23
27
46
24
28
47
29
48
26
30
49
27
31
50
28
32
51
29
33
52
34
53
31
35
54
32
36
55
33
37
56
34
38
57
39
58
36
59
37
40
60
38
41
61
39
62
63
41
64
65
43
46
66
44
47
67
48
68
46
50
69
47
51
70
48
52
71
53
72
50
54
73
51
55
74
52
56
75
53
57
76
58
77
55
59
78
56
60
79
57
61
80
58
62
81
63
82
60
61
64
83
62
65
84
63
85
86
65
67
70
87
68
71
88
72
89
70
74
90
71
75
91
72
76
92
77
93
74
78
75
79
94
76
80
95
77
81
96
82
97
79
80
83
98
81
84
99
82
85
100
86
101
84
85
102
86
103
104
88
91
89
92
93
105
91
94
92
95
93
96
106
97
107
95
98
96
99
108
97
100
109
101
110
99
100
102
101
103
111
104
112
103
104
107
107
109
110
109
110
111
112
112
)


// ************************************************************************* //
