/*--------------------------------*- C++ -*----------------------------------*\
  =========                 |
  \\      /  F ield         | OpenFOAM: The Open Source CFD Toolbox
   \\    /   O peration     | Website:  https://openfoam.org
    \\  /    A nd           | Version:  6
     \\/     M anipulation  |
\*---------------------------------------------------------------------------*/
FoamFile
{
    version     2.0;
    format      ascii;
    class       labelList;
    note        "nPoints:216  nCells:113  nFaces:423  nInternalFaces:255";
    location    "constant/region515/polyMesh";
    object      owner;
}
// * * * * * * * * * * * * * * * * * * * * * * * * * * * * * * * * * * * * * //


423
(
0
0
1
2
2
2
3
3
3
4
4
5
5
5
6
6
6
7
7
7
8
8
8
9
9
10
10
10
11
11
11
12
12
12
13
13
13
14
15
15
16
16
17
17
18
19
19
19
20
20
21
21
21
22
22
22
23
23
23
24
24
25
25
25
26
26
26
27
27
27
28
28
28
29
29
30
30
30
31
31
31
32
32
32
33
33
33
34
34
35
35
36
36
36
37
37
37
38
38
39
40
40
41
42
42
42
43
43
43
44
44
45
45
45
46
46
46
47
47
47
48
48
49
49
49
50
50
50
51
51
51
52
52
52
53
53
54
54
54
55
55
55
56
56
56
57
57
57
58
58
59
60
60
60
61
61
61
62
62
63
64
66
66
66
67
67
67
68
68
69
69
69
70
70
70
71
71
71
72
72
73
73
74
74
74
75
75
75
76
76
76
77
77
78
79
79
79
80
80
80
81
81
81
82
82
83
84
84
85
85
86
87
87
88
88
89
89
90
90
91
91
92
92
92
93
93
94
94
95
95
95
96
96
96
97
97
98
99
99
100
100
100
101
101
102
103
105
106
106
107
108
109
109
110
111
9
14
24
29
34
39
44
48
53
58
63
68
72
77
82
86
89
93
97
101
104
105
107
110
112
99
108
111
0
2
1
3
0
5
9
14
15
2
3
19
4
20
2
5
4
9
24
5
10
14
15
15
16
17
18
18
39
40
41
19
20
19
21
20
24
44
21
25
25
30
35
35
38
39
40
40
41
41
42
43
44
42
45
45
49
49
54
59
62
63
64
65
65
65
66
67
68
66
69
69
73
73
73
78
84
85
86
87
88
89
87
90
87
88
90
90
91
94
94
103
104
105
105
106
106
108
108
0
1
4
0
1
1
8
10
11
12
13
16
17
18
59
59
64
64
78
78
83
83
83
98
98
98
102
102
102
103
104
111
112
105
106
107
108
109
110
111
112
)


// ************************************************************************* //
