/*--------------------------------*- C++ -*----------------------------------*\
  =========                 |
  \\      /  F ield         | OpenFOAM: The Open Source CFD Toolbox
   \\    /   O peration     | Website:  https://openfoam.org
    \\  /    A nd           | Version:  6
     \\/     M anipulation  |
\*---------------------------------------------------------------------------*/
FoamFile
{
    version     2.0;
    format      ascii;
    class       labelList;
    location    "constant/region515/polyMesh";
    object      pointRegionAddressing;
}
// * * * * * * * * * * * * * * * * * * * * * * * * * * * * * * * * * * * * * //


216
(
243485
243486
243487
243550
243551
243552
247645
247646
247647
247648
247709
247710
247711
247712
247713
247714
247774
247775
247776
247777
247778
247779
247839
247840
247841
247842
247843
247844
247904
247905
247906
247907
247908
251806
251807
251808
251870
251871
251872
251873
251874
251934
251935
251936
251937
251938
251939
251999
252000
252001
252002
252003
252004
252064
252065
252066
252067
252068
252069
252129
252130
252131
252132
252133
252134
252195
252196
252197
256031
256032
256033
256034
256095
256096
256097
256098
256099
256159
256160
256161
256162
256163
256164
256224
256225
256226
256227
256228
256229
256289
256290
256291
256292
256293
256294
256354
256355
256356
256357
256358
256359
256420
256421
256422
260256
260257
260258
260259
260320
260321
260322
260323
260324
260384
260385
260386
260387
260388
260389
260449
260450
260451
260452
260453
260454
260514
260515
260516
260517
260518
260519
260579
260580
260581
260582
260583
260584
260645
260646
260647
264481
264482
264483
264484
264545
264546
264547
264548
264549
264609
264610
264611
264612
264613
264614
264674
264675
264676
264677
264678
264679
264739
264740
264741
264742
264743
264744
264805
264806
264807
264808
264809
268706
268707
268708
268709
268770
268771
268772
268773
268774
268835
268836
268837
268838
268839
268900
268901
268902
268903
268904
268965
268966
268967
268968
268969
269031
269032
269033
269034
272933
272934
272997
272998
272999
273061
273062
273063
273064
273126
273127
273128
273129
273192
273193
273194
)


// ************************************************************************* //
