/*--------------------------------*- C++ -*----------------------------------*\
  =========                 |
  \\      /  F ield         | OpenFOAM: The Open Source CFD Toolbox
   \\    /   O peration     | Website:  https://openfoam.org
    \\  /    A nd           | Version:  6
     \\/     M anipulation  |
\*---------------------------------------------------------------------------*/
FoamFile
{
    version     2.0;
    format      ascii;
    class       labelList;
    location    "constant/region117/polyMesh";
    object      cellRegionAddressing;
}
// * * * * * * * * * * * * * * * * * * * * * * * * * * * * * * * * * * * * * //


1128
(
37555
37619
37683
37684
37746
37747
37748
37810
37811
41520
41521
41522
41523
41524
41584
41585
41586
41587
41588
41589
41648
41649
41650
41651
41652
41653
41712
41713
41714
41715
41716
41777
41778
41779
41780
41841
41842
41843
41844
41906
41907
45371
45434
45435
45436
45498
45499
45500
45501
45552
45553
45554
45555
45613
45614
45615
45616
45617
45618
45619
45620
45621
45678
45679
45680
45681
45682
45683
45684
45685
45743
45744
45745
45746
45747
45748
45749
45808
45809
45810
45811
45812
45872
45873
45874
45875
45876
45937
45938
45939
49212
49213
49214
49215
49277
49278
49279
49341
49342
49403
49404
49405
49406
49465
49466
49467
49468
49469
49470
49471
49529
49530
49531
49532
49533
49534
49535
49593
49594
49595
49596
49597
49598
49599
49646
49647
49648
49649
49650
49651
49657
49658
49659
49660
49661
49662
49663
49709
49710
49711
49712
49713
49714
49715
49716
49722
49723
49724
49725
49726
49727
49773
49774
49775
49776
49777
49778
49779
49780
49781
49790
49791
49839
49840
49841
49842
49843
49844
49903
49904
49905
49906
49907
49908
49968
49969
49970
49971
53308
53309
53310
53311
53372
53373
53374
53375
53435
53436
53437
53438
53439
53498
53499
53500
53501
53502
53503
53561
53562
53563
53564
53565
53566
53567
53624
53625
53626
53627
53628
53629
53630
53631
53680
53681
53688
53689
53690
53691
53692
53693
53694
53695
53742
53743
53744
53745
53746
53752
53753
53754
53755
53756
53757
53758
53759
53805
53806
53807
53808
53809
53810
53811
53812
53817
53818
53819
53820
53821
53822
53823
53870
53871
53872
53873
53874
53875
53876
53883
53884
53885
53886
53887
53935
53936
53937
53938
53939
53940
54000
54001
54002
54003
57404
57405
57406
57407
57468
57469
57470
57471
57531
57532
57533
57534
57535
57594
57595
57596
57597
57598
57599
57657
57658
57659
57660
57661
57662
57663
57720
57721
57722
57723
57724
57725
57726
57727
57783
57784
57785
57786
57787
57788
57789
57790
57791
57839
57840
57841
57842
57847
57848
57849
57850
57851
57852
57853
57854
57855
57902
57903
57904
57905
57906
57907
57912
57913
57914
57915
57916
57917
57918
57919
57966
57967
57968
57969
57970
57971
57978
57979
57980
57981
57982
57983
58031
58032
58033
58034
58035
58045
58046
58047
58098
61500
61501
61502
61503
61564
61565
61566
61567
61628
61629
61630
61631
61690
61691
61692
61693
61694
61695
61753
61754
61755
61756
61757
61758
61759
61816
61817
61818
61819
61820
61821
61822
61823
61879
61880
61881
61882
61883
61884
61885
61886
61887
61936
61943
61944
61945
61946
61947
61948
61949
61950
61951
62000
62001
62002
62008
62009
62010
62011
62012
62013
62014
62015
62064
62065
62066
62074
62075
62076
62077
62078
62079
62130
62140
62141
62142
62143
65596
65597
65598
65599
65660
65661
65662
65663
65724
65725
65726
65727
65788
65789
65790
65791
65850
65851
65852
65853
65854
65855
65912
65913
65914
65915
65916
65917
65918
65919
65975
65976
65977
65978
65979
65980
65981
65982
65983
66032
66039
66040
66041
66042
66043
66044
66045
66046
66047
66096
66097
66098
66099
66101
66103
66104
66105
66106
66107
66108
66109
66110
66111
66160
66161
66162
66163
66164
66169
66170
66171
66172
66173
66174
66175
66225
66226
66227
66228
66236
66237
66238
66239
66290
66291
66292
66354
66355
69693
69694
69695
69757
69758
69759
69821
69822
69823
69885
69886
69887
69947
69948
69949
69950
69951
70000
70009
70010
70011
70012
70013
70014
70015
70063
70064
70065
70066
70071
70072
70073
70074
70075
70076
70077
70078
70079
70127
70128
70129
70130
70131
70132
70133
70134
70135
70136
70137
70138
70139
70140
70141
70142
70143
70192
70193
70194
70195
70196
70197
70198
70199
70200
70201
70202
70203
70204
70205
70206
70207
70256
70257
70258
70259
70260
70261
70262
70263
70264
70265
70266
70267
70268
70269
70270
70271
70320
70321
70322
70323
70324
70325
70326
70331
70332
70333
70334
70335
70385
70386
70387
70388
70389
70449
70450
70451
70452
70453
70514
70515
70516
73789
73790
73791
73853
73854
73855
73917
73918
73919
73981
73982
73983
74033
74044
74045
74046
74047
74095
74096
74097
74098
74106
74107
74108
74109
74110
74111
74159
74160
74161
74162
74163
74164
74165
74168
74169
74170
74171
74172
74173
74174
74175
74223
74224
74225
74226
74227
74228
74229
74230
74231
74232
74233
74234
74235
74236
74237
74238
74239
74287
74288
74289
74290
74291
74292
74293
74294
74295
74296
74297
74298
74299
74300
74301
74302
74303
74352
74353
74354
74355
74356
74357
74358
74359
74360
74361
74362
74363
74364
74365
74366
74367
74416
74417
74418
74419
74420
74421
74422
74423
74426
74427
74428
74429
74430
74431
74480
74481
74482
74483
74484
74485
74486
74545
74546
74547
74548
74549
74610
74611
74612
77885
77886
77887
77949
77950
77951
78013
78014
78015
78077
78078
78079
78140
78141
78142
78143
78191
78192
78193
78194
78195
78203
78204
78205
78206
78207
78255
78256
78257
78258
78259
78260
78261
78265
78266
78267
78268
78269
78270
78271
78319
78320
78321
78322
78323
78324
78325
78326
78327
78328
78329
78330
78331
78332
78333
78334
78335
78383
78384
78385
78386
78387
78388
78389
78390
78391
78392
78393
78394
78395
78396
78397
78398
78399
78447
78448
78449
78450
78451
78452
78453
78454
78455
78456
78457
78458
78459
78460
78461
78462
78463
78512
78513
78514
78515
78516
78517
78518
78519
78520
78521
78522
78523
78524
78525
78526
78527
78576
78577
78578
78579
78580
78581
78582
78583
78641
78642
78643
78644
78645
78706
78707
78708
81981
81982
81983
82045
82046
82047
82109
82110
82111
82173
82174
82175
82237
82238
82239
82300
82301
82302
82303
82352
82353
82354
82355
82356
82363
82364
82365
82366
82367
82415
82416
82417
82418
82419
82420
82421
82422
82424
82425
82426
82427
82428
82429
82430
82431
82479
82480
82481
82482
82483
82484
82485
82486
82487
82488
82489
82490
82491
82492
82493
82494
82495
82544
82545
82546
82547
82548
82549
82550
82551
82552
82553
82554
82555
82556
82557
82558
82559
82608
82609
82610
82611
82612
82613
82614
82615
82616
82617
82618
82619
82620
82621
82622
82623
82672
82673
82674
82675
82676
82677
82678
82737
82738
82739
82740
82741
86077
86078
86079
86141
86142
86143
86205
86206
86207
86269
86270
86271
86333
86334
86335
86397
86398
86399
86461
86462
86463
86513
86514
86515
86522
86523
86524
86525
86526
86527
86577
86578
86579
86580
86581
86582
86583
86585
86586
86587
86588
86589
86590
86591
86641
86646
86647
86650
86651
86652
86653
86654
86715
86716
90173
90174
90175
90237
90238
90239
90301
90302
90303
90365
90366
90367
90429
90430
90431
90493
90494
90495
90558
90559
90621
90622
90623
90684
90685
90748
94269
94270
94271
94333
94334
94335
94397
94398
94399
94461
94462
94463
94525
94526
94527
94590
94591
94654
94655
98365
98366
98367
98429
98430
98431
98493
98494
98495
98557
98558
98559
98621
98622
98623
98686
98687
102461
102462
102463
102525
102526
102527
102589
102590
102591
102654
102655
102718
102719
102783
106558
106622
106623
106686
106687
106750
106751
106815
)


// ************************************************************************* //
