/*--------------------------------*- C++ -*----------------------------------*\
  =========                 |
  \\      /  F ield         | OpenFOAM: The Open Source CFD Toolbox
   \\    /   O peration     | Website:  https://openfoam.org
    \\  /    A nd           | Version:  6
     \\/     M anipulation  |
\*---------------------------------------------------------------------------*/
FoamFile
{
    version     2.0;
    format      ascii;
    class       labelList;
    location    "constant/region117/polyMesh";
    object      faceRegionAddressing;
}
// * * * * * * * * * * * * * * * * * * * * * * * * * * * * * * * * * * * * * //


3979
(
111505
111506
111696
111697
111886
111887
111888
111890
111891
112074
112075
112076
112077
112078
112079
112082
112265
112267
112270
123273
123274
123275
123276
123277
123278
123279
123280
123281
123282
123283
123284
123286
123287
123464
123465
123466
123467
123468
123469
123470
123471
123472
123473
123474
123475
123476
123477
123478
123480
123481
123655
123656
123657
123658
123659
123660
123661
123662
123663
123664
123665
123666
123667
123668
123669
123672
123846
123848
123849
123850
123851
123852
123853
123854
123855
123856
123857
123859
123860
124040
124041
124042
124043
124044
124045
124046
124047
124048
124050
124051
124231
124233
124234
124235
124236
124237
124238
124239
124425
134703
134704
134890
134891
134892
134893
134894
134895
134897
134898
135081
135083
135084
135086
135087
135089
135092
135242
135243
135244
135245
135246
135247
135248
135249
135250
135252
135253
135424
135426
135427
135428
135429
135430
135431
135432
135433
135434
135435
135436
135437
135438
135439
135440
135441
135442
135443
135444
135445
135446
135447
135449
135618
135620
135621
135622
135623
135624
135625
135626
135627
135628
135629
135630
135631
135632
135633
135634
135635
135636
135637
135638
135640
135641
135812
135814
135815
135816
135817
135818
135819
135820
135821
135822
135823
135824
135825
135826
135827
135828
135829
136006
136007
136008
136009
136010
136011
136012
136013
136014
136015
136016
136017
136019
136020
136197
136199
136200
136201
136202
136203
136204
136205
136206
136207
136208
136391
136394
146101
146103
146104
146105
146106
146107
146108
146109
146110
146111
146295
146296
146297
146298
146299
146300
146302
146486
146487
146488
146490
146491
146671
146672
146673
146674
146675
146676
146677
146678
146679
146681
146682
146856
146857
146858
146859
146860
146861
146862
146863
146864
146865
146866
146867
146868
146869
146870
146871
146872
146873
146874
146875
147047
147048
147049
147050
147051
147052
147053
147054
147055
147056
147057
147058
147059
147060
147061
147062
147063
147064
147065
147066
147238
147239
147240
147241
147242
147243
147244
147245
147246
147247
147248
147249
147250
147251
147252
147253
147254
147255
147256
147257
147396
147397
147398
147399
147400
147401
147402
147403
147404
147405
147406
147407
147408
147409
147410
147412
147429
147431
147432
147433
147434
147435
147436
147437
147438
147439
147440
147441
147442
147443
147444
147445
147446
147447
147448
147584
147585
147586
147587
147588
147589
147590
147591
147592
147593
147594
147595
147596
147597
147598
147599
147600
147601
147602
147603
147604
147606
147607
147623
147625
147626
147628
147629
147631
147632
147634
147635
147636
147637
147638
147639
147775
147778
147780
147781
147782
147783
147784
147785
147786
147787
147788
147789
147790
147791
147792
147793
147794
147795
147796
147797
147798
147826
147828
147830
147972
147973
147974
147975
147976
147977
147978
147979
147980
147981
147982
147983
147984
147985
147986
147988
147989
148163
148166
148167
148168
148169
148170
148171
148172
148173
148174
148175
148176
148177
148357
148360
148363
158261
158262
158263
158264
158265
158266
158267
158268
158269
158270
158271
158452
158453
158454
158455
158456
158457
158458
158459
158460
158461
158462
158640
158641
158642
158643
158644
158645
158646
158647
158648
158649
158650
158651
158652
158653
158828
158829
158830
158831
158832
158833
158834
158835
158836
158837
158838
158839
158840
158841
158842
158843
158844
159016
159017
159018
159019
159020
159021
159022
159023
159024
159025
159026
159027
159028
159029
159030
159031
159032
159033
159034
159035
159204
159205
159206
159207
159208
159209
159210
159211
159212
159213
159214
159215
159216
159217
159218
159219
159220
159221
159222
159223
159224
159225
159226
159371
159372
159375
159395
159396
159397
159398
159399
159400
159401
159402
159403
159404
159405
159406
159407
159408
159409
159410
159411
159412
159413
159414
159415
159416
159417
159556
159557
159559
159560
159561
159562
159563
159564
159565
159566
159567
159569
159570
159586
159588
159589
159590
159591
159592
159593
159594
159595
159596
159597
159598
159599
159600
159601
159602
159603
159604
159605
159606
159607
159608
159744
159747
159748
159749
159750
159751
159752
159753
159754
159755
159756
159757
159758
159759
159760
159761
159762
159763
159764
159766
159780
159782
159783
159785
159786
159787
159788
159789
159790
159791
159792
159793
159794
159795
159796
159797
159798
159799
159938
159940
159941
159942
159943
159944
159945
159946
159947
159948
159949
159950
159951
159952
159953
159954
159955
159957
159977
159979
159980
159982
159983
159985
159986
159988
159990
160132
160134
160135
160136
160137
160138
160139
160140
160141
160142
160143
160144
160145
160146
160326
160329
160332
160334
170421
170422
170423
170424
170425
170426
170427
170428
170429
170430
170431
170612
170613
170614
170615
170616
170617
170618
170619
170620
170621
170622
170800
170801
170803
170804
170805
170806
170807
170808
170809
170810
170811
170812
170813
170988
170989
170990
170991
170992
170993
170994
170995
170996
170997
170998
170999
171000
171001
171002
171003
171004
171176
171177
171178
171179
171180
171181
171182
171183
171184
171185
171186
171187
171188
171189
171190
171191
171192
171193
171194
171195
171364
171365
171366
171367
171368
171369
171370
171371
171372
171373
171374
171375
171376
171377
171378
171379
171380
171381
171382
171383
171384
171385
171386
171552
171553
171554
171555
171556
171557
171558
171559
171560
171561
171562
171563
171564
171565
171566
171567
171568
171569
171570
171571
171572
171573
171574
171575
171576
171577
171719
171720
171722
171723
171724
171725
171726
171729
171743
171745
171746
171747
171748
171749
171750
171751
171752
171753
171754
171755
171756
171757
171758
171759
171760
171761
171762
171763
171764
171765
171766
171767
171768
171907
171908
171910
171911
171913
171914
171915
171916
171917
171918
171919
171920
171921
171923
171937
171939
171940
171942
171943
171944
171945
171946
171947
171948
171949
171950
171951
171952
171953
171954
171955
171956
171957
171958
171959
172098
172101
172102
172104
172105
172106
172107
172108
172109
172110
172111
172112
172114
172134
172136
172137
172139
172140
172142
172143
172144
172145
172146
172147
172148
172149
172150
172292
172295
172298
172301
172302
172303
172334
172336
172337
172339
172341
182581
182582
182583
182584
182585
182586
182587
182588
182589
182590
182591
182772
182773
182774
182775
182776
182777
182778
182779
182780
182781
182782
182963
182964
182965
182966
182967
182968
182969
182970
182971
182972
182973
183148
183149
183151
183152
183154
183155
183156
183157
183158
183159
183160
183161
183162
183163
183164
183336
183337
183339
183340
183341
183342
183343
183344
183345
183346
183347
183348
183349
183350
183351
183352
183353
183354
183355
183524
183525
183526
183527
183528
183529
183530
183531
183532
183533
183534
183535
183536
183537
183538
183539
183540
183541
183542
183543
183544
183545
183546
183712
183713
183714
183715
183716
183717
183718
183719
183720
183721
183722
183723
183724
183725
183726
183727
183728
183729
183730
183731
183732
183733
183734
183735
183736
183737
183883
183884
183903
183905
183906
183907
183908
183909
183910
183911
183912
183913
183914
183915
183916
183917
183918
183919
183920
183921
183922
183923
183924
183925
183926
183927
183928
184073
184074
184075
184076
184077
184078
184080
184081
184097
184099
184100
184102
184103
184104
184105
184106
184107
184108
184109
184110
184111
184112
184113
184114
184115
184116
184117
184118
184119
184264
184266
184267
184269
184271
184272
184294
184296
184297
184299
184300
184301
184302
184303
184304
184305
184306
184307
184308
184309
184310
184463
184491
184493
184494
184496
184497
184499
184501
194741
194742
194744
194745
194746
194747
194748
194749
194750
194751
194932
194933
194935
194936
194937
194938
194939
194940
194941
194942
195123
195124
195126
195127
195128
195129
195130
195131
195132
195133
195314
195315
195317
195318
195319
195320
195321
195322
195323
195324
195499
195500
195502
195503
195504
195505
195506
195507
195508
195509
195510
195511
195512
195513
195514
195515
195684
195685
195687
195688
195689
195690
195691
195692
195693
195694
195695
195696
195697
195698
195699
195700
195701
195702
195703
195704
195705
195706
195872
195873
195874
195875
195876
195877
195878
195879
195880
195881
195882
195883
195884
195885
195886
195887
195888
195889
195890
195891
195892
195893
195894
195895
195896
195897
196043
196044
196063
196064
196065
196066
196067
196068
196069
196070
196071
196072
196073
196074
196075
196076
196077
196078
196079
196080
196081
196082
196083
196084
196085
196086
196087
196088
196233
196234
196235
196236
196237
196238
196239
196240
196241
196243
196244
196250
196254
196256
196257
196259
196260
196261
196262
196263
196264
196265
196266
196267
196268
196269
196270
196271
196272
196273
196274
196275
196276
196277
196278
196279
196424
196426
196427
196428
196429
196430
196431
196432
196433
196434
196435
196437
196438
196451
196453
196454
196456
196457
196459
196460
196461
196462
196463
196464
196465
196466
196467
196468
196469
196470
196618
196620
196621
196622
196623
196624
196625
196626
196628
196629
196651
196653
196654
196656
196657
196659
196661
196812
196813
196814
196815
196816
196817
196820
197003
197005
197008
206904
206905
206906
206907
206908
206909
206910
206911
207095
207096
207097
207098
207099
207100
207101
207102
207286
207287
207288
207289
207290
207291
207292
207293
207477
207478
207479
207480
207481
207482
207483
207484
207662
207663
207665
207666
207667
207668
207669
207670
207671
207672
207673
207674
207675
207821
207822
207847
207848
207850
207851
207852
207853
207854
207855
207856
207857
207858
207859
207860
207861
207862
207863
207864
207865
207866
208008
208009
208010
208011
208012
208013
208014
208015
208016
208018
208019
208032
208033
208035
208036
208037
208038
208039
208040
208041
208042
208043
208044
208045
208046
208047
208048
208049
208050
208051
208052
208053
208054
208055
208056
208057
208199
208201
208202
208203
208204
208205
208206
208207
208208
208209
208210
208211
208212
208213
208214
208215
208216
208217
208218
208219
208220
208221
208222
208223
208224
208225
208226
208227
208228
208229
208230
208231
208232
208233
208234
208235
208236
208237
208238
208239
208240
208241
208242
208243
208244
208245
208246
208247
208248
208393
208394
208395
208396
208397
208398
208399
208400
208401
208402
208403
208404
208405
208406
208407
208408
208409
208410
208411
208412
208413
208414
208415
208416
208417
208418
208419
208420
208421
208422
208423
208424
208425
208426
208427
208428
208429
208430
208431
208432
208433
208434
208435
208436
208437
208438
208439
208584
208585
208586
208587
208588
208589
208590
208591
208592
208593
208594
208595
208596
208597
208598
208599
208600
208601
208602
208603
208604
208605
208607
208608
208610
208611
208613
208614
208616
208617
208618
208619
208620
208621
208622
208623
208624
208625
208626
208627
208628
208629
208630
208775
208777
208778
208779
208780
208781
208782
208783
208784
208785
208786
208787
208788
208789
208790
208791
208792
208795
208808
208810
208811
208813
208814
208816
208817
208819
208821
208969
208970
208971
208972
208973
208974
208975
208976
208977
208978
208979
208980
208982
208983
209160
209162
209163
209164
209165
209166
209167
209168
209169
209170
209171
209174
209354
209356
209357
209359
209362
219064
219065
219066
219067
219068
219069
219070
219071
219255
219256
219257
219258
219259
219260
219261
219262
219446
219447
219448
219449
219450
219451
219452
219453
219637
219638
219639
219640
219641
219642
219643
219644
219793
219825
219826
219827
219828
219829
219830
219831
219832
219833
219834
219835
219977
219978
219979
219980
219981
219982
219983
219984
219985
219987
219988
220010
220011
220013
220014
220015
220016
220017
220018
220019
220020
220021
220022
220023
220024
220025
220026
220168
220169
220170
220171
220172
220173
220174
220175
220176
220177
220178
220179
220180
220181
220182
220183
220184
220185
220187
220188
220195
220196
220198
220199
220200
220201
220202
220203
220204
220205
220206
220207
220208
220209
220210
220211
220212
220213
220214
220215
220216
220217
220359
220360
220361
220362
220363
220364
220365
220366
220367
220368
220369
220370
220371
220372
220373
220374
220375
220376
220377
220378
220379
220380
220381
220382
220383
220384
220385
220386
220387
220388
220389
220390
220391
220392
220393
220394
220395
220396
220397
220398
220399
220400
220401
220402
220403
220404
220405
220406
220407
220408
220550
220552
220553
220554
220555
220556
220557
220558
220559
220560
220561
220562
220563
220564
220565
220566
220567
220568
220569
220570
220571
220572
220573
220574
220575
220576
220577
220578
220579
220580
220581
220582
220583
220584
220585
220586
220587
220588
220589
220590
220591
220592
220593
220594
220595
220596
220597
220598
220599
220744
220745
220746
220747
220748
220749
220750
220751
220752
220753
220754
220755
220756
220757
220758
220759
220760
220761
220762
220763
220764
220765
220766
220767
220768
220770
220771
220773
220774
220775
220776
220777
220778
220779
220780
220781
220782
220783
220784
220785
220786
220787
220788
220789
220790
220935
220936
220937
220938
220939
220940
220941
220942
220943
220944
220945
220946
220947
220948
220949
220950
220951
220952
220953
220954
220955
220958
220965
220967
220968
220970
220971
220973
220974
220976
220977
220979
220981
221126
221128
221129
221130
221131
221132
221133
221134
221135
221136
221137
221138
221139
221140
221141
221142
221143
221146
221320
221322
221323
221324
221325
221326
221327
221328
221329
221330
221331
221334
221514
221516
221517
221519
221522
231224
231225
231226
231227
231228
231229
231230
231231
231415
231416
231417
231418
231419
231420
231421
231422
231606
231607
231608
231609
231610
231611
231612
231613
231797
231798
231799
231800
231801
231802
231803
231804
231985
231986
231988
231989
231990
231991
231992
231993
231994
231995
232137
232138
232140
232141
232143
232144
232146
232147
232150
232173
232174
232176
232177
232178
232179
232180
232181
232182
232183
232184
232185
232186
232328
232329
232331
232332
232333
232334
232335
232336
232337
232338
232339
232340
232341
232342
232343
232344
232345
232347
232358
232359
232361
232362
232364
232365
232366
232367
232368
232369
232370
232371
232372
232373
232374
232375
232376
232377
232519
232520
232521
232522
232523
232524
232525
232526
232527
232528
232529
232530
232531
232532
232533
232534
232535
232536
232537
232538
232539
232540
232541
232542
232543
232544
232546
232547
232548
232549
232550
232551
232552
232553
232554
232555
232556
232557
232558
232559
232560
232561
232562
232563
232564
232565
232566
232567
232568
232710
232711
232712
232713
232714
232715
232716
232717
232718
232719
232720
232721
232722
232723
232724
232725
232726
232727
232728
232729
232730
232731
232732
232733
232734
232735
232736
232737
232738
232739
232740
232741
232742
232743
232744
232745
232746
232747
232748
232749
232750
232751
232752
232753
232754
232755
232756
232757
232758
232759
232901
232904
232905
232906
232907
232908
232909
232910
232911
232912
232913
232914
232915
232916
232917
232918
232919
232920
232921
232922
232923
232924
232925
232926
232927
232928
232929
232930
232931
232932
232933
232934
232935
232936
232937
232938
232939
232940
232941
232942
232943
232944
232945
232946
232947
232948
232949
232950
233095
233096
233097
233098
233099
233100
233101
233102
233103
233104
233105
233106
233107
233108
233109
233110
233111
233112
233113
233114
233115
233116
233117
233118
233119
233121
233122
233124
233125
233127
233128
233130
233131
233133
233134
233136
233137
233139
233141
233286
233288
233289
233290
233291
233292
233293
233294
233295
233296
233297
233298
233299
233300
233301
233302
233303
233304
233306
233480
233482
233483
233484
233485
233486
233487
233488
233489
233490
233491
233494
233674
233677
243384
243385
243386
243387
243388
243389
243390
243391
243575
243576
243577
243578
243579
243580
243581
243582
243766
243767
243768
243769
243770
243771
243772
243773
243957
243958
243959
243960
243961
243962
243963
243964
244148
244149
244150
244151
244152
244153
244154
244155
244336
244337
244339
244340
244341
244342
244343
244344
244345
244346
244491
244492
244494
244495
244497
244498
244500
244501
244504
244524
244525
244527
244528
244530
244531
244532
244533
244534
244535
244536
244537
244679
244680
244682
244683
244685
244686
244687
244688
244689
244690
244691
244692
244693
244694
244695
244697
244698
244701
244706
244707
244709
244710
244712
244713
244714
244715
244716
244717
244718
244719
244720
244721
244722
244723
244724
244725
244726
244727
244728
244870
244873
244874
244876
244877
244878
244879
244880
244881
244882
244883
244884
244885
244886
244887
244888
244889
244890
244891
244892
244893
244894
244895
244896
244897
244898
244900
244901
244902
244903
244904
244905
244906
244907
244908
244909
244910
244911
244912
244913
244914
244915
244916
244917
244918
244919
245064
245065
245067
245068
245069
245070
245071
245073
245074
245076
245077
245079
245080
245082
245083
245084
245085
245086
245087
245088
245089
245091
245092
245094
245095
245096
245097
245098
245099
245100
245101
245102
245103
245104
245105
245106
245107
245108
245109
245255
245256
245258
245259
245261
245262
245264
245265
245267
245268
245270
245271
245273
245274
245276
245279
245282
245285
245288
245290
245291
245293
245294
245297
245446
245449
245450
245452
245453
245455
245456
245458
245459
245461
245462
245640
245643
245646
245649
255544
255545
255546
255547
255548
255549
255550
255551
255735
255736
255737
255738
255739
255740
255741
255742
255926
255927
255928
255929
255930
255931
255932
255933
256117
256118
256119
256120
256121
256122
256123
256124
256308
256309
256310
256311
256312
256313
256314
256315
256499
256500
256501
256502
256503
256504
256505
256506
256690
256691
256693
256694
256695
256696
256697
256845
256846
256848
256849
256852
256872
256873
256875
256876
256878
256879
256881
256882
256883
256884
256885
256886
256887
256888
257036
257037
257039
257042
257045
257048
257051
257052
257055
257060
257063
257064
257066
257067
257069
257070
257071
257072
257073
257074
257075
257076
257242
257254
257257
257258
257260
257261
257262
257263
257448
267704
267705
267706
267707
267708
267709
267710
267711
267895
267896
267897
267898
267899
267900
267901
267902
268086
268087
268088
268089
268090
268091
268092
268093
268277
268278
268279
268280
268281
268282
268283
268284
268468
268469
268470
268471
268472
268473
268474
268475
268659
268662
268663
268664
268665
268666
268853
268854
268855
268856
268857
269041
269042
269044
269229
269230
279864
279865
279866
279867
279868
279869
279870
279871
280055
280056
280057
280058
280059
280060
280061
280062
280246
280247
280248
280249
280250
280251
280252
280253
280437
280438
280439
280440
280441
280442
280443
280444
280628
280630
280631
280632
280633
280634
280635
280822
280823
280824
280825
280826
281013
292024
292025
292026
292027
292028
292029
292030
292031
292215
292216
292217
292218
292219
292220
292221
292222
292406
292407
292408
292409
292410
292411
292412
292413
292597
292598
292600
292601
292602
292603
292604
292788
292791
292792
292793
292794
292795
292982
292986
304184
304185
304187
304188
304189
304190
304375
304376
304378
304379
304380
304381
304382
304566
304569
304570
304571
304572
304573
304760
304761
304762
304763
304764
304951
304954
304955
316348
316538
316539
316541
316729
316730
316732
316920
316923
899597
899598
899599
899600
899601
899661
899662
899663
899664
899665
899666
899667
899668
899669
899670
899671
899672
899673
899674
899725
899726
899727
899728
899729
899730
899731
899732
899733
899734
899735
899736
899737
899738
899739
899789
899790
899791
899792
899793
899794
899795
899796
899797
899798
899799
899800
899801
899802
910721
910722
910725
910726
910727
910728
910729
910730
910785
910786
910787
910788
910789
910790
910791
910792
910793
910794
910849
910850
910851
910852
910853
910854
910855
910856
910857
910858
910859
910913
910914
910915
910916
910917
910918
910919
910920
910921
910922
910923
910977
910978
910979
910980
910981
910982
910983
910984
910985
910986
910987
911041
911042
911043
911044
911045
911046
911047
911048
911049
911050
911051
911105
911106
911107
911108
911109
911110
911111
911112
911113
911114
911115
911169
911170
911171
911172
911173
911174
911175
911176
911177
911178
911179
911233
911234
911235
911236
911237
911238
911239
911240
911241
911242
911243
911297
911298
911299
911300
911301
911302
911303
911304
911305
911361
911362
911363
911364
911365
911366
911367
911368
911425
911426
911427
911428
911429
911430
911431
911489
911490
911491
911492
911493
911494
911553
911554
911555
911556
911557
911558
911618
911619
911620
911621
208606
208793
-208798
244502
-256661
111889
112080
112081
112268
-122544
-122735
-122738
-122923
-122926
-122929
-122932
-123266
123479
123670
123671
123858
124049
124240
124241
124242
124426
124427
124428
124429
124430
-133943
-133946
-133949
-133951
-134137
-134140
-134142
-134328
-134331
-134512
-134513
-134516
-134519
-134522
-134698
134702
-134706
-134707
-134710
-134713
-134715
134896
-134900
-134901
-134904
-134906
-135058
-135061
-135078
-135080
135082
135085
135088
135090
135091
-135095
-135097
-135271
-135274
-135277
-135280
-135283
-135286
-135288
-135465
-135468
-135471
-135474
-135477
-135479
135639
-135668
-135670
135830
135831
135832
136018
136209
136210
136392
136395
136396
136397
136398
146102
-146292
-146294
146301
-146481
-146482
-146483
-146484
-146485
146489
-146493
-146668
-146669
-146670
146680
-146683
-146684
-146853
-147044
-147046
-147215
-147216
-147218
-147221
-147235
-147237
147411
147413
-147415
-147426
-147428
147430
-147620
-147622
147624
147627
147630
147633
147799
147800
-147819
-147822
-147823
-147825
147987
148178
148180
148359
148362
148364
148365
148368
-158258
-158449
-158450
-158825
-158826
-159013
-159014
-159181
-159184
-159201
159374
159376
-159378
-159392
-159394
159568
-159572
-159575
159587
159767
-159777
-159779
159781
159784
-159974
-159976
159978
159981
159984
159987
160147
160148
-160176
-160179
160327
160330
160333
160335
160336
-170418
-170609
-170610
-170797
-170798
170802
-170985
-170986
-171173
-171174
-171361
-171362
-171535
-171538
-171549
-171740
171744
171922
-171934
171938
171941
-172131
172135
172138
172141
172293
-172331
-172333
172335
172338
172340
172493
-182578
-182769
-182960
-182961
-183145
-183146
183150
-183333
-183334
183338
-183521
-183522
-183709
-184090
184098
184101
-184278
-184291
-184293
184295
184298
-184469
-184488
184492
184495
184498
184500
-184660
-184845
-184848
-194738
194743
-194929
194934
-195120
195125
-195309
-195494
-195496
-195497
195501
-195662
195686
-195856
-195859
-195869
-196052
-196053
-196056
-196058
-196059
196242
-196245
-196246
-196247
196249
196258
196436
-196441
-196444
-196448
-196450
196452
196455
196458
196627
-196632
-196635
-196648
-196650
196652
196655
196658
196660
196818
196819
-196823
-197000
-197002
197004
197006
197007
-197011
-197014
-197196
-197199
-197202
-206901
-207092
-207283
-207472
-207630
-207634
-207657
-207659
-207660
207664
207820
-207824
-207825
-207827
-207828
-207842
-207844
-207845
207849
208017
-208021
-208022
-208024
-208025
-208029
-208030
208034
208609
208612
208615
208794
-208805
-208807
208809
208812
208815
208818
208820
208981
-208986
209173
209360
-219061
-219252
-219443
-219634
-219635
-219820
-219822
-219823
219986
-219990
-219991
-219993
-219996
-220005
-220007
-220008
220012
220186
-220190
-220192
-220193
220197
220772
-220962
-220964
220966
220969
220972
220975
220978
220980
-231221
-231412
-231603
-231794
-231795
-231982
-231983
231987
232149
-232153
-232156
-232168
-232170
-232171
232175
232346
-232350
-232353
-232355
-232356
232360
232363
232545
233123
233126
233129
233132
233135
233138
233140
-243381
-243572
-243763
-243954
-244145
-244146
-244333
-244334
244338
244499
244505
-244510
-244516
-244519
-244521
-244522
244526
244681
244699
244700
244702
-244703
-244704
244708
244711
245283
245286
245289
245292
245295
245296
245298
245299
245300
245301
-255541
-255732
-255923
-256114
-256305
-256496
-256658
-256682
-256685
256847
-256858
-256861
-256864
-256869
-256870
256874
257077
257264
257265
257267
257268
257449
257451
257452
-267701
-267892
-268083
-268274
-268465
-268656
269045
269048
269231
269232
269233
269234
269420
269422
-279861
-280052
-280243
-280434
-280625
281016
-292021
-292212
-292403
-292594
-304181
304186
304191
-304372
304377
-304563
-316344
316347
316349
-316350
-316535
316540
316542
316731
316733
316922
316924
317115
-183900
-196060
-196062
196248
-196251
-196253
196255
-196447
257079
269047
220769
220956
-220961
232348
244503
-244507
136399
148367
183904
-184094
-184096
244529
-256687
-256688
245110
257078
257266
171728
-171732
160337
171924
172115
172305
172306
172492
172494
184079
-184084
184270
-184275
184461
184462
-184466
-184654
-184657
-146098
-158637
-158638
160328
160331
172296
172299
-172489
-146666
-208027
-208028
171727
171730
183882
-183886
-183889
196042
-196046
-196047
-196049
-196050
183153
-195311
-195312
136211
148179
148366
-99346
-99537
-99728
-99731
-99916
-99919
-99922
-100107
-100110
-111115
-111118
-111121
-111124
-111127
-111306
-111309
-111312
-111314
-111315
-111318
-111321
-111497
-111500
-111501
-111503
111504
-111509
-111512
-111688
-111691
-111692
-111694
111695
-111699
-111700
-111882
-111883
-111884
-111885
-112071
-112073
-112262
112266
112269
-122732
-123083
-123084
-123086
-123087
-123089
-123090
-123092
-123093
-123095
-123269
-123270
-123272
123285
-123289
-123290
-123460
-123461
-123463
-123652
-123654
-123843
123847
-124037
-124039
-124228
124232
-124422
-134699
-134700
-134701
-135052
-135055
-135234
-135237
-135238
-135239
-135240
-135241
135251
-135255
-135258
-135421
135425
135448
135450
-135615
-135617
135619
-135809
135813
-136003
-136005
-136194
136198
-136388
136393
-147206
-147209
-147212
-147213
-147393
-147394
-147581
147605
-147609
-147772
147776
147777
147779
147801
-147969
-148160
148164
148165
-148354
148358
148361
-159366
-159368
-159369
159373
-159553
-159554
159558
-159583
-159585
-159741
159745
159746
159765
-159935
159939
159956
-160129
160133
-160323
-171529
-171532
-171716
-171717
171721
-171904
171909
171912
-172095
172099
172100
172103
-172289
172294
172297
172300
-183692
-183879
-184070
-184261
184265
184268
-184458
-184460
-195850
-195852
-195853
-196039
-196041
-196230
-196421
196425
-196615
-196617
196619
-196809
-196811
-207817
-207818
-207819
-208005
-208196
208200
-208390
-208392
-208581
-208772
208776
-208966
-208968
-209157
209161
209172
-209351
209355
209358
209361
-219602
-219787
-219789
-219790
219792
219794
-219796
-219974
-220165
-220356
-220547
220551
-220741
-220743
-220932
-221123
221127
221145
-221317
221321
221332
221333
-221511
221515
221518
221520
221521
-231947
-231950
-231953
-231956
-231959
-232134
232139
232142
232145
232148
232151
-232325
232330
-232516
-232707
-232898
232902
232903
-233092
233120
-233283
233287
233305
233307
233308
233309
-233477
233481
233492
233493
-233671
233675
233676
233678
233679
233680
233681
233682
-244301
-244304
-244307
-244310
-244313
-244488
-244489
244493
244496
-244676
244684
244696
-244867
244871
244872
244875
244899
-245061
245066
245072
245075
245078
245081
245090
245093
-245252
245257
245260
245263
245266
245269
245272
245275
245277
245278
245280
245281
245284
245287
-245443
245447
245448
245451
245454
245457
245460
245463
245464
245465
245466
-245637
245641
245642
245644
245645
245647
245648
245650
245651
245652
245653
245654
-256655
256692
-256842
256850
256851
256853
-256855
256877
256880
-257033
257038
257040
257041
257043
257044
257046
257047
257049
257050
257053
257054
257056
-257057
257061
257062
257065
257068
-257224
257227
257228
257229
-257239
257243
257244
257245
257246
257247
-257251
257255
257256
257259
-257445
257450
257453
268660
268661
-268850
-268851
-269038
-269039
269043
269046
-269226
-269417
269421
280629
-280819
-281010
281014
281015
281017
292599
-292785
292789
292790
-292979
292983
292984
292985
304567
304568
-304757
-304948
304952
304953
-305142
305145
305146
-316726
-316917
316921
-317111
317114
220957
221144
-221149
-182958
147827
147829
159989
-160181
159958
160149
172113
172304
-134887
-134889
-195681
-195682
195316
-207474
-207475
)


// ************************************************************************* //
