/*--------------------------------*- C++ -*----------------------------------*\
  =========                 |
  \\      /  F ield         | OpenFOAM: The Open Source CFD Toolbox
   \\    /   O peration     | Website:  https://openfoam.org
    \\  /    A nd           | Version:  6
     \\/     M anipulation  |
\*---------------------------------------------------------------------------*/
FoamFile
{
    version     2.0;
    format      ascii;
    class       faceList;
    location    "constant/region117/polyMesh";
    object      faces;
}
// * * * * * * * * * * * * * * * * * * * * * * * * * * * * * * * * * * * * * //


3979
(
4(2 41 42 3)
4(34 35 42 41)
4(4 48 49 5)
4(41 42 49 48)
4(5 9 54 49)
4(8 53 54 9)
4(48 49 54 53)
4(9 54 55 10)
4(49 50 55 54)
4(8 12 58 53)
4(11 57 58 12)
4(52 53 58 57)
4(9 13 59 54)
4(12 58 59 13)
4(53 54 59 58)
4(54 55 60 59)
4(12 16 62 58)
4(57 58 62 61)
4(58 59 63 62)
4(19 25 99 89)
4(24 98 99 25)
4(88 89 99 98)
4(20 26 100 90)
4(25 99 100 26)
4(89 90 100 99)
4(21 27 101 91)
4(26 100 101 27)
4(90 91 101 100)
4(22 28 102 92)
4(27 101 102 28)
4(91 92 102 101)
4(28 102 103 29)
4(92 93 103 102)
4(25 32 108 99)
4(31 107 108 32)
4(98 99 108 107)
4(26 33 109 100)
4(32 108 109 33)
4(99 100 109 108)
4(27 34 110 101)
4(33 109 110 34)
4(100 101 110 109)
4(28 35 111 102)
4(34 110 111 35)
4(101 102 111 110)
4(29 36 112 103)
4(35 111 112 36)
4(102 103 112 111)
4(36 112 113 37)
4(103 104 113 112)
4(32 39 116 108)
4(38 115 116 39)
4(107 108 116 115)
4(33 40 117 109)
4(39 116 117 40)
4(108 109 117 116)
4(34 41 118 110)
4(40 117 118 41)
4(109 110 118 117)
4(35 42 119 111)
4(41 118 119 42)
4(110 111 119 118)
4(36 43 120 112)
4(42 119 120 43)
4(111 112 120 119)
4(112 113 121 120)
4(39 46 123 116)
4(115 116 123 122)
4(40 47 124 117)
4(46 123 124 47)
4(116 117 124 123)
4(41 48 125 118)
4(47 124 125 48)
4(117 118 125 124)
4(42 49 126 119)
4(48 125 126 49)
4(118 119 126 125)
4(49 126 127 50)
4(119 120 127 126)
4(47 52 130 124)
4(51 129 130 52)
4(123 124 130 129)
4(48 53 131 125)
4(52 130 131 53)
4(124 125 131 130)
4(49 54 132 126)
4(53 131 132 54)
4(125 126 132 131)
4(54 132 133 55)
4(126 127 133 132)
4(52 57 135 130)
4(129 130 135 134)
4(53 58 136 131)
4(57 135 136 58)
4(130 131 136 135)
4(54 59 137 132)
4(58 136 137 59)
4(131 132 137 136)
4(58 62 140 136)
4(67 171 172 68)
4(163 164 172 171)
4(67 71 179 171)
4(70 178 179 71)
4(170 171 179 178)
4(68 72 180 172)
4(71 179 180 72)
4(171 172 180 179)
4(72 180 181 73)
4(172 173 181 180)
4(71 81 194 179)
4(178 179 194 193)
4(72 82 195 180)
4(179 180 195 194)
4(73 83 196 181)
4(180 181 196 195)
4(181 182 197 196)
4(76 89 204 188)
4(88 203 204 89)
4(187 188 204 203)
4(77 90 205 189)
4(89 204 205 90)
4(188 189 205 204)
4(78 91 206 190)
4(90 205 206 91)
4(189 190 206 205)
4(91 206 207 92)
4(190 191 207 206)
4(86 96 219 201)
4(200 201 219 218)
4(87 97 220 202)
4(96 219 220 97)
4(201 202 220 219)
4(88 98 221 203)
4(97 220 221 98)
4(202 203 221 220)
4(89 99 222 204)
4(98 221 222 99)
4(203 204 222 221)
4(90 100 223 205)
4(99 222 223 100)
4(204 205 223 222)
4(91 101 224 206)
4(100 223 224 101)
4(205 206 224 223)
4(92 102 225 207)
4(101 224 225 102)
4(206 207 225 224)
4(93 103 226 208)
4(102 225 226 103)
4(207 208 226 225)
4(103 226 227 104)
4(97 106 237 220)
4(219 220 237 236)
4(98 107 238 221)
4(106 237 238 107)
4(220 221 238 237)
4(99 108 239 222)
4(107 238 239 108)
4(221 222 239 238)
4(100 109 240 223)
4(108 239 240 109)
4(222 223 240 239)
4(101 110 241 224)
4(109 240 241 110)
4(223 224 241 240)
4(102 111 242 225)
4(110 241 242 111)
4(224 225 242 241)
4(103 112 243 226)
4(111 242 243 112)
4(225 226 243 242)
4(112 243 244 113)
4(226 227 244 243)
4(107 115 249 238)
4(237 238 249 248)
4(108 116 250 239)
4(115 249 250 116)
4(238 239 250 249)
4(109 117 251 240)
4(116 250 251 117)
4(239 240 251 250)
4(110 118 252 241)
4(117 251 252 118)
4(240 241 252 251)
4(111 119 253 242)
4(118 252 253 119)
4(241 242 253 252)
4(112 120 254 243)
4(119 253 254 120)
4(242 243 254 253)
4(116 123 258 250)
4(122 257 258 123)
4(249 250 258 257)
4(117 124 259 251)
4(123 258 259 124)
4(250 251 259 258)
4(118 125 260 252)
4(124 259 260 125)
4(251 252 260 259)
4(119 126 261 253)
4(125 260 261 126)
4(252 253 261 260)
4(126 261 262 127)
4(253 254 262 261)
4(123 129 264 258)
4(257 258 264 263)
4(124 130 265 259)
4(129 264 265 130)
4(258 259 265 264)
4(125 131 266 260)
4(130 265 266 131)
4(259 260 266 265)
4(126 132 267 261)
4(131 266 267 132)
4(260 261 267 266)
4(130 135 270 265)
4(131 136 271 266)
4(143 148 279 274)
4(273 274 279 278)
4(144 149 280 275)
4(148 279 280 149)
4(274 275 280 279)
4(145 150 281 276)
4(149 280 281 150)
4(275 276 281 280)
4(150 281 282 151)
4(276 277 282 281)
4(149 153 286 280)
4(152 285 286 153)
4(279 280 286 285)
4(150 154 287 281)
4(153 286 287 154)
4(280 281 287 286)
4(281 282 288 287)
4(153 159 293 286)
4(158 292 293 159)
4(285 286 293 292)
4(159 293 294 160)
4(286 287 294 293)
4(157 164 299 291)
4(163 298 299 164)
4(290 291 299 298)
4(158 165 300 292)
4(164 299 300 165)
4(291 292 300 299)
4(159 166 301 293)
4(165 300 301 166)
4(292 293 301 300)
4(166 301 302 167)
4(293 294 302 301)
4(162 170 306 297)
4(169 305 306 170)
4(296 297 306 305)
4(163 171 307 298)
4(170 306 307 171)
4(297 298 307 306)
4(164 172 308 299)
4(171 307 308 172)
4(298 299 308 307)
4(165 173 309 300)
4(172 308 309 173)
4(299 300 309 308)
4(166 174 310 301)
4(173 309 310 174)
4(300 301 310 309)
4(167 175 311 302)
4(174 310 311 175)
4(301 302 311 310)
4(175 311 312 176)
4(302 303 312 311)
4(170 178 318 306)
4(177 317 318 178)
4(305 306 318 317)
4(171 179 319 307)
4(178 318 319 179)
4(306 307 319 318)
4(172 180 320 308)
4(179 319 320 180)
4(307 308 320 319)
4(173 181 321 309)
4(180 320 321 181)
4(308 309 321 320)
4(174 182 322 310)
4(181 321 322 182)
4(309 310 322 321)
4(175 183 323 311)
4(182 322 323 183)
4(310 311 323 322)
4(183 323 324 184)
4(311 312 324 323)
4(178 193 334 318)
4(192 333 334 193)
4(317 318 334 333)
4(179 194 335 319)
4(193 334 335 194)
4(318 319 335 334)
4(180 195 336 320)
4(194 335 336 195)
4(319 320 336 335)
4(181 196 337 321)
4(195 336 337 196)
4(320 321 337 336)
4(182 197 338 322)
4(196 337 338 197)
4(321 322 338 337)
4(183 198 339 323)
4(197 338 339 198)
4(322 323 339 338)
4(198 339 340 199)
4(323 324 340 339)
4(186 202 343 326)
4(201 342 343 202)
4(325 326 343 342)
4(187 203 344 327)
4(202 343 344 203)
4(326 327 344 343)
4(188 204 345 328)
4(203 344 345 204)
4(327 328 345 344)
4(189 205 346 329)
4(204 345 346 205)
4(328 329 346 345)
4(190 206 347 330)
4(205 346 347 206)
4(329 330 347 346)
4(206 347 348 207)
4(193 211 352 334)
4(333 334 352 351)
4(194 212 353 335)
4(211 352 353 212)
4(334 335 353 352)
4(195 213 354 336)
4(212 353 354 213)
4(335 336 354 353)
4(196 214 355 337)
4(213 354 355 214)
4(336 337 355 354)
4(197 215 356 338)
4(214 355 356 215)
4(337 338 356 355)
4(198 216 357 339)
4(215 356 357 216)
4(338 339 357 356)
4(216 357 358 217)
4(339 340 358 357)
4(201 219 360 342)
4(218 359 360 219)
4(341 342 360 359)
4(202 220 361 343)
4(219 360 361 220)
4(342 343 361 360)
4(203 221 362 344)
4(220 361 362 221)
4(343 344 362 361)
4(204 222 363 345)
4(221 362 363 222)
4(344 345 363 362)
4(205 223 364 346)
4(222 363 364 223)
4(345 346 364 363)
4(206 224 365 347)
4(223 364 365 224)
4(346 347 365 364)
4(207 225 366 348)
4(224 365 366 225)
4(347 348 366 365)
4(225 366 367 226)
4(348 349 367 366)
4(212 229 371 353)
4(352 353 371 370)
4(213 230 372 354)
4(353 354 372 371)
4(214 231 373 355)
4(354 355 373 372)
4(215 232 374 356)
4(355 356 374 373)
4(216 233 375 357)
4(232 374 375 233)
4(356 357 375 374)
4(233 375 376 234)
4(357 358 376 375)
4(219 236 378 360)
4(220 237 379 361)
4(360 361 379 378)
4(221 238 380 362)
4(237 379 380 238)
4(361 362 380 379)
4(222 239 381 363)
4(238 380 381 239)
4(362 363 381 380)
4(223 240 382 364)
4(239 381 382 240)
4(363 364 382 381)
4(224 241 383 365)
4(240 382 383 241)
4(364 365 383 382)
4(225 242 384 366)
4(241 383 384 242)
4(365 366 384 383)
4(226 243 385 367)
4(242 384 385 243)
4(366 367 385 384)
4(233 246 391 375)
4(374 375 391 390)
4(375 376 392 391)
4(238 249 394 380)
4(248 393 394 249)
4(379 380 394 393)
4(239 250 395 381)
4(249 394 395 250)
4(380 381 395 394)
4(240 251 396 382)
4(250 395 396 251)
4(381 382 396 395)
4(241 252 397 383)
4(251 396 397 252)
4(382 383 397 396)
4(242 253 398 384)
4(252 397 398 253)
4(383 384 398 397)
4(253 398 399 254)
4(384 385 399 398)
4(249 257 401 394)
4(250 258 402 395)
4(257 401 402 258)
4(394 395 402 401)
4(251 259 403 396)
4(258 402 403 259)
4(395 396 403 402)
4(252 260 404 397)
4(259 403 404 260)
4(396 397 404 403)
4(253 261 405 398)
4(260 404 405 261)
4(397 398 405 404)
4(258 264 408 402)
4(259 265 409 403)
4(260 266 410 404)
4(274 279 418 413)
4(278 417 418 279)
4(412 413 418 417)
4(275 280 419 414)
4(279 418 419 280)
4(413 414 419 418)
4(276 281 420 415)
4(280 419 420 281)
4(414 415 420 419)
4(281 420 421 282)
4(415 416 421 420)
4(279 285 424 418)
4(284 423 424 285)
4(417 418 424 423)
4(280 286 425 419)
4(285 424 425 286)
4(418 419 425 424)
4(281 287 426 420)
4(286 425 426 287)
4(419 420 426 425)
4(287 426 427 288)
4(420 421 427 426)
4(284 291 430 423)
4(290 429 430 291)
4(422 423 430 429)
4(285 292 431 424)
4(291 430 431 292)
4(423 424 431 430)
4(286 293 432 425)
4(292 431 432 293)
4(424 425 432 431)
4(287 294 433 426)
4(293 432 433 294)
4(425 426 433 432)
4(294 433 434 295)
4(426 427 434 433)
4(290 298 437 429)
4(297 436 437 298)
4(428 429 437 436)
4(291 299 438 430)
4(298 437 438 299)
4(429 430 438 437)
4(292 300 439 431)
4(299 438 439 300)
4(430 431 439 438)
4(293 301 440 432)
4(300 439 440 301)
4(431 432 440 439)
4(294 302 441 433)
4(301 440 441 302)
4(432 433 441 440)
4(302 441 442 303)
4(433 434 442 441)
4(297 306 445 436)
4(305 444 445 306)
4(435 436 445 444)
4(298 307 446 437)
4(306 445 446 307)
4(436 437 446 445)
4(299 308 447 438)
4(307 446 447 308)
4(437 438 447 446)
4(300 309 448 439)
4(308 447 448 309)
4(438 439 448 447)
4(301 310 449 440)
4(309 448 449 310)
4(439 440 449 448)
4(302 311 450 441)
4(310 449 450 311)
4(440 441 450 449)
4(311 450 451 312)
4(441 442 451 450)
4(305 317 457 444)
4(316 456 457 317)
4(443 444 457 456)
4(306 318 458 445)
4(317 457 458 318)
4(444 445 458 457)
4(307 319 459 446)
4(318 458 459 319)
4(445 446 459 458)
4(308 320 460 447)
4(319 459 460 320)
4(446 447 460 459)
4(309 321 461 448)
4(320 460 461 321)
4(447 448 461 460)
4(310 322 462 449)
4(321 461 462 322)
4(448 449 462 461)
4(311 323 463 450)
4(322 462 463 323)
4(449 450 463 462)
4(323 463 464 324)
4(450 451 464 463)
4(314 328 468 453)
4(327 467 468 328)
4(328 468 469 329)
4(317 333 473 457)
4(332 472 473 333)
4(456 457 473 472)
4(318 334 474 458)
4(333 473 474 334)
4(457 458 474 473)
4(319 335 475 459)
4(334 474 475 335)
4(458 459 475 474)
4(320 336 476 460)
4(335 475 476 336)
4(459 460 476 475)
4(321 337 477 461)
4(336 476 477 337)
4(460 461 477 476)
4(322 338 478 462)
4(337 477 478 338)
4(461 462 478 477)
4(323 339 479 463)
4(338 478 479 339)
4(462 463 479 478)
4(339 479 480 340)
4(463 464 480 479)
4(326 343 483 466)
4(342 482 483 343)
4(327 344 484 467)
4(343 483 484 344)
4(466 467 484 483)
4(328 345 485 468)
4(344 484 485 345)
4(467 468 485 484)
4(329 346 486 469)
4(345 485 486 346)
4(468 469 486 485)
4(346 486 487 347)
4(469 470 487 486)
4(333 351 492 473)
4(472 473 492 491)
4(334 352 493 474)
4(351 492 493 352)
4(473 474 493 492)
4(335 353 494 475)
4(352 493 494 353)
4(474 475 494 493)
4(336 354 495 476)
4(353 494 495 354)
4(475 476 495 494)
4(337 355 496 477)
4(354 495 496 355)
4(476 477 496 495)
4(338 356 497 478)
4(355 496 497 356)
4(477 478 497 496)
4(339 357 498 479)
4(356 497 498 357)
4(478 479 498 497)
4(357 498 499 358)
4(479 480 499 498)
4(342 360 501 482)
4(343 361 502 483)
4(360 501 502 361)
4(482 483 502 501)
4(344 362 503 484)
4(361 502 503 362)
4(483 484 503 502)
4(345 363 504 485)
4(362 503 504 363)
4(484 485 504 503)
4(346 364 505 486)
4(363 504 505 364)
4(485 486 505 504)
4(347 365 506 487)
4(364 505 506 365)
4(486 487 506 505)
4(348 366 507 488)
4(365 506 507 366)
4(487 488 507 506)
4(366 507 508 367)
4(352 370 511 493)
4(492 493 511 510)
4(353 371 512 494)
4(493 494 512 511)
4(354 372 513 495)
4(371 512 513 372)
4(494 495 513 512)
4(355 373 514 496)
4(372 513 514 373)
4(495 496 514 513)
4(356 374 515 497)
4(373 514 515 374)
4(496 497 515 514)
4(357 375 516 498)
4(374 515 516 375)
4(497 498 516 515)
4(375 516 517 376)
4(498 499 517 516)
4(361 379 519 502)
4(501 502 519 518)
4(362 380 520 503)
4(379 519 520 380)
4(502 503 520 519)
4(363 381 521 504)
4(380 520 521 381)
4(503 504 521 520)
4(364 382 522 505)
4(381 521 522 382)
4(504 505 522 521)
4(365 383 523 506)
4(382 522 523 383)
4(505 506 523 522)
4(366 384 524 507)
4(383 523 524 384)
4(506 507 524 523)
4(384 524 525 385)
4(372 388 528 513)
4(512 513 528 527)
4(373 389 529 514)
4(513 514 529 528)
4(374 390 530 515)
4(514 515 530 529)
4(375 391 531 516)
4(515 516 531 530)
4(516 517 532 531)
4(380 394 534 520)
4(519 520 534 533)
4(381 395 535 521)
4(394 534 535 395)
4(520 521 535 534)
4(382 396 536 522)
4(395 535 536 396)
4(521 522 536 535)
4(383 397 537 523)
4(396 536 537 397)
4(522 523 537 536)
4(384 398 538 524)
4(397 537 538 398)
4(523 524 538 537)
4(395 402 545 535)
4(396 403 546 536)
4(397 404 547 537)
4(536 537 547 546)
4(413 418 555 550)
4(417 554 555 418)
4(549 550 555 554)
4(414 419 556 551)
4(418 555 556 419)
4(550 551 556 555)
4(415 420 557 552)
4(419 556 557 420)
4(551 552 557 556)
4(420 557 558 421)
4(552 553 558 557)
4(418 424 561 555)
4(423 560 561 424)
4(554 555 561 560)
4(419 425 562 556)
4(424 561 562 425)
4(555 556 562 561)
4(420 426 563 557)
4(425 562 563 426)
4(556 557 563 562)
4(426 563 564 427)
4(557 558 564 563)
4(423 430 567 560)
4(429 566 567 430)
4(424 431 568 561)
4(430 567 568 431)
4(560 561 568 567)
4(425 432 569 562)
4(431 568 569 432)
4(561 562 569 568)
4(426 433 570 563)
4(432 569 570 433)
4(562 563 570 569)
4(433 570 571 434)
4(563 564 571 570)
4(429 437 574 566)
4(436 573 574 437)
4(565 566 574 573)
4(430 438 575 567)
4(437 574 575 438)
4(566 567 575 574)
4(431 439 576 568)
4(438 575 576 439)
4(567 568 576 575)
4(432 440 577 569)
4(439 576 577 440)
4(568 569 577 576)
4(433 441 578 570)
4(440 577 578 441)
4(569 570 578 577)
4(441 578 579 442)
4(570 571 579 578)
4(436 445 582 573)
4(444 581 582 445)
4(572 573 582 581)
4(437 446 583 574)
4(445 582 583 446)
4(573 574 583 582)
4(438 447 584 575)
4(446 583 584 447)
4(574 575 584 583)
4(439 448 585 576)
4(447 584 585 448)
4(575 576 585 584)
4(440 449 586 577)
4(448 585 586 449)
4(576 577 586 585)
4(441 450 587 578)
4(449 586 587 450)
4(577 578 587 586)
4(450 587 588 451)
4(578 579 588 587)
4(444 457 591 581)
4(456 590 591 457)
4(580 581 591 590)
4(445 458 592 582)
4(457 591 592 458)
4(581 582 592 591)
4(446 459 593 583)
4(458 592 593 459)
4(582 583 593 592)
4(447 460 594 584)
4(459 593 594 460)
4(583 584 594 593)
4(448 461 595 585)
4(460 594 595 461)
4(584 585 595 594)
4(449 462 596 586)
4(461 595 596 462)
4(585 586 596 595)
4(450 463 597 587)
4(462 596 597 463)
4(586 587 597 596)
4(463 597 598 464)
4(587 588 598 597)
4(456 472 605 590)
4(471 604 605 472)
4(589 590 605 604)
4(457 473 606 591)
4(472 605 606 473)
4(590 591 606 605)
4(458 474 607 592)
4(473 606 607 474)
4(591 592 607 606)
4(459 475 608 593)
4(474 607 608 475)
4(592 593 608 607)
4(460 476 609 594)
4(475 608 609 476)
4(593 594 609 608)
4(461 477 610 595)
4(476 609 610 477)
4(594 595 610 609)
4(462 478 611 596)
4(477 610 611 478)
4(595 596 611 610)
4(463 479 612 597)
4(478 611 612 479)
4(596 597 612 611)
4(479 612 613 480)
4(597 598 613 612)
4(467 484 616 600)
4(483 615 616 484)
4(468 485 617 601)
4(484 616 617 485)
4(600 601 617 616)
4(469 486 618 602)
4(485 617 618 486)
4(486 618 619 487)
4(472 491 622 605)
4(604 605 622 621)
4(473 492 623 606)
4(491 622 623 492)
4(605 606 623 622)
4(474 493 624 607)
4(492 623 624 493)
4(606 607 624 623)
4(475 494 625 608)
4(493 624 625 494)
4(607 608 625 624)
4(476 495 626 609)
4(494 625 626 495)
4(608 609 626 625)
4(477 496 627 610)
4(495 626 627 496)
4(609 610 627 626)
4(478 497 628 611)
4(496 627 628 497)
4(610 611 628 627)
4(479 498 629 612)
4(497 628 629 498)
4(611 612 629 628)
4(498 629 630 499)
4(612 613 630 629)
4(483 502 632 615)
4(501 631 632 502)
4(484 503 633 616)
4(502 632 633 503)
4(485 504 634 617)
4(503 633 634 504)
4(616 617 634 633)
4(486 505 635 618)
4(504 634 635 505)
4(617 618 635 634)
4(487 506 636 619)
4(505 635 636 506)
4(618 619 636 635)
4(506 636 637 507)
4(492 510 639 623)
4(622 623 639 638)
4(493 511 640 624)
4(623 624 640 639)
4(494 512 641 625)
4(511 640 641 512)
4(624 625 641 640)
4(495 513 642 626)
4(512 641 642 513)
4(625 626 642 641)
4(496 514 643 627)
4(513 642 643 514)
4(626 627 643 642)
4(497 515 644 628)
4(514 643 644 515)
4(627 628 644 643)
4(498 516 645 629)
4(515 644 645 516)
4(628 629 645 644)
4(516 645 646 517)
4(629 630 646 645)
4(502 519 648 632)
4(503 520 649 633)
4(519 648 649 520)
4(504 521 650 634)
4(520 649 650 521)
4(633 634 650 649)
4(505 522 651 635)
4(521 650 651 522)
4(634 635 651 650)
4(506 523 652 636)
4(522 651 652 523)
4(635 636 652 651)
4(523 652 653 524)
4(512 527 655 641)
4(640 641 655 654)
4(513 528 656 642)
4(641 642 656 655)
4(514 529 657 643)
4(642 643 657 656)
4(515 530 658 644)
4(529 657 658 530)
4(643 644 658 657)
4(516 531 659 645)
4(530 658 659 531)
4(644 645 659 658)
4(531 659 660 532)
4(645 646 660 659)
4(520 534 662 649)
4(521 535 663 650)
4(522 536 664 651)
4(523 537 665 652)
4(536 664 665 537)
4(651 652 665 664)
4(530 541 669 658)
4(657 658 669 668)
4(531 542 670 659)
4(658 659 670 669)
4(659 660 671 670)
4(550 555 680 675)
4(554 679 680 555)
4(674 675 680 679)
4(551 556 681 676)
4(555 680 681 556)
4(675 676 681 680)
4(552 557 682 677)
4(556 681 682 557)
4(676 677 682 681)
4(557 682 683 558)
4(677 678 683 682)
4(555 561 685 680)
4(560 684 685 561)
4(679 680 685 684)
4(556 562 686 681)
4(561 685 686 562)
4(680 681 686 685)
4(557 563 687 682)
4(562 686 687 563)
4(681 682 687 686)
4(563 687 688 564)
4(682 683 688 687)
4(561 568 692 685)
4(567 691 692 568)
4(684 685 692 691)
4(562 569 693 686)
4(568 692 693 569)
4(685 686 693 692)
4(563 570 694 687)
4(569 693 694 570)
4(686 687 694 693)
4(570 694 695 571)
4(687 688 695 694)
4(566 574 698 690)
4(573 697 698 574)
4(567 575 699 691)
4(574 698 699 575)
4(568 576 700 692)
4(575 699 700 576)
4(691 692 700 699)
4(569 577 701 693)
4(576 700 701 577)
4(692 693 701 700)
4(570 578 702 694)
4(577 701 702 578)
4(693 694 702 701)
4(578 702 703 579)
4(694 695 703 702)
4(573 582 706 697)
4(581 705 706 582)
4(574 583 707 698)
4(582 706 707 583)
4(697 698 707 706)
4(575 584 708 699)
4(583 707 708 584)
4(698 699 708 707)
4(576 585 709 700)
4(584 708 709 585)
4(699 700 709 708)
4(577 586 710 701)
4(585 709 710 586)
4(700 701 710 709)
4(578 587 711 702)
4(586 710 711 587)
4(701 702 711 710)
4(587 711 712 588)
4(702 703 712 711)
4(581 591 715 705)
4(590 714 715 591)
4(704 705 715 714)
4(582 592 716 706)
4(591 715 716 592)
4(705 706 716 715)
4(583 593 717 707)
4(592 716 717 593)
4(706 707 717 716)
4(584 594 718 708)
4(593 717 718 594)
4(707 708 718 717)
4(585 595 719 709)
4(594 718 719 595)
4(708 709 719 718)
4(586 596 720 710)
4(595 719 720 596)
4(709 710 720 719)
4(587 597 721 711)
4(596 720 721 597)
4(710 711 721 720)
4(597 721 722 598)
4(711 712 722 721)
4(590 605 726 714)
4(604 725 726 605)
4(713 714 726 725)
4(591 606 727 715)
4(605 726 727 606)
4(714 715 727 726)
4(592 607 728 716)
4(606 727 728 607)
4(715 716 728 727)
4(593 608 729 717)
4(607 728 729 608)
4(716 717 729 728)
4(594 609 730 718)
4(608 729 730 609)
4(717 718 730 729)
4(595 610 731 719)
4(609 730 731 610)
4(718 719 731 730)
4(596 611 732 720)
4(610 731 732 611)
4(719 720 732 731)
4(597 612 733 721)
4(611 732 733 612)
4(720 721 733 732)
4(612 733 734 613)
4(721 722 734 733)
4(616 735 736 617)
4(723 724 736 735)
4(605 622 743 726)
4(725 726 743 742)
4(606 623 744 727)
4(622 743 744 623)
4(726 727 744 743)
4(607 624 745 728)
4(623 744 745 624)
4(727 728 745 744)
4(608 625 746 729)
4(624 745 746 625)
4(728 729 746 745)
4(609 626 747 730)
4(625 746 747 626)
4(729 730 747 746)
4(610 627 748 731)
4(626 747 748 627)
4(730 731 748 747)
4(611 628 749 732)
4(627 748 749 628)
4(731 732 749 748)
4(612 629 750 733)
4(628 749 750 629)
4(732 733 750 749)
4(629 750 751 630)
4(733 734 751 750)
4(617 634 753 736)
4(633 752 753 634)
4(735 736 753 752)
4(618 635 754 737)
4(634 753 754 635)
4(736 737 754 753)
4(635 754 755 636)
4(737 738 755 754)
4(623 639 761 744)
4(743 744 761 760)
4(624 640 762 745)
4(744 745 762 761)
4(625 641 763 746)
4(640 762 763 641)
4(745 746 763 762)
4(626 642 764 747)
4(641 763 764 642)
4(746 747 764 763)
4(627 643 765 748)
4(642 764 765 643)
4(747 748 765 764)
4(628 644 766 749)
4(643 765 766 644)
4(748 749 766 765)
4(629 645 767 750)
4(644 766 767 645)
4(749 750 767 766)
4(645 767 768 646)
4(750 751 768 767)
4(634 650 770 753)
4(752 753 770 769)
4(635 651 771 754)
4(753 754 771 770)
4(651 771 772 652)
4(754 755 772 771)
4(641 655 777 763)
4(762 763 777 776)
4(642 656 778 764)
4(763 764 778 777)
4(643 657 779 765)
4(656 778 779 657)
4(764 765 779 778)
4(644 658 780 766)
4(657 779 780 658)
4(765 766 780 779)
4(645 659 781 767)
4(658 780 781 659)
4(766 767 781 780)
4(659 781 782 660)
4(767 768 782 781)
4(771 772 785 784)
4(657 668 789 779)
4(778 779 789 788)
4(658 669 790 780)
4(779 780 790 789)
4(659 670 791 781)
4(780 781 791 790)
4(781 782 792 791)
4(675 680 806 801)
4(679 805 806 680)
4(676 681 807 802)
4(680 806 807 681)
4(801 802 807 806)
4(677 682 808 803)
4(681 807 808 682)
4(802 803 808 807)
4(682 808 809 683)
4(803 804 809 808)
4(680 685 811 806)
4(684 810 811 685)
4(681 686 812 807)
4(685 811 812 686)
4(806 807 812 811)
4(682 687 813 808)
4(686 812 813 687)
4(807 808 813 812)
4(687 813 814 688)
4(808 809 814 813)
4(685 692 816 811)
4(691 815 816 692)
4(686 693 817 812)
4(692 816 817 693)
4(811 812 817 816)
4(687 694 818 813)
4(693 817 818 694)
4(812 813 818 817)
4(694 818 819 695)
4(813 814 819 818)
4(692 700 823 816)
4(699 822 823 700)
4(693 701 824 817)
4(700 823 824 701)
4(816 817 824 823)
4(694 702 825 818)
4(701 824 825 702)
4(817 818 825 824)
4(702 825 826 703)
4(818 819 826 825)
4(698 707 832 821)
4(706 831 832 707)
4(699 708 833 822)
4(707 832 833 708)
4(821 822 833 832)
4(700 709 834 823)
4(708 833 834 709)
4(822 823 834 833)
4(701 710 835 824)
4(709 834 835 710)
4(823 824 835 834)
4(702 711 836 825)
4(710 835 836 711)
4(824 825 836 835)
4(711 836 837 712)
4(825 826 837 836)
4(705 715 845 830)
4(714 844 845 715)
4(706 716 846 831)
4(715 845 846 716)
4(830 831 846 845)
4(707 717 847 832)
4(716 846 847 717)
4(831 832 847 846)
4(708 718 848 833)
4(717 847 848 718)
4(832 833 848 847)
4(709 719 849 834)
4(718 848 849 719)
4(833 834 849 848)
4(710 720 850 835)
4(719 849 850 720)
4(834 835 850 849)
4(711 721 851 836)
4(720 850 851 721)
4(835 836 851 850)
4(721 851 852 722)
4(836 837 852 851)
4(714 726 862 844)
4(725 861 862 726)
4(843 844 862 861)
4(715 727 863 845)
4(726 862 863 727)
4(844 845 863 862)
4(716 728 864 846)
4(727 863 864 728)
4(845 846 864 863)
4(717 729 865 847)
4(728 864 865 729)
4(846 847 865 864)
4(718 730 866 848)
4(729 865 866 730)
4(847 848 866 865)
4(719 731 867 849)
4(730 866 867 731)
4(848 849 867 866)
4(720 732 868 850)
4(731 867 868 732)
4(849 850 868 867)
4(721 733 869 851)
4(732 868 869 733)
4(850 851 869 868)
4(733 869 870 734)
4(851 852 870 869)
4(735 872 873 736)
4(854 855 873 872)
4(726 743 880 862)
4(742 879 880 743)
4(861 862 880 879)
4(727 744 881 863)
4(743 880 881 744)
4(862 863 881 880)
4(728 745 882 864)
4(744 881 882 745)
4(863 864 882 881)
4(729 746 883 865)
4(745 882 883 746)
4(864 865 883 882)
4(730 747 884 866)
4(746 883 884 747)
4(865 866 884 883)
4(731 748 885 867)
4(747 884 885 748)
4(866 867 885 884)
4(732 749 886 868)
4(748 885 886 749)
4(867 868 886 885)
4(733 750 887 869)
4(749 886 887 750)
4(868 869 887 886)
4(750 887 888 751)
4(869 870 888 887)
4(736 753 890 873)
4(752 889 890 753)
4(872 873 890 889)
4(737 754 891 874)
4(753 890 891 754)
4(873 874 891 890)
4(738 755 892 875)
4(754 891 892 755)
4(874 875 892 891)
4(755 892 893 756)
4(875 876 893 892)
4(877 878 895 894)
4(743 760 897 880)
4(879 880 897 896)
4(744 761 898 881)
4(880 881 898 897)
4(745 762 899 882)
4(761 898 899 762)
4(881 882 899 898)
4(746 763 900 883)
4(762 899 900 763)
4(882 883 900 899)
4(747 764 901 884)
4(763 900 901 764)
4(883 884 901 900)
4(748 765 902 885)
4(764 901 902 765)
4(884 885 902 901)
4(749 766 903 886)
4(765 902 903 766)
4(885 886 903 902)
4(750 767 904 887)
4(766 903 904 767)
4(886 887 904 903)
4(767 904 905 768)
4(887 888 905 904)
4(753 770 907 890)
4(889 890 907 906)
4(754 771 908 891)
4(770 907 908 771)
4(890 891 908 907)
4(755 772 909 892)
4(771 908 909 772)
4(891 892 909 908)
4(756 773 910 893)
4(772 909 910 773)
4(892 893 910 909)
4(773 910 911 774)
4(893 894 911 910)
4(762 776 916 899)
4(898 899 916 915)
4(763 777 917 900)
4(899 900 917 916)
4(764 778 918 901)
4(900 901 918 917)
4(765 779 919 902)
4(778 918 919 779)
4(901 902 919 918)
4(766 780 920 903)
4(779 919 920 780)
4(902 903 920 919)
4(767 781 921 904)
4(780 920 921 781)
4(903 904 921 920)
4(781 921 922 782)
4(904 905 922 921)
4(771 784 925 908)
4(907 908 925 924)
4(772 785 926 909)
4(784 925 926 785)
4(908 909 926 925)
4(773 786 927 910)
4(785 926 927 786)
4(909 910 927 926)
4(786 927 928 787)
4(910 911 928 927)
4(779 789 933 919)
4(918 919 933 932)
4(780 790 934 920)
4(919 920 934 933)
4(781 791 935 921)
4(920 921 935 934)
4(921 922 936 935)
4(785 794 939 926)
4(793 938 939 794)
4(925 926 939 938)
4(786 795 940 927)
4(794 939 940 795)
4(926 927 940 939)
4(927 928 941 940)
4(794 798 945 939)
4(938 939 945 944)
4(939 940 946 945)
4(802 807 958 954)
4(806 957 958 807)
4(953 954 958 957)
4(803 808 959 955)
4(807 958 959 808)
4(954 955 959 958)
4(808 959 960 809)
4(955 956 960 959)
4(807 812 962 958)
4(811 961 962 812)
4(957 958 962 961)
4(808 813 963 959)
4(812 962 963 813)
4(958 959 963 962)
4(813 963 964 814)
4(959 960 964 963)
4(812 817 966 962)
4(816 965 966 817)
4(961 962 966 965)
4(813 818 967 963)
4(817 966 967 818)
4(962 963 967 966)
4(818 967 968 819)
4(963 964 968 967)
4(817 824 974 966)
4(823 973 974 824)
4(965 966 974 973)
4(818 825 975 967)
4(824 974 975 825)
4(966 967 975 974)
4(825 975 976 826)
4(967 968 976 975)
4(822 833 985 972)
4(832 984 985 833)
4(823 834 986 973)
4(833 985 986 834)
4(972 973 986 985)
4(824 835 987 974)
4(834 986 987 835)
4(973 974 987 986)
4(825 836 988 975)
4(835 987 988 836)
4(974 975 988 987)
4(836 988 989 837)
4(975 976 989 988)
4(839 991 992 840)
4(978 979 992 991)
4(831 846 1001 983)
4(845 1000 1001 846)
4(832 847 1002 984)
4(846 1001 1002 847)
4(983 984 1002 1001)
4(833 848 1003 985)
4(847 1002 1003 848)
4(984 985 1003 1002)
4(834 849 1004 986)
4(848 1003 1004 849)
4(985 986 1004 1003)
4(835 850 1005 987)
4(849 1004 1005 850)
4(986 987 1005 1004)
4(836 851 1006 988)
4(850 1005 1006 851)
4(987 988 1006 1005)
4(851 1006 1007 852)
4(988 989 1007 1006)
4(839 854 1009 991)
4(853 1008 1009 854)
4(990 991 1009 1008)
4(840 855 1010 992)
4(854 1009 1010 855)
4(991 992 1010 1009)
4(841 856 1011 993)
4(855 1010 1011 856)
4(992 993 1011 1010)
4(856 1011 1012 857)
4(993 994 1012 1011)
4(844 862 1017 999)
4(861 1016 1017 862)
4(845 863 1018 1000)
4(862 1017 1018 863)
4(999 1000 1018 1017)
4(846 864 1019 1001)
4(863 1018 1019 864)
4(1000 1001 1019 1018)
4(847 865 1020 1002)
4(864 1019 1020 865)
4(1001 1002 1020 1019)
4(848 866 1021 1003)
4(865 1020 1021 866)
4(1002 1003 1021 1020)
4(849 867 1022 1004)
4(866 1021 1022 867)
4(1003 1004 1022 1021)
4(850 868 1023 1005)
4(867 1022 1023 868)
4(1004 1005 1023 1022)
4(851 869 1024 1006)
4(868 1023 1024 869)
4(1005 1006 1024 1023)
4(869 1024 1025 870)
4(1006 1007 1025 1024)
4(854 872 1027 1009)
4(1008 1009 1027 1026)
4(855 873 1028 1010)
4(872 1027 1028 873)
4(1009 1010 1028 1027)
4(856 874 1029 1011)
4(873 1028 1029 874)
4(1010 1011 1029 1028)
4(857 875 1030 1012)
4(874 1029 1030 875)
4(1011 1012 1030 1029)
4(858 876 1031 1013)
4(875 1030 1031 876)
4(1012 1013 1031 1030)
4(859 877 1032 1014)
4(876 1031 1032 877)
4(1013 1014 1032 1031)
4(860 878 1033 1015)
4(877 1032 1033 878)
4(1014 1015 1033 1032)
4(861 879 1034 1016)
4(878 1033 1034 879)
4(1015 1016 1034 1033)
4(862 880 1035 1017)
4(879 1034 1035 880)
4(1016 1017 1035 1034)
4(863 881 1036 1018)
4(880 1035 1036 881)
4(1017 1018 1036 1035)
4(864 882 1037 1019)
4(881 1036 1037 882)
4(1018 1019 1037 1036)
4(865 883 1038 1020)
4(882 1037 1038 883)
4(1019 1020 1038 1037)
4(866 884 1039 1021)
4(883 1038 1039 884)
4(1020 1021 1039 1038)
4(867 885 1040 1022)
4(884 1039 1040 885)
4(1021 1022 1040 1039)
4(868 886 1041 1023)
4(885 1040 1041 886)
4(1022 1023 1041 1040)
4(869 887 1042 1024)
4(886 1041 1042 887)
4(1023 1024 1042 1041)
4(887 1042 1043 888)
4(1024 1025 1043 1042)
4(873 890 1046 1028)
4(889 1045 1046 890)
4(1027 1028 1046 1045)
4(874 891 1047 1029)
4(890 1046 1047 891)
4(1028 1029 1047 1046)
4(875 892 1048 1030)
4(891 1047 1048 892)
4(1029 1030 1048 1047)
4(876 893 1049 1031)
4(892 1048 1049 893)
4(1030 1031 1049 1048)
4(877 894 1050 1032)
4(893 1049 1050 894)
4(1031 1032 1050 1049)
4(878 895 1051 1033)
4(894 1050 1051 895)
4(1032 1033 1051 1050)
4(879 896 1052 1034)
4(895 1051 1052 896)
4(1033 1034 1052 1051)
4(880 897 1053 1035)
4(896 1052 1053 897)
4(1034 1035 1053 1052)
4(881 898 1054 1036)
4(897 1053 1054 898)
4(1035 1036 1054 1053)
4(882 899 1055 1037)
4(898 1054 1055 899)
4(1036 1037 1055 1054)
4(883 900 1056 1038)
4(899 1055 1056 900)
4(1037 1038 1056 1055)
4(884 901 1057 1039)
4(900 1056 1057 901)
4(1038 1039 1057 1056)
4(885 902 1058 1040)
4(901 1057 1058 902)
4(1039 1040 1058 1057)
4(886 903 1059 1041)
4(902 1058 1059 903)
4(1040 1041 1059 1058)
4(887 904 1060 1042)
4(903 1059 1060 904)
4(1041 1042 1060 1059)
4(904 1060 1061 905)
4(1042 1043 1061 1060)
4(890 907 1063 1046)
4(906 1062 1063 907)
4(1045 1046 1063 1062)
4(891 908 1064 1047)
4(907 1063 1064 908)
4(1046 1047 1064 1063)
4(892 909 1065 1048)
4(908 1064 1065 909)
4(1047 1048 1065 1064)
4(893 910 1066 1049)
4(909 1065 1066 910)
4(1048 1049 1066 1065)
4(894 911 1067 1050)
4(910 1066 1067 911)
4(1049 1050 1067 1066)
4(895 912 1068 1051)
4(911 1067 1068 912)
4(1050 1051 1068 1067)
4(896 913 1069 1052)
4(912 1068 1069 913)
4(1051 1052 1069 1068)
4(897 914 1070 1053)
4(1052 1053 1070 1069)
4(898 915 1071 1054)
4(1053 1054 1071 1070)
4(899 916 1072 1055)
4(1054 1055 1072 1071)
4(900 917 1073 1056)
4(1055 1056 1073 1072)
4(901 918 1074 1057)
4(917 1073 1074 918)
4(1056 1057 1074 1073)
4(902 919 1075 1058)
4(918 1074 1075 919)
4(1057 1058 1075 1074)
4(903 920 1076 1059)
4(919 1075 1076 920)
4(1058 1059 1076 1075)
4(904 921 1077 1060)
4(920 1076 1077 921)
4(1059 1060 1077 1076)
4(921 1077 1078 922)
4(1060 1061 1078 1077)
4(907 924 1080 1063)
4(1062 1063 1080 1079)
4(908 925 1081 1064)
4(924 1080 1081 925)
4(1063 1064 1081 1080)
4(909 926 1082 1065)
4(925 1081 1082 926)
4(1064 1065 1082 1081)
4(910 927 1083 1066)
4(926 1082 1083 927)
4(1065 1066 1083 1082)
4(911 928 1084 1067)
4(927 1083 1084 928)
4(1066 1067 1084 1083)
4(912 929 1085 1068)
4(928 1084 1085 929)
4(1067 1068 1085 1084)
4(1068 1069 1086 1085)
4(918 932 1090 1074)
4(1073 1074 1090 1089)
4(919 933 1091 1075)
4(1074 1075 1091 1090)
4(920 934 1092 1076)
4(1075 1076 1092 1091)
4(921 935 1093 1077)
4(1076 1077 1093 1092)
4(1077 1078 1094 1093)
4(925 938 1097 1081)
4(937 1096 1097 938)
4(1080 1081 1097 1096)
4(926 939 1098 1082)
4(938 1097 1098 939)
4(1081 1082 1098 1097)
4(927 940 1099 1083)
4(939 1098 1099 940)
4(1082 1083 1099 1098)
4(928 941 1100 1084)
4(940 1099 1100 941)
4(1083 1084 1100 1099)
4(941 1100 1101 942)
4(1084 1085 1101 1100)
4(938 944 1104 1097)
4(1096 1097 1104 1103)
4(939 945 1105 1098)
4(944 1104 1105 945)
4(1097 1098 1105 1104)
4(940 946 1106 1099)
4(945 1105 1106 946)
4(1098 1099 1106 1105)
4(941 947 1107 1100)
4(946 1106 1107 947)
4(1099 1100 1107 1106)
4(1100 1101 1108 1107)
4(945 950 1110 1105)
4(1104 1105 1110 1109)
4(946 951 1111 1106)
4(1105 1106 1111 1110)
4(1106 1107 1112 1111)
4(954 958 1118 1114)
4(957 1117 1118 958)
4(1113 1114 1118 1117)
4(955 959 1119 1115)
4(958 1118 1119 959)
4(1114 1115 1119 1118)
4(959 1119 1120 960)
4(1115 1116 1120 1119)
4(958 962 1122 1118)
4(961 1121 1122 962)
4(1117 1118 1122 1121)
4(959 963 1123 1119)
4(962 1122 1123 963)
4(1118 1119 1123 1122)
4(963 1123 1124 964)
4(1119 1120 1124 1123)
4(962 966 1126 1122)
4(965 1125 1126 966)
4(1121 1122 1126 1125)
4(963 967 1127 1123)
4(966 1126 1127 967)
4(1122 1123 1127 1126)
4(967 1127 1128 968)
4(1123 1124 1128 1127)
4(966 974 1133 1126)
4(973 1132 1133 974)
4(1125 1126 1133 1132)
4(967 975 1134 1127)
4(974 1133 1134 975)
4(1126 1127 1134 1133)
4(975 1134 1135 976)
4(1127 1128 1135 1134)
4(979 1138 1139 980)
4(973 986 1145 1132)
4(985 1144 1145 986)
4(1131 1132 1145 1144)
4(974 987 1146 1133)
4(986 1145 1146 987)
4(1132 1133 1146 1145)
4(975 988 1147 1134)
4(987 1146 1147 988)
4(1133 1134 1147 1146)
4(988 1147 1148 989)
4(1134 1135 1148 1147)
4(978 991 1150 1137)
4(990 1149 1150 991)
4(1136 1137 1150 1149)
4(979 992 1151 1138)
4(991 1150 1151 992)
4(1137 1138 1151 1150)
4(980 993 1152 1139)
4(992 1151 1152 993)
4(1138 1139 1152 1151)
4(993 1152 1153 994)
4(1139 1140 1153 1152)
4(984 1002 1160 1143)
4(1001 1159 1160 1002)
4(985 1003 1161 1144)
4(1002 1160 1161 1003)
4(1143 1144 1161 1160)
4(986 1004 1162 1145)
4(1003 1161 1162 1004)
4(1144 1145 1162 1161)
4(987 1005 1163 1146)
4(1004 1162 1163 1005)
4(1145 1146 1163 1162)
4(988 1006 1164 1147)
4(1005 1163 1164 1006)
4(1146 1147 1164 1163)
4(1006 1164 1165 1007)
4(1147 1148 1165 1164)
4(991 1009 1167 1150)
4(1008 1166 1167 1009)
4(1149 1150 1167 1166)
4(992 1010 1168 1151)
4(1009 1167 1168 1010)
4(1150 1151 1168 1167)
4(993 1011 1169 1152)
4(1010 1168 1169 1011)
4(1151 1152 1169 1168)
4(994 1012 1170 1153)
4(1011 1169 1170 1012)
4(1152 1153 1170 1169)
4(995 1013 1171 1154)
4(1012 1170 1171 1013)
4(1153 1154 1171 1170)
4(996 1014 1172 1155)
4(1013 1171 1172 1014)
4(1154 1155 1172 1171)
4(1014 1172 1173 1015)
4(1155 1156 1173 1172)
4(1000 1018 1176 1158)
4(1017 1175 1176 1018)
4(1001 1019 1177 1159)
4(1018 1176 1177 1019)
4(1158 1159 1177 1176)
4(1002 1020 1178 1160)
4(1019 1177 1178 1020)
4(1159 1160 1178 1177)
4(1003 1021 1179 1161)
4(1020 1178 1179 1021)
4(1160 1161 1179 1178)
4(1004 1022 1180 1162)
4(1021 1179 1180 1022)
4(1161 1162 1180 1179)
4(1005 1023 1181 1163)
4(1022 1180 1181 1023)
4(1162 1163 1181 1180)
4(1006 1024 1182 1164)
4(1023 1181 1182 1024)
4(1163 1164 1182 1181)
4(1024 1182 1183 1025)
4(1164 1165 1183 1182)
4(1009 1027 1185 1167)
4(1026 1184 1185 1027)
4(1166 1167 1185 1184)
4(1010 1028 1186 1168)
4(1027 1185 1186 1028)
4(1167 1168 1186 1185)
4(1011 1029 1187 1169)
4(1028 1186 1187 1029)
4(1168 1169 1187 1186)
4(1012 1030 1188 1170)
4(1029 1187 1188 1030)
4(1169 1170 1188 1187)
4(1013 1031 1189 1171)
4(1030 1188 1189 1031)
4(1170 1171 1189 1188)
4(1014 1032 1190 1172)
4(1031 1189 1190 1032)
4(1171 1172 1190 1189)
4(1015 1033 1191 1173)
4(1032 1190 1191 1033)
4(1172 1173 1191 1190)
4(1016 1034 1192 1174)
4(1033 1191 1192 1034)
4(1173 1174 1192 1191)
4(1017 1035 1193 1175)
4(1034 1192 1193 1035)
4(1174 1175 1193 1192)
4(1018 1036 1194 1176)
4(1035 1193 1194 1036)
4(1175 1176 1194 1193)
4(1019 1037 1195 1177)
4(1036 1194 1195 1037)
4(1176 1177 1195 1194)
4(1020 1038 1196 1178)
4(1037 1195 1196 1038)
4(1177 1178 1196 1195)
4(1021 1039 1197 1179)
4(1038 1196 1197 1039)
4(1178 1179 1197 1196)
4(1022 1040 1198 1180)
4(1039 1197 1198 1040)
4(1179 1180 1198 1197)
4(1023 1041 1199 1181)
4(1040 1198 1199 1041)
4(1180 1181 1199 1198)
4(1024 1042 1200 1182)
4(1041 1199 1200 1042)
4(1181 1182 1200 1199)
4(1042 1200 1201 1043)
4(1182 1183 1201 1200)
4(1027 1045 1203 1185)
4(1184 1185 1203 1202)
4(1028 1046 1204 1186)
4(1045 1203 1204 1046)
4(1185 1186 1204 1203)
4(1029 1047 1205 1187)
4(1046 1204 1205 1047)
4(1186 1187 1205 1204)
4(1030 1048 1206 1188)
4(1047 1205 1206 1048)
4(1187 1188 1206 1205)
4(1031 1049 1207 1189)
4(1048 1206 1207 1049)
4(1188 1189 1207 1206)
4(1032 1050 1208 1190)
4(1049 1207 1208 1050)
4(1189 1190 1208 1207)
4(1033 1051 1209 1191)
4(1050 1208 1209 1051)
4(1190 1191 1209 1208)
4(1034 1052 1210 1192)
4(1051 1209 1210 1052)
4(1191 1192 1210 1209)
4(1035 1053 1211 1193)
4(1052 1210 1211 1053)
4(1192 1193 1211 1210)
4(1036 1054 1212 1194)
4(1053 1211 1212 1054)
4(1193 1194 1212 1211)
4(1037 1055 1213 1195)
4(1054 1212 1213 1055)
4(1194 1195 1213 1212)
4(1038 1056 1214 1196)
4(1055 1213 1214 1056)
4(1195 1196 1214 1213)
4(1039 1057 1215 1197)
4(1056 1214 1215 1057)
4(1196 1197 1215 1214)
4(1040 1058 1216 1198)
4(1057 1215 1216 1058)
4(1197 1198 1216 1215)
4(1041 1059 1217 1199)
4(1058 1216 1217 1059)
4(1198 1199 1217 1216)
4(1042 1060 1218 1200)
4(1059 1217 1218 1060)
4(1199 1200 1218 1217)
4(1060 1218 1219 1061)
4(1200 1201 1219 1218)
4(1046 1063 1222 1204)
4(1062 1221 1222 1063)
4(1203 1204 1222 1221)
4(1047 1064 1223 1205)
4(1063 1222 1223 1064)
4(1204 1205 1223 1222)
4(1048 1065 1224 1206)
4(1064 1223 1224 1065)
4(1205 1206 1224 1223)
4(1049 1066 1225 1207)
4(1065 1224 1225 1066)
4(1206 1207 1225 1224)
4(1050 1067 1226 1208)
4(1066 1225 1226 1067)
4(1207 1208 1226 1225)
4(1051 1068 1227 1209)
4(1067 1226 1227 1068)
4(1208 1209 1227 1226)
4(1052 1069 1228 1210)
4(1068 1227 1228 1069)
4(1209 1210 1228 1227)
4(1053 1070 1229 1211)
4(1069 1228 1229 1070)
4(1210 1211 1229 1228)
4(1054 1071 1230 1212)
4(1211 1212 1230 1229)
4(1055 1072 1231 1213)
4(1212 1213 1231 1230)
4(1056 1073 1232 1214)
4(1072 1231 1232 1073)
4(1213 1214 1232 1231)
4(1057 1074 1233 1215)
4(1073 1232 1233 1074)
4(1214 1215 1233 1232)
4(1058 1075 1234 1216)
4(1074 1233 1234 1075)
4(1215 1216 1234 1233)
4(1059 1076 1235 1217)
4(1075 1234 1235 1076)
4(1216 1217 1235 1234)
4(1060 1077 1236 1218)
4(1076 1235 1236 1077)
4(1217 1218 1236 1235)
4(1077 1236 1237 1078)
4(1218 1219 1237 1236)
4(1063 1080 1239 1222)
4(1079 1238 1239 1080)
4(1221 1222 1239 1238)
4(1064 1081 1240 1223)
4(1080 1239 1240 1081)
4(1222 1223 1240 1239)
4(1065 1082 1241 1224)
4(1081 1240 1241 1082)
4(1223 1224 1241 1240)
4(1066 1083 1242 1225)
4(1082 1241 1242 1083)
4(1224 1225 1242 1241)
4(1067 1084 1243 1226)
4(1083 1242 1243 1084)
4(1225 1226 1243 1242)
4(1068 1085 1244 1227)
4(1084 1243 1244 1085)
4(1226 1227 1244 1243)
4(1069 1086 1245 1228)
4(1085 1244 1245 1086)
4(1227 1228 1245 1244)
4(1228 1229 1246 1245)
4(1073 1089 1249 1232)
4(1231 1232 1249 1248)
4(1074 1090 1250 1233)
4(1232 1233 1250 1249)
4(1075 1091 1251 1234)
4(1233 1234 1251 1250)
4(1076 1092 1252 1235)
4(1234 1235 1252 1251)
4(1077 1093 1253 1236)
4(1235 1236 1253 1252)
4(1236 1237 1254 1253)
4(1080 1096 1256 1239)
4(1238 1239 1256 1255)
4(1081 1097 1257 1240)
4(1096 1256 1257 1097)
4(1239 1240 1257 1256)
4(1082 1098 1258 1241)
4(1097 1257 1258 1098)
4(1240 1241 1258 1257)
4(1083 1099 1259 1242)
4(1098 1258 1259 1099)
4(1241 1242 1259 1258)
4(1084 1100 1260 1243)
4(1099 1259 1260 1100)
4(1242 1243 1260 1259)
4(1085 1101 1261 1244)
4(1100 1260 1261 1101)
4(1243 1244 1261 1260)
4(1244 1245 1262 1261)
4(1097 1104 1265 1257)
4(1256 1257 1265 1264)
4(1098 1105 1266 1258)
4(1104 1265 1266 1105)
4(1257 1258 1266 1265)
4(1099 1106 1267 1259)
4(1105 1266 1267 1106)
4(1258 1259 1267 1266)
4(1100 1107 1268 1260)
4(1106 1267 1268 1107)
4(1259 1260 1268 1267)
4(1260 1261 1269 1268)
4(1105 1110 1271 1266)
4(1265 1266 1271 1270)
4(1106 1111 1272 1267)
4(1266 1267 1272 1271)
4(1267 1268 1273 1272)
4(1114 1118 1279 1275)
4(1117 1278 1279 1118)
4(1274 1275 1279 1278)
4(1115 1119 1280 1276)
4(1118 1279 1280 1119)
4(1275 1276 1280 1279)
4(1119 1280 1281 1120)
4(1276 1277 1281 1280)
4(1118 1122 1283 1279)
4(1121 1282 1283 1122)
4(1278 1279 1283 1282)
4(1119 1123 1284 1280)
4(1122 1283 1284 1123)
4(1279 1280 1284 1283)
4(1123 1284 1285 1124)
4(1280 1281 1285 1284)
4(1122 1126 1287 1283)
4(1125 1286 1287 1126)
4(1282 1283 1287 1286)
4(1123 1127 1288 1284)
4(1126 1287 1288 1127)
4(1283 1284 1288 1287)
4(1127 1288 1289 1128)
4(1284 1285 1289 1288)
4(1126 1133 1292 1287)
4(1132 1291 1292 1133)
4(1286 1287 1292 1291)
4(1127 1134 1293 1288)
4(1133 1292 1293 1134)
4(1287 1288 1293 1292)
4(1134 1293 1294 1135)
4(1288 1289 1294 1293)
4(1132 1145 1303 1291)
4(1144 1302 1303 1145)
4(1133 1146 1304 1292)
4(1145 1303 1304 1146)
4(1291 1292 1304 1303)
4(1134 1147 1305 1293)
4(1146 1304 1305 1147)
4(1292 1293 1305 1304)
4(1147 1305 1306 1148)
4(1293 1294 1306 1305)
4(1137 1150 1308 1296)
4(1149 1307 1308 1150)
4(1138 1151 1309 1297)
4(1150 1308 1309 1151)
4(1139 1152 1310 1298)
4(1151 1309 1310 1152)
4(1140 1153 1311 1299)
4(1152 1310 1311 1153)
4(1153 1311 1312 1154)
4(1144 1161 1318 1302)
4(1160 1317 1318 1161)
4(1145 1162 1319 1303)
4(1161 1318 1319 1162)
4(1302 1303 1319 1318)
4(1146 1163 1320 1304)
4(1162 1319 1320 1163)
4(1303 1304 1320 1319)
4(1147 1164 1321 1305)
4(1163 1320 1321 1164)
4(1304 1305 1321 1320)
4(1164 1321 1322 1165)
4(1305 1306 1322 1321)
4(1150 1167 1324 1308)
4(1166 1323 1324 1167)
4(1151 1168 1325 1309)
4(1167 1324 1325 1168)
4(1308 1309 1325 1324)
4(1152 1169 1326 1310)
4(1168 1325 1326 1169)
4(1309 1310 1326 1325)
4(1153 1170 1327 1311)
4(1169 1326 1327 1170)
4(1310 1311 1327 1326)
4(1154 1171 1328 1312)
4(1170 1327 1328 1171)
4(1311 1312 1328 1327)
4(1155 1172 1329 1313)
4(1171 1328 1329 1172)
4(1312 1313 1329 1328)
4(1172 1329 1330 1173)
4(1159 1177 1334 1316)
4(1176 1333 1334 1177)
4(1160 1178 1335 1317)
4(1177 1334 1335 1178)
4(1161 1179 1336 1318)
4(1178 1335 1336 1179)
4(1317 1318 1336 1335)
4(1162 1180 1337 1319)
4(1179 1336 1337 1180)
4(1318 1319 1337 1336)
4(1163 1181 1338 1320)
4(1180 1337 1338 1181)
4(1319 1320 1338 1337)
4(1164 1182 1339 1321)
4(1181 1338 1339 1182)
4(1320 1321 1339 1338)
4(1182 1339 1340 1183)
4(1321 1322 1340 1339)
4(1167 1185 1342 1324)
4(1184 1341 1342 1185)
4(1323 1324 1342 1341)
4(1168 1186 1343 1325)
4(1185 1342 1343 1186)
4(1324 1325 1343 1342)
4(1169 1187 1344 1326)
4(1186 1343 1344 1187)
4(1325 1326 1344 1343)
4(1170 1188 1345 1327)
4(1187 1344 1345 1188)
4(1326 1327 1345 1344)
4(1171 1189 1346 1328)
4(1188 1345 1346 1189)
4(1327 1328 1346 1345)
4(1172 1190 1347 1329)
4(1189 1346 1347 1190)
4(1328 1329 1347 1346)
4(1173 1191 1348 1330)
4(1190 1347 1348 1191)
4(1329 1330 1348 1347)
4(1174 1192 1349 1331)
4(1191 1348 1349 1192)
4(1330 1331 1349 1348)
4(1175 1193 1350 1332)
4(1192 1349 1350 1193)
4(1176 1194 1351 1333)
4(1193 1350 1351 1194)
4(1332 1333 1351 1350)
4(1177 1195 1352 1334)
4(1194 1351 1352 1195)
4(1333 1334 1352 1351)
4(1178 1196 1353 1335)
4(1195 1352 1353 1196)
4(1334 1335 1353 1352)
4(1179 1197 1354 1336)
4(1196 1353 1354 1197)
4(1335 1336 1354 1353)
4(1180 1198 1355 1337)
4(1197 1354 1355 1198)
4(1336 1337 1355 1354)
4(1181 1199 1356 1338)
4(1198 1355 1356 1199)
4(1337 1338 1356 1355)
4(1182 1200 1357 1339)
4(1199 1356 1357 1200)
4(1338 1339 1357 1356)
4(1200 1357 1358 1201)
4(1339 1340 1358 1357)
4(1185 1203 1360 1342)
4(1202 1359 1360 1203)
4(1341 1342 1360 1359)
4(1186 1204 1361 1343)
4(1203 1360 1361 1204)
4(1342 1343 1361 1360)
4(1187 1205 1362 1344)
4(1204 1361 1362 1205)
4(1343 1344 1362 1361)
4(1188 1206 1363 1345)
4(1205 1362 1363 1206)
4(1344 1345 1363 1362)
4(1189 1207 1364 1346)
4(1206 1363 1364 1207)
4(1345 1346 1364 1363)
4(1190 1208 1365 1347)
4(1207 1364 1365 1208)
4(1346 1347 1365 1364)
4(1191 1209 1366 1348)
4(1208 1365 1366 1209)
4(1347 1348 1366 1365)
4(1192 1210 1367 1349)
4(1209 1366 1367 1210)
4(1348 1349 1367 1366)
4(1193 1211 1368 1350)
4(1210 1367 1368 1211)
4(1349 1350 1368 1367)
4(1194 1212 1369 1351)
4(1211 1368 1369 1212)
4(1350 1351 1369 1368)
4(1195 1213 1370 1352)
4(1212 1369 1370 1213)
4(1351 1352 1370 1369)
4(1196 1214 1371 1353)
4(1213 1370 1371 1214)
4(1352 1353 1371 1370)
4(1197 1215 1372 1354)
4(1214 1371 1372 1215)
4(1353 1354 1372 1371)
4(1198 1216 1373 1355)
4(1215 1372 1373 1216)
4(1354 1355 1373 1372)
4(1199 1217 1374 1356)
4(1216 1373 1374 1217)
4(1355 1356 1374 1373)
4(1200 1218 1375 1357)
4(1217 1374 1375 1218)
4(1356 1357 1375 1374)
4(1218 1375 1376 1219)
4(1357 1358 1376 1375)
4(1203 1221 1378 1360)
4(1204 1222 1379 1361)
4(1221 1378 1379 1222)
4(1360 1361 1379 1378)
4(1205 1223 1380 1362)
4(1222 1379 1380 1223)
4(1361 1362 1380 1379)
4(1206 1224 1381 1363)
4(1223 1380 1381 1224)
4(1362 1363 1381 1380)
4(1207 1225 1382 1364)
4(1224 1381 1382 1225)
4(1363 1364 1382 1381)
4(1208 1226 1383 1365)
4(1225 1382 1383 1226)
4(1364 1365 1383 1382)
4(1209 1227 1384 1366)
4(1226 1383 1384 1227)
4(1365 1366 1384 1383)
4(1210 1228 1385 1367)
4(1227 1384 1385 1228)
4(1366 1367 1385 1384)
4(1211 1229 1386 1368)
4(1228 1385 1386 1229)
4(1367 1368 1386 1385)
4(1212 1230 1387 1369)
4(1229 1386 1387 1230)
4(1368 1369 1387 1386)
4(1213 1231 1388 1370)
4(1230 1387 1388 1231)
4(1369 1370 1388 1387)
4(1214 1232 1389 1371)
4(1231 1388 1389 1232)
4(1370 1371 1389 1388)
4(1215 1233 1390 1372)
4(1232 1389 1390 1233)
4(1371 1372 1390 1389)
4(1216 1234 1391 1373)
4(1233 1390 1391 1234)
4(1372 1373 1391 1390)
4(1217 1235 1392 1374)
4(1234 1391 1392 1235)
4(1373 1374 1392 1391)
4(1218 1236 1393 1375)
4(1235 1392 1393 1236)
4(1374 1375 1393 1392)
4(1236 1393 1394 1237)
4(1375 1376 1394 1393)
4(1222 1239 1396 1379)
4(1238 1395 1396 1239)
4(1378 1379 1396 1395)
4(1223 1240 1397 1380)
4(1239 1396 1397 1240)
4(1379 1380 1397 1396)
4(1224 1241 1398 1381)
4(1240 1397 1398 1241)
4(1380 1381 1398 1397)
4(1225 1242 1399 1382)
4(1241 1398 1399 1242)
4(1381 1382 1399 1398)
4(1226 1243 1400 1383)
4(1242 1399 1400 1243)
4(1382 1383 1400 1399)
4(1227 1244 1401 1384)
4(1243 1400 1401 1244)
4(1383 1384 1401 1400)
4(1228 1245 1402 1385)
4(1244 1401 1402 1245)
4(1384 1385 1402 1401)
4(1229 1246 1403 1386)
4(1245 1402 1403 1246)
4(1385 1386 1403 1402)
4(1230 1247 1404 1387)
4(1386 1387 1404 1403)
4(1231 1248 1405 1388)
4(1387 1388 1405 1404)
4(1232 1249 1406 1389)
4(1388 1389 1406 1405)
4(1233 1250 1407 1390)
4(1389 1390 1407 1406)
4(1234 1251 1408 1391)
4(1390 1391 1408 1407)
4(1235 1252 1409 1392)
4(1391 1392 1409 1408)
4(1236 1253 1410 1393)
4(1392 1393 1410 1409)
4(1393 1394 1411 1410)
4(1239 1256 1413 1396)
4(1395 1396 1413 1412)
4(1240 1257 1414 1397)
4(1256 1413 1414 1257)
4(1396 1397 1414 1413)
4(1241 1258 1415 1398)
4(1257 1414 1415 1258)
4(1397 1398 1415 1414)
4(1242 1259 1416 1399)
4(1258 1415 1416 1259)
4(1398 1399 1416 1415)
4(1243 1260 1417 1400)
4(1259 1416 1417 1260)
4(1399 1400 1417 1416)
4(1244 1261 1418 1401)
4(1260 1417 1418 1261)
4(1400 1401 1418 1417)
4(1245 1262 1419 1402)
4(1401 1402 1419 1418)
4(1257 1265 1422 1414)
4(1413 1414 1422 1421)
4(1258 1266 1423 1415)
4(1265 1422 1423 1266)
4(1414 1415 1423 1422)
4(1259 1267 1424 1416)
4(1266 1423 1424 1267)
4(1415 1416 1424 1423)
4(1260 1268 1425 1417)
4(1267 1424 1425 1268)
4(1416 1417 1425 1424)
4(1417 1418 1426 1425)
4(1266 1271 1428 1423)
4(1267 1272 1429 1424)
4(1275 1279 1436 1432)
4(1278 1435 1436 1279)
4(1431 1432 1436 1435)
4(1276 1280 1437 1433)
4(1279 1436 1437 1280)
4(1432 1433 1437 1436)
4(1280 1437 1438 1281)
4(1433 1434 1438 1437)
4(1279 1283 1440 1436)
4(1282 1439 1440 1283)
4(1435 1436 1440 1439)
4(1280 1284 1441 1437)
4(1283 1440 1441 1284)
4(1436 1437 1441 1440)
4(1284 1441 1442 1285)
4(1437 1438 1442 1441)
4(1283 1287 1444 1440)
4(1286 1443 1444 1287)
4(1439 1440 1444 1443)
4(1284 1288 1445 1441)
4(1287 1444 1445 1288)
4(1440 1441 1445 1444)
4(1288 1445 1446 1289)
4(1441 1442 1446 1445)
4(1287 1292 1448 1444)
4(1291 1447 1448 1292)
4(1443 1444 1448 1447)
4(1288 1293 1449 1445)
4(1292 1448 1449 1293)
4(1444 1445 1449 1448)
4(1293 1449 1450 1294)
4(1445 1446 1450 1449)
4(1292 1304 1453 1448)
4(1303 1452 1453 1304)
4(1447 1448 1453 1452)
4(1293 1305 1454 1449)
4(1304 1453 1454 1305)
4(1448 1449 1454 1453)
4(1305 1454 1455 1306)
4(1449 1450 1455 1454)
4(1303 1319 1464 1452)
4(1318 1463 1464 1319)
4(1304 1320 1465 1453)
4(1319 1464 1465 1320)
4(1452 1453 1465 1464)
4(1305 1321 1466 1454)
4(1320 1465 1466 1321)
4(1453 1454 1466 1465)
4(1321 1466 1467 1322)
4(1454 1455 1467 1466)
4(1309 1325 1470 1457)
4(1324 1469 1470 1325)
4(1310 1326 1471 1458)
4(1325 1470 1471 1326)
4(1311 1327 1472 1459)
4(1326 1471 1472 1327)
4(1312 1328 1473 1460)
4(1327 1472 1473 1328)
4(1328 1473 1474 1329)
4(1318 1336 1481 1463)
4(1335 1480 1481 1336)
4(1319 1337 1482 1464)
4(1336 1481 1482 1337)
4(1320 1338 1483 1465)
4(1337 1482 1483 1338)
4(1464 1465 1483 1482)
4(1321 1339 1484 1466)
4(1338 1483 1484 1339)
4(1465 1466 1484 1483)
4(1339 1484 1485 1340)
4(1466 1467 1485 1484)
4(1324 1342 1487 1469)
4(1341 1486 1487 1342)
4(1325 1343 1488 1470)
4(1342 1487 1488 1343)
4(1326 1344 1489 1471)
4(1343 1488 1489 1344)
4(1470 1471 1489 1488)
4(1327 1345 1490 1472)
4(1344 1489 1490 1345)
4(1471 1472 1490 1489)
4(1328 1346 1491 1473)
4(1345 1490 1491 1346)
4(1472 1473 1491 1490)
4(1329 1347 1492 1474)
4(1346 1491 1492 1347)
4(1330 1348 1493 1475)
4(1347 1492 1493 1348)
4(1348 1493 1494 1349)
4(1333 1351 1496 1478)
4(1350 1495 1496 1351)
4(1334 1352 1497 1479)
4(1351 1496 1497 1352)
4(1335 1353 1498 1480)
4(1352 1497 1498 1353)
4(1479 1480 1498 1497)
4(1336 1354 1499 1481)
4(1353 1498 1499 1354)
4(1480 1481 1499 1498)
4(1337 1355 1500 1482)
4(1354 1499 1500 1355)
4(1481 1482 1500 1499)
4(1338 1356 1501 1483)
4(1355 1500 1501 1356)
4(1482 1483 1501 1500)
4(1339 1357 1502 1484)
4(1356 1501 1502 1357)
4(1483 1484 1502 1501)
4(1357 1502 1503 1358)
4(1484 1485 1503 1502)
4(1342 1360 1505 1487)
4(1343 1361 1506 1488)
4(1360 1505 1506 1361)
4(1344 1362 1507 1489)
4(1361 1506 1507 1362)
4(1488 1489 1507 1506)
4(1345 1363 1508 1490)
4(1362 1507 1508 1363)
4(1489 1490 1508 1507)
4(1346 1364 1509 1491)
4(1363 1508 1509 1364)
4(1490 1491 1509 1508)
4(1347 1365 1510 1492)
4(1364 1509 1510 1365)
4(1491 1492 1510 1509)
4(1348 1366 1511 1493)
4(1365 1510 1511 1366)
4(1492 1493 1511 1510)
4(1349 1367 1512 1494)
4(1366 1511 1512 1367)
4(1493 1494 1512 1511)
4(1350 1368 1513 1495)
4(1367 1512 1513 1368)
4(1494 1495 1513 1512)
4(1351 1369 1514 1496)
4(1368 1513 1514 1369)
4(1352 1370 1515 1497)
4(1369 1514 1515 1370)
4(1496 1497 1515 1514)
4(1353 1371 1516 1498)
4(1370 1515 1516 1371)
4(1497 1498 1516 1515)
4(1354 1372 1517 1499)
4(1371 1516 1517 1372)
4(1498 1499 1517 1516)
4(1355 1373 1518 1500)
4(1372 1517 1518 1373)
4(1499 1500 1518 1517)
4(1356 1374 1519 1501)
4(1373 1518 1519 1374)
4(1500 1501 1519 1518)
4(1357 1375 1520 1502)
4(1374 1519 1520 1375)
4(1501 1502 1520 1519)
4(1375 1520 1521 1376)
4(1502 1503 1521 1520)
4(1361 1379 1523 1506)
4(1378 1522 1523 1379)
4(1362 1380 1524 1507)
4(1379 1523 1524 1380)
4(1506 1507 1524 1523)
4(1363 1381 1525 1508)
4(1380 1524 1525 1381)
4(1364 1382 1526 1509)
4(1381 1525 1526 1382)
4(1365 1383 1527 1510)
4(1382 1526 1527 1383)
4(1366 1384 1528 1511)
4(1383 1527 1528 1384)
4(1367 1385 1529 1512)
4(1384 1528 1529 1385)
4(1511 1512 1529 1528)
4(1368 1386 1530 1513)
4(1385 1529 1530 1386)
4(1512 1513 1530 1529)
4(1369 1387 1531 1514)
4(1386 1530 1531 1387)
4(1370 1388 1532 1515)
4(1387 1531 1532 1388)
4(1371 1389 1533 1516)
4(1388 1532 1533 1389)
4(1515 1516 1533 1532)
4(1372 1390 1534 1517)
4(1389 1533 1534 1390)
4(1516 1517 1534 1533)
4(1373 1391 1535 1518)
4(1390 1534 1535 1391)
4(1517 1518 1535 1534)
4(1374 1392 1536 1519)
4(1391 1535 1536 1392)
4(1518 1519 1536 1535)
4(1375 1393 1537 1520)
4(1392 1536 1537 1393)
4(1519 1520 1537 1536)
4(1393 1537 1538 1394)
4(1379 1396 1540 1523)
4(1395 1539 1540 1396)
4(1380 1397 1541 1524)
4(1396 1540 1541 1397)
4(1381 1398 1542 1525)
4(1397 1541 1542 1398)
4(1382 1399 1543 1526)
4(1398 1542 1543 1399)
4(1383 1400 1544 1527)
4(1399 1543 1544 1400)
4(1384 1401 1545 1528)
4(1400 1544 1545 1401)
4(1385 1402 1546 1529)
4(1401 1545 1546 1402)
4(1386 1403 1547 1530)
4(1387 1404 1548 1531)
4(1388 1405 1549 1532)
4(1389 1406 1550 1533)
4(1390 1407 1551 1534)
4(1533 1534 1551 1550)
4(1391 1408 1552 1535)
4(1534 1535 1552 1551)
4(1392 1409 1553 1536)
4(1393 1410 1554 1537)
4(1396 1413 1557 1540)
4(1397 1414 1558 1541)
4(1413 1557 1558 1414)
4(1398 1415 1559 1542)
4(1414 1558 1559 1415)
4(1399 1416 1560 1543)
4(1415 1559 1560 1416)
4(1400 1417 1561 1544)
4(1416 1560 1561 1417)
4(1401 1418 1562 1545)
4(1417 1561 1562 1418)
4(1414 1422 1565 1558)
4(1415 1423 1566 1559)
4(1416 1424 1567 1560)
4(1417 1425 1568 1561)
4(1432 1436 1575 1571)
4(1435 1574 1575 1436)
4(1570 1571 1575 1574)
4(1433 1437 1576 1572)
4(1436 1575 1576 1437)
4(1571 1572 1576 1575)
4(1437 1576 1577 1438)
4(1572 1573 1577 1576)
4(1436 1440 1579 1575)
4(1439 1578 1579 1440)
4(1574 1575 1579 1578)
4(1437 1441 1580 1576)
4(1440 1579 1580 1441)
4(1575 1576 1580 1579)
4(1441 1580 1581 1442)
4(1576 1577 1581 1580)
4(1440 1444 1583 1579)
4(1443 1582 1583 1444)
4(1578 1579 1583 1582)
4(1441 1445 1584 1580)
4(1444 1583 1584 1445)
4(1579 1580 1584 1583)
4(1445 1584 1585 1446)
4(1580 1581 1585 1584)
4(1444 1448 1587 1583)
4(1447 1586 1587 1448)
4(1582 1583 1587 1586)
4(1445 1449 1588 1584)
4(1448 1587 1588 1449)
4(1583 1584 1588 1587)
4(1449 1588 1589 1450)
4(1584 1585 1589 1588)
4(1448 1453 1591 1587)
4(1452 1590 1591 1453)
4(1586 1587 1591 1590)
4(1449 1454 1592 1588)
4(1453 1591 1592 1454)
4(1587 1588 1592 1591)
4(1454 1592 1593 1455)
4(1588 1589 1593 1592)
4(1453 1465 1595 1591)
4(1464 1594 1595 1465)
4(1590 1591 1595 1594)
4(1454 1466 1596 1592)
4(1465 1595 1596 1466)
4(1591 1592 1596 1595)
4(1466 1596 1597 1467)
4(1592 1593 1597 1596)
4(1465 1483 1606 1595)
4(1482 1605 1606 1483)
4(1466 1484 1607 1596)
4(1483 1606 1607 1484)
4(1595 1596 1607 1606)
4(1484 1607 1608 1485)
4(1596 1597 1608 1607)
4(1471 1489 1610 1599)
4(1488 1609 1610 1489)
4(1472 1490 1611 1600)
4(1489 1610 1611 1490)
4(1490 1611 1612 1491)
4(1480 1498 1619 1603)
4(1497 1618 1619 1498)
4(1481 1499 1620 1604)
4(1498 1619 1620 1499)
4(1482 1500 1621 1605)
4(1499 1620 1621 1500)
4(1483 1501 1622 1606)
4(1500 1621 1622 1501)
4(1605 1606 1622 1621)
4(1484 1502 1623 1607)
4(1501 1622 1623 1502)
4(1606 1607 1623 1622)
4(1502 1623 1624 1503)
4(1607 1608 1624 1623)
4(1489 1507 1626 1610)
4(1506 1625 1626 1507)
4(1490 1508 1627 1611)
4(1491 1509 1628 1612)
4(1492 1510 1629 1613)
4(1493 1511 1630 1614)
4(1494 1512 1631 1615)
4(1511 1630 1631 1512)
4(1512 1631 1632 1513)
4(1497 1515 1634 1618)
4(1498 1516 1635 1619)
4(1515 1634 1635 1516)
4(1499 1517 1636 1620)
4(1516 1635 1636 1517)
4(1500 1518 1637 1621)
4(1517 1636 1637 1518)
4(1620 1621 1637 1636)
4(1501 1519 1638 1622)
4(1518 1637 1638 1519)
4(1621 1622 1638 1637)
4(1502 1520 1639 1623)
4(1519 1638 1639 1520)
4(1512 1529 1644 1631)
4(1516 1533 1647 1635)
4(1517 1534 1648 1636)
4(1533 1647 1648 1534)
4(1518 1535 1649 1637)
4(1534 1648 1649 1535)
4(1636 1637 1649 1648)
4(1519 1536 1650 1638)
4(1534 1551 1653 1648)
4(1571 1575 1660 1656)
4(1574 1659 1660 1575)
4(1655 1656 1660 1659)
4(1572 1576 1661 1657)
4(1575 1660 1661 1576)
4(1656 1657 1661 1660)
4(1576 1661 1662 1577)
4(1657 1658 1662 1661)
4(1575 1579 1664 1660)
4(1578 1663 1664 1579)
4(1659 1660 1664 1663)
4(1576 1580 1665 1661)
4(1579 1664 1665 1580)
4(1660 1661 1665 1664)
4(1580 1665 1666 1581)
4(1661 1662 1666 1665)
4(1579 1583 1668 1664)
4(1582 1667 1668 1583)
4(1663 1664 1668 1667)
4(1580 1584 1669 1665)
4(1583 1668 1669 1584)
4(1664 1665 1669 1668)
4(1584 1669 1670 1585)
4(1665 1666 1670 1669)
4(1583 1587 1672 1668)
4(1586 1671 1672 1587)
4(1667 1668 1672 1671)
4(1584 1588 1673 1669)
4(1587 1672 1673 1588)
4(1668 1669 1673 1672)
4(1588 1673 1674 1589)
4(1669 1670 1674 1673)
4(1587 1591 1676 1672)
4(1590 1675 1676 1591)
4(1671 1672 1676 1675)
4(1588 1592 1677 1673)
4(1591 1676 1677 1592)
4(1672 1673 1677 1676)
4(1592 1677 1678 1593)
4(1673 1674 1678 1677)
4(1591 1595 1680 1676)
4(1592 1596 1681 1677)
4(1595 1680 1681 1596)
4(1676 1677 1681 1680)
4(1596 1681 1682 1597)
4(1677 1678 1682 1681)
4(1596 1607 1685 1681)
4(1606 1684 1685 1607)
4(1680 1681 1685 1684)
4(1607 1685 1686 1608)
4(1681 1682 1686 1685)
4(1606 1622 1689 1684)
4(1621 1688 1689 1622)
4(1607 1623 1690 1685)
4(1621 1637 1693 1688)
4(1636 1692 1693 1637)
4(1656 1660 1702 1698)
4(1659 1701 1702 1660)
4(1697 1698 1702 1701)
4(1657 1661 1703 1699)
4(1660 1702 1703 1661)
4(1698 1699 1703 1702)
4(1661 1703 1704 1662)
4(1699 1700 1704 1703)
4(1660 1664 1706 1702)
4(1663 1705 1706 1664)
4(1701 1702 1706 1705)
4(1661 1665 1707 1703)
4(1664 1706 1707 1665)
4(1702 1703 1707 1706)
4(1665 1707 1708 1666)
4(1703 1704 1708 1707)
4(1664 1668 1710 1706)
4(1667 1709 1710 1668)
4(1705 1706 1710 1709)
4(1665 1669 1711 1707)
4(1668 1710 1711 1669)
4(1706 1707 1711 1710)
4(1669 1711 1712 1670)
4(1707 1708 1712 1711)
4(1668 1672 1714 1710)
4(1671 1713 1714 1672)
4(1709 1710 1714 1713)
4(1669 1673 1715 1711)
4(1672 1714 1715 1673)
4(1710 1711 1715 1714)
4(1673 1715 1716 1674)
4(1711 1712 1716 1715)
4(1672 1676 1718 1714)
4(1713 1714 1718 1717)
4(1673 1677 1719 1715)
4(1676 1718 1719 1677)
4(1714 1715 1719 1718)
4(1677 1719 1720 1678)
4(1715 1716 1720 1719)
4(1677 1681 1722 1719)
4(1680 1721 1722 1681)
4(1718 1719 1722 1721)
4(1681 1722 1723 1682)
4(1719 1720 1723 1722)
4(1681 1685 1725 1722)
4(1698 1702 1732 1728)
4(1701 1731 1732 1702)
4(1727 1728 1732 1731)
4(1699 1703 1733 1729)
4(1702 1732 1733 1703)
4(1728 1729 1733 1732)
4(1703 1733 1734 1704)
4(1729 1730 1734 1733)
4(1702 1706 1736 1732)
4(1705 1735 1736 1706)
4(1731 1732 1736 1735)
4(1703 1707 1737 1733)
4(1706 1736 1737 1707)
4(1732 1733 1737 1736)
4(1707 1737 1738 1708)
4(1733 1734 1738 1737)
4(1706 1710 1740 1736)
4(1709 1739 1740 1710)
4(1735 1736 1740 1739)
4(1707 1711 1741 1737)
4(1710 1740 1741 1711)
4(1736 1737 1741 1740)
4(1711 1741 1742 1712)
4(1737 1738 1742 1741)
4(1710 1714 1744 1740)
4(1713 1743 1744 1714)
4(1711 1715 1745 1741)
4(1714 1744 1745 1715)
4(1740 1741 1745 1744)
4(1715 1745 1746 1716)
4(1741 1742 1746 1745)
4(1714 1718 1748 1744)
4(1715 1719 1749 1745)
4(1718 1748 1749 1719)
4(1744 1745 1749 1748)
4(1719 1749 1750 1720)
4(1745 1746 1750 1749)
4(1719 1722 1752 1749)
4(1749 1750 1753 1752)
4(1728 1732 1759 1755)
4(1731 1758 1759 1732)
4(1729 1733 1760 1756)
4(1732 1759 1760 1733)
4(1755 1756 1760 1759)
4(1733 1760 1761 1734)
4(1732 1736 1763 1759)
4(1735 1762 1763 1736)
4(1733 1737 1764 1760)
4(1736 1763 1764 1737)
4(1759 1760 1764 1763)
4(1737 1764 1765 1738)
4(1760 1761 1765 1764)
4(1736 1740 1767 1763)
4(1737 1741 1768 1764)
4(1740 1767 1768 1741)
4(1763 1764 1768 1767)
4(1741 1768 1769 1742)
4(1764 1765 1769 1768)
4(1741 1745 1771 1768)
4(1744 1770 1771 1745)
4(1767 1768 1771 1770)
4(1745 1771 1772 1746)
4(1768 1769 1772 1771)
4(1745 1749 1774 1771)
4(1749 1774 1775 1750)
4(1771 1772 1775 1774)
4(1759 1780 1781 1760)
4(1760 1764 1784 1781)
4(1763 1783 1784 1764)
4(1764 1784 1785 1765)
4(1764 1768 1787 1784)
4(1767 1786 1787 1768)
4(1768 1787 1788 1769)
4(1768 1771 1790 1787)
4(1771 1790 1791 1772)
4(142 143 274 273)
4(273 274 413 412)
4(412 413 550 549)
4(549 550 675 674)
4(674 675 801 800)
4(143 144 275 274)
4(274 275 414 413)
4(413 414 551 550)
4(550 551 676 675)
4(675 676 802 801)
4(801 802 954 953)
4(953 954 1114 1113)
4(1113 1114 1275 1274)
4(1274 1275 1432 1431)
4(1431 1432 1571 1570)
4(1570 1571 1656 1655)
4(1655 1656 1698 1697)
4(1697 1698 1728 1727)
4(1727 1728 1755 1754)
4(144 145 276 275)
4(275 276 415 414)
4(414 415 552 551)
4(551 552 677 676)
4(676 677 803 802)
4(802 803 955 954)
4(954 955 1115 1114)
4(1114 1115 1276 1275)
4(1275 1276 1433 1432)
4(1432 1433 1572 1571)
4(1571 1572 1657 1656)
4(1656 1657 1699 1698)
4(1698 1699 1729 1728)
4(1728 1729 1756 1755)
4(1755 1756 1779 1778)
4(145 146 277 276)
4(276 277 416 415)
4(415 416 553 552)
4(552 553 678 677)
4(677 678 804 803)
4(803 804 956 955)
4(955 956 1116 1115)
4(1115 1116 1277 1276)
4(1276 1277 1434 1433)
4(1433 1434 1573 1572)
4(1572 1573 1658 1657)
4(1657 1658 1700 1699)
4(1699 1700 1730 1729)
4(1729 1730 1757 1756)
4(146 151 282 277)
4(151 155 288 282)
4(168 176 312 303)
4(176 184 324 312)
4(184 199 340 324)
4(199 217 358 340)
4(217 234 376 358)
4(234 247 392 376)
4(277 282 421 416)
4(282 288 427 421)
4(288 295 434 427)
4(295 303 442 434)
4(303 312 451 442)
4(312 324 464 451)
4(324 340 480 464)
4(340 358 499 480)
4(358 376 517 499)
4(376 392 532 517)
4(416 421 558 553)
4(421 427 564 558)
4(427 434 571 564)
4(434 442 579 571)
4(442 451 588 579)
4(451 464 598 588)
4(464 480 613 598)
4(480 499 630 613)
4(499 517 646 630)
4(517 532 660 646)
4(532 543 671 660)
4(553 558 683 678)
4(558 564 688 683)
4(564 571 695 688)
4(571 579 703 695)
4(579 588 712 703)
4(588 598 722 712)
4(598 613 734 722)
4(613 630 751 734)
4(630 646 768 751)
4(646 660 782 768)
4(660 671 792 782)
4(678 683 809 804)
4(683 688 814 809)
4(688 695 819 814)
4(695 703 826 819)
4(703 712 837 826)
4(712 722 852 837)
4(722 734 870 852)
4(734 751 888 870)
4(751 768 905 888)
4(768 782 922 905)
4(782 792 936 922)
4(804 809 960 956)
4(809 814 964 960)
4(814 819 968 964)
4(819 826 976 968)
4(826 837 989 976)
4(837 852 1007 989)
4(852 870 1025 1007)
4(870 888 1043 1025)
4(888 905 1061 1043)
4(905 922 1078 1061)
4(922 936 1094 1078)
4(956 960 1120 1116)
4(960 964 1124 1120)
4(964 968 1128 1124)
4(968 976 1135 1128)
4(976 989 1148 1135)
4(989 1007 1165 1148)
4(1007 1025 1183 1165)
4(1025 1043 1201 1183)
4(1043 1061 1219 1201)
4(1061 1078 1237 1219)
4(1078 1094 1254 1237)
4(1116 1120 1281 1277)
4(1120 1124 1285 1281)
4(1124 1128 1289 1285)
4(1128 1135 1294 1289)
4(1135 1148 1306 1294)
4(1148 1165 1322 1306)
4(1165 1183 1340 1322)
4(1183 1201 1358 1340)
4(1201 1219 1376 1358)
4(1219 1237 1394 1376)
4(1237 1254 1411 1394)
4(1277 1281 1438 1434)
4(1281 1285 1442 1438)
4(1285 1289 1446 1442)
4(1289 1294 1450 1446)
4(1294 1306 1455 1450)
4(1306 1322 1467 1455)
4(1322 1340 1485 1467)
4(1340 1358 1503 1485)
4(1358 1376 1521 1503)
4(1376 1394 1538 1521)
4(1394 1411 1555 1538)
4(1434 1438 1577 1573)
4(1438 1442 1581 1577)
4(1442 1446 1585 1581)
4(1446 1450 1589 1585)
4(1450 1455 1593 1589)
4(1455 1467 1597 1593)
4(1467 1485 1608 1597)
4(1485 1503 1624 1608)
4(1503 1521 1640 1624)
4(1573 1577 1662 1658)
4(1577 1581 1666 1662)
4(1581 1585 1670 1666)
4(1585 1589 1674 1670)
4(1589 1593 1678 1674)
4(1593 1597 1682 1678)
4(1597 1608 1686 1682)
4(1608 1624 1691 1686)
4(1658 1662 1704 1700)
4(1662 1666 1708 1704)
4(1666 1670 1712 1708)
4(1670 1674 1716 1712)
4(1674 1678 1720 1716)
4(1678 1682 1723 1720)
4(1682 1686 1726 1723)
4(1700 1704 1734 1730)
4(1704 1708 1738 1734)
4(1708 1712 1742 1738)
4(1712 1716 1746 1742)
4(1716 1720 1750 1746)
4(1720 1723 1753 1750)
4(1730 1734 1761 1757)
4(1734 1738 1765 1761)
4(1738 1742 1769 1765)
4(1742 1746 1772 1769)
4(1746 1750 1775 1772)
4(1750 1753 1777 1775)
4(1761 1765 1785 1782)
4(1765 1769 1788 1785)
4(1769 1772 1791 1788)
4(1772 1775 1793 1791)
4(913 1069 1070 914)
4(913 930 1086 1069)
4(1069 1086 1087 1070)
4(1459 1460 1473 1472)
4(1472 1473 1601 1600)
4(6 10 55 50)
4(10 14 60 55)
4(13 59 60 14)
4(13 17 63 59)
4(64 67 68 65)
4(67 71 72 68)
4(68 72 73 69)
4(70 80 81 71)
4(71 81 82 72)
4(72 82 83 73)
4(73 83 84 74)
4(85 95 96 86)
4(30 37 113 104)
4(37 44 121 113)
4(43 120 121 44)
4(43 50 127 120)
4(50 55 133 127)
4(55 60 138 133)
4(59 137 138 60)
4(132 133 138 137)
4(61 139 140 62)
4(135 136 140 139)
4(59 63 141 137)
4(62 140 141 63)
4(136 137 141 140)
4(142 147 148 143)
4(143 148 149 144)
4(144 149 150 145)
4(145 150 151 146)
4(148 152 153 149)
4(149 153 154 150)
4(150 154 155 151)
4(152 158 159 153)
4(153 159 160 154)
4(64 65 164 163)
4(156 163 164 157)
4(157 164 165 158)
4(158 165 166 159)
4(159 166 167 160)
4(161 169 170 162)
4(65 68 172 164)
4(68 69 173 172)
4(164 172 173 165)
4(165 173 174 166)
4(166 174 175 167)
4(167 175 176 168)
4(69 73 181 173)
4(73 74 182 181)
4(173 181 182 174)
4(174 182 183 175)
4(175 183 184 176)
4(77 78 190 189)
4(78 79 191 190)
4(70 178 193 80)
4(177 192 193 178)
4(80 193 194 81)
4(81 194 195 82)
4(82 195 196 83)
4(74 84 197 182)
4(83 196 197 84)
4(182 197 198 183)
4(183 198 199 184)
4(192 210 211 193)
4(193 211 212 194)
4(194 212 213 195)
4(195 213 214 196)
4(196 214 215 197)
4(197 215 216 198)
4(198 216 217 199)
4(211 228 229 212)
4(212 229 230 213)
4(213 230 231 214)
4(214 231 232 215)
4(215 232 233 216)
4(216 233 234 217)
4(104 113 244 227)
4(232 245 246 233)
4(233 246 247 234)
4(113 121 255 244)
4(120 254 255 121)
4(243 244 255 254)
4(120 127 262 254)
4(127 133 268 262)
4(132 267 268 133)
4(134 269 270 135)
4(135 270 271 136)
4(265 266 271 270)
4(132 137 272 267)
4(136 271 272 137)
4(147 278 279 148)
4(148 279 285 152)
4(278 284 285 279)
4(154 287 288 155)
4(156 157 291 290)
4(283 290 291 284)
4(152 285 292 158)
4(157 158 292 291)
4(284 291 292 285)
4(154 160 294 287)
4(287 294 295 288)
4(156 290 298 163)
4(162 163 298 297)
4(289 297 298 290)
4(160 167 302 294)
4(167 168 303 302)
4(294 302 303 295)
4(161 296 305 169)
4(169 305 317 177)
4(304 316 317 305)
4(188 189 329 328)
4(314 328 329 315)
4(189 190 330 329)
4(190 191 331 330)
4(177 317 333 192)
4(316 332 333 317)
4(191 207 348 331)
4(330 331 348 347)
4(207 208 349 348)
4(192 333 351 210)
4(332 350 351 333)
4(210 351 352 211)
4(211 352 370 228)
4(351 369 370 352)
4(228 370 371 229)
4(229 371 372 230)
4(230 372 373 231)
4(231 373 374 232)
4(227 244 386 368)
4(243 385 386 244)
4(371 387 388 372)
4(372 388 389 373)
4(232 374 390 245)
4(373 389 390 374)
4(243 254 399 385)
4(254 262 406 399)
4(398 399 406 405)
4(401 402 408 407)
4(402 403 409 408)
4(265 409 410 266)
4(403 404 410 409)
4(404 405 411 410)
4(273 412 417 278)
4(278 417 423 284)
4(283 284 423 422)
4(289 428 436 297)
4(296 297 436 435)
4(296 435 444 305)
4(304 305 444 443)
4(313 314 453 452)
4(314 315 454 453)
4(304 443 456 316)
4(315 329 469 454)
4(453 454 469 468)
4(329 330 470 469)
4(316 456 472 332)
4(455 471 472 456)
4(330 347 487 470)
4(347 348 488 487)
4(348 349 489 488)
4(350 491 492 351)
4(488 489 508 507)
4(351 492 510 369)
4(491 509 510 492)
4(369 510 511 370)
4(370 511 512 371)
4(371 512 527 387)
4(511 526 527 512)
4(387 527 528 388)
4(388 528 529 389)
4(389 529 530 390)
4(390 530 531 391)
4(385 399 539 525)
4(398 538 539 399)
4(529 540 541 530)
4(530 541 542 531)
4(401 544 545 402)
4(402 545 546 403)
4(403 546 547 404)
4(398 405 548 538)
4(404 547 548 405)
4(412 549 554 417)
4(417 554 560 423)
4(422 423 560 559)
4(422 559 566 429)
4(428 429 566 565)
4(559 560 567 566)
4(428 565 573 436)
4(435 436 573 572)
4(435 572 581 444)
4(443 444 581 580)
4(443 580 590 456)
4(455 456 590 589)
4(468 469 602 601)
4(469 470 603 602)
4(455 589 604 471)
4(471 604 621 490)
4(490 621 622 491)
4(488 507 637 620)
4(491 622 638 509)
4(509 638 639 510)
4(510 639 640 511)
4(511 640 654 526)
4(526 654 655 527)
4(527 655 656 528)
4(528 656 657 529)
4(533 661 662 534)
4(529 657 668 540)
4(656 667 668 657)
4(540 668 669 541)
4(541 669 670 542)
4(542 670 671 543)
4(546 672 673 547)
4(549 674 679 554)
4(554 679 684 560)
4(560 684 691 567)
4(566 567 691 690)
4(565 689 697 573)
4(572 573 697 696)
4(689 690 698 697)
4(572 696 705 581)
4(580 581 705 704)
4(696 697 706 705)
4(580 704 714 590)
4(589 590 714 713)
4(589 713 725 604)
4(740 757 758 741)
4(638 760 761 639)
4(639 761 762 640)
4(756 773 774 757)
4(640 762 776 654)
4(761 775 776 762)
4(654 776 777 655)
4(655 777 778 656)
4(773 786 787 774)
4(656 778 788 667)
4(667 788 789 668)
4(668 789 790 669)
4(669 790 791 670)
4(670 791 792 671)
4(786 795 796 787)
4(793 797 798 794)
4(794 798 799 795)
4(674 800 805 679)
4(800 801 806 805)
4(679 805 810 684)
4(805 806 811 810)
4(684 810 815 691)
4(810 811 816 815)
4(697 698 821 820)
4(704 705 830 829)
4(697 820 831 706)
4(705 706 831 830)
4(820 821 832 831)
4(827 839 840 828)
4(829 830 845 844)
4(840 855 856 841)
4(841 856 857 842)
4(713 843 861 725)
4(738 739 876 875)
4(857 875 876 858)
4(858 876 877 859)
4(740 741 878 877)
4(859 877 878 860)
4(739 756 893 876)
4(740 877 894 757)
4(756 757 894 893)
4(876 893 894 877)
4(757 894 895 758)
4(760 897 898 761)
4(757 774 911 894)
4(894 911 912 895)
4(895 912 913 896)
4(761 898 915 775)
4(897 914 915 898)
4(775 915 916 776)
4(776 916 917 777)
4(777 917 918 778)
4(774 787 928 911)
4(911 928 929 912)
4(912 929 930 913)
4(778 918 932 788)
4(917 931 932 918)
4(788 932 933 789)
4(789 933 934 790)
4(790 934 935 791)
4(791 935 936 792)
4(787 796 941 928)
4(795 940 941 796)
4(928 941 942 929)
4(793 938 944 797)
4(937 943 944 938)
4(797 944 945 798)
4(795 799 946 940)
4(798 945 946 799)
4(940 946 947 941)
4(941 947 948 942)
4(944 949 950 945)
4(945 950 951 946)
4(946 951 952 947)
4(801 953 957 806)
4(806 957 961 811)
4(811 961 965 816)
4(821 822 972 971)
4(827 828 979 978)
4(969 979 980 970)
4(830 831 983 982)
4(821 971 984 832)
4(831 832 984 983)
4(971 972 985 984)
4(828 840 992 979)
4(840 841 993 992)
4(979 992 993 980)
4(841 842 994 993)
4(980 993 994 981)
4(843 844 999 998)
4(830 982 1000 845)
4(844 845 1000 999)
4(982 983 1001 1000)
4(842 857 1012 994)
4(857 858 1013 1012)
4(994 1012 1013 995)
4(858 859 1014 1013)
4(995 1013 1014 996)
4(843 998 1016 861)
4(860 861 1016 1015)
4(998 999 1017 1016)
4(914 1070 1071 915)
4(915 1071 1072 916)
4(916 1072 1073 917)
4(929 1085 1086 930)
4(917 1073 1089 931)
4(1072 1088 1089 1073)
4(931 1089 1090 932)
4(932 1090 1091 933)
4(933 1091 1092 934)
4(934 1092 1093 935)
4(935 1093 1094 936)
4(929 942 1101 1085)
4(1085 1101 1102 1086)
4(947 1107 1108 948)
4(947 952 1112 1107)
4(953 1113 1117 957)
4(957 1117 1121 961)
4(961 1121 1125 965)
4(965 1125 1132 973)
4(972 973 1132 1131)
4(983 984 1143 1142)
4(972 1131 1144 985)
4(984 985 1144 1143)
4(981 994 1153 1140)
4(994 995 1154 1153)
4(1140 1153 1154 1141)
4(995 996 1155 1154)
4(996 997 1156 1155)
4(999 1000 1158 1157)
4(983 1142 1159 1001)
4(1000 1001 1159 1158)
4(1142 1143 1160 1159)
4(997 1015 1173 1156)
4(1015 1016 1174 1173)
4(999 1157 1175 1017)
4(1016 1017 1175 1174)
4(1157 1158 1176 1175)
4(1071 1230 1231 1072)
4(1072 1231 1248 1088)
4(1230 1247 1248 1231)
4(1088 1248 1249 1089)
4(1089 1249 1250 1090)
4(1090 1250 1251 1091)
4(1091 1251 1252 1092)
4(1092 1252 1253 1093)
4(1093 1253 1254 1094)
4(1113 1274 1278 1117)
4(1117 1278 1282 1121)
4(1121 1282 1286 1125)
4(1125 1286 1291 1132)
4(1131 1132 1291 1290)
4(1131 1290 1302 1144)
4(1143 1144 1302 1301)
4(1290 1291 1303 1302)
4(1141 1154 1312 1300)
4(1154 1155 1313 1312)
4(1155 1156 1314 1313)
4(1158 1159 1316 1315)
4(1143 1301 1317 1160)
4(1159 1160 1317 1316)
4(1301 1302 1318 1317)
4(1156 1173 1330 1314)
4(1173 1174 1331 1330)
4(1174 1175 1332 1331)
4(1158 1315 1333 1176)
4(1175 1176 1333 1332)
4(1315 1316 1334 1333)
4(1316 1317 1335 1334)
4(1331 1332 1350 1349)
4(1247 1404 1405 1248)
4(1248 1405 1406 1249)
4(1249 1406 1407 1250)
4(1250 1407 1408 1251)
4(1251 1408 1409 1252)
4(1252 1409 1410 1253)
4(1253 1410 1411 1254)
4(1274 1431 1435 1278)
4(1278 1435 1439 1282)
4(1282 1439 1443 1286)
4(1286 1443 1447 1291)
4(1291 1447 1452 1303)
4(1302 1303 1452 1451)
4(1302 1451 1463 1318)
4(1317 1318 1463 1462)
4(1451 1452 1464 1463)
4(1458 1459 1472 1471)
4(1460 1461 1474 1473)
4(1330 1331 1476 1475)
4(1332 1333 1478 1477)
4(1333 1334 1479 1478)
4(1317 1462 1480 1335)
4(1334 1335 1480 1479)
4(1462 1463 1481 1480)
4(1468 1469 1487 1486)
4(1474 1475 1493 1492)
4(1331 1349 1494 1476)
4(1475 1476 1494 1493)
4(1332 1477 1495 1350)
4(1349 1350 1495 1494)
4(1477 1478 1496 1495)
4(1478 1479 1497 1496)
4(1404 1548 1549 1405)
4(1405 1549 1550 1406)
4(1406 1550 1551 1407)
4(1407 1551 1552 1408)
4(1408 1552 1553 1409)
4(1535 1536 1553 1552)
4(1409 1553 1554 1410)
4(1536 1537 1554 1553)
4(1410 1554 1555 1411)
4(1537 1538 1555 1554)
4(1431 1570 1574 1435)
4(1435 1574 1578 1439)
4(1439 1578 1582 1443)
4(1443 1582 1586 1447)
4(1447 1586 1590 1452)
4(1452 1590 1594 1464)
4(1471 1472 1600 1599)
4(1479 1480 1603 1602)
4(1480 1481 1604 1603)
4(1598 1599 1610 1609)
4(1492 1493 1614 1613)
4(1493 1494 1615 1614)
4(1494 1495 1616 1615)
4(1479 1602 1618 1497)
4(1496 1497 1618 1617)
4(1602 1603 1619 1618)
4(1622 1623 1639 1638)
4(1535 1649 1650 1536)
4(1637 1638 1650 1649)
4(1536 1650 1651 1537)
4(1638 1639 1651 1650)
4(1550 1652 1653 1551)
4(1535 1552 1654 1649)
4(1551 1653 1654 1552)
4(1570 1655 1659 1574)
4(1574 1659 1663 1578)
4(1578 1663 1667 1582)
4(1582 1667 1671 1586)
4(1586 1671 1675 1590)
4(1590 1675 1679 1594)
4(1622 1689 1690 1623)
4(1685 1686 1691 1690)
4(1687 1688 1693 1692)
4(1622 1638 1694 1689)
4(1637 1693 1694 1638)
4(1688 1689 1694 1693)
4(1637 1649 1696 1693)
4(1692 1693 1696 1695)
4(1655 1697 1701 1659)
4(1659 1701 1705 1663)
4(1663 1705 1709 1667)
4(1667 1709 1713 1671)
4(1671 1713 1717 1675)
4(1685 1725 1726 1686)
4(1697 1727 1731 1701)
4(1701 1731 1735 1705)
4(1705 1735 1739 1709)
4(1709 1739 1743 1713)
4(1727 1754 1758 1731)
4(1754 1755 1759 1758)
4(1756 1757 1761 1760)
4(1731 1758 1762 1735)
4(1758 1759 1763 1762)
4(1735 1762 1766 1739)
4(1755 1778 1780 1759)
4(1756 1760 1781 1779)
4(1778 1779 1781 1780)
4(1760 1761 1782 1781)
4(1759 1780 1783 1763)
4(1780 1781 1784 1783)
4(1781 1782 1785 1784)
4(1783 1784 1787 1786)
4(1784 1785 1788 1787)
4(1786 1787 1790 1789)
4(1787 1788 1791 1790)
4(1790 1791 1793 1792)
4(604 725 742 621)
4(725 861 879 742)
4(860 878 879 861)
4(741 758 895 878)
4(742 879 896 759)
4(878 895 896 879)
4(759 896 897 760)
4(896 913 914 897)
4(1623 1624 1640 1639)
4(1623 1690 1691 1624)
4(1070 1229 1230 1071)
4(1070 1087 1246 1229)
4(1229 1246 1247 1230)
4(1313 1314 1330 1329)
4(1313 1329 1474 1461)
4(1329 1330 1475 1474)
4(266 267 272 271)
4(266 410 411 267)
4(621 742 743 622)
4(622 743 760 638)
4(742 759 760 743)
4(1463 1464 1482 1481)
4(1464 1594 1605 1482)
4(1481 1482 1605 1604)
4(1520 1521 1538 1537)
4(1520 1639 1640 1521)
4(1520 1537 1651 1639)
4(470 487 619 603)
4(487 488 620 619)
4(537 538 548 547)
4(619 620 637 636)
4(636 637 653 652)
4(537 665 666 538)
4(652 653 666 665)
4(537 547 673 665)
4(664 665 673 672)
4(619 636 755 738)
4(738 755 756 739)
4(636 652 772 755)
4(755 772 773 756)
4(652 665 785 772)
4(664 784 785 665)
4(772 785 786 773)
4(784 793 794 785)
4(785 794 795 786)
4(142 273 278 147)
4(283 422 429 290)
4(289 290 429 428)
4(534 535 545 544)
4(535 536 546 545)
4(534 662 663 535)
4(535 663 664 536)
4(536 664 672 546)
4(161 162 297 296)
4(859 860 1015 1014)
4(996 1014 1015 997)
4(601 602 618 617)
4(602 603 619 618)
4(601 617 736 724)
4(617 618 737 736)
4(618 619 738 737)
4(724 736 873 855)
4(736 737 874 873)
4(855 873 874 856)
4(737 738 875 874)
4(856 874 875 857)
4(690 691 699 698)
4(691 815 822 699)
4(698 699 822 821)
4(261 262 268 267)
4(261 405 406 262)
4(261 267 411 405)
4(0 2 3 1)
4(2 4 5 3)
4(4 8 9 5)
4(5 9 10 6)
4(7 11 12 8)
4(8 12 13 9)
4(9 13 14 10)
4(11 15 16 12)
4(12 16 17 13)
4(18 24 25 19)
4(19 25 26 20)
4(20 26 27 21)
4(21 27 28 22)
4(22 28 29 23)
4(24 31 32 25)
4(25 32 33 26)
4(26 33 34 27)
4(0 1 35 34)
4(27 34 35 28)
4(28 35 36 29)
4(29 36 37 30)
4(31 38 39 32)
4(32 39 40 33)
4(0 34 41 2)
4(33 40 41 34)
4(1 3 42 35)
4(35 42 43 36)
4(36 43 44 37)
4(38 45 46 39)
4(39 46 47 40)
4(2 41 48 4)
4(40 47 48 41)
4(3 5 49 42)
4(5 6 50 49)
4(42 49 50 43)
4(46 51 52 47)
4(4 48 53 8)
4(7 8 53 52)
4(47 52 53 48)
4(7 52 57 11)
4(51 56 57 52)
4(11 57 61 15)
4(15 61 62 16)
4(16 62 63 17)
4(66 70 71 67)
4(18 19 89 88)
4(75 88 89 76)
4(19 20 90 89)
4(76 89 90 77)
4(20 21 91 90)
4(77 90 91 78)
4(21 22 92 91)
4(78 91 92 79)
4(22 23 93 92)
4(86 96 97 87)
4(18 88 98 24)
4(87 97 98 88)
4(23 29 103 93)
4(29 30 104 103)
4(93 103 104 94)
4(96 105 106 97)
4(24 98 107 31)
4(97 106 107 98)
4(31 107 115 38)
4(106 114 115 107)
4(38 115 122 45)
4(45 122 123 46)
4(46 123 129 51)
4(122 128 129 123)
4(51 129 134 56)
4(56 134 135 57)
4(57 135 139 61)
4(64 163 171 67)
4(66 67 171 170)
4(162 170 171 163)
4(75 76 188 187)
4(76 77 189 188)
4(85 86 201 200)
4(86 87 202 201)
4(185 201 202 186)
4(75 187 203 88)
4(87 88 203 202)
4(186 202 203 187)
4(79 92 207 191)
4(92 93 208 207)
4(93 94 209 208)
4(85 200 218 95)
4(95 218 219 96)
4(94 104 227 209)
4(208 209 227 226)
4(96 219 236 105)
4(218 235 236 219)
4(105 236 237 106)
4(106 237 248 114)
4(114 248 249 115)
4(115 249 257 122)
4(248 256 257 249)
4(122 257 263 128)
4(128 263 264 129)
4(129 264 269 134)
4(264 265 270 269)
4(185 186 326 325)
4(186 187 327 326)
4(187 188 328 327)
4(313 327 328 314)
4(185 325 342 201)
4(200 201 342 341)
4(200 341 359 218)
4(208 226 367 349)
4(226 227 368 367)
4(218 359 377 235)
4(235 377 378 236)
4(359 360 378 377)
4(236 378 379 237)
4(367 368 386 385)
4(237 379 393 248)
4(248 393 400 256)
4(256 400 401 257)
4(393 394 401 400)
4(257 401 407 263)
4(263 407 408 264)
4(264 408 409 265)
4(325 326 466 465)
4(313 452 467 327)
4(326 327 467 466)
4(452 453 468 467)
4(325 465 482 342)
4(341 342 482 481)
4(465 466 483 482)
4(332 472 491 350)
4(471 490 491 472)
4(341 481 500 359)
4(359 500 501 360)
4(481 482 501 500)
4(349 367 508 489)
4(360 501 518 378)
4(378 518 519 379)
4(367 385 525 508)
4(379 519 533 393)
4(393 533 534 394)
4(394 534 544 401)
4(466 467 600 599)
4(467 468 601 600)
4(466 599 615 483)
4(482 483 615 614)
4(599 600 616 615)
4(482 614 631 501)
4(614 615 632 631)
4(615 616 633 632)
4(501 631 647 518)
4(518 647 648 519)
4(631 632 648 647)
4(632 633 649 648)
4(519 648 661 533)
4(648 649 662 661)
4(649 650 663 662)
4(650 651 664 663)
4(600 601 724 723)
4(600 723 735 616)
4(616 735 752 633)
4(633 752 769 649)
4(649 769 770 650)
4(650 770 771 651)
4(651 771 784 664)
4(770 783 784 771)
4(838 853 854 839)
4(723 724 855 854)
4(839 854 855 840)
4(723 854 872 735)
4(853 871 872 854)
4(735 872 889 752)
4(752 889 906 769)
4(769 906 907 770)
4(770 907 924 783)
4(906 923 924 907)
4(783 924 925 784)
4(784 925 938 793)
4(924 937 938 925)
4(827 978 991 839)
4(838 839 991 990)
4(977 990 991 978)
4(838 990 1008 853)
4(853 1008 1026 871)
4(871 1026 1027 872)
4(872 1027 1045 889)
4(1026 1044 1045 1027)
4(889 1045 1062 906)
4(906 1062 1079 923)
4(923 1079 1080 924)
4(924 1080 1096 937)
4(1079 1095 1096 1080)
4(937 1096 1103 943)
4(943 1103 1104 944)
4(942 948 1108 1101)
4(944 1104 1109 949)
4(949 1109 1110 950)
4(950 1110 1111 951)
4(951 1111 1112 952)
4(969 970 1130 1129)
4(977 978 1137 1136)
4(969 1129 1138 979)
4(978 979 1138 1137)
4(970 980 1139 1130)
4(1129 1130 1139 1138)
4(980 981 1140 1139)
4(977 1136 1149 990)
4(990 1149 1166 1008)
4(1008 1166 1184 1026)
4(1026 1184 1202 1044)
4(1044 1202 1203 1045)
4(1045 1203 1221 1062)
4(1202 1220 1221 1203)
4(1062 1221 1238 1079)
4(1079 1238 1255 1095)
4(1095 1255 1256 1096)
4(1101 1261 1262 1102)
4(1096 1256 1264 1103)
4(1103 1264 1265 1104)
4(1101 1108 1269 1261)
4(1107 1268 1269 1108)
4(1104 1265 1270 1109)
4(1109 1270 1271 1110)
4(1110 1271 1272 1111)
4(1107 1112 1273 1268)
4(1111 1272 1273 1112)
4(1136 1137 1296 1295)
4(1137 1138 1297 1296)
4(1138 1139 1298 1297)
4(1139 1140 1299 1298)
4(1140 1141 1300 1299)
4(1136 1295 1307 1149)
4(1295 1296 1308 1307)
4(1296 1297 1309 1308)
4(1297 1298 1310 1309)
4(1298 1299 1311 1310)
4(1299 1300 1312 1311)
4(1149 1307 1323 1166)
4(1307 1308 1324 1323)
4(1166 1323 1341 1184)
4(1184 1341 1359 1202)
4(1202 1359 1377 1220)
4(1220 1377 1378 1221)
4(1359 1360 1378 1377)
4(1221 1378 1395 1238)
4(1246 1403 1404 1247)
4(1238 1395 1412 1255)
4(1255 1412 1413 1256)
4(1261 1418 1419 1262)
4(1246 1263 1420 1403)
4(1262 1419 1420 1263)
4(1402 1403 1420 1419)
4(1256 1413 1421 1264)
4(1264 1421 1422 1265)
4(1261 1269 1426 1418)
4(1268 1425 1426 1269)
4(1265 1422 1427 1270)
4(1270 1427 1428 1271)
4(1422 1423 1428 1427)
4(1271 1428 1429 1272)
4(1423 1424 1429 1428)
4(1268 1273 1430 1425)
4(1272 1429 1430 1273)
4(1424 1425 1430 1429)
4(1308 1309 1457 1456)
4(1309 1310 1458 1457)
4(1310 1311 1459 1458)
4(1311 1312 1460 1459)
4(1312 1313 1461 1460)
4(1308 1456 1469 1324)
4(1323 1324 1469 1468)
4(1456 1457 1470 1469)
4(1457 1458 1471 1470)
4(1323 1468 1486 1341)
4(1469 1470 1488 1487)
4(1473 1474 1492 1491)
4(1341 1486 1504 1359)
4(1359 1504 1505 1360)
4(1486 1487 1505 1504)
4(1487 1488 1506 1505)
4(1495 1496 1514 1513)
4(1360 1505 1522 1378)
4(1505 1506 1523 1522)
4(1507 1508 1525 1524)
4(1508 1509 1526 1525)
4(1509 1510 1527 1526)
4(1510 1511 1528 1527)
4(1513 1514 1531 1530)
4(1514 1515 1532 1531)
4(1378 1522 1539 1395)
4(1522 1523 1540 1539)
4(1523 1524 1541 1540)
4(1524 1525 1542 1541)
4(1525 1526 1543 1542)
4(1526 1527 1544 1543)
4(1527 1528 1545 1544)
4(1528 1529 1546 1545)
4(1402 1546 1547 1403)
4(1529 1530 1547 1546)
4(1403 1547 1548 1404)
4(1530 1531 1548 1547)
4(1531 1532 1549 1548)
4(1532 1533 1550 1549)
4(1395 1539 1556 1412)
4(1412 1556 1557 1413)
4(1539 1540 1557 1556)
4(1540 1541 1558 1557)
4(1541 1542 1559 1558)
4(1542 1543 1560 1559)
4(1543 1544 1561 1560)
4(1544 1545 1562 1561)
4(1402 1419 1563 1546)
4(1418 1562 1563 1419)
4(1545 1546 1563 1562)
4(1413 1557 1564 1421)
4(1421 1564 1565 1422)
4(1557 1558 1565 1564)
4(1422 1565 1566 1423)
4(1558 1559 1566 1565)
4(1423 1566 1567 1424)
4(1559 1560 1567 1566)
4(1424 1567 1568 1425)
4(1560 1561 1568 1567)
4(1418 1426 1569 1562)
4(1425 1568 1569 1426)
4(1561 1562 1569 1568)
4(1470 1471 1599 1598)
4(1594 1595 1606 1605)
4(1470 1598 1609 1488)
4(1599 1600 1611 1610)
4(1473 1491 1612 1601)
4(1600 1601 1612 1611)
4(1491 1492 1613 1612)
4(1603 1604 1620 1619)
4(1604 1605 1621 1620)
4(1488 1609 1625 1506)
4(1609 1610 1626 1625)
4(1507 1626 1627 1508)
4(1610 1611 1627 1626)
4(1508 1627 1628 1509)
4(1611 1612 1628 1627)
4(1509 1628 1629 1510)
4(1612 1613 1629 1628)
4(1510 1629 1630 1511)
4(1613 1614 1630 1629)
4(1614 1615 1631 1630)
4(1495 1513 1632 1616)
4(1615 1616 1632 1631)
4(1496 1617 1633 1514)
4(1514 1633 1634 1515)
4(1617 1618 1634 1633)
4(1618 1619 1635 1634)
4(1619 1620 1636 1635)
4(1506 1625 1641 1523)
4(1507 1524 1642 1626)
4(1523 1641 1642 1524)
4(1625 1626 1642 1641)
4(1511 1630 1643 1528)
4(1528 1643 1644 1529)
4(1630 1631 1644 1643)
4(1513 1530 1645 1632)
4(1529 1644 1645 1530)
4(1631 1632 1645 1644)
4(1515 1634 1646 1532)
4(1532 1646 1647 1533)
4(1634 1635 1647 1646)
4(1635 1636 1648 1647)
4(1533 1647 1652 1550)
4(1647 1648 1653 1652)
4(1648 1649 1654 1653)
4(1594 1679 1680 1595)
4(1675 1676 1680 1679)
4(1595 1680 1684 1606)
4(1605 1606 1684 1683)
4(1605 1683 1688 1621)
4(1620 1621 1688 1687)
4(1683 1684 1689 1688)
4(1684 1685 1690 1689)
4(1620 1687 1692 1636)
4(1636 1692 1695 1648)
4(1648 1695 1696 1649)
4(1675 1717 1718 1676)
4(1676 1718 1721 1680)
4(1680 1721 1724 1684)
4(1684 1724 1725 1685)
4(1721 1722 1725 1724)
4(1722 1723 1726 1725)
4(1739 1740 1744 1743)
4(1713 1743 1747 1717)
4(1717 1747 1748 1718)
4(1743 1744 1748 1747)
4(1718 1748 1751 1721)
4(1721 1751 1752 1722)
4(1748 1749 1752 1751)
4(1722 1752 1753 1723)
4(1739 1766 1767 1740)
4(1762 1763 1767 1766)
4(1740 1767 1770 1744)
4(1744 1770 1773 1748)
4(1748 1773 1774 1749)
4(1770 1771 1774 1773)
4(1749 1774 1776 1752)
4(1752 1776 1777 1753)
4(1774 1775 1777 1776)
4(1763 1783 1786 1767)
4(1767 1786 1789 1770)
4(1770 1789 1790 1771)
4(1771 1790 1792 1774)
4(1774 1792 1793 1775)
4(1086 1245 1246 1087)
4(1086 1102 1262 1245)
4(1245 1262 1263 1246)
4(565 566 690 689)
4(245 390 391 246)
4(246 391 392 247)
4(391 531 532 392)
4(531 542 543 532)
4(507 508 525 524)
4(524 525 539 538)
4(507 524 653 637)
4(524 538 666 653)
4(66 170 178 70)
4(169 177 178 170)
4(704 829 844 714)
4(713 714 844 843)
4(815 816 823 822)
4(816 965 973 823)
4(822 823 973 972)
)


// ************************************************************************* //
