/*--------------------------------*- C++ -*----------------------------------*\
  =========                 |
  \\      /  F ield         | OpenFOAM: The Open Source CFD Toolbox
   \\    /   O peration     | Website:  https://openfoam.org
    \\  /    A nd           | Version:  6
     \\/     M anipulation  |
\*---------------------------------------------------------------------------*/
FoamFile
{
    version     2.0;
    format      ascii;
    class       labelList;
    note        "nPoints:1794  nCells:1128  nFaces:3979  nInternalFaces:2789";
    location    "constant/region117/polyMesh";
    object      neighbour;
}
// * * * * * * * * * * * * * * * * * * * * * * * * * * * * * * * * * * * * * //


2789
(
1
23
2
29
3
5
33
6
34
5
7
36
6
8
37
38
8
39
40
10
14
56
11
15
57
12
16
58
13
17
59
18
60
15
20
64
16
21
65
17
22
66
18
23
67
19
24
68
25
69
21
26
71
22
27
72
23
28
73
24
29
74
25
30
75
76
27
77
28
31
78
29
32
79
30
33
80
34
81
32
35
83
33
36
84
34
37
85
38
86
36
87
37
39
88
38
40
89
40
43
105
43
45
111
44
46
112
47
113
46
118
47
119
48
120
121
50
56
126
51
57
127
52
58
128
59
129
54
137
55
62
138
56
63
139
57
64
140
58
65
141
59
66
142
60
67
143
61
68
144
69
63
152
64
70
153
65
71
154
66
72
155
67
73
156
68
74
157
69
75
158
76
159
71
162
72
77
163
73
78
164
74
79
165
75
80
166
76
81
167
78
82
169
79
83
170
80
84
171
81
85
172
86
173
83
174
84
87
175
85
88
176
86
89
177
88
89
91
178
92
94
179
93
95
180
96
181
95
97
183
96
98
184
185
98
101
188
102
189
100
105
192
101
106
193
102
107
194
108
195
104
110
197
105
111
198
106
112
199
107
113
200
108
114
201
109
115
202
116
203
111
117
205
112
118
206
113
119
207
114
120
208
115
121
209
116
122
210
123
211
118
130
215
119
131
216
120
132
217
121
133
218
122
134
219
123
135
220
136
221
125
138
222
126
139
223
127
140
224
128
141
225
129
142
226
143
131
228
132
145
229
133
146
230
134
147
231
135
148
232
136
149
233
150
234
138
151
235
139
152
236
140
153
237
141
154
238
142
155
239
143
156
240
144
157
241
158
242
146
244
147
245
148
246
149
247
150
160
248
161
249
152
153
250
154
162
251
155
163
252
156
164
253
157
165
254
158
166
255
159
167
256
161
260
261
163
168
262
164
169
263
165
170
264
166
171
265
167
172
266
173
267
169
170
174
268
171
175
269
172
176
270
173
177
271
175
176
177
179
182
272
180
183
273
181
184
274
185
275
183
187
276
184
188
277
185
189
278
190
279
187
192
280
188
193
281
189
194
282
190
195
283
196
284
192
198
285
193
199
286
194
200
287
195
201
288
196
202
289
203
290
198
205
291
199
206
292
200
207
293
201
208
294
202
209
295
203
210
296
211
297
205
214
298
206
215
299
207
216
300
208
217
301
209
218
302
210
219
303
211
220
304
221
305
213
224
225
215
227
307
216
228
308
217
229
309
218
230
310
219
231
311
220
232
312
221
233
313
234
314
223
236
224
237
315
225
238
316
226
239
317
240
318
228
320
229
243
321
230
244
322
231
245
323
232
246
324
233
247
325
234
248
326
249
327
236
237
250
328
238
251
329
239
252
330
240
253
331
241
254
332
242
255
333
256
244
335
245
336
246
257
337
247
258
338
248
259
339
249
260
340
261
341
251
342
252
262
343
253
263
344
254
264
345
255
265
346
256
266
347
267
258
349
259
350
260
351
261
352
353
263
354
264
268
355
265
269
356
266
270
357
267
271
358
269
270
271
362
273
276
363
274
277
364
275
278
365
279
366
277
281
367
278
282
368
279
283
369
284
370
281
286
282
287
371
283
288
372
284
289
373
290
374
286
292
375
287
293
376
288
294
377
289
295
378
290
296
379
297
380
292
299
381
293
300
382
294
301
383
295
302
384
296
303
385
297
304
386
305
387
299
307
388
300
308
389
301
309
390
302
310
391
303
311
392
304
312
393
305
313
394
314
395
307
319
396
308
320
397
309
321
398
310
322
399
311
323
400
312
324
401
313
325
402
314
326
403
327
404
316
329
317
330
405
318
331
332
320
406
321
334
407
322
335
408
323
336
409
324
337
410
325
338
411
326
339
412
327
340
413
341
414
329
342
330
343
331
344
415
332
345
416
333
346
417
347
335
418
336
419
337
348
420
338
349
421
339
350
422
340
351
423
341
352
424
353
425
343
344
354
345
355
426
346
356
427
347
357
428
358
349
429
350
430
351
431
352
359
432
353
360
433
361
434
355
356
357
358
362
435
360
437
361
438
439
364
367
440
365
368
441
366
369
442
370
443
368
371
444
369
372
445
370
373
446
374
447
372
377
448
373
378
449
374
379
450
380
451
376
382
377
383
378
384
452
379
385
453
380
386
454
387
455
382
389
383
390
456
384
391
457
385
392
458
386
393
459
387
394
460
395
461
389
397
462
390
398
463
391
399
464
392
400
465
393
401
466
394
402
467
395
403
468
404
469
397
406
470
398
407
471
399
408
472
400
409
473
401
410
474
402
411
475
403
412
476
404
413
477
414
478
415
479
407
480
408
418
481
409
419
482
410
420
483
411
421
484
412
422
485
413
423
486
414
424
487
425
488
416
426
489
417
427
490
428
491
419
495
420
496
421
429
497
422
430
498
423
431
499
424
432
500
425
433
501
434
502
427
503
428
504
435
505
430
509
431
510
432
436
511
433
437
512
434
438
513
439
514
516
437
519
438
520
439
521
522
441
444
442
445
528
443
446
529
447
530
445
448
446
449
531
447
450
532
451
533
449
452
450
453
534
451
454
535
455
536
453
458
454
459
537
455
460
538
461
539
457
464
458
465
540
459
466
541
460
467
542
461
468
543
469
544
463
471
464
472
546
465
473
547
466
474
548
467
475
549
468
476
550
469
477
551
478
552
471
480
557
472
481
558
473
482
559
474
483
560
475
484
561
476
485
562
477
486
563
478
487
564
488
565
489
567
481
494
574
482
495
575
483
496
576
484
497
577
485
498
578
486
499
579
487
500
580
488
501
581
502
582
490
503
583
491
504
584
492
505
585
506
586
588
495
590
496
591
497
508
592
498
509
593
499
510
594
500
511
595
501
512
596
502
513
597
514
598
504
599
505
515
600
506
516
601
507
517
602
518
603
509
608
510
609
511
610
512
519
611
513
520
612
514
521
613
522
614
516
616
517
523
617
518
524
618
525
619
520
623
521
624
522
625
626
524
526
628
525
527
629
630
527
633
634
529
531
640
530
532
641
533
642
532
534
643
533
535
644
536
645
535
537
646
536
538
647
539
648
538
542
649
539
543
650
544
651
541
548
542
549
653
543
550
654
544
551
655
552
656
554
658
547
559
548
560
661
549
561
662
550
562
663
551
563
664
552
564
665
565
666
554
566
667
555
567
668
556
568
669
569
670
558
574
559
575
674
560
576
675
561
577
676
562
578
677
563
579
678
564
580
679
565
581
680
582
681
567
682
568
583
683
569
584
684
570
585
685
571
586
686
572
587
687
573
588
688
574
589
689
575
590
690
576
591
691
577
592
692
578
593
693
579
594
694
580
595
695
581
596
696
582
597
697
598
698
584
599
700
585
600
701
586
601
702
587
602
703
588
603
704
589
604
705
590
605
706
591
606
707
592
607
708
593
608
709
594
609
710
595
610
711
596
611
712
597
612
713
598
613
714
614
715
600
615
716
601
616
717
602
617
718
603
618
719
604
619
720
605
620
721
606
621
722
607
723
608
724
609
725
610
726
611
622
727
612
623
728
613
624
729
614
625
730
626
731
616
732
617
627
733
618
628
734
619
629
735
620
630
736
621
631
737
738
623
741
624
742
625
743
626
744
745
628
632
747
629
633
748
630
634
749
631
635
750
636
751
633
753
634
637
754
635
638
755
636
639
756
757
638
758
639
759
760
641
643
761
642
644
762
645
763
644
646
764
645
647
765
648
766
647
649
767
648
650
768
651
769
650
654
770
651
655
771
656
772
659
654
663
773
655
664
774
656
665
775
666
776
658
667
777
659
668
778
660
669
779
670
780
662
676
663
677
782
664
678
783
665
679
784
666
680
785
681
786
668
682
787
669
683
788
670
684
789
671
685
790
672
686
791
673
687
792
688
793
675
691
676
692
794
677
693
795
678
694
796
679
695
797
680
696
798
681
697
799
698
800
683
699
801
684
700
802
685
701
803
686
702
804
687
703
805
688
704
806
689
705
807
690
706
808
691
707
809
692
708
810
693
709
811
694
710
812
695
711
813
696
712
814
697
713
815
698
714
816
715
817
700
818
701
716
819
702
717
820
703
718
821
704
719
822
705
720
823
706
721
824
707
722
825
708
723
826
709
724
827
710
725
828
711
726
829
712
727
830
713
728
831
714
729
832
715
730
833
731
834
717
732
836
718
733
837
719
734
838
720
735
839
721
736
840
722
737
841
723
738
842
724
739
843
725
844
726
845
727
740
846
728
741
847
729
742
848
730
743
849
731
744
850
745
851
733
746
852
734
747
853
735
748
854
736
749
855
737
750
856
738
751
857
739
752
858
859
741
862
742
863
743
864
744
865
745
866
867
747
868
748
753
869
749
754
870
750
755
871
751
756
872
752
757
873
874
754
876
755
758
877
756
759
878
757
760
879
880
759
881
760
882
883
762
764
884
763
765
885
766
886
765
767
887
766
768
888
769
889
768
770
890
769
771
891
772
892
771
774
893
772
775
894
776
895
774
783
775
784
896
776
785
897
786
898
778
787
779
788
780
789
781
790
791
783
796
784
797
899
785
798
900
786
799
901
800
902
788
801
789
802
903
790
803
904
791
804
905
792
805
906
793
806
907
807
795
811
796
812
797
813
908
798
814
909
799
815
910
800
816
911
817
912
802
818
913
803
819
914
804
820
915
805
821
916
806
822
917
807
823
918
808
824
919
809
825
920
810
826
811
827
921
812
828
922
813
829
923
814
830
924
815
831
925
816
832
926
817
833
927
834
928
819
835
929
820
836
930
821
837
931
822
838
932
823
839
933
824
840
934
825
841
935
826
842
936
827
843
937
828
844
938
829
845
939
830
846
940
831
847
941
832
848
942
833
849
943
834
850
944
851
945
836
837
852
946
838
853
947
839
854
948
840
855
949
841
856
950
842
857
951
843
858
952
844
859
953
845
860
954
846
861
955
847
862
956
848
863
957
849
864
958
850
865
959
851
866
960
867
961
853
868
962
854
869
963
855
870
964
856
871
965
857
872
966
858
873
967
859
874
968
860
875
969
861
970
862
971
863
972
864
973
865
974
866
975
867
976
977
869
978
870
876
979
871
877
980
872
878
981
873
879
982
874
880
983
875
984
877
985
878
881
986
879
882
987
880
883
988
989
882
883
885
887
990
886
888
991
889
992
888
890
993
889
891
994
892
995
891
893
996
892
894
997
895
998
894
896
999
895
897
1000
898
1001
897
900
1002
898
901
1003
902
1004
900
909
901
910
1005
902
911
1006
912
1007
904
914
905
915
906
916
907
917
918
909
924
910
925
911
926
1008
912
927
1009
928
1010
914
929
915
930
916
931
1011
917
932
1012
918
933
1013
919
934
920
935
936
922
938
923
939
924
940
1014
925
941
1015
926
942
1016
927
943
1017
928
944
1018
945
1019
930
931
946
932
947
1020
933
948
1021
934
949
1022
935
950
1023
936
951
1024
937
952
1025
938
953
1026
939
954
940
955
1027
941
956
1028
942
957
1029
943
958
1030
944
959
1031
945
960
1032
961
1033
947
962
948
963
1034
949
964
950
965
951
966
952
967
953
968
1035
954
969
1036
955
970
956
971
957
972
1037
958
973
1038
959
974
1039
960
975
1040
961
976
1041
977
963
978
964
979
965
980
966
981
967
982
968
983
969
984
970
971
972
973
974
1042
975
1043
976
977
979
980
985
981
986
982
987
983
988
984
989
986
987
988
989
991
993
1044
992
994
1045
995
1046
994
996
1047
995
997
1048
998
1049
997
999
1050
998
1000
1051
1001
1052
1000
1002
1053
1001
1003
1054
1004
1055
1003
1005
1056
1004
1006
1057
1007
1058
1006
1008
1059
1007
1009
1060
1010
1061
1009
1017
1010
1018
1062
1019
1063
1012
1020
1013
1021
1022
1015
1028
1016
1029
1017
1030
1018
1031
1064
1019
1032
1065
1033
1066
1021
1034
1022
1023
1024
1025
1026
1035
1036
1028
1029
1037
1030
1038
1031
1039
1067
1032
1040
1068
1033
1041
1036
1038
1039
1042
1040
1043
1069
1041
1043
1045
1047
1070
1046
1048
1071
1049
1072
1048
1050
1073
1049
1051
1074
1052
1075
1051
1053
1076
1052
1054
1077
1055
1078
1054
1056
1079
1055
1057
1080
1058
1081
1057
1059
1082
1058
1060
1083
1061
1084
1060
1061
1062
1085
1063
1086
1063
1065
1087
1066
1088
1065
1068
1066
1068
1069
1071
1073
1089
1072
1074
1090
1075
1091
1074
1076
1092
1075
1077
1093
1078
1094
1077
1079
1095
1078
1080
1096
1081
1097
1080
1082
1098
1081
1083
1099
1084
1100
1083
1101
1084
1085
1102
1086
1103
1086
1087
1104
1088
1105
1088
1090
1092
1106
1091
1093
1107
1094
1108
1093
1095
1109
1094
1096
1110
1097
1111
1096
1098
1112
1097
1099
1113
1100
1114
1099
1101
1100
1102
1115
1103
1116
1102
1103
1104
1117
1105
1118
1105
1119
1107
1109
1108
1110
1120
1111
1110
1112
1111
1113
1121
1114
1122
1113
1114
1115
1123
1116
1124
1116
1117
1125
1118
1126
1118
1119
1127
1121
1122
1123
1124
1124
1125
1126
1126
1127
)


// ************************************************************************* //
