/*--------------------------------*- C++ -*----------------------------------*\
  =========                 |
  \\      /  F ield         | OpenFOAM: The Open Source CFD Toolbox
   \\    /   O peration     | Website:  https://openfoam.org
    \\  /    A nd           | Version:  6
     \\/     M anipulation  |
\*---------------------------------------------------------------------------*/
FoamFile
{
    version     2.0;
    format      ascii;
    class       labelList;
    note        "nPoints:1794  nCells:1128  nFaces:3979  nInternalFaces:2789";
    location    "constant/region117/polyMesh";
    object      owner;
}
// * * * * * * * * * * * * * * * * * * * * * * * * * * * * * * * * * * * * * //


3979
(
0
0
1
1
2
2
2
3
3
4
4
4
5
5
5
6
7
7
8
9
9
9
10
10
10
11
11
11
12
12
12
13
13
14
14
14
15
15
15
16
16
16
17
17
17
18
18
18
19
19
20
20
20
21
21
21
22
22
22
23
23
23
24
24
24
25
26
26
27
27
27
28
28
28
29
29
29
30
30
31
31
31
32
32
32
33
33
33
34
34
35
35
36
36
36
37
37
37
39
41
41
42
42
42
43
43
43
44
44
45
45
46
46
47
47
48
49
49
49
50
50
50
51
51
51
52
52
53
53
54
54
54
55
55
55
56
56
56
57
57
57
58
58
58
59
59
59
60
60
60
61
62
62
63
63
63
64
64
64
65
65
65
66
66
66
67
67
67
68
68
68
69
69
70
70
71
71
71
72
72
72
73
73
73
74
74
74
75
75
75
77
77
77
78
78
78
79
79
79
80
80
80
81
81
82
82
83
83
83
84
84
84
85
85
85
87
88
90
90
91
91
91
92
92
92
93
93
94
94
94
95
95
95
96
97
97
97
98
98
99
99
99
100
100
100
101
101
101
102
102
103
103
103
104
104
104
105
105
105
106
106
106
107
107
107
108
108
108
109
109
110
110
110
111
111
111
112
112
112
113
113
113
114
114
114
115
115
115
116
116
117
117
117
118
118
118
119
119
119
120
120
120
121
121
121
122
122
122
123
123
124
124
124
125
125
125
126
126
126
127
127
127
128
128
128
129
130
130
131
131
131
132
132
132
133
133
133
134
134
134
135
135
135
136
136
137
137
137
138
138
138
139
139
139
140
140
140
141
141
141
142
142
142
143
143
143
144
144
145
145
146
146
147
147
148
148
149
149
149
150
150
151
152
152
153
153
153
154
154
154
155
155
155
156
156
156
157
157
157
158
158
158
160
160
161
162
162
162
163
163
163
164
164
164
165
165
165
166
166
166
167
167
168
169
169
169
170
170
170
171
171
171
172
172
172
174
175
176
178
178
178
179
179
179
180
180
180
181
181
182
182
182
183
183
183
184
184
184
185
185
186
186
186
187
187
187
188
188
188
189
189
189
190
190
191
191
191
192
192
192
193
193
193
194
194
194
195
195
195
196
196
197
197
197
198
198
198
199
199
199
200
200
200
201
201
201
202
202
202
203
203
204
204
204
205
205
205
206
206
206
207
207
207
208
208
208
209
209
209
210
210
210
211
211
212
212
213
214
214
214
215
215
215
216
216
216
217
217
217
218
218
218
219
219
219
220
220
220
221
221
222
222
223
223
223
224
224
224
225
225
225
226
226
227
227
228
228
228
229
229
229
230
230
230
231
231
231
232
232
232
233
233
233
234
234
235
236
236
236
237
237
237
238
238
238
239
239
239
240
240
240
241
241
241
242
243
243
244
244
245
245
245
246
246
246
247
247
247
248
248
248
249
249
250
250
251
251
251
252
252
252
253
253
253
254
254
254
255
255
255
256
257
257
258
258
259
259
260
260
261
262
262
263
263
263
264
264
264
265
265
265
266
266
266
268
269
270
270
272
272
272
273
273
273
274
274
274
275
275
276
276
276
277
277
277
278
278
278
279
279
280
280
281
281
281
282
282
282
283
283
283
284
284
285
285
285
286
286
286
287
287
287
288
288
288
289
289
289
290
290
291
291
291
292
292
292
293
293
293
294
294
294
295
295
295
296
296
296
297
297
298
298
298
299
299
299
300
300
300
301
301
301
302
302
302
303
303
303
304
304
304
305
305
306
306
306
307
307
307
308
308
308
309
309
309
310
310
310
311
311
311
312
312
312
313
313
313
314
314
315
315
316
316
316
317
317
318
319
319
320
320
320
321
321
321
322
322
322
323
323
323
324
324
324
325
325
325
326
326
326
327
327
328
328
329
329
330
330
330
331
331
331
332
332
332
333
334
334
335
335
336
336
336
337
337
337
338
338
338
339
339
339
340
340
340
341
341
342
343
343
344
344
344
345
345
345
346
346
346
347
348
348
349
349
350
350
351
351
351
352
352
352
353
353
354
355
356
357
357
357
359
359
360
360
361
363
363
363
364
364
364
365
365
365
366
366
367
367
367
368
368
368
369
369
369
370
370
371
371
371
372
372
372
373
373
373
374
374
375
375
376
376
377
377
377
378
378
378
379
379
379
380
380
381
381
382
382
382
383
383
383
384
384
384
385
385
385
386
386
386
387
387
388
388
388
389
389
389
390
390
390
391
391
391
392
392
392
393
393
393
394
394
394
395
395
396
396
396
397
397
397
398
398
398
399
399
399
400
400
400
401
401
401
402
402
402
403
403
403
404
404
405
405
406
406
407
407
407
408
408
408
409
409
409
410
410
410
411
411
411
412
412
412
413
413
413
414
414
415
415
415
416
416
416
417
417
418
418
419
419
420
420
420
421
421
421
422
422
422
423
423
423
424
424
424
425
425
426
426
427
427
428
428
429
429
430
430
431
431
431
432
432
432
433
433
433
434
434
435
436
436
437
437
438
438
439
440
440
441
441
441
442
442
442
443
443
444
444
445
445
445
446
446
446
447
447
448
448
449
449
449
450
450
450
451
451
452
452
453
453
453
454
454
454
455
455
456
456
457
457
457
458
458
458
459
459
459
460
460
460
461
461
462
462
463
463
463
464
464
464
465
465
465
466
466
466
467
467
467
468
468
468
469
469
470
470
470
471
471
471
472
472
472
473
473
473
474
474
474
475
475
475
476
476
476
477
477
477
478
478
479
479
480
480
480
481
481
481
482
482
482
483
483
483
484
484
484
485
485
485
486
486
486
487
487
487
488
488
489
489
489
490
490
490
491
491
491
492
492
493
494
494
495
495
496
496
496
497
497
497
498
498
498
499
499
499
500
500
500
501
501
501
502
502
503
503
504
504
504
505
505
505
506
506
506
507
507
508
508
509
509
510
510
511
511
511
512
512
512
513
513
513
514
514
515
515
516
516
516
517
517
517
518
518
519
519
520
520
521
521
522
523
523
523
524
524
524
525
526
526
527
528
528
528
529
529
529
530
530
531
531
531
532
532
532
533
533
534
534
534
535
535
535
536
536
537
537
537
538
538
538
539
539
540
540
541
541
541
542
542
542
543
543
543
544
544
545
545
546
546
547
547
547
548
548
548
549
549
549
550
550
550
551
551
551
552
552
553
553
553
554
554
554
555
555
555
556
556
557
557
558
558
558
559
559
559
560
560
560
561
561
561
562
562
562
563
563
563
564
564
564
565
565
566
566
567
567
567
568
568
568
569
569
569
570
570
570
571
571
571
572
572
572
573
573
573
574
574
574
575
575
575
576
576
576
577
577
577
578
578
578
579
579
579
580
580
580
581
581
581
582
582
583
583
583
584
584
584
585
585
585
586
586
586
587
587
587
588
588
588
589
589
589
590
590
590
591
591
591
592
592
592
593
593
593
594
594
594
595
595
595
596
596
596
597
597
597
598
598
599
599
599
600
600
600
601
601
601
602
602
602
603
603
603
604
604
604
605
605
605
606
606
607
607
608
608
609
609
610
610
610
611
611
611
612
612
612
613
613
613
614
614
615
615
616
616
616
617
617
617
618
618
618
619
619
619
620
620
620
621
622
622
623
623
624
624
625
625
626
627
627
627
628
628
628
629
629
629
630
630
630
631
631
632
632
633
633
633
634
634
634
635
635
635
636
637
637
638
638
639
640
640
640
641
641
641
642
642
643
643
643
644
644
644
645
645
646
646
646
647
647
647
648
648
649
649
649
650
650
650
651
651
652
653
653
653
654
654
654
655
655
655
656
656
657
657
657
658
658
658
659
659
659
660
660
661
661
662
662
662
663
663
663
664
664
664
665
665
665
666
666
667
667
667
668
668
668
669
669
669
670
670
670
671
671
671
672
672
672
673
673
674
674
675
675
675
676
676
676
677
677
677
678
678
678
679
679
679
680
680
680
681
681
682
682
682
683
683
683
684
684
684
685
685
685
686
686
686
687
687
687
688
688
688
689
689
689
690
690
690
691
691
691
692
692
692
693
693
693
694
694
694
695
695
695
696
696
696
697
697
697
698
698
699
699
700
700
700
701
701
701
702
702
702
703
703
703
704
704
704
705
705
705
706
706
706
707
707
707
708
708
708
709
709
709
710
710
710
711
711
711
712
712
712
713
713
713
714
714
714
715
715
716
716
716
717
717
717
718
718
718
719
719
719
720
720
720
721
721
721
722
722
722
723
723
723
724
724
725
725
726
726
726
727
727
727
728
728
728
729
729
729
730
730
730
731
731
732
732
732
733
733
733
734
734
734
735
735
735
736
736
736
737
737
737
738
738
738
739
740
740
741
741
742
742
743
743
744
744
745
746
746
747
747
747
748
748
748
749
749
749
750
750
750
751
751
751
752
753
753
754
754
754
755
755
755
756
756
756
757
758
758
759
759
760
761
761
761
762
762
762
763
763
764
764
764
765
765
765
766
766
767
767
767
768
768
768
769
769
770
770
770
771
771
771
772
772
773
773
774
774
774
775
775
775
776
776
777
777
778
778
779
779
780
780
781
782
782
783
783
783
784
784
784
785
785
785
786
786
787
787
788
788
788
789
789
789
790
790
790
791
791
791
792
792
792
793
794
794
795
795
796
796
796
797
797
797
798
798
798
799
799
799
800
800
801
801
801
802
802
802
803
803
803
804
804
804
805
805
805
806
806
806
807
807
807
808
808
808
809
809
810
810
810
811
811
811
812
812
812
813
813
813
814
814
814
815
815
815
816
816
816
817
817
818
818
818
819
819
819
820
820
820
821
821
821
822
822
822
823
823
823
824
824
824
825
825
825
826
826
826
827
827
827
828
828
828
829
829
829
830
830
830
831
831
831
832
832
832
833
833
833
834
834
835
836
836
836
837
837
837
838
838
838
839
839
839
840
840
840
841
841
841
842
842
842
843
843
843
844
844
844
845
845
845
846
846
846
847
847
847
848
848
848
849
849
849
850
850
850
851
851
852
852
852
853
853
853
854
854
854
855
855
855
856
856
856
857
857
857
858
858
858
859
859
859
860
860
861
861
862
862
863
863
864
864
865
865
866
866
867
868
868
869
869
869
870
870
870
871
871
871
872
872
872
873
873
873
874
874
876
876
877
877
877
878
878
878
879
879
879
880
881
882
884
884
884
885
885
885
886
886
887
887
887
888
888
888
889
889
890
890
890
891
891
891
892
892
893
893
893
894
894
894
895
895
896
896
896
897
897
897
898
898
899
899
900
900
900
901
901
901
902
902
903
903
904
904
905
905
906
906
907
908
908
909
909
910
910
910
911
911
911
912
912
913
913
914
914
915
915
915
916
916
916
917
917
917
918
918
919
919
920
921
921
922
922
923
923
923
924
924
924
925
925
925
926
926
926
927
927
927
928
928
929
930
930
931
931
931
932
932
932
933
933
933
934
934
934
935
935
935
936
936
936
937
937
937
938
938
939
939
939
940
940
940
941
941
941
942
942
942
943
943
943
944
944
944
945
945
946
946
947
947
947
948
948
949
949
950
950
951
951
952
952
952
953
953
953
954
954
955
955
956
956
956
957
957
957
958
958
958
959
959
959
960
960
960
961
962
962
963
963
964
964
965
965
966
966
967
967
968
968
969
970
971
972
973
973
974
974
975
976
978
979
979
980
980
981
981
982
982
983
983
985
986
987
988
990
990
990
991
991
991
992
992
993
993
993
994
994
994
995
995
996
996
996
997
997
997
998
998
999
999
999
1000
1000
1000
1001
1001
1002
1002
1002
1003
1003
1003
1004
1004
1005
1005
1005
1006
1006
1006
1007
1007
1008
1008
1009
1009
1009
1010
1010
1011
1011
1012
1012
1013
1014
1014
1015
1015
1016
1016
1017
1017
1017
1018
1018
1018
1019
1019
1020
1020
1021
1022
1023
1024
1025
1025
1026
1027
1028
1028
1029
1029
1030
1030
1030
1031
1031
1031
1032
1032
1035
1037
1038
1038
1039
1039
1039
1040
1042
1044
1044
1044
1045
1045
1045
1046
1046
1047
1047
1047
1048
1048
1048
1049
1049
1050
1050
1050
1051
1051
1051
1052
1052
1053
1053
1053
1054
1054
1054
1055
1055
1056
1056
1056
1057
1057
1057
1058
1058
1059
1060
1060
1060
1061
1061
1062
1062
1062
1063
1063
1064
1064
1065
1067
1067
1070
1070
1070
1071
1071
1071
1072
1072
1073
1073
1073
1074
1074
1074
1075
1075
1076
1076
1076
1077
1077
1077
1078
1078
1079
1079
1079
1080
1080
1080
1081
1081
1082
1082
1083
1083
1083
1084
1084
1085
1085
1085
1086
1086
1087
1089
1089
1089
1090
1090
1090
1091
1091
1092
1092
1092
1093
1093
1093
1094
1094
1095
1095
1095
1096
1096
1096
1097
1097
1098
1098
1099
1099
1099
1100
1100
1101
1102
1102
1102
1103
1103
1104
1105
1106
1106
1107
1107
1107
1108
1109
1109
1110
1110
1110
1111
1111
1112
1113
1113
1113
1114
1114
1115
1115
1115
1116
1116
1117
1118
1118
1120
1121
1121
1122
1123
1123
1124
1125
1126
90
178
272
363
440
91
179
273
364
441
528
640
761
884
990
1044
1070
1089
1106
92
180
274
365
442
529
641
762
885
991
1045
1071
1090
1107
1120
93
181
275
366
443
530
642
763
886
992
1046
1072
1091
1108
93
96
109
116
123
136
150
161
181
185
190
196
203
211
221
234
249
261
275
279
284
290
297
305
314
327
341
353
361
366
370
374
380
387
395
404
414
425
434
439
443
447
451
455
461
469
478
488
502
514
522
530
533
536
539
544
552
565
582
598
614
626
642
645
648
651
656
666
681
698
715
731
745
763
766
769
772
776
786
800
817
834
851
867
886
889
892
895
898
902
912
928
945
961
977
992
995
998
1001
1004
1007
1010
1019
1033
1046
1049
1052
1055
1058
1061
1063
1066
1072
1075
1078
1081
1084
1086
1088
1091
1094
1097
1100
1103
1105
1108
1111
1114
1116
1118
1119
1122
1124
1126
1127
606
621
739
906
1013
3
6
6
8
41
43
44
45
46
47
48
53
19
25
25
30
34
38
38
38
39
39
40
40
40
90
91
92
93
94
95
96
97
98
41
99
100
101
102
103
41
44
106
107
108
109
44
48
114
115
116
51
52
45
117
45
46
47
48
48
122
123
130
131
132
133
134
135
136
145
146
147
148
149
150
69
160
161
76
76
76
81
86
86
87
88
88
89
89
90
94
182
96
99
186
97
100
187
98
190
99
104
191
102
109
196
103
110
204
127
213
128
129
117
214
129
129
144
130
227
130
145
243
145
146
147
148
159
159
257
258
160
259
167
173
173
174
175
176
176
177
178
182
186
191
197
197
204
212
213
204
213
213
226
214
306
226
241
242
227
242
243
334
243
244
257
348
257
258
259
260
267
267
359
360
268
269
270
271
271
272
276
280
280
285
280
285
291
291
298
298
306
317
318
306
319
319
333
334
334
335
348
348
349
350
354
359
436
359
360
361
362
363
367
371
376
375
381
375
381
388
381
388
396
396
493
418
419
507
429
508
429
430
518
436
436
437
438
439
525
526
527
440
440
444
444
448
448
456
462
456
463
456
545
462
555
556
470
492
570
571
493
572
492
493
507
587
493
495
507
604
605
508
607
508
509
510
518
620
621
519
622
519
520
521
522
525
525
631
526
632
526
527
527
635
636
637
638
639
528
531
534
540
545
652
546
540
547
540
545
555
659
556
660
557
546
558
546
556
570
671
571
672
557
573
557
607
608
609
621
622
740
622
623
624
625
626
631
752
636
639
640
643
646
649
653
661
653
662
660
671
781
672
673
674
661
675
661
673
689
674
690
674
725
740
861
740
741
742
743
744
745
761
764
767
770
773
773
782
773
781
792
793
794
782
795
782
793
808
809
794
810
794
795
809
861
862
863
864
865
866
867
884
887
890
893
896
899
899
908
899
905
907
920
921
922
908
923
908
913
919
920
920
921
937
921
922
971
972
973
974
975
975
976
976
977
977
990
993
996
999
1002
1005
1012
1014
1015
1011
1024
1025
1026
1014
1027
1014
1032
1040
1040
1041
1041
1042
1043
1043
1044
1047
1050
1053
1056
1059
1065
1066
1067
1068
1068
1068
1069
1069
1070
1073
1076
1079
1082
1088
1089
1092
1095
1098
1106
1106
1108
1109
1109
1112
1120
1120
1120
1122
1121
1121
1122
1123
1124
1125
1126
1127
406
480
573
493
494
589
494
606
1033
1066
724
739
860
793
907
919
89
177
406
418
494
909
1008
1016
961
1033
1041
318
333
271
333
347
358
358
362
362
417
492
428
506
435
435
517
523
524
90
186
191
268
269
355
356
362
103
572
673
317
318
405
416
417
479
490
568
491
569
376
452
457
86
173
177
0
1
2
3
4
5
6
7
8
9
10
11
12
13
14
15
16
0
17
18
19
20
21
0
22
0
24
25
26
27
1
28
1
3
30
31
2
4
32
4
35
7
7
8
42
9
49
10
50
11
51
12
52
13
54
9
55
13
19
61
62
14
63
20
70
26
26
31
82
35
35
39
41
42
104
49
50
53
54
124
49
55
125
52
60
61
53
53
61
61
62
151
62
70
70
77
168
82
82
87
87
124
125
126
212
124
137
137
144
159
151
151
151
152
159
162
168
168
168
174
174
175
222
212
223
212
222
235
222
227
319
235
235
235
242
250
250
256
262
262
268
315
316
315
328
315
328
328
329
342
342
342
343
354
354
355
356
405
405
415
426
426
427
435
515
553
479
554
479
566
489
503
503
515
615
515
523
627
545
553
657
553
566
566
583
699
599
615
615
627
746
632
632
636
637
637
638
639
652
657
652
658
652
652
660
657
667
682
699
699
716
835
732
746
746
752
753
753
757
757
758
758
759
760
760
777
778
779
780
781
777
777
778
779
780
781
787
787
801
818
835
835
835
852
860
868
868
874
875
875
875
876
876
880
880
881
881
881
882
882
883
883
883
903
904
905
906
907
903
913
903
904
913
914
918
929
929
929
930
938
946
946
948
949
950
951
954
955
962
962
963
964
965
966
967
968
969
969
970
970
971
972
978
978
978
979
980
981
982
983
984
984
984
985
985
985
986
986
987
987
988
988
989
989
989
1011
1008
1011
1012
1013
1013
1023
1015
1016
1020
1020
1021
1021
1022
1022
1023
1023
1024
1024
1025
1026
1026
1027
1027
1027
1028
1029
1034
1034
1034
1034
1035
1035
1035
1036
1036
1036
1037
1037
1037
1038
1042
1042
1043
1059
1059
1062
1064
1064
1067
1064
1065
1067
1069
1069
1082
1085
1087
1087
1087
1088
1098
1101
1101
1101
1104
1104
1104
1105
1112
1112
1115
1117
1117
1117
1119
1119
1119
1123
1125
1125
1127
1127
739
752
875
375
160
161
261
361
256
267
347
358
42
110
462
470
452
537
541
)


// ************************************************************************* //
