/*--------------------------------*- C++ -*----------------------------------*\
  =========                 |
  \\      /  F ield         | OpenFOAM: The Open Source CFD Toolbox
   \\    /   O peration     | Website:  https://openfoam.org
    \\  /    A nd           | Version:  6
     \\/     M anipulation  |
\*---------------------------------------------------------------------------*/
FoamFile
{
    version     2.0;
    format      ascii;
    class       labelList;
    location    "constant/region117/polyMesh";
    object      pointRegionAddressing;
}
// * * * * * * * * * * * * * * * * * * * * * * * * * * * * * * * * * * * * * //


1794
(
38726
38727
38791
38792
38856
38857
38858
38920
38921
38922
38923
38985
38986
38987
38988
39050
39051
39052
42818
42819
42820
42821
42822
42823
42883
42884
42885
42886
42887
42888
42889
42948
42949
42950
42951
42952
42953
42954
43013
43014
43015
43016
43017
43018
43019
43078
43079
43080
43081
43082
43083
43144
43145
43146
43147
43148
43209
43210
43211
43212
43213
43275
43276
43277
46794
46795
46858
46859
46860
46861
46923
46924
46925
46926
46927
46978
46979
46980
46981
46982
46988
46989
46990
46991
46992
47040
47041
47042
47043
47044
47045
47046
47047
47048
47049
47105
47106
47107
47108
47109
47110
47111
47112
47113
47114
47171
47172
47173
47174
47175
47176
47177
47178
47179
47237
47238
47239
47240
47241
47242
47243
47244
47303
47304
47305
47306
47307
47308
47368
47369
47370
47371
47372
47373
47434
47435
47436
47437
47438
47500
47501
47502
50760
50761
50762
50763
50764
50825
50826
50827
50828
50829
50891
50892
50893
50894
50954
50955
50956
50957
50958
51017
51018
51019
51020
51021
51022
51023
51024
51082
51083
51084
51085
51086
51087
51088
51089
51147
51148
51149
51150
51151
51152
51153
51154
51201
51202
51203
51204
51205
51206
51207
51212
51213
51214
51215
51216
51217
51218
51219
51265
51266
51267
51268
51269
51270
51271
51272
51273
51274
51277
51278
51279
51280
51281
51282
51283
51284
51330
51331
51332
51333
51334
51335
51336
51337
51338
51339
51343
51344
51345
51346
51347
51348
51349
51395
51396
51397
51398
51399
51400
51401
51402
51403
51404
51412
51413
51414
51462
51463
51464
51465
51466
51467
51468
51469
51527
51528
51529
51530
51531
51532
51533
51593
51594
51595
51596
51597
51598
51659
51660
51661
51662
54985
54986
54987
54988
54989
55050
55051
55052
55053
55054
55114
55115
55116
55117
55118
55119
55178
55179
55180
55181
55182
55183
55184
55242
55243
55244
55245
55246
55247
55248
55249
55306
55307
55308
55309
55310
55311
55312
55313
55314
55363
55364
55365
55371
55372
55373
55374
55375
55376
55377
55378
55379
55426
55427
55428
55429
55430
55431
55432
55436
55437
55438
55439
55440
55441
55442
55443
55444
55490
55491
55492
55493
55494
55495
55496
55497
55498
55501
55502
55503
55504
55505
55506
55507
55508
55509
55555
55556
55557
55558
55559
55560
55561
55562
55563
55564
55567
55568
55569
55570
55571
55572
55573
55574
55620
55621
55622
55623
55624
55625
55626
55627
55628
55629
55634
55635
55636
55637
55638
55639
55687
55688
55689
55690
55691
55692
55693
55752
55753
55754
55755
55756
55757
55758
55818
55819
55820
55821
55822
59210
59211
59212
59213
59214
59275
59276
59277
59278
59279
59339
59340
59341
59342
59343
59344
59403
59404
59405
59406
59407
59408
59409
59467
59468
59469
59470
59471
59472
59473
59474
59531
59532
59533
59534
59535
59536
59537
59538
59539
59588
59589
59590
59595
59596
59597
59598
59599
59600
59601
59602
59603
59604
59651
59652
59653
59654
59655
59656
59660
59661
59662
59663
59664
59665
59666
59667
59668
59669
59715
59716
59717
59718
59719
59720
59721
59722
59723
59725
59726
59727
59728
59729
59730
59731
59732
59733
59734
59780
59781
59782
59783
59784
59785
59786
59787
59788
59791
59792
59793
59794
59795
59796
59797
59798
59799
59846
59847
59848
59849
59850
59851
59852
59853
59858
59859
59860
59861
59862
59863
59864
59912
59913
59914
59915
59916
59917
59918
59926
59927
59928
59929
59978
59979
59980
59981
59982
63435
63436
63437
63438
63439
63500
63501
63502
63503
63504
63564
63565
63566
63567
63568
63569
63628
63629
63630
63631
63632
63633
63634
63692
63693
63694
63695
63696
63697
63698
63699
63756
63757
63758
63759
63760
63761
63762
63763
63764
63820
63821
63822
63823
63824
63825
63826
63827
63828
63829
63877
63878
63879
63880
63881
63885
63886
63887
63888
63889
63890
63891
63892
63893
63894
63941
63942
63943
63944
63945
63946
63947
63950
63951
63952
63953
63954
63955
63956
63957
63958
63959
64006
64007
64008
64009
64010
64011
64012
64016
64017
64018
64019
64020
64021
64022
64023
64024
64071
64072
64073
64074
64075
64076
64077
64083
64084
64085
64086
64087
64088
64089
64137
64138
64139
64140
64141
64142
64150
64151
64152
64153
64154
64205
64206
67660
67661
67662
67663
67664
67725
67726
67727
67728
67729
67790
67791
67792
67793
67794
67853
67854
67855
67856
67857
67858
67859
67917
67918
67919
67920
67921
67922
67923
67924
67981
67982
67983
67984
67985
67986
67987
67988
67989
68045
68046
68047
68048
68049
68050
68051
68052
68053
68054
68103
68104
68110
68111
68112
68113
68114
68115
68116
68117
68118
68119
68168
68169
68170
68171
68172
68173
68174
68175
68176
68177
68178
68179
68180
68181
68182
68183
68184
68233
68234
68235
68236
68237
68238
68239
68240
68241
68242
68243
68244
68245
68246
68247
68248
68249
68298
68299
68300
68301
68302
68303
68307
68308
68309
68310
68311
68312
68313
68314
68364
68365
68366
68367
68368
68375
68376
68377
68378
68379
68430
68431
68432
68433
68495
68496
68497
71885
71886
71887
71888
71889
71950
71951
71952
71953
71954
72015
72016
72017
72018
72019
72080
72081
72082
72083
72084
72143
72144
72145
72146
72147
72148
72149
72198
72199
72206
72207
72208
72209
72210
72211
72212
72213
72214
72262
72263
72264
72265
72266
72270
72271
72272
72273
72274
72275
72276
72277
72278
72279
72327
72328
72329
72330
72331
72332
72333
72334
72335
72336
72337
72338
72339
72340
72341
72342
72343
72344
72392
72393
72394
72395
72396
72397
72398
72399
72400
72401
72402
72403
72404
72405
72406
72407
72408
72409
72458
72459
72460
72461
72462
72463
72464
72465
72466
72467
72468
72469
72470
72471
72472
72473
72474
72523
72524
72525
72526
72527
72528
72529
72530
72531
72532
72533
72534
72535
72536
72537
72538
72539
72588
72589
72590
72591
72592
72593
72594
72595
72599
72600
72601
72602
72603
72604
72654
72655
72656
72657
72658
72659
72719
72720
72721
72722
72723
72724
72785
72786
72787
72788
76111
76112
76113
76114
76176
76177
76178
76179
76241
76242
76243
76244
76306
76307
76308
76309
76359
76360
76369
76370
76371
76372
76373
76374
76422
76423
76424
76425
76426
76432
76433
76434
76435
76436
76437
76438
76439
76487
76488
76489
76490
76491
76492
76493
76494
76495
76496
76497
76498
76499
76500
76501
76502
76503
76504
76552
76553
76554
76555
76556
76557
76558
76559
76560
76561
76562
76563
76564
76565
76566
76567
76568
76569
76617
76618
76619
76620
76621
76622
76623
76624
76625
76626
76627
76628
76629
76630
76631
76632
76633
76634
76682
76683
76684
76685
76686
76687
76688
76689
76690
76691
76692
76693
76694
76695
76696
76697
76698
76699
76748
76749
76750
76751
76752
76753
76754
76755
76756
76757
76758
76759
76760
76761
76762
76763
76764
76813
76814
76815
76816
76817
76818
76819
76820
76821
76823
76824
76825
76826
76827
76828
76829
76878
76879
76880
76881
76882
76883
76884
76885
76944
76945
76946
76947
76948
76949
77010
77011
77012
77013
80336
80337
80338
80339
80401
80402
80403
80404
80466
80467
80468
80469
80531
80532
80533
80534
80584
80585
80595
80596
80597
80598
80599
80647
80648
80649
80650
80651
80652
80658
80659
80660
80661
80662
80663
80664
80712
80713
80714
80715
80716
80717
80718
80719
80721
80722
80723
80724
80725
80726
80727
80728
80729
80777
80778
80779
80780
80781
80782
80783
80784
80785
80786
80787
80788
80789
80790
80791
80792
80793
80794
80842
80843
80844
80845
80846
80847
80848
80849
80850
80851
80852
80853
80854
80855
80856
80857
80858
80859
80907
80908
80909
80910
80911
80912
80913
80914
80915
80916
80917
80918
80919
80920
80921
80922
80923
80924
80972
80973
80974
80975
80976
80977
80978
80979
80980
80981
80982
80983
80984
80985
80986
80987
80988
80989
81038
81039
81040
81041
81042
81043
81044
81045
81046
81047
81048
81049
81050
81051
81052
81053
81054
81103
81104
81105
81106
81107
81108
81109
81110
81111
81169
81170
81171
81172
81173
81174
81235
81236
81237
81238
84561
84562
84563
84564
84626
84627
84628
84629
84691
84692
84693
84694
84756
84757
84758
84759
84820
84821
84822
84823
84824
84872
84873
84874
84875
84876
84877
84884
84885
84886
84887
84888
84889
84937
84938
84939
84940
84941
84942
84943
84944
84947
84948
84949
84950
84951
84952
84953
84954
85002
85003
85004
85005
85006
85007
85008
85009
85010
85011
85012
85013
85014
85015
85016
85017
85018
85019
85067
85068
85069
85070
85071
85072
85073
85074
85075
85076
85077
85078
85079
85080
85081
85082
85083
85084
85132
85133
85134
85135
85136
85137
85138
85139
85140
85141
85142
85143
85144
85145
85146
85147
85148
85149
85197
85198
85199
85200
85201
85202
85203
85204
85205
85206
85207
85208
85209
85210
85211
85212
85213
85214
85263
85264
85265
85266
85267
85268
85269
85270
85271
85272
85273
85274
85275
85276
85277
85278
85279
85328
85329
85330
85331
85332
85333
85334
85335
85336
85394
85395
85396
85397
85398
85399
85460
85461
85462
85463
88786
88787
88788
88789
88851
88852
88853
88854
88916
88917
88918
88919
88981
88982
88983
88984
89046
89047
89048
89049
89110
89111
89112
89113
89114
89163
89164
89165
89166
89167
89168
89174
89175
89176
89177
89178
89179
89227
89228
89229
89230
89231
89232
89233
89234
89235
89236
89237
89238
89239
89240
89241
89242
89243
89244
89292
89293
89294
89295
89296
89297
89298
89299
89300
89301
89302
89303
89304
89305
89306
89307
89308
89309
89357
89358
89359
89360
89361
89362
89363
89364
89365
89366
89367
89368
89369
89370
89371
89372
89373
89374
89423
89424
89425
89426
89427
89428
89429
89430
89431
89432
89433
89434
89435
89436
89437
89438
89439
89488
89489
89490
89491
89492
89493
89494
89495
89496
89497
89498
89499
89500
89501
89502
89503
89504
89553
89554
89555
89556
89557
89558
89559
89560
89619
89620
89621
89622
89623
89624
93011
93012
93013
93014
93076
93077
93078
93079
93141
93142
93143
93144
93206
93207
93208
93209
93271
93272
93273
93274
93336
93337
93338
93339
93401
93402
93403
93404
93454
93455
93456
93457
93463
93464
93465
93466
93467
93468
93469
93519
93520
93521
93522
93523
93524
93525
93526
93527
93528
93529
93530
93531
93532
93533
93534
93584
93585
93586
93587
93588
93589
93590
93591
93592
93593
93594
93595
93596
93597
93598
93599
93649
93650
93654
93655
93656
93658
93659
93660
93661
93662
93663
93724
93725
93726
97236
97237
97238
97239
97301
97302
97303
97304
97366
97367
97368
97369
97431
97432
97433
97434
97496
97497
97498
97499
97561
97562
97563
97564
97626
97627
97628
97629
97691
97692
97693
97694
97755
97756
97757
97758
97759
97820
97821
97822
97885
97886
101461
101462
101463
101464
101526
101527
101528
101529
101591
101592
101593
101594
101656
101657
101658
101659
101721
101722
101723
101724
101786
101787
101788
101789
101852
101853
101854
101917
101918
101919
105686
105687
105688
105689
105751
105752
105753
105754
105816
105817
105818
105819
105881
105882
105883
105884
105946
105947
105948
105949
106011
106012
106013
106014
106077
106078
106079
109911
109912
109913
109914
109976
109977
109978
109979
110041
110042
110043
110044
110106
110107
110108
110109
110172
110173
110174
110237
110238
110239
110303
110304
114137
114138
114202
114203
114204
114267
114268
114269
114332
114333
114334
114397
114398
114399
114463
114464
)


// ************************************************************************* //
