/*--------------------------------*- C++ -*----------------------------------*\
  =========                 |
  \\      /  F ield         | OpenFOAM: The Open Source CFD Toolbox
   \\    /   O peration     | Website:  https://openfoam.org
    \\  /    A nd           | Version:  6
     \\/     M anipulation  |
\*---------------------------------------------------------------------------*/
FoamFile
{
    version     2.0;
    format      ascii;
    class       labelList;
    location    "constant/region441/polyMesh";
    object      cellRegionAddressing;
}
// * * * * * * * * * * * * * * * * * * * * * * * * * * * * * * * * * * * * * //


2717
(
180368
180369
180370
180432
180433
180434
184401
184402
184403
184464
184465
184466
184467
184527
184528
184529
184530
184591
184592
184593
184594
188432
188433
188434
188435
188495
188496
188497
188498
188499
188559
188560
188561
188562
188563
188623
188624
188625
188626
188627
188686
188687
188688
188689
188690
188751
188752
188753
192525
192526
192527
192528
192529
192530
192531
192532
192590
192591
192592
192593
192594
192595
192596
192654
192655
192656
192657
192658
192659
192718
192719
192720
192721
192722
192723
192782
192783
192784
192785
192786
192846
192847
192848
192849
192911
196620
196621
196622
196623
196624
196625
196626
196627
196628
196685
196686
196687
196688
196689
196690
196691
196692
196749
196750
196751
196752
196753
196754
196755
196756
196813
196814
196815
196816
196817
196818
196819
196877
196878
196879
196880
196881
196882
196941
196942
196943
196944
196945
197005
197006
197007
197008
197060
197061
197062
197063
197064
197065
197125
197126
197127
197128
197129
200716
200717
200718
200719
200720
200721
200722
200723
200724
200725
200780
200781
200782
200783
200784
200785
200786
200787
200788
200844
200845
200846
200847
200848
200849
200850
200851
200852
200908
200909
200910
200911
200912
200913
200914
200915
200972
200973
200974
200975
200976
200977
200978
201036
201037
201038
201039
201040
201041
201042
201093
201100
201101
201102
201103
201104
201105
201155
201156
201157
201158
201159
201160
201161
201162
201165
201166
201167
201168
201219
201220
201221
201222
201223
201224
201225
201226
201227
201283
201284
201285
201286
201287
201288
201289
201290
201291
201348
201349
201350
201351
201352
201353
201354
201355
201414
201415
201416
201417
201418
201872
201936
202000
204811
204812
204813
204814
204815
204816
204817
204818
204819
204820
204875
204876
204877
204878
204879
204880
204881
204882
204883
204884
204940
204941
204942
204943
204944
204945
204946
204947
205004
205005
205006
205007
205008
205009
205010
205011
205068
205069
205070
205071
205072
205073
205074
205132
205133
205134
205135
205136
205137
205187
205188
205189
205190
205191
205192
205193
205194
205196
205197
205198
205199
205200
205201
205250
205251
205252
205253
205254
205255
205256
205257
205258
205259
205260
205261
205262
205263
205264
205314
205315
205316
205317
205318
205319
205320
205321
205322
205323
205324
205378
205379
205380
205381
205382
205383
205384
205385
205386
205387
205388
205443
205444
205445
205446
205447
205448
205449
205450
205451
205452
205508
205509
205510
205511
205512
205513
205514
205515
205516
205574
205575
205576
205577
205578
205579
205640
205641
205903
205904
205967
205968
205969
206031
206032
206033
206096
206097
208907
208908
208909
208910
208911
208912
208913
208914
208915
208916
208971
208972
208973
208974
208975
208976
208977
208978
208979
208980
209035
209036
209037
209038
209039
209040
209041
209042
209043
209100
209101
209102
209103
209104
209105
209106
209107
209164
209165
209166
209167
209168
209169
209170
209227
209228
209229
209230
209231
209232
209233
209282
209283
209284
209285
209286
209287
209288
209289
209290
209291
209292
209293
209294
209295
209296
209297
209345
209346
209347
209348
209349
209350
209351
209352
209353
209354
209355
209356
209357
209358
209359
209360
209409
209410
209411
209412
209413
209414
209415
209416
209417
209418
209419
209420
209473
209474
209475
209476
209477
209478
209479
209480
209481
209482
209483
209484
209537
209538
209539
209540
209541
209542
209543
209544
209545
209546
209547
209548
209603
209604
209605
209606
209607
209608
209609
209610
209611
209612
209668
209669
209670
209671
209672
209673
209674
209675
209734
209735
209736
209737
209738
209739
210000
210001
210063
210064
210065
210066
210127
210128
210129
210130
210192
210193
210194
213002
213003
213004
213005
213006
213007
213008
213009
213010
213011
213012
213067
213068
213069
213070
213071
213072
213073
213074
213075
213076
213131
213132
213133
213134
213135
213136
213137
213138
213139
213195
213196
213197
213198
213199
213200
213201
213202
213259
213260
213261
213262
213263
213264
213265
213266
213315
213323
213324
213325
213326
213327
213328
213329
213378
213379
213380
213381
213382
213383
213384
213385
213386
213388
213389
213390
213391
213392
213393
213441
213442
213443
213444
213445
213446
213447
213448
213449
213450
213451
213452
213453
213454
213455
213456
213504
213505
213506
213507
213508
213509
213510
213511
213512
213513
213514
213515
213516
213568
213569
213570
213571
213572
213573
213574
213575
213576
213577
213578
213579
213580
213633
213634
213635
213636
213637
213638
213639
213640
213641
213642
213643
213644
213697
213698
213699
213700
213701
213702
213703
213704
213705
213706
213707
213708
213762
213763
213764
213765
213766
213767
213768
213769
213770
213771
213828
213829
213830
213831
213832
213833
213834
213835
213895
213896
213897
213898
214096
214097
214159
214160
214161
214162
214223
214224
214225
214226
214288
214289
214290
214353
214354
217098
217099
217100
217101
217102
217103
217104
217105
217106
217107
217108
217109
217163
217164
217165
217166
217167
217168
217169
217170
217171
217172
217227
217228
217229
217230
217231
217232
217233
217234
217235
217291
217292
217293
217294
217295
217296
217297
217298
217299
217355
217356
217357
217358
217359
217360
217361
217362
217419
217420
217421
217422
217423
217424
217425
217473
217474
217475
217476
217477
217478
217479
217480
217481
217482
217483
217484
217485
217486
217487
217488
217489
217536
217537
217538
217539
217540
217541
217542
217543
217544
217545
217546
217547
217548
217549
217550
217551
217552
217600
217601
217602
217603
217604
217605
217606
217607
217608
217609
217610
217611
217612
217664
217665
217666
217667
217668
217669
217670
217671
217672
217673
217674
217675
217676
217728
217729
217730
217731
217732
217733
217734
217735
217736
217737
217738
217739
217792
217793
217794
217795
217796
217797
217798
217799
217800
217801
217802
217803
217804
217857
217858
217859
217860
217861
217862
217863
217864
217865
217866
217867
217868
217922
217923
217924
217925
217926
217927
217928
217929
217930
217931
217988
217989
217990
217991
217992
217993
217994
217995
218055
218056
218057
218256
218257
218258
218320
218321
218322
218384
218385
218386
218449
218450
221194
221195
221196
221197
221198
221199
221200
221201
221202
221203
221204
221205
221258
221259
221260
221261
221262
221263
221264
221265
221266
221267
221268
221323
221324
221325
221326
221327
221328
221329
221330
221331
221387
221388
221389
221390
221391
221392
221393
221394
221395
221451
221452
221453
221454
221455
221456
221457
221458
221506
221507
221515
221516
221517
221518
221519
221520
221521
221569
221570
221571
221572
221573
221574
221575
221576
221577
221578
221579
221580
221581
221582
221583
221584
221585
221632
221633
221634
221635
221636
221637
221638
221639
221640
221641
221642
221643
221644
221645
221646
221647
221648
221696
221697
221698
221699
221700
221701
221702
221703
221704
221705
221706
221707
221760
221761
221762
221763
221764
221765
221766
221767
221768
221769
221770
221771
221824
221825
221826
221827
221828
221829
221830
221831
221832
221833
221834
221835
221888
221889
221890
221891
221892
221893
221894
221895
221896
221897
221898
221899
221900
221952
221953
221954
221955
221956
221957
221958
221959
221960
221961
221962
221963
221964
222017
222018
222019
222020
222021
222022
222023
222024
222025
222026
222027
222083
222084
222085
222086
222087
222088
222089
222090
222091
222149
222150
222151
222152
222153
222417
222418
222481
222482
222546
225290
225291
225292
225293
225294
225295
225296
225297
225298
225299
225300
225301
225354
225355
225356
225357
225358
225359
225360
225361
225362
225363
225364
225419
225420
225421
225422
225423
225424
225425
225426
225427
225428
225483
225484
225485
225486
225487
225488
225489
225490
225491
225547
225548
225549
225550
225551
225552
225553
225554
225603
225604
225605
225606
225611
225612
225613
225614
225615
225616
225617
225618
225665
225666
225667
225668
225669
225670
225671
225672
225673
225674
225675
225676
225677
225678
225679
225680
225681
225729
225730
225731
225732
225733
225734
225735
225736
225737
225738
225739
225741
225742
225743
225744
225792
225793
225794
225795
225796
225797
225798
225799
225800
225801
225802
225803
225856
225857
225858
225859
225860
225861
225862
225863
225864
225865
225866
225867
225920
225921
225922
225923
225924
225925
225926
225927
225928
225929
225930
225931
225984
225985
225986
225987
225988
225989
225990
225991
225992
225993
225994
225995
226048
226049
226050
226051
226052
226053
226054
226055
226056
226057
226058
226059
226113
226114
226115
226116
226117
226118
226119
226120
226121
226122
226123
226180
226181
226182
226183
226184
226185
226186
226187
226245
226246
226247
226248
226249
226514
226577
226578
226642
229386
229387
229388
229389
229390
229391
229392
229393
229394
229395
229396
229397
229451
229452
229453
229454
229455
229456
229457
229458
229459
229460
229515
229516
229517
229518
229519
229520
229521
229522
229523
229524
229579
229580
229581
229582
229583
229584
229585
229586
229587
229643
229644
229645
229646
229647
229648
229649
229650
229700
229701
229707
229708
229709
229710
229711
229712
229713
229762
229763
229764
229765
229766
229767
229768
229769
229770
229771
229772
229773
229774
229775
229776
229825
229826
229827
229828
229829
229830
229831
229832
229833
229834
229835
229889
229890
229891
229892
229893
229894
229895
229896
229897
229898
229954
229955
229956
229957
229958
229959
229960
229961
229962
230018
230019
230023
230024
230025
230026
230087
230088
230089
230090
230152
230153
230154
230539
230540
230602
230603
230604
230609
230610
230666
230667
230668
230669
230670
230672
230673
230674
230731
230732
230733
230734
230735
230736
230737
230738
230797
230798
233483
233484
233485
233486
233487
233488
233489
233490
233491
233492
233548
233549
233550
233551
233552
233553
233554
233555
233556
233612
233613
233614
233615
233616
233617
233618
233619
233677
233678
233679
233680
233681
233682
233683
233741
233742
233743
233744
233745
233746
233806
233807
233808
233858
233859
233860
233861
233862
233923
233924
233925
233926
233927
234570
234571
234572
234573
234633
234634
234635
234636
234637
234638
234697
234698
234699
234700
234701
234702
234703
234704
234705
234761
234762
234763
234764
234765
234766
234767
234768
234769
234770
234825
234826
234827
234828
234829
234830
234831
234832
234833
234834
234890
234891
234892
234893
234894
234895
234896
234897
234956
237580
237581
237582
237583
237584
237585
237586
237587
237588
237644
237645
237646
237647
237648
237649
237650
237651
237652
237709
237710
237711
237712
237713
237714
237715
237774
237775
237776
237777
237778
237838
237839
237840
237841
237890
237891
237892
237953
237954
237955
237956
237957
238018
238019
238020
238021
238022
238084
238085
238086
238602
238603
238604
238605
238664
238665
238666
238667
238668
238669
238670
238671
238728
238729
238730
238731
238732
238733
238734
238735
238736
238792
238793
238794
238795
238796
238797
238798
238799
238800
238801
238856
238857
238858
238859
238860
238861
238862
238863
238864
238865
238866
238920
238921
238922
238923
238924
238925
238926
238927
238928
238929
238930
238985
238986
238987
238988
238989
238990
238991
238992
238993
239050
239051
239052
239053
239054
239055
241678
241679
241680
241681
241682
241683
241684
241742
241743
241744
241745
241746
241747
241748
241808
241809
241810
241811
241872
241984
241985
241986
241987
241988
241989
242048
242049
242050
242051
242052
242053
242054
242112
242113
242114
242115
242116
242117
242118
242119
242176
242177
242178
242179
242180
242181
242182
242183
242184
242241
242242
242243
242244
242245
242246
242247
242248
242249
242255
242256
242312
242313
242314
242315
242316
242317
242318
242319
242320
242321
242378
242379
242380
242381
242382
242383
242384
242385
242443
242444
242445
242446
242447
242448
242449
242508
242509
242510
242511
242512
242513
242514
242571
242572
242573
242574
242575
242576
242577
242578
242634
242635
242636
242637
242638
242639
242640
242641
242697
242698
242699
242700
242701
242702
242703
242704
242760
242761
242762
242763
242764
242765
242766
242767
242768
242823
242824
242825
242826
242827
242828
242829
242830
242831
242832
242833
242887
242888
242889
242890
242891
242892
242893
242894
242895
242896
242897
242898
242951
242952
242953
242954
242955
242956
242957
242958
242959
242960
242961
242962
243016
243017
243018
243019
243020
243021
243022
243023
243024
243025
243026
243027
243081
243082
243083
243084
243085
243086
243087
243088
243089
243090
243146
243147
243148
243149
243150
243151
243158
243159
243223
246016
246017
246018
246019
246080
246081
246082
246083
246084
246085
246086
246144
246145
246146
246147
246148
246149
246150
246151
246208
246209
246210
246211
246212
246213
246214
246215
246216
246222
246223
246224
246272
246273
246274
246275
246276
246277
246278
246279
246280
246281
246282
246283
246284
246285
246286
246287
246288
246289
246290
246336
246337
246338
246339
246340
246341
246342
246343
246344
246345
246346
246347
246348
246349
246350
246351
246352
246353
246354
246400
246401
246402
246403
246404
246405
246406
246407
246408
246409
246410
246411
246412
246413
246414
246415
246416
246417
246418
246467
246468
246469
246470
246471
246472
246473
246474
246475
246476
246477
246478
246479
246480
246481
246482
246483
246537
246538
246539
246540
246541
246542
246543
246544
246545
246546
246547
246602
246603
246604
246605
246606
246607
246608
246609
246610
246666
246667
246668
246669
246670
246671
246672
246673
246674
246730
246731
246732
246733
246734
246735
246736
246737
246792
246793
246794
246795
246796
246797
246798
246799
246800
246855
246856
246857
246858
246859
246860
246861
246862
246863
246864
246919
246920
246921
246922
246923
246924
246925
246926
246927
246928
246929
246983
246984
246985
246986
246987
246988
246989
246990
246991
246992
246993
246994
246995
247047
247048
247049
247050
247051
247052
247053
247054
247055
247056
247057
247058
247059
247060
247061
247062
247112
247113
247114
247115
247116
247117
247118
247119
247120
247121
247122
247123
247124
247125
247126
247127
247128
247177
247178
247179
247180
247181
247182
247183
247184
247185
247186
247187
247188
247189
247190
247191
247192
247243
247244
247249
247250
247251
247252
247253
247254
247255
247256
247257
247315
247316
247317
247318
247319
247320
247321
247380
247381
247382
247383
247384
247385
247446
247447
247448
247449
247510
247511
247512
250112
250113
250114
250115
250116
250176
250177
250178
250179
250180
250181
250182
250240
250241
250242
250243
250244
250245
250246
250247
250248
250304
250305
250306
250307
250308
250309
250310
250311
250312
250313
250317
250318
250319
250320
250368
250369
250370
250371
250372
250373
250374
250375
250376
250377
250378
250379
250380
250381
250382
250383
250384
250385
250432
250433
250434
250435
250436
250437
250438
250439
250440
250441
250442
250443
250444
250445
250446
250447
250448
250449
250450
250496
250497
250498
250499
250500
250501
250502
250503
250504
250505
250506
250507
250508
250509
250510
250511
250512
250513
250514
250560
250561
250562
250563
250564
250565
250566
250567
250568
250569
250570
250571
250572
250573
250574
250575
250576
250577
250578
250626
250627
250628
250635
250636
250637
250638
250639
250640
250641
250642
250643
250700
250701
250702
250703
250704
250705
250706
250707
250763
250764
250765
250766
250767
250768
250769
250770
250826
250827
250828
250829
250830
250831
250832
250833
250889
250890
250891
250892
250893
250894
250895
250896
250951
250952
250953
250954
250955
250956
250957
250958
250959
250960
251015
251016
251017
251018
251019
251020
251021
251022
251023
251024
251025
251079
251080
251081
251082
251083
251084
251085
251086
251087
251088
251089
251090
251143
251144
251145
251146
251147
251148
251149
251150
251151
251152
251153
251154
251155
251156
251157
251158
251159
251208
251209
251210
251211
251212
251213
251214
251215
251216
251217
251218
251219
251220
251221
251222
251223
251224
251274
251275
251276
251277
251278
251279
251280
251281
251282
251283
251284
251285
251286
251287
251288
251289
251345
251346
251347
251348
251349
251350
251351
251352
251353
251354
251411
251412
251413
251414
251415
251416
251417
251418
251476
251477
251478
251479
251480
251481
251482
251541
251542
251543
251544
251545
251546
251605
251606
251607
251608
251609
251610
251669
251670
251671
251672
251673
251674
251733
251734
251735
251736
254208
254209
254210
254211
254212
254272
254273
254274
254275
254276
254277
254278
254279
254336
254337
254338
254339
254340
254341
254342
254343
254344
254400
254401
254402
254403
254404
254405
254406
254407
254408
254414
254415
254464
254465
254466
254467
254468
254469
254470
254471
254472
254473
254476
254477
254478
254479
254480
254481
254528
254529
254530
254531
254532
254533
254534
254535
254536
254537
254538
254539
254540
254541
254542
254543
254544
254545
254592
254593
254594
254595
254596
254597
254598
254599
254600
254604
254605
254606
254607
254608
254609
254610
254656
254657
254658
254659
254660
254661
254662
254669
254670
254671
254672
254673
254674
254722
254723
254724
254734
254735
254736
254737
254738
254798
254799
254800
254801
254802
254863
254864
254865
254989
254990
255049
255050
255051
255052
255053
255054
255055
255112
255113
255114
255115
255116
255117
255118
255119
255120
255176
255177
255178
255179
255180
255181
255182
255183
255184
255240
255241
255242
255243
255244
255245
255246
255247
255248
255249
255306
255307
255309
255310
255311
255312
255313
255314
255315
255316
255317
255318
255319
255377
255378
255379
255380
255381
255382
255383
255384
255442
255443
255444
255445
255446
255447
255448
255449
255507
255508
255509
255510
255511
255512
255513
255571
255572
255573
255574
255575
255576
255577
255578
255636
255637
255638
255639
255640
255641
255642
255701
255702
255703
255704
255705
255706
255765
255766
255767
255768
255769
255770
255829
255830
255831
255832
255833
255834
255893
255894
255895
255896
255897
255958
258304
258305
258306
258307
258368
258369
258370
258371
258372
258373
258374
258432
258433
258434
258435
258436
258437
258438
258439
258496
258497
258498
258499
258500
258501
258502
258503
258504
258560
258561
258562
258563
258564
258565
258566
258567
258568
258573
258574
258575
258624
258625
258626
258627
258628
258629
258630
258631
258638
258639
258640
258688
258689
258690
258691
258692
258693
258694
258702
258703
258704
258705
258752
258754
258755
258756
258757
258767
258768
258769
258831
258832
258833
258896
258897
259475
259476
259477
259478
259539
259540
259541
259542
259543
259603
259604
259605
259606
259607
259608
259667
259668
259669
259670
259671
259672
259732
259733
259734
259735
259736
259737
259796
259797
259798
259799
259800
259801
259861
259862
259863
259864
259865
259925
259926
259927
259928
259929
259930
259989
259990
259991
259992
259993
259994
260053
260054
260055
260056
260057
260118
260119
)


// ************************************************************************* //
