/*--------------------------------*- C++ -*----------------------------------*\
  =========                 |
  \\      /  F ield         | OpenFOAM: The Open Source CFD Toolbox
   \\    /   O peration     | Website:  https://openfoam.org
    \\  /    A nd           | Version:  6
     \\/     M anipulation  |
\*---------------------------------------------------------------------------*/
FoamFile
{
    version     2.0;
    format      ascii;
    class       labelList;
    location    "constant/region441/polyMesh";
    object      faceRegionAddressing;
}
// * * * * * * * * * * * * * * * * * * * * * * * * * * * * * * * * * * * * * //


9482
(
535471
535472
535473
535474
535475
535476
535478
535479
535662
535664
535665
535667
535670
547443
547444
547445
547446
547447
547448
547450
547451
547631
547632
547633
547634
547635
547636
547637
547638
547639
547642
547819
547820
547821
547822
547823
547824
547825
547826
547827
547829
547830
548010
548012
548013
548015
548016
548018
548021
559409
559410
559411
559412
559413
559414
559415
559416
559417
559419
559420
559597
559598
559599
559600
559601
559602
559603
559604
559605
559606
559607
559608
559610
559611
559788
559789
559790
559791
559792
559793
559794
559795
559796
559797
559798
559799
559801
559802
559979
559980
559981
559982
559983
559984
559985
559986
559987
559988
559989
559990
559993
560167
560169
560170
560171
560172
560173
560174
560175
560176
560177
560178
560181
560361
560363
560364
560366
560369
571560
571562
571563
571564
571565
571566
571567
571568
571569
571570
571571
571572
571573
571574
571575
571576
571577
571578
571579
571580
571582
571583
571754
571755
571756
571757
571758
571759
571760
571761
571762
571763
571764
571765
571766
571767
571768
571769
571770
571771
571774
571945
571946
571947
571948
571949
571950
571951
571952
571953
571954
571955
571956
571957
571958
571959
571961
571962
572136
572137
572138
572139
572140
572141
572142
572143
572144
572145
572146
572147
572148
572149
572150
572153
572327
572328
572329
572330
572331
572332
572333
572334
572335
572336
572337
572338
572341
572518
572520
572521
572522
572523
572524
572526
572529
572714
583717
583719
583720
583721
583722
583723
583724
583725
583726
583727
583728
583729
583730
583731
583732
583733
583734
583735
583736
583737
583738
583739
583740
583742
583743
583911
583912
583913
583914
583915
583916
583917
583918
583919
583920
583921
583922
583923
583924
583925
583926
583927
583928
583929
583930
583931
583933
583934
584102
584103
584104
584105
584106
584107
584108
584109
584110
584111
584112
584113
584114
584115
584116
584117
584118
584119
584120
584121
584122
584125
584293
584294
584295
584296
584297
584298
584299
584300
584301
584302
584303
584304
584305
584306
584307
584308
584309
584310
584313
584484
584485
584486
584487
584488
584489
584490
584491
584492
584493
584494
584495
584496
584497
584498
584501
584675
584676
584677
584678
584679
584680
584681
584682
584683
584684
584685
584686
584689
584866
584868
584869
584871
584872
584874
584877
585030
585032
585033
585034
585035
585036
585037
585038
585039
585040
585041
585042
585043
585044
585046
585047
585224
585226
585227
585229
585230
585232
585233
585235
585238
595877
595878
595879
595880
595881
595882
595883
595884
595885
595886
595887
595888
595889
595890
595891
595892
595893
595894
595895
595896
595897
595898
595899
595900
595901
595902
595903
596068
596069
596070
596071
596072
596073
596074
596075
596076
596077
596078
596079
596080
596081
596082
596083
596084
596085
596086
596087
596088
596089
596090
596091
596093
596094
596259
596260
596261
596262
596263
596264
596265
596266
596267
596268
596269
596270
596271
596272
596273
596274
596275
596276
596277
596278
596279
596280
596281
596282
596450
596451
596452
596453
596454
596455
596456
596457
596458
596459
596460
596461
596462
596463
596464
596465
596466
596467
596468
596469
596470
596473
596641
596642
596643
596644
596645
596646
596647
596648
596649
596650
596651
596652
596653
596654
596655
596656
596657
596658
596660
596661
596832
596833
596834
596835
596836
596837
596838
596839
596840
596841
596842
596843
596844
596845
596846
596847
596848
596849
597003
597004
597023
597025
597026
597027
597028
597029
597030
597031
597032
597033
597034
597035
597036
597037
597040
597187
597188
597189
597190
597191
597192
597193
597194
597195
597196
597197
597198
597199
597200
597201
597202
597203
597204
597205
597206
597207
597209
597210
597217
597219
597220
597222
597223
597225
597228
597378
597379
597380
597381
597382
597383
597384
597385
597386
597387
597388
597389
597390
597391
597392
597393
597394
597395
597396
597397
597398
597399
597400
597401
597403
597404
597569
597571
597572
597573
597574
597575
597576
597577
597578
597579
597580
597581
597582
597583
597584
597585
597586
597587
597588
597589
597590
597591
597592
597594
597595
597763
597765
597766
597768
597769
597770
597771
597772
597773
597774
597775
597776
597777
597778
597779
597780
597781
597782
597783
597786
597960
597962
597963
597965
597966
597968
597969
597971
597974
599328
599329
599519
599520
599711
608034
608035
608036
608037
608038
608039
608040
608041
608042
608043
608044
608045
608046
608047
608048
608049
608050
608051
608052
608053
608054
608055
608056
608057
608058
608059
608060
608062
608063
608225
608227
608228
608229
608230
608231
608232
608233
608234
608235
608236
608237
608238
608239
608240
608241
608242
608243
608244
608245
608246
608247
608248
608249
608250
608251
608254
608419
608420
608421
608422
608423
608424
608425
608426
608427
608428
608429
608430
608431
608432
608433
608434
608435
608436
608437
608438
608439
608441
608442
608610
608611
608612
608613
608614
608615
608616
608617
608618
608619
608620
608621
608622
608623
608624
608625
608626
608627
608628
608629
608630
608633
608801
608802
608803
608804
608805
608806
608807
608808
608809
608810
608811
608812
608813
608814
608815
608816
608817
608818
608821
608992
608993
608994
608995
608996
608997
608998
608999
609000
609001
609002
609003
609004
609005
609006
609008
609009
609156
609157
609158
609159
609160
609161
609162
609163
609164
609165
609166
609167
609168
609169
609170
609171
609172
609173
609174
609175
609176
609178
609179
609183
609184
609185
609186
609187
609188
609189
609190
609191
609192
609193
609194
609195
609196
609197
609200
609344
609345
609346
609347
609348
609349
609350
609351
609352
609353
609354
609355
609356
609357
609358
609359
609360
609361
609362
609363
609364
609365
609366
609367
609368
609369
609370
609371
609372
609373
609374
609375
609376
609377
609379
609380
609382
609383
609385
609388
609535
609536
609537
609538
609539
609540
609541
609542
609543
609544
609545
609546
609547
609548
609549
609550
609551
609552
609553
609554
609555
609556
609557
609558
609559
609560
609561
609562
609563
609564
609566
609567
609726
609728
609729
609730
609731
609732
609733
609734
609735
609736
609737
609738
609739
609740
609741
609742
609743
609744
609745
609746
609747
609748
609749
609750
609751
609752
609753
609754
609755
609757
609758
609920
609922
609923
609924
609925
609926
609927
609928
609929
609930
609931
609932
609933
609934
609935
609936
609937
609938
609939
609940
609941
609942
609943
609944
609945
609946
609948
609949
610114
610116
610117
610119
610120
610121
610122
610123
610124
610125
610126
610127
610128
610129
610130
610131
610132
610133
610134
610135
610136
610137
610140
610311
610313
610314
610316
610317
610318
610319
610320
610321
610322
610323
610325
610328
610508
610510
610513
611293
611294
611297
611298
611484
611485
611486
611487
611488
611489
611491
611492
611675
611677
611678
611679
611680
611682
611683
611869
611871
611874
620194
620195
620196
620197
620198
620199
620200
620201
620202
620203
620204
620205
620206
620207
620208
620209
620210
620211
620212
620213
620214
620215
620216
620217
620218
620219
620220
620222
620223
620385
620386
620387
620388
620389
620390
620391
620392
620393
620394
620395
620396
620397
620398
620399
620400
620401
620402
620403
620404
620405
620406
620407
620408
620409
620410
620411
620414
620576
620578
620579
620580
620581
620582
620583
620584
620585
620586
620587
620588
620589
620590
620591
620592
620593
620594
620595
620596
620597
620598
620599
620601
620602
620770
620771
620772
620773
620774
620775
620776
620777
620778
620779
620780
620781
620782
620783
620784
620785
620786
620787
620788
620789
620790
620961
620962
620963
620964
620965
620966
620967
620968
620969
620970
620971
620972
620973
620974
620975
620976
620977
620978
620981
621149
621150
621151
621152
621153
621154
621155
621156
621157
621158
621159
621160
621161
621162
621163
621164
621165
621166
621168
621169
621313
621314
621315
621316
621317
621318
621319
621320
621321
621322
621323
621324
621325
621326
621327
621328
621329
621330
621331
621332
621333
621334
621335
621336
621337
621338
621339
621340
621341
621343
621344
621345
621346
621347
621348
621349
621350
621351
621352
621353
621354
621355
621356
621357
621360
621501
621502
621503
621504
621505
621506
621507
621508
621509
621510
621511
621512
621513
621514
621515
621516
621517
621518
621519
621520
621521
621522
621523
621524
621525
621526
621527
621528
621529
621530
621531
621532
621533
621534
621535
621536
621537
621539
621540
621542
621543
621545
621548
621692
621693
621694
621695
621696
621697
621698
621699
621700
621701
621702
621703
621704
621705
621706
621707
621708
621709
621710
621711
621712
621713
621714
621715
621716
621717
621718
621719
621720
621721
621722
621723
621724
621726
621727
621883
621884
621885
621886
621887
621888
621889
621890
621891
621892
621893
621894
621895
621896
621897
621898
621899
621900
621901
621902
621903
621904
621905
621906
621907
621908
621909
621910
621911
621912
621913
621914
621915
621917
621918
622074
622076
622077
622079
622080
622081
622082
622083
622084
622085
622086
622087
622088
622089
622090
622091
622092
622093
622094
622095
622096
622097
622098
622099
622100
622101
622102
622103
622104
622105
622106
622108
622109
622271
622273
622274
622275
622276
622277
622278
622279
622280
622281
622282
622283
622284
622285
622286
622287
622288
622289
622290
622291
622292
622293
622294
622295
622296
622297
622300
622465
622467
622468
622470
622471
622472
622473
622474
622475
622476
622477
622478
622479
622480
622481
622482
622483
622484
622485
622487
622488
622662
622664
622665
622667
622668
622670
622671
622673
622674
622676
622679
623456
623457
623458
623460
623461
623644
623645
623646
623647
623648
623649
623650
623651
623652
623654
623655
623835
623837
623838
623839
623840
623841
623842
623843
623845
623846
624029
624031
624032
624034
624037
632351
632353
632354
632355
632356
632357
632358
632359
632360
632361
632362
632363
632364
632365
632366
632367
632368
632369
632370
632371
632372
632373
632374
632375
632376
632377
632378
632379
632380
632382
632383
632545
632546
632547
632548
632549
632550
632551
632552
632553
632554
632555
632556
632557
632558
632559
632560
632561
632562
632563
632564
632565
632566
632567
632568
632569
632570
632571
632574
632736
632737
632738
632739
632740
632741
632742
632743
632744
632745
632746
632747
632748
632749
632750
632751
632752
632753
632754
632755
632756
632757
632758
632759
632762
632927
632928
632929
632930
632931
632932
632933
632934
632935
632936
632937
632938
632939
632940
632941
632942
632943
632944
632945
632946
632947
632949
632950
633118
633119
633120
633121
633122
633123
633124
633125
633126
633127
633128
633129
633130
633131
633132
633133
633134
633135
633136
633137
633138
633141
633286
633309
633311
633312
633313
633314
633315
633316
633317
633318
633319
633320
633321
633322
633323
633324
633325
633326
633328
633329
633473
633474
633475
633476
633477
633478
633479
633480
633481
633482
633483
633484
633485
633486
633487
633488
633489
633490
633491
633492
633493
633494
633495
633496
633498
633499
633503
633504
633505
633506
633507
633508
633509
633510
633511
633512
633513
633514
633515
633516
633517
633520
633661
633662
633663
633664
633665
633666
633667
633668
633669
633670
633671
633672
633673
633674
633675
633676
633677
633678
633679
633680
633681
633682
633683
633684
633685
633686
633687
633688
633689
633690
633691
633692
633693
633694
633695
633696
633697
633699
633700
633702
633703
633705
633708
633849
633850
633851
633852
633853
633854
633855
633856
633857
633858
633859
633860
633861
633862
633863
633864
633865
633866
633867
633868
633869
633870
633871
633872
633873
633874
633875
633876
633877
633878
633879
633880
633881
633882
633883
633884
633886
633887
634040
634042
634043
634044
634045
634046
634047
634048
634049
634050
634051
634052
634053
634054
634055
634056
634057
634058
634059
634060
634061
634062
634063
634064
634065
634066
634067
634068
634069
634070
634071
634072
634073
634074
634075
634077
634078
634234
634235
634236
634237
634238
634239
634240
634241
634242
634243
634244
634245
634246
634247
634248
634249
634250
634251
634252
634253
634254
634255
634256
634257
634258
634259
634260
634261
634262
634263
634264
634265
634266
634268
634425
634427
634428
634429
634430
634431
634432
634433
634434
634435
634436
634437
634438
634439
634440
634441
634442
634443
634444
634445
634446
634447
634448
634449
634450
634451
634452
634453
634454
634455
634456
634457
634460
634619
634621
634622
634624
634625
634626
634627
634628
634629
634630
634631
634632
634633
634634
634635
634636
634637
634638
634639
634640
634641
634642
634643
634644
634645
634647
634648
634816
634818
634819
634821
634822
634824
634825
634826
634827
634828
634829
634830
634831
634832
634833
634834
634835
634836
634839
635016
635018
635019
635021
635022
635024
635027
635616
635617
635620
635804
635805
635807
635808
635809
635810
635811
635812
635814
635815
635995
635998
635999
636000
636001
636002
636003
636005
636006
636189
636191
636192
636193
636194
636196
636197
636383
636385
636388
644511
644513
644514
644515
644516
644517
644518
644519
644520
644521
644522
644523
644524
644525
644526
644527
644528
644529
644530
644531
644532
644533
644534
644535
644536
644537
644538
644539
644540
644541
644542
644543
644546
644705
644706
644707
644708
644709
644710
644711
644712
644713
644714
644715
644716
644717
644718
644719
644720
644721
644722
644723
644724
644725
644726
644727
644728
644729
644730
644731
644734
644896
644897
644898
644899
644900
644901
644902
644903
644904
644905
644906
644907
644908
644909
644910
644911
644912
644913
644914
644915
644916
644917
644918
644919
644921
644922
645087
645088
645089
645090
645091
645092
645093
645094
645095
645096
645097
645098
645099
645100
645101
645102
645103
645104
645105
645106
645107
645108
645109
645110
645113
645278
645279
645280
645281
645282
645283
645284
645285
645286
645287
645288
645289
645290
645291
645292
645293
645294
645295
645296
645297
645298
645301
645469
645470
645471
645472
645473
645474
645475
645476
645477
645478
645479
645480
645481
645482
645483
645484
645485
645486
645488
645489
645630
645631
645632
645633
645634
645635
645636
645637
645638
645639
645640
645641
645642
645643
645644
645645
645646
645647
645648
645649
645650
645651
645652
645653
645654
645655
645656
645657
645658
645659
645660
645661
645662
645663
645664
645665
645666
645667
645668
645669
645670
645671
645672
645673
645674
645675
645676
645677
645680
645818
645819
645820
645821
645822
645823
645824
645825
645826
645827
645828
645829
645830
645831
645832
645833
645834
645835
645836
645837
645838
645839
645840
645841
645842
645843
645844
645845
645846
645847
645848
645849
645850
645851
645852
645853
645854
645855
645856
645857
645859
645860
645862
645863
645865
645868
646009
646010
646011
646012
646013
646014
646015
646016
646017
646018
646019
646020
646021
646022
646023
646024
646025
646026
646027
646028
646029
646030
646031
646032
646033
646034
646035
646036
646037
646038
646039
646040
646041
646042
646043
646044
646046
646200
646201
646202
646203
646204
646205
646206
646207
646208
646209
646210
646211
646212
646213
646214
646215
646216
646217
646218
646219
646220
646221
646222
646223
646224
646225
646226
646227
646228
646229
646230
646231
646232
646233
646234
646235
646391
646392
646393
646394
646395
646396
646397
646398
646399
646400
646401
646402
646403
646404
646405
646406
646407
646408
646409
646410
646411
646412
646413
646414
646415
646416
646417
646418
646419
646420
646421
646422
646423
646425
646426
646582
646584
646585
646586
646587
646588
646589
646590
646591
646592
646593
646594
646595
646596
646597
646598
646599
646600
646601
646602
646603
646604
646605
646606
646607
646608
646609
646610
646611
646612
646613
646614
646615
646616
646617
646619
646620
646776
646778
646779
646780
646781
646782
646783
646784
646785
646786
646787
646788
646789
646790
646791
646792
646793
646794
646795
646796
646797
646798
646799
646800
646801
646802
646803
646804
646805
646806
646807
646808
646811
646970
646972
646973
646975
646976
646977
646978
646979
646980
646981
646982
646983
646984
646985
646986
646987
646988
646989
646990
646991
646992
646993
646994
646995
646996
646998
646999
647167
647169
647170
647172
647173
647175
647176
647177
647178
647179
647180
647181
647182
647183
647184
647185
647187
647190
647367
647369
647370
647372
647375
647967
647968
647970
647971
647974
648158
648159
648161
648162
648163
648165
648166
648349
648352
648353
648354
648356
648357
648543
648548
656671
656672
656673
656674
656675
656676
656677
656678
656679
656680
656681
656682
656683
656684
656685
656686
656687
656688
656689
656690
656691
656692
656693
656694
656695
656696
656697
656698
656699
656700
656701
656702
656703
656706
656862
656864
656865
656866
656867
656868
656869
656870
656871
656872
656873
656874
656875
656876
656877
656878
656879
656880
656881
656882
656883
656884
656885
656886
656887
656888
656889
656890
656891
656894
657056
657057
657058
657059
657060
657061
657062
657063
657064
657065
657066
657067
657068
657069
657070
657071
657072
657073
657074
657075
657076
657077
657078
657079
657081
657082
657247
657248
657249
657250
657251
657252
657253
657254
657255
657256
657257
657258
657259
657260
657261
657262
657263
657264
657265
657266
657267
657268
657269
657270
657273
657438
657439
657440
657441
657442
657443
657444
657445
657446
657447
657448
657449
657450
657451
657452
657453
657454
657455
657456
657457
657458
657461
657602
657603
657606
657607
657629
657630
657631
657632
657633
657634
657635
657636
657637
657638
657639
657640
657641
657642
657643
657644
657645
657646
657648
657649
657790
657791
657792
657793
657794
657795
657796
657797
657798
657799
657800
657801
657802
657803
657804
657805
657806
657807
657808
657809
657810
657811
657812
657813
657814
657815
657816
657817
657818
657819
657820
657821
657822
657823
657824
657825
657826
657827
657828
657829
657830
657831
657832
657833
657834
657835
657836
657837
657840
657978
657979
657981
657982
657983
657984
657985
657986
657987
657988
657989
657990
657991
657992
657993
657994
657995
657996
657997
657998
657999
658000
658001
658002
658003
658004
658005
658006
658007
658008
658009
658010
658011
658012
658013
658014
658017
658019
658020
658022
658023
658025
658028
658169
658170
658171
658172
658173
658174
658175
658176
658177
658178
658179
658180
658181
658182
658183
658184
658185
658186
658187
658188
658189
658190
658191
658192
658193
658194
658195
658196
658197
658198
658199
658200
658201
658203
658204
658360
658361
658362
658363
658364
658365
658366
658367
658368
658369
658370
658371
658372
658373
658374
658375
658376
658377
658378
658379
658380
658381
658382
658383
658384
658385
658386
658387
658388
658389
658390
658391
658392
658394
658395
658551
658552
658553
658554
658555
658556
658557
658558
658559
658560
658561
658562
658563
658564
658565
658566
658567
658568
658569
658570
658571
658572
658573
658574
658575
658576
658577
658578
658579
658580
658581
658582
658583
658585
658586
658742
658743
658744
658745
658746
658747
658748
658749
658750
658751
658752
658753
658754
658755
658756
658757
658758
658759
658760
658761
658762
658763
658764
658765
658766
658767
658768
658769
658770
658771
658772
658773
658774
658775
658776
658777
658779
658933
658935
658936
658937
658938
658939
658940
658941
658942
658943
658944
658945
658946
658947
658948
658949
658950
658951
658952
658953
658954
658955
658956
658957
658958
658959
658960
658961
658962
658963
658964
658965
658966
658967
658968
659127
659129
659130
659132
659133
659134
659135
659136
659137
659138
659139
659140
659141
659142
659143
659144
659145
659146
659147
659148
659149
659150
659151
659152
659153
659154
659155
659156
659158
659159
659324
659327
659329
659330
659331
659332
659333
659334
659335
659336
659337
659338
659339
659340
659341
659342
659343
659344
659345
659347
659350
659521
659523
659524
659526
659527
659529
659530
659532
659535
660321
660322
660325
660326
660512
660514
660516
660517
660708
668831
668832
668833
668834
668835
668836
668837
668838
668839
668840
668841
668842
668843
668844
668845
668846
668847
668848
668849
668850
668851
668852
668853
668854
668855
668856
668857
668858
668859
668860
668861
668862
668863
668866
669022
669025
669026
669027
669028
669029
669030
669031
669032
669033
669034
669035
669036
669037
669038
669039
669040
669041
669042
669043
669044
669045
669046
669047
669048
669049
669050
669051
669053
669054
669216
669217
669218
669219
669220
669221
669222
669223
669224
669225
669226
669227
669228
669229
669230
669231
669232
669233
669234
669235
669236
669237
669238
669239
669240
669241
669242
669245
669407
669408
669409
669410
669411
669412
669413
669414
669415
669416
669417
669418
669419
669420
669421
669422
669423
669424
669425
669426
669427
669428
669429
669430
669433
669598
669599
669600
669601
669602
669603
669604
669605
669606
669607
669608
669609
669610
669611
669612
669613
669614
669615
669616
669617
669618
669620
669621
669765
669766
669768
669769
669770
669771
669772
669773
669775
669789
669790
669791
669792
669793
669794
669795
669796
669797
669798
669799
669800
669801
669802
669803
669804
669805
669806
669807
669808
669809
669950
669951
669953
669954
669955
669956
669957
669958
669959
669960
669961
669962
669963
669964
669965
669966
669967
669968
669969
669970
669971
669972
669973
669974
669975
669976
669977
669978
669979
669980
669981
669982
669983
669985
669986
669987
669988
669989
669990
669991
669992
669993
669994
669995
669996
669997
670141
670142
670143
670144
670145
670146
670147
670148
670149
670150
670151
670152
670153
670154
670155
670156
670157
670158
670159
670160
670161
670162
670163
670164
670165
670166
670167
670168
670169
670170
670172
670173
670177
670180
670183
670329
670330
670332
670333
670334
670335
670336
670337
670338
670339
670340
670341
670342
670343
670344
670345
670346
670347
670348
670349
670350
670351
670352
670353
670354
670355
670356
670357
670358
670359
670360
670361
670363
670520
670521
670523
670524
670526
670527
670528
670529
670530
670531
670532
670533
670534
670535
670536
670537
670538
670539
670540
670541
670542
670543
670544
670545
670546
670547
670548
670549
670550
670551
670552
670554
670711
670712
670714
670715
670717
670718
670719
670720
670721
670722
670723
670724
670726
670727
670729
670730
670732
670733
670734
670735
670736
670737
670738
670739
670740
670741
670742
670743
670745
670902
670903
670905
670906
670908
670909
670911
670912
670914
670915
670917
670918
670920
670921
670923
670924
670925
670926
670927
670928
670929
670930
670931
670932
670933
670934
670936
671093
671096
671097
671099
671100
671102
671103
671105
671106
671108
671109
671111
671112
671114
671115
671117
671118
671119
671120
671121
671122
671123
671124
671125
671127
671287
671290
671293
671296
671297
671299
671300
671302
671303
671305
671306
671308
671309
671311
671312
671314
671315
671318
671487
671490
671491
671493
671494
671496
671497
671499
671500
671502
671503
671505
671681
671684
671687
671690
672485
672486
672672
672674
672676
672677
672868
680991
680994
680995
680996
680997
680998
680999
681000
681001
681002
681003
681004
681005
681006
681007
681008
681009
681010
681011
681012
681013
681014
681015
681016
681017
681018
681019
681020
681021
681022
681023
681185
681186
681188
681189
681190
681191
681192
681193
681194
681195
681196
681197
681198
681199
681200
681201
681202
681203
681204
681205
681206
681207
681208
681209
681210
681211
681213
681214
681376
681377
681379
681380
681381
681382
681383
681384
681385
681386
681387
681388
681389
681390
681391
681392
681393
681394
681395
681396
681397
681398
681399
681400
681401
681402
681567
681568
681570
681571
681573
681574
681575
681576
681577
681578
681579
681580
681581
681582
681583
681584
681585
681586
681587
681588
681589
681590
681593
681758
681759
681761
681762
681764
681765
681766
681767
681768
681769
681770
681771
681772
681773
681774
681775
681776
681777
681778
681781
681928
681929
681932
681949
681950
681952
681953
681955
681956
681958
681959
681960
681961
681962
681963
681964
681965
681966
682113
682114
682115
682116
682117
682118
682119
682120
682121
682122
682123
682124
682125
682126
682127
682128
682129
682131
682132
682134
682135
682137
682138
682140
682141
682143
682146
682149
682152
682301
682302
682304
682305
682307
682308
682309
682310
682311
682312
682313
682314
682315
682316
682317
682318
682319
682320
682321
682322
682323
682325
682326
682328
682329
682492
682495
682496
682498
682499
682501
682502
682504
682505
682507
682508
682510
682511
682513
682514
682516
682517
682520
682686
682687
682689
682690
682692
682695
682698
682701
682702
682704
682705
682707
682708
682711
682877
682892
682893
682895
682896
682898
682899
682902
683083
683086
683087
683089
683090
683093
683277
683280
684432
684433
684434
684436
684437
684620
684621
684622
684623
684624
684625
684627
684628
684641
684642
684643
684645
684811
684813
684814
684815
684816
684817
684818
684819
684820
684821
684822
684824
684825
684829
684830
684831
684832
684833
684834
684836
684837
685005
685007
685008
685010
685011
685012
685013
685014
685015
685016
685017
685019
685020
685022
685023
685025
685028
685202
685204
685207
693154
693157
693158
693159
693160
693161
693162
693163
693164
693165
693166
693167
693168
693169
693170
693171
693172
693173
693174
693175
693176
693177
693178
693179
693180
693182
693183
693348
693349
693350
693351
693352
693353
693354
693355
693356
693357
693358
693359
693360
693361
693362
693363
693364
693365
693366
693367
693368
693369
693370
693371
693374
693539
693542
693543
693544
693545
693546
693547
693548
693549
693550
693551
693552
693553
693554
693555
693556
693557
693558
693559
693561
693562
693733
693734
693736
693737
693738
693739
693740
693741
693742
693743
693744
693745
693746
693747
693748
693749
693750
693924
693927
693928
693929
693930
693931
693932
693933
693934
693935
693936
693938
694118
694121
694273
694275
694276
694277
694278
694279
694280
694281
694282
694283
694284
694286
694467
694469
694470
694472
694473
694475
694476
694478
696398
696399
696400
696401
696402
696403
696404
696405
696406
696408
696409
696586
696587
696588
696589
696590
696591
696592
696593
696594
696595
696596
696597
696598
696599
696600
696602
696603
696777
696778
696779
696780
696781
696782
696783
696784
696785
696786
696787
696788
696789
696790
696791
696792
696793
696794
696795
696796
696797
696798
696799
696800
696802
696803
696968
696969
696970
696971
696972
696973
696974
696975
696976
696977
696978
696979
696980
696981
696982
696983
696984
696985
696986
696987
696988
696989
696990
696991
696992
696993
696994
696996
696997
697159
697161
697162
697163
697164
697165
697166
697167
697168
697169
697170
697171
697172
697173
697174
697175
697176
697177
697178
697179
697180
697181
697182
697183
697184
697185
697188
697353
697355
697356
697358
697359
697360
697361
697362
697364
697365
697367
697368
697370
697371
697373
697376
697552
705317
705318
705320
705321
705323
705324
705325
705326
705327
705328
705329
705330
705331
705332
705333
705334
705335
705336
705337
705338
705339
705340
705342
705343
705508
705511
705512
705514
705515
705516
705517
705518
705519
705520
705521
705522
705523
705524
705525
705526
705527
705528
705529
705530
705531
705534
705702
705705
705706
705708
705709
705711
705712
705713
705714
705715
705716
705717
705718
705719
705722
705896
705897
705899
705900
705902
705903
705904
705905
705906
706087
706090
706093
706242
706243
706244
706245
706246
706247
706249
706250
706430
706432
706433
706434
706435
706436
706437
706438
706439
706440
706441
706443
706444
706624
706626
706627
706629
706630
706631
706632
706633
706634
706635
706637
706638
706821
706823
706824
706826
706829
708367
708368
708369
708370
708371
708372
708373
708374
708375
708377
708378
708552
708553
708554
708555
708556
708557
708558
708559
708560
708561
708562
708563
708564
708565
708566
708567
708568
708569
708570
708571
708572
708574
708575
708743
708744
708745
708746
708747
708748
708749
708750
708751
708752
708753
708754
708755
708756
708757
708758
708759
708760
708761
708762
708763
708764
708765
708766
708768
708769
708934
708935
708936
708937
708938
708939
708940
708941
708942
708943
708944
708945
708946
708947
708948
708949
708950
708951
708952
708953
708954
708955
708956
708957
708958
708959
708960
708962
708963
709125
709126
709127
709128
709129
709130
709131
709132
709133
709134
709135
709136
709137
709138
709139
709140
709141
709142
709143
709144
709145
709146
709147
709148
709149
709150
709151
709152
709153
709154
709156
709157
709316
709318
709319
709320
709321
709322
709323
709324
709325
709326
709327
709328
709329
709330
709331
709332
709333
709334
709335
709336
709337
709338
709339
709340
709341
709342
709343
709344
709345
709348
709510
709512
709513
709514
709515
709516
709517
709518
709519
709520
709521
709522
709523
709524
709525
709526
709527
709528
709529
709530
709531
709533
709536
709704
709706
709707
709709
709710
709712
709713
709715
709716
709718
709721
717483
717484
717486
717487
717489
717490
717492
717493
717495
717496
717498
717499
717502
717674
717677
717680
717681
717683
717684
717686
717687
717689
717690
717871
717872
717874
717877
718396
718397
718398
718399
718400
718401
718402
718403
718404
718405
718406
718407
718408
718409
718410
718412
718413
718587
718588
718589
718590
718591
718592
718593
718594
718595
718596
718597
718598
718599
718600
718601
718602
718603
718604
718606
718607
718778
718779
718780
718781
718782
718783
718784
718785
718786
718787
718788
718789
718790
718791
718792
718793
718794
718795
718796
718797
718798
718800
718801
718969
718971
718972
718973
718974
718975
718976
718977
718978
718979
718980
718981
718982
718983
718984
718985
718986
718987
718988
718989
718990
718991
718992
718994
718995
719163
719165
719166
719168
719169
719171
719172
719174
719175
719177
719178
719180
719181
719183
719184
719185
719186
719188
719189
719205
719206
719207
719209
719210
719375
719377
719378
719380
719381
719382
719383
719384
719385
719386
719387
719388
719389
719390
719391
719392
719393
719394
719395
719396
719397
719398
719399
719400
719401
719403
719404
719572
719574
719575
719576
719577
719578
719579
719580
719581
719582
719583
719584
719585
719586
719587
719588
719589
719590
719591
719592
719594
719595
719766
719768
719769
719770
719771
719772
719773
719774
719775
719776
719777
719778
719779
719780
719781
719782
719783
719785
719786
719960
719961
719962
719963
719964
719965
719966
719967
719968
719969
719970
719971
719972
719973
719974
719975
719976
719977
719979
719980
720148
720149
720150
720151
720152
720153
720154
720155
720156
720157
720158
720159
720160
720161
720162
720163
720164
720165
720166
720167
720168
720171
720336
720337
720338
720339
720340
720341
720342
720343
720344
720345
720346
720347
720348
720349
720350
720351
720352
720353
720354
720355
720356
720359
720524
720525
720526
720527
720528
720529
720530
720531
720532
720533
720534
720535
720536
720537
720538
720539
720540
720541
720542
720543
720544
720546
720547
720712
720713
720714
720715
720716
720717
720718
720719
720720
720721
720722
720723
720724
720725
720726
720727
720728
720729
720730
720731
720732
720733
720734
720735
720737
720738
720900
720901
720902
720903
720904
720905
720906
720907
720908
720909
720910
720911
720912
720913
720914
720915
720916
720917
720918
720919
720920
720921
720922
720923
720924
720925
720926
720927
720928
720929
720931
720932
721091
721092
721093
721094
721095
721096
721097
721098
721099
721100
721101
721102
721103
721104
721105
721106
721107
721108
721109
721110
721111
721112
721113
721114
721115
721116
721117
721118
721119
721120
721121
721122
721123
721125
721126
721282
721284
721285
721286
721287
721288
721289
721290
721291
721292
721293
721294
721295
721296
721297
721298
721299
721300
721301
721302
721303
721304
721305
721306
721307
721308
721309
721310
721311
721312
721313
721314
721316
721317
721476
721478
721479
721480
721481
721482
721483
721484
721485
721486
721487
721488
721489
721490
721491
721492
721493
721494
721495
721496
721497
721498
721499
721500
721501
721502
721503
721504
721505
721506
721507
721508
721511
721670
721672
721673
721674
721675
721676
721677
721678
721679
721680
721681
721682
721683
721684
721685
721686
721687
721688
721689
721690
721691
721693
721694
721696
721699
721864
721867
721869
721870
721872
721873
721876
721900
721902
721904
721905
722096
730365
730366
730367
730368
730369
730370
730371
730372
730373
730375
730376
730556
730557
730558
730559
730560
730561
730562
730563
730564
730565
730566
730567
730568
730569
730570
730571
730572
730573
730575
730576
730747
730748
730749
730750
730751
730752
730753
730754
730755
730756
730757
730758
730759
730760
730761
730762
730763
730764
730765
730766
730767
730769
730770
730938
730939
730940
730941
730942
730943
730944
730945
730946
730947
730948
730949
730950
730951
730952
730953
730954
730955
730956
730957
730958
730959
730960
730961
730963
730964
730980
730981
730982
730983
730984
730985
730987
730988
731129
731130
731131
731132
731133
731134
731135
731136
731137
731138
731139
731140
731141
731142
731143
731144
731145
731146
731147
731148
731149
731150
731151
731152
731153
731154
731155
731156
731157
731158
731159
731160
731161
731162
731163
731164
731165
731166
731167
731168
731169
731170
731171
731172
731173
731174
731175
731176
731177
731178
731179
731180
731181
731182
731184
731320
731321
731322
731323
731324
731325
731326
731327
731328
731329
731330
731331
731332
731333
731334
731335
731336
731337
731338
731339
731340
731341
731342
731343
731344
731345
731346
731347
731348
731349
731350
731351
731352
731353
731354
731355
731356
731357
731358
731359
731360
731361
731362
731363
731364
731365
731366
731367
731368
731369
731370
731371
731372
731373
731375
731376
731511
731513
731514
731516
731517
731519
731520
731521
731522
731523
731524
731525
731526
731527
731528
731529
731530
731531
731532
731533
731534
731535
731536
731537
731538
731539
731540
731541
731542
731543
731544
731545
731546
731547
731548
731549
731550
731551
731552
731553
731554
731555
731556
731557
731558
731559
731560
731561
731562
731563
731564
731566
731567
731711
731713
731714
731716
731717
731719
731720
731722
731723
731725
731726
731728
731729
731730
731731
731732
731733
731734
731735
731736
731737
731738
731739
731740
731741
731742
731743
731744
731745
731746
731747
731748
731749
731750
731751
731752
731753
731754
731755
731756
731757
731758
731760
731920
731923
731924
731926
731927
731928
731929
731930
731931
731932
731933
731934
731935
731936
731937
731938
731939
731940
731941
731942
731943
731944
731945
731946
731947
731948
731949
731952
732114
732115
732117
732118
732120
732121
732122
732123
732124
732125
732126
732127
732128
732129
732130
732131
732132
732133
732134
732135
732136
732137
732139
732140
732305
732306
732308
732309
732310
732311
732312
732313
732314
732315
732316
732317
732318
732319
732320
732321
732322
732323
732324
732325
732326
732327
732328
732331
732496
732497
732498
732499
732500
732501
732502
732503
732504
732505
732506
732507
732508
732509
732510
732511
732512
732513
732514
732515
732516
732519
732681
732682
732684
732685
732686
732687
732688
732689
732690
732691
732692
732693
732694
732695
732696
732697
732698
732699
732700
732701
732702
732703
732704
732706
732707
732869
732870
732871
732872
732873
732874
732875
732876
732877
732878
732879
732880
732881
732882
732883
732884
732885
732886
732887
732888
732889
732890
732891
732892
732893
732894
732895
732897
732898
733060
733061
733062
733063
733064
733065
733066
733067
733068
733069
733070
733071
733072
733073
733074
733075
733076
733077
733078
733079
733080
733081
733082
733083
733084
733085
733086
733087
733088
733089
733091
733092
733251
733252
733253
733254
733255
733256
733257
733258
733259
733260
733261
733262
733263
733264
733265
733266
733267
733268
733269
733270
733271
733272
733273
733274
733275
733276
733277
733278
733279
733280
733281
733282
733283
733284
733285
733286
733288
733442
733444
733445
733446
733447
733448
733449
733450
733451
733452
733453
733454
733455
733456
733457
733458
733459
733460
733461
733462
733463
733464
733465
733466
733467
733468
733469
733470
733471
733472
733473
733474
733475
733476
733477
733478
733479
733480
733481
733482
733483
733484
733485
733486
733488
733489
733636
733638
733639
733640
733641
733642
733643
733644
733645
733646
733647
733648
733649
733650
733651
733652
733653
733654
733655
733656
733657
733658
733659
733660
733661
733662
733663
733664
733665
733666
733667
733668
733669
733670
733671
733672
733673
733674
733675
733676
733677
733678
733679
733680
733681
733682
733683
733685
733686
733830
733833
733835
733836
733837
733838
733839
733840
733841
733842
733844
733845
733847
733848
733850
733851
733853
733854
733855
733856
733857
733858
733859
733860
733861
733862
733863
733864
733865
733866
733867
733868
733869
733870
733871
733872
733873
733874
733876
733877
734027
734045
734047
734048
734050
734051
734052
734053
734054
734055
734056
734057
734058
734059
734060
734061
734062
734063
734064
734065
734066
734067
734068
734070
734071
734242
734244
734245
734246
734247
734248
734249
734250
734251
734252
734253
734254
734255
734256
734257
734258
734259
734261
734262
734436
734438
734439
734441
734442
734443
734444
734445
734446
734447
734448
734449
734450
734452
734453
734633
734634
734635
734636
734637
734638
734639
734640
734641
734644
734824
734826
734827
734829
734832
742525
742526
742527
742528
742529
742530
742531
742532
742533
742534
742535
742536
742538
742539
742716
742717
742718
742719
742720
742721
742722
742723
742724
742725
742726
742727
742728
742729
742730
742731
742732
742733
742735
742736
742907
742908
742909
742910
742911
742912
742913
742914
742915
742916
742917
742918
742919
742920
742921
742922
742923
742924
742925
742926
742927
742928
742929
742930
742932
742933
743098
743099
743100
743101
743102
743103
743104
743105
743106
743107
743108
743109
743110
743111
743112
743113
743114
743115
743116
743117
743118
743119
743120
743121
743122
743123
743124
743126
743137
743138
743140
743141
743142
743143
743144
743145
743147
743289
743290
743291
743292
743293
743294
743295
743296
743297
743298
743299
743300
743301
743302
743303
743304
743305
743306
743307
743308
743309
743310
743311
743312
743313
743314
743315
743316
743317
743318
743319
743320
743322
743323
743325
743326
743327
743328
743329
743330
743331
743332
743333
743334
743335
743336
743337
743338
743339
743341
743342
743480
743481
743482
743483
743484
743485
743486
743487
743488
743489
743490
743491
743492
743493
743494
743495
743496
743497
743498
743499
743500
743501
743502
743503
743504
743505
743506
743507
743508
743509
743510
743511
743512
743513
743514
743515
743516
743517
743518
743519
743520
743521
743522
743523
743524
743525
743526
743527
743528
743529
743530
743531
743532
743533
743535
743671
743672
743673
743674
743675
743676
743677
743678
743679
743680
743681
743682
743683
743684
743685
743686
743687
743688
743689
743690
743691
743692
743693
743694
743695
743696
743697
743698
743699
743701
743702
743704
743705
743707
743708
743709
743710
743711
743712
743713
743714
743715
743716
743717
743718
743719
743720
743721
743722
743723
743724
743726
743727
743862
743864
743865
743867
743868
743869
743870
743871
743872
743873
743874
743875
743876
743877
743879
743880
743882
743883
743886
743889
743892
743895
743896
743898
743899
743901
743902
743903
743904
743905
743906
743907
743908
743909
743910
743911
743912
743913
743914
743915
743917
743918
744059
744061
744062
744064
744067
744086
744089
744090
744092
744093
744095
744096
744097
744098
744099
744100
744101
744102
744103
744104
744105
744106
744107
744108
744109
744111
744280
744281
744283
744284
744286
744287
744288
744289
744290
744291
744292
744293
744294
744295
744296
744297
744298
744299
744300
744468
744469
744471
744472
744474
744475
744477
744478
744480
744481
744482
744483
744484
744485
744486
744487
744488
744656
744657
744659
744660
744662
744663
744665
744666
744668
744669
744671
744672
744674
744675
744844
744845
744847
744848
744850
744851
744853
744854
744856
744857
744858
744859
744860
744861
744862
744863
744866
745029
745030
745032
745033
745035
745036
745037
745038
745039
745040
745041
745042
745043
745044
745045
745046
745047
745048
745049
745050
745051
745052
745053
745054
745055
745057
745220
745221
745223
745224
745225
745226
745227
745228
745229
745230
745231
745232
745233
745234
745235
745236
745237
745238
745239
745240
745241
745242
745243
745244
745245
745246
745247
745248
745249
745251
745411
745412
745414
745415
745416
745417
745418
745419
745420
745421
745422
745423
745424
745425
745426
745427
745428
745429
745430
745431
745432
745433
745434
745435
745436
745437
745438
745439
745440
745441
745442
745445
745602
745605
745606
745607
745608
745609
745610
745611
745612
745613
745614
745615
745616
745617
745618
745619
745620
745621
745622
745623
745624
745625
745626
745627
745628
745629
745630
745631
745632
745633
745634
745635
745636
745638
745639
745641
745642
745644
745645
745647
745648
745651
745796
745799
745802
745803
745804
745805
745806
745807
745808
745809
745811
745812
745813
745814
745815
745816
745817
745818
745819
745820
745821
745822
745823
745824
745825
745826
745827
745828
745829
745830
745831
745832
745833
745834
745835
745836
745837
745838
745839
745840
745841
745842
745843
745845
745993
745996
745999
746002
746005
746008
746011
746014
746015
746016
746017
746018
746019
746020
746021
746022
746023
746024
746025
746026
746027
746028
746029
746030
746031
746032
746033
746034
746035
746036
746037
746039
746205
746208
746210
746211
746212
746213
746214
746215
746216
746217
746218
746219
746220
746221
746222
746223
746224
746225
746226
746227
746228
746229
746230
746231
746233
746402
746404
746405
746406
746407
746408
746409
746410
746411
746412
746413
746414
746415
746416
746417
746418
746419
746420
746421
746422
746424
746596
746598
746599
746600
746601
746602
746603
746604
746605
746606
746607
746608
746609
746610
746611
746612
746613
746615
746616
746790
746791
746792
746793
746794
746795
746796
746797
746798
746799
746800
746801
746802
746803
746804
746806
746807
746981
746982
746983
746984
746985
746986
746987
746988
746989
746990
746991
746992
746993
746994
746995
746997
746998
747172
747173
747174
747175
747176
747177
747178
747179
747180
747181
747182
747183
747184
747186
747189
747363
747365
747366
747368
747369
747371
747374
754685
754686
754687
754688
754689
754690
754691
754692
754693
754694
754695
754696
754698
754876
754877
754878
754879
754880
754881
754882
754883
754884
754885
754886
754887
754888
754889
754890
754891
754892
754893
754894
754895
754896
754898
755067
755068
755069
755070
755071
755072
755073
755074
755075
755076
755077
755078
755079
755080
755081
755082
755083
755084
755085
755086
755087
755088
755089
755090
755092
755258
755259
755260
755261
755262
755263
755264
755265
755266
755267
755268
755269
755270
755271
755272
755273
755274
755275
755276
755277
755278
755279
755280
755281
755283
755284
755300
755301
755304
755449
755450
755451
755452
755453
755454
755455
755456
755457
755458
755459
755460
755461
755462
755463
755464
755465
755466
755467
755468
755469
755470
755471
755472
755473
755474
755475
755477
755485
755486
755488
755489
755490
755491
755492
755493
755494
755495
755496
755497
755498
755501
755640
755641
755642
755643
755644
755645
755646
755647
755648
755649
755650
755651
755652
755653
755654
755655
755656
755657
755658
755659
755660
755661
755662
755663
755664
755665
755667
755670
755673
755676
755677
755679
755680
755682
755683
755684
755685
755686
755687
755688
755689
755690
755692
755831
755832
755833
755834
755835
755836
755837
755838
755839
755840
755841
755842
755843
755844
755845
755846
755847
755848
755849
755850
755851
755852
755867
755870
755871
755873
755874
755875
755876
755877
755878
755879
755880
755881
755882
755883
755884
755886
756022
756024
756025
756028
756029
756030
756031
756032
756033
756034
756035
756036
756037
756039
756061
756064
756065
756067
756068
756069
756070
756071
756072
756073
756074
756075
756077
756219
756222
756255
756256
756258
756259
756260
756261
756262
756263
756264
756265
756266
756268
756446
756449
756450
756452
756453
756454
756455
756456
756457
756640
756643
757016
757017
757020
757195
757196
757198
757199
757201
757202
757204
757205
757207
757208
757210
757211
757214
757383
757384
757386
757387
757389
757390
757392
757393
757395
757396
757398
757399
757401
757402
757404
757405
757408
757574
757575
757577
757578
757580
757581
757583
757584
757586
757587
757589
757590
757592
757593
757595
757596
757599
757765
757768
757771
757772
757774
757775
757777
757780
757781
757783
757784
757786
757787
757789
757790
757793
757962
757971
757974
757977
757980
757983
757984
757986
757987
757989
757990
757992
757993
757995
757996
757998
757999
758002
758174
758177
758178
758180
758181
758182
758183
758184
758185
758186
758187
758188
758189
758190
758191
758192
758193
758196
758368
758371
758372
758373
758374
758375
758376
758377
758378
758379
758380
758381
758382
758383
758384
758385
758386
758387
758390
758562
758563
758564
758565
758566
758567
758568
758569
758570
758571
758572
758573
758574
758575
758576
758577
758578
758579
758581
758753
758755
758756
758757
758758
758759
758760
758761
758762
758763
758764
758765
758766
758767
758768
758769
758770
758771
758772
758775
758947
758949
758950
758951
758952
758953
758954
758955
758956
758957
758958
758959
758960
758961
758962
758963
758964
758966
759141
759142
759143
759144
759145
759146
759147
759148
759149
759150
759151
759152
759153
759154
759155
759157
759332
759333
759334
759335
759336
759337
759338
759339
759340
759341
759342
759343
759344
759345
759346
759348
759523
759524
759525
759526
759527
759528
759529
759530
759531
759532
759533
759534
759535
759536
759537
759540
759714
759716
759717
759718
759719
759720
759722
759723
759725
759728
759910
766845
766846
766848
766849
766851
766852
766855
767036
767037
767039
767040
767042
767043
767045
767046
767048
767049
767051
767052
767055
767227
767228
767230
767231
767233
767234
767236
767237
767239
767240
767242
767243
767245
767246
767249
767418
767419
767421
767422
767424
767425
767427
767428
767430
767431
767433
767434
767436
767437
767439
767440
767443
767609
767610
767612
767613
767615
767616
767618
767619
767621
767622
767624
767625
767627
767628
767630
767631
767648
767651
767652
767655
767800
767801
767803
767804
767806
767807
767809
767810
767812
767813
767815
767816
767818
767819
767842
767843
767845
767846
767849
767991
767992
767994
767997
767998
768000
768001
768003
768004
768006
768007
768033
768036
768037
768039
768040
768043
768188
768191
768194
768227
768228
768230
768231
768234
768418
768421
768422
768425
768612
770340
770341
770343
770344
770346
770347
770350
770531
770532
770534
770535
770537
770538
770540
770541
770544
770722
770723
770725
770726
770728
770729
770731
770732
770734
770735
770738
770913
770916
770917
770919
770920
770922
770923
770925
770926
770929
771107
771108
771110
771111
771113
771114
771116
771117
771119
771120
771123
771298
771301
771302
771304
771305
771307
771308
771310
771311
771314
771492
771493
771495
771496
771498
771499
771501
771502
771505
771683
771684
771686
771687
771689
771690
771692
771693
771695
771696
771699
771874
771875
771877
771878
771880
771881
771883
771884
771886
771887
772065
772068
772069
772071
772072
772074
772259
896437
896438
896439
896440
896441
896499
896500
896501
896502
896503
896504
896505
896506
896561
896562
896563
896564
896565
896566
896567
896568
896569
896570
896571
896624
896625
896626
896627
896628
896629
896630
896631
896632
896633
896634
896635
896688
896689
896690
896691
896692
896693
896694
896695
896696
896697
896698
896699
896700
896752
896753
896754
896755
896756
896757
896758
896759
896760
896761
896762
896763
896764
896815
896816
896817
896818
896819
896820
896821
896822
896823
896824
896825
896826
896827
896828
896879
896880
896881
896882
896883
896884
896885
896886
896887
896888
896889
896890
896891
896892
896943
896944
896945
896946
896947
896948
896949
896950
896951
896952
896953
896954
896955
896956
897007
897008
897009
897010
897011
897012
897013
897014
897015
897016
897017
897018
897019
897020
897072
897073
897074
897075
897076
897077
897078
897079
897080
897081
897082
897083
897084
897138
897142
897143
897144
897145
908553
908554
908616
908617
908618
908619
908620
908680
908681
908682
908683
908684
908685
908745
908746
908747
908748
908749
908998
908999
909000
909001
909061
909062
909063
909064
909065
909066
909067
909125
909126
909127
909128
909129
909130
909131
909132
909189
909190
909191
909192
909193
909194
909195
909196
909253
909254
909255
909256
909257
909258
909259
909260
-706239
-706240
-706241
-680988
-523313
-535281
-535284
-535285
-535287
-535288
-535291
-535468
-535659
-535661
-547251
-547253
-547254
-547256
-547257
-547259
-547260
-547439
-547440
-547441
-547442
547449
-547816
-548007
-548009
-559402
-559405
-559406
-559407
-559408
559418
-559423
-559594
-559596
-559785
-559787
-559976
-559977
-559978
-560164
560168
-560358
-560360
-571557
-571559
571561
571581
-571751
-571753
571772
-571942
-571944
-572133
-572135
-572324
-572326
-572515
-572517
-572708
-572887
-583714
583718
583741
-583746
-583908
-583910
583932
-584099
-584101
-584290
-584292
-584481
-584483
-584672
-584674
-584840
-584843
-584844
-584846
-584849
-584852
-584855
-587169
-595874
-595876
595904
-596065
-596067
-596256
-596447
-596638
-596812
-596829
-596997
-596998
-596999
-597000
-597001
597002
-597006
-597007
-597009
-597010
-597012
-597013
-597015
-597016
-597018
-597019
-599135
-599324
-599326
-599515
-599517
-599706
599710
-608031
-608222
608226
-608416
-608418
-608607
-608798
-608966
-608969
-608972
-608975
-608978
-608981
-608984
-608987
-608989
-608991
610138
610139
610326
-611103
-611290
611295
-611481
-611672
611676
-611866
611870
611873
-620191
-620193
-620382
-620573
620577
-620767
-620769
-620958
-620959
-620960
-621126
-621127
-621129
-621132
-621135
-621138
-621141
-621144
-621146
-621147
621541
621544
621916
622107
622298
622299
622486
622677
-623453
-623454
-623641
-623832
623836
-624026
624030
624033
624036
-624225
-624228
-632348
632352
-632542
-632733
-632924
-633095
-633115
633285
633287
-633289
-633292
-633295
-633298
-633301
-633304
-633306
-633307
633698
633701
633704
633885
634267
634269
634458
634459
634646
-634651
634837
-635613
-635614
635618
-635801
635806
-635992
635996
635997
-636186
636190
-636380
636384
636387
-644508
644512
-644702
-644704
-644893
-645084
-645275
-645446
-645447
-645449
-645452
-645455
-645458
-645461
-645464
-645466
-645467
645858
645861
645864
646045
646236
646237
646238
646424
-646428
646618
646809
646810
646997
647188
-647777
-647964
-648155
-648346
648350
-648540
648544
648547
-656668
-656859
656863
-657053
-657244
-657412
-657415
-657435
657604
657605
-657609
-657610
-657612
-657613
-657615
-657616
-657618
-657621
-657624
657980
658018
658021
658024
658027
658393
658584
-658588
658778
658780
658969
658970
658971
659157
659326
659348
660323
660707
-668828
-669019
669023
669024
-669213
-669404
-669575
-669578
-669581
-669584
-669762
-669763
669767
669774
669776
-669778
-669781
-669784
669952
-670138
-670139
670178
670179
670181
670182
670184
670185
670187
670188
670331
670362
670364
670522
670525
670553
670555
670713
670716
670725
670728
670731
670744
670746
670904
670907
670910
670913
670916
670919
670922
670935
670937
671094
671095
671098
671101
671104
671107
671110
671113
671116
671126
671128
-671284
671288
671289
671291
671292
671294
671295
671298
671301
671304
671307
671310
671313
671316
671317
671319
-671484
671488
671489
671492
671495
671498
671501
671504
671507
671508
671510
-671678
671683
671686
671689
671692
671695
-672277
-672465
-672468
-672481
-672482
-672483
-672653
-672656
-672659
-672662
-672665
-672847
-672850
-672853
-672856
-673044
-673047
680992
-681182
681187
-681373
681378
-681564
681569
681572
-681738
-681741
681760
681763
-681923
-681925
-681926
681930
681931
681933
-681935
-681938
-681941
681951
681954
681957
-682110
-682111
682130
682133
682136
682139
682142
682144
682145
682147
682148
682150
682151
682153
682156
-682298
682324
682327
682330
682331
682332
682333
-682489
682493
682494
682497
682500
682503
682506
682515
682518
682519
682521
-682683
682688
682691
682693
682694
682696
682697
682699
682700
682703
682706
682709
682710
682712
-682874
682878
682879
682880
682881
682882
-682889
682894
682897
682900
682901
682903
-683080
683084
683085
683088
683091
683092
683094
-683274
683278
683279
683281
683282
683283
683284
683285
-684249
684435
-684440
-684443
-684451
-684454
684626
-684630
-684631
-684633
-684634
-684637
-684638
-684639
-684640
684812
-685002
-685004
685006
685009
-685195
-685198
-685199
-685201
693155
693156
-693345
-693536
693540
693541
-693730
693735
-693921
693925
693926
-694086
-694087
-694089
-694090
-694092
-694095
-694115
694119
694285
-694289
694468
694471
694474
694479
-694663
-694666
-696211
-696212
-696214
-696215
-696217
-696218
696407
-696411
-696412
-696415
696601
-696605
-696606
-696608
-696609
-696611
-705314
705319
705322
-705505
705509
705510
705513
-705699
705703
705704
705707
705710
-705893
705898
705901
705907
705910
-706052
-706055
-706058
-706084
706089
706092
706095
706098
-706238
706248
-706252
-706253
-706427
-706429
706628
-706811
-706818
-706820
706822
706825
706828
-707005
-707008
-707011
-707014
-707017
-707020
-707023
-707026
-707029
-707047
-707050
-707217
-707220
-707223
-707226
-707229
-707232
-707235
-707238
-707241
-707244
-707414
-707417
-707420
-707423
-707426
-707429
-707432
-707435
-707608
-707611
-707614
-707617
-707620
-707623
-707626
-707802
-707805
-707808
-707811
-707814
-707817
-707820
-707990
-707993
-707996
-707999
-708002
-708005
-708008
-708011
-708177
-708178
-708180
-708181
-708183
-708184
-708186
-708187
-708190
-708193
-708196
-708199
-708362
-708364
-708365
-708366
708376
-708380
-708381
-708383
-708384
-708387
-708549
708573
-708577
-708578
-709936
-717480
717485
717488
717491
717494
717497
717500
717503
-717671
717675
717676
717678
717679
717682
717685
717688
717691
717694
-717868
717873
717875
717876
717878
717879
717882
-718059
718062
718063
718064
-718206
-718207
-718209
-718210
-718212
-718213
-718221
718411
-718415
-718416
718605
-718609
-718610
718799
-718803
-718804
718970
718993
-718997
-718998
-719001
-719004
-719007
-719010
-719013
-719015
-719016
-719018
-719019
-719022
-719025
-719160
-719162
719164
719167
719170
719173
719176
719179
719182
719187
-719191
-719192
-719194
-719195
-719197
-719198
-719200
-719201
-719202
-719203
-719204
719208
-719212
-719213
-719216
-719353
-719356
-719359
-719362
-719365
-719368
-719371
-719372
-719374
719376
719379
719402
-719407
-719553
-719556
-719559
-719562
-719565
-719568
-719569
-719571
719573
719593
-719598
-719601
-719762
-719763
-719765
719767
719784
-719788
-719789
-719956
-719957
-719958
-719959
-720145
-720146
-720147
-720333
-720334
-720521
-720522
-720523
-720709
-720710
-720711
721901
-722090
-722091
-722093
722095
-722278
-722281
-722284
-722287
-722475
-722478
-722666
-730384
730574
-730578
730768
-730772
-730773
730962
-730966
-730967
-730969
-730972
-730975
-730977
-730978
-730979
731512
731515
731518
-731704
-731707
-731708
-731710
731712
731715
731718
731721
731724
731727
-731901
-731904
-731907
-731917
731922
731925
732116
732119
732307
-732493
-732494
-732678
-732679
732683
-733097
733289
734243
-734433
734437
742734
-742738
-742739
743125
-743129
-743134
-743135
743700
743703
743706
743863
743866
743878
743881
743884
743885
743887
743888
743890
743891
743893
743894
743897
743900
-744056
744060
744063
744065
744066
-744083
744087
744088
744091
744094
-744277
-744278
744282
744285
-744465
-744466
744470
744473
744476
744479
744490
744491
-744653
-744654
744658
744661
744664
744667
744670
744673
744676
744677
-744841
-744842
744846
744849
744852
744855
744864
744867
-745026
745031
745034
745058
745222
745250
745252
-745254
745413
745443
745444
745446
-745448
-745451
-745454
-745457
-745460
745637
745640
745643
745646
745649
745650
745652
-745654
745844
745846
-745848
746038
746040
-746042
746206
746209
746234
-746399
746403
746423
746425
-746593
-746595
746597
-746787
-746789
-746978
-747169
-747360
755478
755487
755666
755668
755669
755671
755672
755674
755675
755678
755681
755853
755854
755855
755856
755857
-755864
755868
755869
755872
756023
756027
756038
756040
756041
756042
-756058
756062
756063
756066
756221
756223
756224
756225
756226
756227
-756252
756257
-756443
756447
756448
756451
756459
-756637
756641
756642
756644
756645
756646
756648
-756826
-756829
-757005
-757008
-757011
-757013
-757014
757018
757019
757021
-757023
-757192
-757193
757197
757200
757203
757206
757209
757212
757213
757215
-757217
-757380
757385
757388
757391
757394
757397
757400
757403
757406
757407
757409
-757571
757576
757579
757582
757585
757588
757591
757594
757597
757598
757600
-757602
757767
757770
757773
757776
757779
757782
757785
757788
757791
757792
757794
-757796
-757799
-757802
-757805
-757808
-757811
757982
757985
757988
757991
757994
757997
758000
758001
758003
-758005
758179
758194
758195
758197
-758199
758388
758389
758391
758580
758582
-758584
-758750
758754
758773
758774
758776
-758944
758948
758965
758967
-759138
-759140
759158
-759329
759349
-759520
-759711
767633
767634
-767645
767649
767821
767822
-767839
767995
768009
768010
-768030
768034
768182
768183
-768185
768189
768192
768195
768197
768198
-768224
-768415
768419
-768609
768613
768616
-770150
-770153
-770156
-770159
-770337
770349
-770353
770543
-770547
770737
770928
-770932
771122
-771295
771299
771313
-771489
771504
-771508
-771680
771698
-771871
-772062
682509
682512
694477
694480
694481
-694669
706636
-706641
706827
-706832
-706835
731921
-732111
-732302
-744839
744679
756647
634076
766847
766850
766853
766856
767038
767041
767044
767047
767050
767053
767056
767229
767232
767235
767238
767241
767244
767247
767250
767420
767423
767426
767429
767432
767435
767438
767441
767444
767611
767614
767617
767620
767623
767626
767629
767632
767635
767650
767653
767656
767802
767805
767808
767811
767814
767817
767820
767823
767844
767847
767850
767993
767996
767999
768002
768005
768008
768011
768035
768038
768041
768044
768184
768190
768193
768196
768199
768229
768232
768235
768420
768423
768426
768614
768617
770342
770345
770348
770351
770533
770536
770539
770542
770545
770724
770727
770730
770733
770736
770739
770915
770918
770921
770924
770927
770930
771109
771112
771115
771118
771121
771124
771300
771303
771306
771309
771312
771315
771494
771497
771500
771503
771506
771685
771688
771691
771694
771697
771700
771876
771879
771882
771885
771888
771891
772067
772070
772073
772076
772079
772261
772264
-732491
-694083
-694084
-547628
-547629
-547630
-523316
-523319
-523504
-523507
-523510
535477
-535482
535663
535666
535668
535669
-535852
-535855
-535858
-535861
547640
547641
547828
-547833
548011
548014
548017
548019
548020
-548203
-548206
-548209
559609
-559614
559800
559991
559992
560179
560180
560362
560365
560367
560368
-560554
571773
571960
-571965
572151
572152
572339
572340
572519
572525
572527
572528
-572709
-572711
572712
572713
-572717
-572872
-572875
-572878
-572881
-572884
-573066
-573069
-573072
-573075
-573078
584123
584124
584311
584312
584499
584500
584687
584688
-584692
-584863
-584865
584867
584870
584873
584875
584876
-584880
-585027
-585029
585031
585045
-585050
-585059
-585062
-585065
-585068
-585220
-585221
-585223
585225
585228
585231
585234
585236
585237
-585241
-585244
-585411
-585414
-585417
-585420
-585423
-585426
-585429
-585432
-585435
-585605
-585608
-585611
-585614
-585617
-585620
-585623
-585626
-585802
-585805
-585808
-585811
-585814
-587360
-587551
595905
595906
596092
596283
596284
596285
596471
596472
596659
596850
596851
596852
-597020
597024
597038
597039
-597184
-597186
597208
-597212
-597213
-597214
-597216
597218
597221
597224
597226
597227
-597375
-597377
597402
-597407
-597566
-597568
597570
597593
-597598
-597760
-597762
597764
597767
597784
597785
-597789
-597956
-597957
-597959
597961
597964
597967
597970
597972
597973
-597977
-597980
-598153
-598156
-598159
-598162
-598165
-598168
-598350
-598353
-599137
-599138
599327
-599332
599518
-599523
599709
-599714
608061
608252
608253
608440
608631
608632
608819
608820
609007
-609153
-609154
-609155
609177
-609180
-609181
-609182
609198
609199
-609341
-609343
609378
609381
609384
609386
609387
-609532
-609534
609565
-609723
-609725
609727
609756
-609916
-609917
-609919
609921
609947
-610111
-610113
610115
610118
-610307
-610308
-610310
610312
610315
610324
610327
-610504
-610505
-610507
610509
610511
610512
-610516
-610519
-611106
611296
-611300
-611301
611490
-611495
611681
-611686
611872
-611877
620221
620412
620413
620600
620791
620792
620793
620979
620980
-621123
621167
-621310
-621311
621358
621359
-621498
621538
621546
621547
-621689
-621691
621725
-621880
-621882
-622071
622075
622078
-622267
-622268
-622270
622272
-622461
-622462
-622464
622466
622469
-622658
-622659
-622661
622663
622666
622669
622672
622675
622678
-622858
-622861
-622864
-622867
-623266
-623269
623459
-623463
623653
623844
624035
632381
-632386
632572
632573
632760
632761
632948
-632953
633139
633140
-633282
-633283
633327
-633470
-633471
-633472
633518
633519
-633658
-633659
-633660
633706
633707
634041
-634231
-634233
-634422
-634424
634426
-634616
-634618
634620
634623
-634812
-634813
-634815
634817
634820
634823
634838
-635009
-635012
-635013
-635015
635017
635020
635023
635025
635026
-635030
-635209
-635212
-635215
-635426
-635429
635619
635621
-635623
635813
636004
636195
636386
644544
644545
644732
644733
644920
645111
645112
645299
645300
-645440
-645443
-645444
645487
-645627
-645628
645678
645679
645866
645867
646583
-646773
-646775
646777
-646967
-646969
646971
646974
-647164
-647166
647168
647171
647174
647186
647189
-647363
-647364
-647366
647368
647371
647373
647374
-647780
-647783
647969
647972
647973
647975
648160
648164
648351
648355
648545
648546
656704
656705
656892
656893
657080
-657085
657271
657272
657459
657460
-657599
-657600
657647
-657652
-657787
-657788
657838
657839
658026
658934
-659124
659128
659131
-659321
659325
659328
659346
659349
-659518
659522
659525
659528
659531
659533
659534
-660131
-660134
-660318
660324
-660509
660513
660515
-660703
660706
668864
668865
669052
669243
669244
669431
669432
669619
-669760
669810
669811
669812
-669947
669998
669999
670000
670186
671506
671509
671682
671685
671688
671691
671693
671694
-672274
-672294
-672462
672484
-672669
-672671
672673
672675
-672859
-672862
-672863
-672865
672866
672867
681024
681025
681026
681212
681403
681404
681405
681591
681592
681779
681780
681967
681968
681969
682154
682155
682157
-684240
-684242
-684243
-684245
-684246
-684428
-684429
-684430
-684431
-684617
-684619
684644
684646
-684808
-684810
684823
-684826
-684827
-684828
684835
-685001
685018
685021
685024
685026
685027
685203
685205
685206
-685210
-685213
-685216
-685392
693181
693372
693373
693560
693751
693752
693753
693937
693939
693940
693941
694120
694122
694123
694124
694125
694126
-696208
-696209
-696394
-696395
-696396
-696397
-696583
-696585
-696774
-696776
696801
-696805
-696965
-696967
696995
-697156
-697158
697160
697186
697187
-697350
-697352
697354
697357
697363
697366
697369
697372
697374
697375
-697546
-697547
-697549
697550
697551
-697555
-697558
-697561
705341
705532
705533
705720
705721
705908
705909
706088
706091
706094
706096
706097
-708740
-708742
708767
-708771
-708772
-708931
-708933
708961
-708965
-708966
-709122
-709124
709155
-709313
709317
709346
709347
-709351
-709507
709511
709532
709534
709535
-709539
-709701
709705
709708
709711
709714
709717
709719
709720
-709742
-709745
717501
717692
717693
717880
717881
-718215
-718216
-718218
-718822
-718825
-718828
-719792
719978
720169
720170
720357
720358
720545
720736
-720740
-720897
720930
-720934
-721088
721124
-721129
-721279
721283
721315
-721319
-721320
-721323
-721326
-721329
-721473
721477
721509
721510
-721514
-721517
-721520
-721523
-721526
-721667
721671
721692
721695
721697
721698
-721702
-721705
-721708
-721710
-721711
-721713
-721714
-721717
-721861
721865
721866
721868
721871
721874
721875
721877
721878
721879
721880
721881
-721887
-721890
-721893
-721896
-721897
-721899
721903
-721908
-721911
-722084
-722087
722094
-722099
-722102
-722290
-722293
-722481
-722484
-722669
-722672
-730175
-730178
-730181
-730184
730374
-730378
-730379
-730381
-730790
-730793
-730796
730986
-730990
-730993
731183
731185
731374
731565
-731569
731759
731761
731950
731951
732138
-732143
732329
732330
732517
732518
732705
-732866
732896
-732900
-733057
733090
-733094
-733248
733287
-733291
-733294
-733297
-733439
733443
733487
-733491
-733492
-733494
-733633
733637
733684
-733827
733831
733832
733834
733843
733846
733849
733852
733875
-733879
-733880
-734024
734028
734029
734030
734031
734032
-734042
734046
734049
734069
-734074
-734239
734260
-734265
734440
734451
-734456
-734630
-734632
734642
734643
-734647
-734821
-734823
734825
734828
734830
734831
-734835
-734838
-735014
-735017
-735020
-735023
-735026
-735029
-735205
-735208
-735211
-735214
-742335
-742338
-742341
-742344
-742347
742537
-742541
-742544
-742741
742931
-742935
-742947
-742950
-742953
-742956
743127
-743132
743139
743146
743148
-743150
743321
743324
743340
-743344
743534
743536
743725
743916
-743920
744110
744112
744301
744302
744303
744489
744678
744865
745056
-745060
-745217
-745408
-745599
745603
745604
-745793
745797
745798
745800
745801
745810
-745990
745994
745995
745997
745998
746000
746001
746003
746004
746006
746007
746009
746010
746012
746013
-746202
746207
746232
746614
746805
746996
747185
747187
747188
747364
747367
747370
747372
747373
-747377
-747380
-747556
-747559
-747562
-747565
-747568
-747750
-754495
-754498
-754501
-754504
-754507
754697
754699
-754701
-754704
-754707
754897
754899
-754901
755091
755093
-755110
-755113
755282
-755286
-755295
-755297
-755298
755302
755303
755305
-755307
-755310
755476
-755480
-755482
-755483
755499
755500
755502
755691
755693
-755695
755885
755887
756026
756076
756078
-756216
756220
756267
756269
756458
756460
-757762
757766
757769
757778
-757959
757963
757964
757965
757966
757967
-757968
757972
757973
757975
757976
757978
757979
757981
-758171
758175
758176
-758365
758369
758370
-758559
759156
759347
759538
759539
759715
759721
759724
759726
759727
-759731
-759905
-759907
759908
759909
-759913
-759916
-759919
-760101
-760104
-766655
-766658
-766661
-766664
766854
-766858
-766861
-766864
767054
-767058
767248
-767252
767442
-767458
-767461
-767464
767654
-767658
767848
-767852
768042
768233
768424
768615
-770528
-770719
-770910
771889
771890
772066
772075
772077
772078
-772256
772260
772262
772263
-657626
-657627
-669595
-669786
-669787
-681755
-681944
-681946
-681947
646047
658015
658202
680993
-693151
682303
682306
-694270
-694272
694274
-694464
-694466
706431
-706620
-706621
-706623
706625
-706814
-706817
658016
669984
670171
-670174
770914
-771104
694287
706442
-706446
-706447
621342
633310
633497
-633500
-633501
-633502
)


// ************************************************************************* //
