/*--------------------------------*- C++ -*----------------------------------*\
  =========                 |
  \\      /  F ield         | OpenFOAM: The Open Source CFD Toolbox
   \\    /   O peration     | Website:  https://openfoam.org
    \\  /    A nd           | Version:  6
     \\/     M anipulation  |
\*---------------------------------------------------------------------------*/
FoamFile
{
    version     2.0;
    format      ascii;
    class       labelList;
    note        "nPoints:4190  nCells:2717  nFaces:9482  nInternalFaces:6820";
    location    "constant/region441/polyMesh";
    object      neighbour;
}
// * * * * * * * * * * * * * * * * * * * * * * * * * * * * * * * * * * * * * //


6820
(
1
3
9
2
4
10
5
11
4
14
5
15
16
7
10
27
8
11
28
12
29
10
14
31
11
15
32
12
16
33
34
14
17
35
15
18
36
16
19
37
20
38
18
41
19
42
20
43
44
22
26
51
23
27
52
24
28
53
29
54
26
30
57
27
31
58
28
32
59
29
33
60
34
61
31
35
64
32
36
65
33
37
66
34
38
67
39
68
36
41
70
37
42
71
38
43
72
39
44
73
74
41
75
42
45
76
43
46
77
44
47
78
79
46
81
47
82
83
49
86
50
56
87
51
57
88
52
58
89
53
59
90
54
60
91
55
61
92
62
93
57
63
95
58
64
96
59
65
97
60
66
98
61
67
99
62
68
100
101
64
69
103
65
70
104
66
71
105
67
72
106
68
73
107
74
108
70
75
111
71
76
112
72
77
113
73
78
114
74
79
115
116
76
80
118
77
81
119
78
82
120
79
83
121
122
81
124
82
84
125
83
126
127
130
86
143
87
94
144
88
95
145
89
96
146
90
97
147
91
98
148
92
99
149
93
100
150
101
151
95
102
154
96
103
155
97
104
156
98
105
157
99
106
158
100
107
159
101
108
160
109
161
103
110
163
104
111
164
105
112
165
106
113
166
107
114
167
108
115
168
109
116
169
170
111
117
172
112
118
173
113
119
174
114
120
175
115
121
176
116
122
177
178
118
123
180
119
124
181
120
125
182
121
126
183
122
127
184
185
124
128
187
125
129
188
126
130
189
127
131
190
191
129
195
130
196
131
197
198
133
201
134
138
202
135
139
203
136
140
204
137
141
205
142
206
139
214
140
215
141
216
142
217
218
144
153
247
145
154
248
146
155
249
147
156
250
148
157
251
149
158
252
150
159
253
151
160
254
152
161
255
154
162
257
155
163
258
156
164
259
157
165
260
158
166
261
159
167
262
160
168
263
161
169
264
170
265
163
171
266
164
172
267
165
173
268
166
174
269
167
175
270
168
176
271
169
177
272
170
178
273
172
179
274
173
180
275
174
181
276
175
182
277
176
183
278
177
184
279
178
185
280
281
180
186
282
181
187
283
182
188
284
183
189
285
184
190
286
185
191
287
192
288
187
194
289
188
195
290
189
196
291
190
197
292
191
198
293
192
199
294
202
297
195
303
196
208
304
197
209
305
198
210
306
199
211
307
308
201
212
310
202
213
311
203
214
312
204
215
313
205
216
314
206
217
315
207
218
316
219
317
209
320
210
321
211
322
323
213
221
325
214
222
326
215
223
327
216
224
328
217
225
329
218
226
330
219
227
331
220
228
332
229
333
222
336
223
230
337
224
231
338
225
232
339
226
233
340
227
234
341
228
235
342
229
236
343
237
344
231
347
232
348
233
238
349
234
239
350
235
240
351
236
241
352
237
242
353
354
239
358
240
359
241
360
242
361
362
244
376
245
379
381
247
256
383
248
257
384
249
258
385
250
259
386
251
260
387
252
261
388
253
262
389
254
263
390
255
264
391
265
392
257
393
258
266
394
259
267
395
260
268
396
261
269
397
262
270
398
263
271
399
264
272
400
265
273
401
402
267
274
404
268
275
405
269
276
406
270
277
407
271
278
408
272
279
409
273
280
410
281
411
275
282
412
276
283
413
277
284
414
278
285
415
279
286
416
280
287
417
281
288
418
419
283
289
420
284
290
421
285
291
422
286
292
423
287
293
424
288
294
425
426
290
303
428
291
304
429
292
305
430
293
306
431
294
307
432
308
433
296
310
435
297
311
436
298
312
437
299
313
438
300
314
439
301
315
440
302
316
441
317
442
304
319
444
305
320
445
306
321
446
307
322
447
308
323
448
449
310
324
451
311
325
452
312
326
453
313
327
454
314
328
455
315
329
456
316
330
457
317
331
458
318
332
459
319
333
460
320
334
461
321
462
322
463
323
464
465
325
335
467
326
336
468
327
337
469
328
338
470
329
339
471
330
340
472
331
341
473
332
342
474
333
343
475
334
344
476
345
477
336
479
337
346
480
338
347
481
339
348
482
340
349
483
341
350
484
342
351
485
343
352
486
344
353
487
345
354
488
355
489
347
492
348
356
493
349
357
494
350
358
495
351
359
496
352
360
497
353
361
498
354
362
499
355
363
500
364
501
357
503
358
504
359
365
505
360
366
506
361
367
507
362
368
508
363
369
509
364
370
510
511
366
514
367
515
368
371
516
369
372
517
370
518
519
372
522
523
374
375
376
526
376
378
528
377
379
529
380
530
379
532
380
381
533
382
534
382
536
537
384
393
540
385
394
541
386
395
542
387
396
543
388
397
544
389
398
545
390
399
546
391
400
547
392
401
548
402
549
394
403
550
395
404
551
396
405
552
397
406
553
398
407
554
399
408
555
400
409
556
401
410
557
402
411
558
559
404
560
405
412
561
406
413
562
407
414
563
408
415
564
409
416
565
410
417
566
411
418
567
419
568
413
420
570
414
421
571
415
422
572
416
423
573
417
424
574
418
425
575
419
426
576
421
428
578
422
429
579
423
430
580
424
431
581
425
432
582
426
433
583
584
428
443
586
429
444
587
430
445
588
431
446
589
432
447
590
433
448
591
449
592
435
451
593
436
452
594
437
453
595
438
454
596
439
455
597
440
456
598
441
457
599
442
458
600
443
459
601
444
460
445
461
602
446
462
603
447
463
604
448
464
605
449
465
606
607
451
466
608
452
467
609
453
468
610
454
469
611
455
470
612
456
471
613
457
472
614
458
473
615
459
474
616
460
475
617
461
476
618
462
477
619
463
620
464
621
465
622
623
467
478
625
468
479
626
469
480
627
470
481
628
471
482
629
472
483
630
473
484
631
474
485
632
475
486
633
476
487
634
477
488
635
489
636
479
490
638
480
491
639
481
492
640
482
493
641
483
494
642
484
495
643
485
496
644
486
497
645
487
498
646
488
499
647
489
500
648
501
649
491
650
492
651
493
502
652
494
503
653
495
504
654
496
505
655
497
506
656
498
507
657
499
508
658
500
509
659
501
510
660
511
661
503
664
504
512
665
505
513
666
506
514
667
507
515
668
508
516
669
509
517
670
510
518
671
511
519
672
673
513
676
514
677
515
520
678
516
521
679
517
522
680
518
523
681
519
524
682
525
683
521
686
522
687
523
688
524
689
525
690
691
527
529
696
530
697
529
532
698
530
533
699
531
534
700
535
701
533
702
534
536
703
535
537
704
538
705
537
706
538
707
708
540
711
541
550
712
542
551
713
543
552
714
544
553
715
545
554
716
546
555
717
547
556
718
548
557
719
549
558
720
559
721
551
560
723
552
561
724
553
562
725
554
563
726
555
564
727
556
565
728
557
566
729
558
567
730
559
568
731
732
561
569
733
562
570
734
563
571
735
564
572
736
565
573
737
566
574
738
567
575
739
568
576
740
741
570
577
742
571
578
743
572
579
744
573
580
745
574
581
746
575
582
747
576
583
748
584
749
578
586
751
579
587
752
580
588
753
581
589
754
582
590
755
583
591
756
584
592
757
758
594
587
759
588
602
760
589
603
761
590
604
762
591
605
763
592
606
764
607
765
594
609
767
595
610
768
596
611
769
597
612
770
598
613
771
599
614
772
600
615
773
601
616
774
617
775
603
619
777
604
620
778
605
621
779
606
622
780
607
623
781
782
609
625
784
610
626
785
611
627
786
612
628
787
613
629
788
614
630
789
615
631
790
616
632
791
617
633
792
618
634
793
619
635
794
620
636
795
621
796
622
797
623
798
799
625
637
800
626
638
801
627
639
802
628
640
803
629
641
804
630
642
805
631
643
806
632
644
807
633
645
808
634
646
809
635
647
810
636
648
811
649
812
638
813
639
650
814
640
651
815
641
652
816
642
653
817
643
654
818
644
655
819
645
656
820
646
657
821
647
658
822
648
659
823
649
660
824
661
825
651
662
827
652
663
828
653
664
829
654
665
830
655
666
831
656
667
832
657
668
833
658
669
834
659
670
835
660
671
836
661
672
837
673
663
839
664
674
840
665
675
841
666
676
842
667
677
843
668
678
844
669
679
845
670
680
846
671
681
847
672
682
848
673
683
849
850
675
852
676
853
677
684
854
678
685
855
679
686
856
680
687
857
681
688
858
682
689
859
683
690
860
691
861
685
865
686
866
687
867
688
692
868
689
693
869
690
694
870
691
695
871
872
693
876
694
877
695
878
879
697
699
700
699
702
700
703
884
701
704
885
705
886
703
704
706
887
705
707
888
708
889
707
890
708
709
891
710
892
710
893
894
712
895
713
723
896
714
724
897
715
725
898
716
726
899
717
727
900
718
728
901
719
729
902
720
730
903
721
731
904
722
732
905
906
724
733
908
725
734
909
726
735
910
727
736
911
728
737
912
729
738
913
730
739
914
731
740
915
732
741
916
917
734
742
918
735
743
919
736
744
920
737
745
921
738
746
922
739
747
923
740
748
924
741
749
925
750
926
743
751
927
744
752
928
745
753
929
746
754
930
747
755
931
748
756
932
749
757
933
750
758
934
935
752
759
936
753
760
937
754
761
938
755
762
939
756
763
940
757
764
941
758
765
942
943
760
776
946
761
777
947
762
778
948
763
779
949
764
780
950
765
781
951
782
952
767
784
953
768
785
954
769
786
955
770
787
956
771
788
957
772
789
958
773
790
959
774
791
960
775
792
961
776
793
962
777
794
963
778
795
964
779
796
965
780
797
966
781
798
967
782
799
968
969
784
800
970
785
801
971
786
802
972
787
803
973
788
804
974
789
805
975
790
806
976
791
807
977
792
808
978
793
809
979
794
810
980
795
811
981
796
812
982
797
983
798
984
799
985
986
801
813
987
802
814
988
803
815
989
804
816
990
805
817
991
806
818
992
807
819
993
808
820
994
809
821
995
810
822
996
811
823
997
812
824
998
825
814
826
999
815
827
1000
816
828
1001
817
829
1002
818
830
1003
819
831
1004
820
832
1005
821
833
1006
822
834
1007
823
835
1008
824
836
1009
825
837
1010
827
838
1011
828
839
1012
829
840
1013
830
841
1014
831
842
1015
832
843
1016
833
844
1017
834
845
1018
835
846
1019
836
847
1020
837
848
1021
849
1022
839
1023
840
851
1024
841
852
1025
842
853
1026
843
854
1027
844
855
1028
845
856
1029
846
857
1030
847
858
1031
848
859
1032
849
860
1033
850
861
1034
862
1035
852
1037
853
863
1038
854
864
1039
855
865
1040
856
866
1041
857
867
1042
858
868
1043
859
869
1044
860
870
1045
861
871
1046
862
872
1047
1048
864
1050
865
1051
866
873
1052
867
874
1053
868
875
1054
869
876
1055
870
877
1056
871
878
1057
872
879
1058
880
1059
874
1061
875
1062
876
1063
877
881
1064
878
882
1065
879
883
1066
880
1067
1068
882
1071
883
1072
1073
885
887
886
888
889
888
890
889
891
1074
892
1075
891
892
893
1076
894
1077
894
1078
896
907
1079
897
908
1080
898
909
1081
899
910
1082
900
911
1083
901
912
1084
902
913
1085
903
914
1086
904
915
1087
905
916
1088
906
917
1089
1090
908
1091
909
918
1092
910
919
1093
911
920
1094
912
921
1095
913
922
1096
914
923
1097
915
924
1098
916
925
1099
917
926
1100
1101
919
927
1102
920
928
1103
921
929
1104
922
930
1105
923
931
1106
924
932
1107
925
933
1108
926
934
1109
935
1110
928
936
1112
929
937
1113
930
938
1114
931
939
1115
932
940
1116
933
941
1117
934
942
1118
935
943
1119
1120
937
946
1121
938
947
1122
939
948
1123
940
949
1124
941
950
1125
942
951
1126
943
952
1127
1128
945
954
955
1129
947
963
1133
948
964
1134
949
965
1135
950
966
1136
951
967
1137
952
968
1138
969
1139
954
971
1141
955
972
1142
956
973
1143
957
974
1144
958
975
1145
959
976
1146
960
977
1147
961
978
1148
962
979
1149
963
980
1150
964
981
1151
965
982
1152
966
983
1153
967
984
1154
968
985
1155
969
986
1156
1157
971
987
972
988
1158
973
989
1159
974
990
1160
975
991
1161
976
992
1162
977
993
1163
978
994
1164
979
995
1165
980
996
1166
981
997
1167
982
998
1168
983
984
1169
985
1170
986
1171
1172
988
999
1173
989
1000
1174
990
1001
1175
991
1002
1176
992
1003
1177
993
1004
1178
994
1005
1179
995
1006
1180
996
1007
1181
997
1008
1182
998
1009
1183
1010
1184
1000
1011
1185
1001
1012
1186
1002
1013
1187
1003
1014
1188
1004
1015
1189
1005
1016
1190
1006
1017
1191
1007
1018
1192
1008
1019
1193
1009
1020
1194
1010
1021
1195
1022
1196
1012
1023
1197
1013
1024
1198
1014
1025
1199
1015
1026
1200
1016
1027
1201
1017
1028
1202
1018
1029
1203
1019
1030
1204
1020
1031
1205
1021
1032
1206
1022
1033
1207
1034
1208
1024
1036
1209
1025
1037
1210
1026
1038
1211
1027
1039
1212
1028
1040
1213
1029
1041
1214
1030
1042
1215
1031
1043
1216
1032
1044
1217
1033
1045
1218
1034
1046
1219
1035
1047
1220
1048
1037
1221
1038
1049
1222
1039
1050
1223
1040
1051
1224
1041
1052
1225
1042
1053
1226
1043
1054
1227
1044
1055
1228
1045
1056
1229
1046
1057
1230
1047
1058
1231
1048
1059
1232
1050
1233
1051
1234
1052
1060
1235
1053
1061
1236
1054
1062
1237
1055
1063
1238
1056
1064
1239
1057
1065
1240
1058
1066
1241
1059
1067
1242
1068
1243
1061
1062
1244
1063
1069
1245
1064
1070
1246
1065
1071
1247
1066
1072
1248
1067
1073
1249
1068
1250
1251
1070
1252
1071
1253
1072
1254
1073
1255
1256
1075
1076
1077
1257
1077
1258
1078
1259
1260
1080
1091
1261
1081
1092
1262
1082
1093
1263
1083
1094
1264
1084
1095
1265
1085
1096
1266
1086
1097
1267
1087
1098
1268
1088
1099
1269
1089
1100
1270
1090
1101
1271
1272
1092
1093
1102
1273
1094
1103
1274
1095
1104
1275
1096
1105
1276
1097
1106
1277
1098
1107
1278
1099
1108
1279
1100
1109
1280
1101
1110
1281
1111
1282
1103
1112
1283
1104
1113
1284
1105
1114
1285
1106
1115
1286
1107
1116
1287
1108
1117
1288
1109
1118
1289
1110
1119
1290
1111
1120
1291
1292
1113
1121
1293
1114
1122
1294
1115
1123
1295
1116
1124
1296
1117
1125
1297
1118
1126
1298
1119
1127
1299
1120
1128
1300
1301
1122
1133
1302
1123
1134
1303
1124
1135
1304
1125
1136
1305
1126
1137
1306
1127
1138
1307
1128
1139
1308
1140
1309
1130
1143
1131
1144
1310
1132
1145
1311
1146
1134
1151
1312
1135
1152
1313
1136
1153
1314
1137
1154
1315
1138
1155
1316
1139
1156
1317
1140
1157
1318
1142
1158
1143
1159
1319
1144
1160
1320
1145
1161
1321
1146
1162
1322
1147
1163
1323
1148
1164
1324
1149
1165
1325
1150
1166
1326
1151
1167
1327
1152
1168
1328
1153
1329
1154
1169
1330
1155
1170
1331
1156
1171
1332
1157
1172
1333
1159
1174
1334
1160
1175
1335
1161
1176
1336
1162
1177
1337
1163
1178
1338
1164
1179
1339
1165
1180
1340
1166
1181
1341
1167
1182
1342
1168
1183
1343
1184
1344
1170
1171
1172
1174
1185
1175
1186
1345
1176
1187
1346
1177
1188
1347
1178
1189
1348
1179
1190
1349
1180
1191
1350
1181
1192
1351
1182
1193
1352
1183
1194
1353
1184
1195
1354
1196
1186
1197
1187
1198
1188
1199
1355
1189
1200
1356
1190
1201
1357
1191
1202
1358
1192
1203
1359
1193
1204
1360
1194
1205
1361
1195
1206
1362
1196
1207
1363
1208
1198
1209
1199
1210
1200
1211
1364
1201
1212
1365
1202
1213
1203
1214
1204
1215
1205
1216
1366
1206
1217
1367
1207
1218
1368
1208
1219
1369
1220
1210
1221
1211
1222
1212
1223
1213
1224
1214
1225
1215
1226
1216
1227
1217
1228
1370
1218
1229
1371
1219
1230
1372
1220
1231
1373
1232
1222
1223
1233
1224
1234
1225
1235
1226
1236
1227
1237
1228
1238
1229
1239
1230
1240
1374
1231
1241
1375
1232
1242
1376
1243
1234
1235
1236
1237
1244
1238
1245
1239
1246
1240
1247
1241
1248
1242
1249
1243
1250
1251
1245
1246
1252
1247
1253
1248
1254
1249
1255
1250
1256
1251
1253
1254
1255
1256
1259
1383
1259
1390
1260
1391
1399
1262
1263
1273
1402
1264
1274
1403
1265
1275
1404
1266
1276
1405
1267
1277
1406
1268
1278
1407
1269
1279
1408
1270
1280
1409
1271
1281
1410
1272
1282
1411
1274
1283
1275
1284
1412
1276
1285
1413
1277
1286
1414
1278
1287
1415
1279
1288
1416
1280
1289
1417
1281
1290
1418
1282
1291
1419
1292
1420
1284
1293
1285
1294
1421
1286
1295
1422
1287
1296
1423
1288
1297
1424
1289
1298
1425
1290
1299
1426
1291
1300
1427
1292
1301
1428
1294
1302
1295
1303
1296
1304
1429
1297
1305
1430
1298
1306
1431
1299
1307
1432
1300
1308
1433
1301
1309
1434
1435
1303
1312
1304
1313
1305
1314
1436
1306
1315
1437
1307
1316
1438
1308
1317
1439
1309
1318
1440
1441
1311
1321
1322
1313
1328
1314
1329
1315
1330
1316
1331
1442
1317
1332
1443
1318
1333
1444
1320
1335
1445
1321
1336
1446
1322
1337
1447
1323
1338
1448
1324
1339
1449
1325
1340
1326
1341
1327
1342
1328
1343
1329
1344
1330
1331
1332
1333
1335
1345
1336
1346
1337
1347
1450
1338
1348
1451
1339
1349
1452
1340
1350
1453
1341
1351
1454
1342
1352
1343
1353
1344
1354
1346
1347
1355
1348
1356
1349
1357
1350
1358
1351
1359
1352
1360
1353
1361
1354
1362
1363
1356
1364
1357
1365
1358
1359
1360
1361
1366
1362
1367
1363
1368
1369
1365
1367
1370
1368
1371
1369
1372
1373
1371
1372
1374
1373
1375
1376
1375
1376
1378
1380
1461
1381
1462
1380
1384
1466
1381
1385
1467
1386
1468
1383
1390
1473
1391
1385
1475
1386
1392
1476
1387
1393
1477
1388
1394
1478
1395
1479
1390
1397
1481
1391
1398
1482
1399
1483
1393
1486
1394
1487
1395
1400
1488
1396
1401
1489
1397
1490
1398
1491
1399
1492
1493
1401
1497
1498
1403
1404
1412
1503
1405
1413
1504
1406
1414
1505
1407
1415
1506
1408
1416
1507
1409
1417
1508
1410
1418
1509
1411
1419
1510
1420
1511
1413
1421
1512
1414
1422
1513
1415
1423
1514
1416
1424
1515
1417
1425
1516
1418
1426
1517
1419
1427
1518
1420
1428
1519
1520
1422
1423
1429
1521
1424
1430
1522
1425
1431
1523
1426
1432
1524
1427
1433
1525
1428
1434
1526
1435
1527
1430
1436
1431
1437
1528
1432
1438
1529
1433
1439
1530
1434
1440
1531
1435
1441
1532
1437
1438
1442
1533
1439
1443
1534
1440
1444
1535
1441
1536
1443
1444
1446
1541
1447
1450
1542
1448
1451
1543
1449
1452
1544
1453
1451
1546
1452
1547
1453
1548
1454
1549
1456
1460
1559
1457
1461
1560
1458
1462
1561
1463
1562
1460
1465
1566
1461
1466
1567
1462
1467
1568
1463
1468
1569
1464
1469
1570
1470
1571
1466
1474
1575
1467
1475
1576
1468
1476
1577
1469
1477
1578
1470
1478
1579
1471
1479
1580
1472
1480
1581
1473
1481
1582
1482
1583
1475
1484
1585
1476
1485
1586
1477
1486
1587
1478
1487
1588
1479
1488
1589
1480
1489
1590
1481
1490
1591
1482
1491
1592
1483
1492
1593
1493
1594
1485
1596
1486
1494
1597
1487
1495
1598
1488
1496
1599
1489
1497
1600
1490
1498
1601
1491
1499
1602
1492
1500
1603
1493
1501
1604
1605
1495
1607
1496
1608
1497
1502
1609
1498
1610
1499
1611
1500
1612
1501
1613
1614
1617
1504
1512
1505
1513
1506
1514
1621
1507
1515
1622
1508
1516
1623
1509
1517
1624
1510
1518
1625
1511
1519
1626
1520
1627
1513
1514
1521
1515
1522
1628
1516
1523
1629
1517
1524
1630
1518
1525
1631
1519
1526
1632
1520
1527
1633
1634
1522
1523
1528
1524
1529
1525
1530
1635
1526
1531
1636
1527
1532
1637
1638
1529
1533
1530
1534
1531
1535
1639
1532
1536
1534
1535
1536
1538
1541
1642
1539
1542
1643
1543
1644
1541
1647
1542
1545
1648
1543
1546
1649
1544
1547
1650
1548
1651
1546
1655
1547
1656
1548
1550
1657
1549
1551
1658
1552
1659
1551
1665
1552
1666
1667
1554
1559
1730
1555
1560
1731
1556
1561
1732
1562
1733
1558
1565
1737
1559
1566
1738
1560
1567
1739
1561
1568
1740
1562
1569
1741
1563
1570
1742
1564
1571
1743
1572
1744
1566
1574
1747
1567
1575
1748
1568
1576
1749
1569
1577
1750
1570
1578
1751
1571
1579
1752
1572
1580
1753
1573
1581
1754
1582
1755
1575
1584
1758
1576
1585
1759
1577
1586
1760
1578
1587
1761
1579
1588
1762
1580
1589
1763
1581
1590
1764
1582
1591
1765
1583
1592
1766
1593
1767
1585
1595
1770
1586
1596
1771
1587
1597
1772
1588
1598
1773
1589
1599
1774
1590
1600
1775
1591
1601
1776
1592
1602
1777
1593
1603
1778
1594
1604
1779
1605
1780
1596
1781
1597
1606
1782
1598
1607
1783
1599
1608
1784
1600
1609
1785
1601
1610
1786
1602
1611
1787
1603
1612
1788
1604
1613
1789
1605
1614
1790
1791
1607
1793
1608
1615
1794
1609
1616
1795
1610
1617
1796
1611
1618
1797
1612
1619
1798
1613
1620
1799
1614
1800
1801
1616
1803
1617
1804
1618
1805
1619
1806
1620
1807
1808
1622
1628
1623
1629
1624
1630
1625
1631
1626
1632
1627
1633
1634
1629
1630
1631
1635
1632
1636
1633
1637
1634
1638
1636
1639
1637
1638
1641
1646
1816
1642
1647
1817
1643
1648
1818
1644
1649
1819
1645
1650
1820
1651
1821
1647
1653
1823
1648
1654
1824
1649
1655
1825
1650
1656
1826
1651
1657
1827
1652
1658
1828
1659
1829
1654
1661
1831
1655
1662
1832
1656
1663
1833
1657
1664
1834
1658
1665
1835
1659
1666
1836
1660
1667
1837
1668
1838
1662
1843
1663
1670
1844
1664
1671
1845
1665
1672
1846
1666
1673
1847
1667
1674
1848
1668
1675
1849
1669
1676
1850
1677
1851
1671
1863
1672
1864
1673
1865
1674
1866
1675
1867
1676
1868
1677
1869
1678
1681
1870
1682
1871
1680
1688
1877
1689
1878
1682
1889
1683
1890
1684
1691
1891
1685
1692
1892
1686
1693
1893
1687
1694
1894
1688
1695
1895
1689
1696
1896
1690
1697
1897
1698
1898
1692
1907
1693
1699
1908
1694
1700
1909
1695
1701
1910
1696
1702
1911
1697
1703
1912
1698
1704
1913
1705
1914
1700
1919
1701
1706
1920
1702
1707
1921
1703
1708
1922
1704
1709
1923
1705
1710
1924
1711
1925
1707
1714
1930
1708
1715
1931
1709
1716
1932
1710
1717
1933
1711
1718
1934
1712
1719
1935
1720
1936
1714
1722
1938
1715
1723
1939
1716
1724
1940
1717
1725
1941
1718
1726
1942
1719
1727
1943
1720
1728
1944
1945
1722
1730
1946
1723
1731
1947
1724
1732
1948
1725
1733
1949
1726
1734
1950
1727
1735
1951
1728
1736
1952
1953
1730
1738
1955
1731
1739
1956
1732
1740
1957
1733
1741
1958
1734
1742
1959
1735
1743
1960
1736
1744
1961
1745
1962
1738
1747
1964
1739
1748
1965
1740
1749
1966
1741
1750
1967
1742
1751
1968
1743
1752
1969
1744
1753
1970
1745
1754
1971
1755
1972
1747
1757
1973
1748
1758
1974
1749
1759
1975
1750
1760
1976
1751
1761
1977
1752
1762
1978
1753
1763
1979
1754
1764
1980
1755
1765
1981
1756
1766
1982
1767
1983
1758
1769
1984
1759
1770
1985
1760
1771
1986
1761
1772
1987
1762
1773
1988
1763
1774
1989
1764
1775
1990
1765
1776
1991
1766
1777
1992
1767
1778
1993
1768
1779
1994
1780
1995
1770
1997
1771
1781
1998
1772
1782
1999
1773
1783
2000
1774
1784
2001
1775
1785
2002
1776
1786
2003
1777
1787
2004
1778
1788
2005
1779
1789
2006
1780
1790
2007
1791
2008
1782
2013
1783
1793
2014
1784
1794
2015
1785
1795
2016
1786
1796
2017
1787
1797
2018
1788
1798
2019
1789
1799
2020
1790
1800
2021
1791
1801
2022
1792
1802
2023
2024
1794
2030
1795
1803
2031
1796
1804
2032
1797
1805
2033
1798
1806
2034
1799
1807
2035
1800
1808
2036
1801
2037
1802
2038
2039
1804
1805
2046
1806
2047
1807
1808
1810
2053
1811
2054
2061
1813
1816
2077
1814
1817
2078
1815
1818
2079
1819
2080
1817
1823
2082
1818
1824
2083
1819
1825
2084
1820
1826
2085
1821
1827
2086
1822
1828
2087
1829
2088
1824
1831
2089
1825
1832
2090
1826
1833
2091
1827
1834
2092
1828
1835
2093
1829
1836
2094
1830
1837
2095
1838
2096
1832
1843
2098
1833
1844
2099
1834
1845
2100
1835
1846
2101
1836
1847
2102
1837
1848
2103
1838
1849
2104
1839
1850
2105
1851
2106
1841
1857
2109
1842
1858
2110
1859
2111
1844
1862
2112
1845
1863
2113
1846
1864
2114
1847
1865
2115
1848
1866
2116
1849
1867
2117
1850
1868
2118
1851
1869
2119
1852
1870
2120
1853
1871
2121
1854
1872
2122
1855
1873
2123
1856
1874
2124
1857
1875
2125
1858
1876
2126
1859
1877
2127
1860
1878
2128
1861
1879
2129
1880
1863
1881
2130
1864
1882
2131
1865
1883
2132
1866
1884
2133
1867
1885
2134
1868
1886
2135
1869
1887
2136
1870
1888
2137
1871
1889
2138
1872
1890
2139
1873
1891
2140
1874
1892
2141
1875
1893
2142
1876
1894
2143
1877
1895
2144
1878
1896
2145
1879
1897
2146
1880
1898
2147
1899
2148
1882
2149
1883
2150
1884
2151
1885
1900
2152
1886
1901
2153
1887
1902
2154
1888
1903
2155
1889
1904
2156
1890
1905
2157
1891
1906
2158
1892
1907
2159
1893
1908
2160
1894
1909
2161
1895
1910
2162
1896
1911
2163
1897
1912
2164
1898
1913
2165
1899
1914
2166
1915
2167
1901
2171
1902
2172
1903
2173
1904
2174
1905
2175
1906
2176
1907
1917
2177
1908
1918
2178
1909
1919
2179
1910
1920
2180
1911
1921
2181
1912
1922
2182
1913
1923
2183
1914
1924
2184
1915
1925
2185
1916
1926
2186
1927
1918
1919
1928
1920
1929
2190
1921
1930
2191
1922
1931
2192
1923
1932
2193
1924
1933
2194
1925
1934
2195
1926
1935
2196
1927
1936
2197
2198
1929
1937
1930
1938
1931
1939
2199
1932
1940
2200
1933
1941
2201
1934
1942
2202
1935
1943
2203
1936
1944
2204
1945
2205
1938
1946
1939
1947
2207
1940
1948
2208
1941
1949
2209
1942
1950
2210
1943
1951
2211
1944
1952
2212
1945
1953
2213
2214
1947
1956
2215
1948
1957
2216
1949
1958
2217
1950
1959
2218
1951
1960
2219
1952
1961
2220
1953
1962
2221
2222
1955
1964
1956
1965
2223
1957
1966
2224
1958
1967
2225
1959
1968
2226
1960
1969
2227
1961
1970
2228
1962
1971
2229
1972
2230
1964
1973
2231
1965
1974
2232
1966
1975
2233
1967
1976
2234
1968
1977
2235
1969
1978
2236
1970
1979
2237
1971
1980
2238
1972
1981
2239
1982
2240
1974
1984
2241
1975
1985
2242
1976
1986
2243
1977
1987
2244
1978
1988
2245
1979
1989
2246
1980
1990
2247
1981
1991
2248
1982
1992
2249
1983
1993
2250
1994
2251
1985
1997
2252
1986
1998
2253
1987
1999
2254
1988
2000
2255
1989
2001
2256
1990
2002
2257
1991
2003
2258
1992
2004
2259
1993
2005
2260
1994
2006
2261
1995
2007
2262
1996
2008
2263
2009
1998
2264
1999
2013
2265
2000
2014
2266
2001
2015
2267
2002
2016
2268
2003
2017
2269
2004
2018
2270
2005
2019
2271
2006
2020
2272
2007
2021
2273
2008
2022
2274
2009
2023
2275
2010
2024
2276
2011
2025
2277
2012
2026
2278
2027
2279
2014
2281
2015
2030
2282
2016
2031
2283
2017
2032
2284
2018
2033
2285
2019
2034
2286
2020
2035
2287
2021
2036
2288
2022
2037
2289
2023
2038
2290
2024
2039
2291
2025
2040
2292
2026
2041
2293
2027
2042
2294
2028
2043
2295
2029
2044
2296
2045
2297
2031
2032
2298
2033
2046
2299
2034
2047
2300
2035
2301
2036
2302
2037
2303
2038
2304
2039
2048
2305
2040
2049
2306
2041
2050
2307
2042
2051
2308
2043
2052
2309
2044
2053
2310
2045
2054
2311
2055
2312
2047
2049
2314
2050
2315
2051
2057
2316
2052
2058
2317
2053
2059
2318
2054
2060
2319
2055
2061
2320
2056
2062
2321
2063
2322
2058
2324
2059
2064
2325
2060
2065
2326
2061
2066
2327
2062
2067
2328
2063
2068
2329
2069
2330
2065
2332
2066
2333
2067
2070
2334
2068
2071
2335
2069
2072
2336
2073
2337
2071
2074
2340
2072
2075
2341
2073
2076
2342
2343
2075
2346
2076
2347
2348
2078
2082
2361
2079
2083
2362
2080
2084
2363
2081
2085
2364
2086
2365
2083
2089
2366
2084
2090
2367
2085
2091
2368
2086
2092
2369
2087
2093
2370
2088
2094
2371
2095
2372
2090
2098
2374
2091
2099
2375
2092
2100
2376
2093
2101
2377
2094
2102
2378
2095
2103
2379
2096
2104
2380
2097
2105
2381
2106
2382
2099
2112
2383
2100
2113
2384
2101
2114
2385
2102
2115
2386
2103
2116
2387
2104
2117
2388
2105
2118
2389
2106
2119
2390
2107
2120
2391
2121
2109
2125
2110
2126
2392
2111
2127
2393
2128
2113
2130
2394
2114
2131
2395
2115
2132
2396
2116
2133
2397
2117
2134
2398
2118
2135
2399
2119
2136
2400
2120
2137
2401
2121
2138
2402
2122
2139
2403
2123
2140
2124
2141
2125
2142
2404
2126
2143
2405
2127
2144
2406
2128
2145
2407
2129
2146
2408
2147
2409
2131
2149
2410
2132
2150
2411
2133
2151
2412
2134
2152
2413
2135
2153
2414
2136
2154
2415
2137
2155
2416
2138
2156
2417
2139
2157
2418
2140
2158
2419
2141
2159
2420
2142
2160
2421
2143
2161
2422
2144
2162
2423
2145
2163
2424
2146
2164
2425
2147
2165
2426
2148
2166
2427
2167
2150
2168
2428
2151
2169
2429
2152
2170
2430
2153
2171
2431
2154
2172
2432
2155
2173
2433
2156
2174
2434
2157
2175
2435
2158
2176
2436
2159
2177
2160
2178
2161
2179
2162
2180
2437
2163
2181
2438
2164
2182
2439
2165
2183
2440
2166
2184
2441
2167
2185
2442
2186
2443
2169
2444
2170
2445
2171
2187
2446
2172
2188
2447
2173
2189
2448
2174
2449
2175
2450
2176
2177
2178
2179
2180
2190
2181
2191
2182
2192
2451
2183
2193
2452
2184
2194
2453
2185
2195
2454
2186
2196
2455
2197
2456
2188
2457
2189
2458
2459
2191
2192
2199
2193
2200
2194
2201
2460
2195
2202
2461
2196
2203
2462
2197
2204
2463
2198
2205
2464
2206
2200
2208
2201
2209
2202
2210
2465
2203
2211
2466
2204
2212
2467
2205
2213
2468
2206
2214
2469
2208
2216
2209
2217
2210
2218
2211
2219
2212
2220
2470
2213
2221
2471
2214
2222
2472
2216
2224
2217
2225
2218
2226
2219
2227
2220
2228
2221
2229
2222
2230
2224
2233
2225
2234
2226
2235
2227
2236
2228
2237
2473
2229
2238
2474
2230
2239
2240
2232
2241
2233
2242
2234
2243
2475
2235
2244
2476
2236
2245
2477
2237
2246
2478
2238
2247
2479
2239
2248
2480
2240
2249
2481
2250
2242
2252
2243
2253
2482
2244
2254
2483
2245
2255
2484
2246
2256
2485
2247
2257
2486
2248
2258
2487
2249
2259
2488
2250
2260
2489
2251
2261
2490
2262
2253
2264
2254
2265
2491
2255
2266
2492
2256
2267
2493
2257
2268
2494
2258
2269
2495
2259
2270
2496
2260
2271
2497
2261
2272
2498
2262
2273
2499
2263
2274
2275
2265
2266
2281
2500
2267
2282
2501
2268
2283
2502
2269
2284
2503
2270
2285
2504
2271
2286
2505
2272
2287
2506
2273
2288
2507
2274
2289
2508
2275
2290
2509
2276
2291
2277
2292
2278
2293
2279
2294
2280
2295
2296
2282
2283
2284
2298
2510
2285
2299
2511
2286
2300
2287
2301
2512
2288
2302
2513
2289
2303
2514
2290
2304
2515
2291
2305
2516
2292
2306
2517
2293
2307
2518
2294
2308
2519
2295
2309
2520
2296
2310
2521
2297
2311
2522
2312
2299
2300
2301
2302
2303
2304
2305
2306
2314
2523
2307
2315
2524
2308
2316
2525
2309
2317
2526
2310
2318
2527
2311
2319
2528
2312
2320
2529
2313
2321
2530
2322
2315
2316
2531
2317
2324
2532
2318
2325
2533
2319
2326
2534
2320
2327
2535
2321
2328
2536
2322
2329
2537
2323
2330
2538
2331
2325
2539
2326
2332
2540
2327
2333
2541
2328
2334
2542
2329
2335
2543
2330
2336
2544
2331
2337
2545
2338
2333
2547
2334
2339
2548
2335
2340
2549
2336
2341
2550
2337
2342
2551
2338
2343
2552
2344
2553
2340
2345
2555
2341
2346
2556
2342
2347
2557
2343
2348
2558
2344
2349
2559
2350
2560
2346
2351
2561
2347
2352
2562
2348
2353
2563
2349
2354
2564
2350
2355
2565
2356
2566
2352
2357
2567
2353
2358
2568
2354
2359
2569
2355
2360
2570
2356
2571
2572
2358
2573
2359
2574
2360
2575
2576
2362
2366
2585
2363
2367
2586
2364
2368
2587
2365
2369
2588
2370
2367
2374
2589
2368
2375
2590
2369
2376
2591
2370
2377
2592
2371
2378
2593
2372
2379
2594
2373
2380
2595
2381
2375
2383
2596
2376
2384
2597
2377
2385
2598
2378
2386
2599
2379
2387
2600
2380
2388
2601
2381
2389
2602
2382
2390
2603
2391
2384
2394
2604
2385
2395
2605
2386
2396
2606
2387
2397
2607
2388
2398
2608
2389
2399
2609
2390
2400
2610
2391
2401
2611
2402
2612
2393
2406
2407
2395
2410
2613
2396
2411
2614
2397
2412
2615
2398
2413
2616
2399
2414
2617
2400
2415
2618
2401
2416
2619
2402
2417
2620
2403
2418
2621
2419
2405
2422
2406
2423
2622
2407
2424
2623
2408
2425
2624
2409
2426
2427
2411
2428
2625
2412
2429
2626
2413
2430
2627
2414
2431
2628
2415
2432
2629
2416
2433
2630
2417
2434
2631
2418
2435
2632
2419
2436
2420
2421
2422
2423
2437
2424
2438
2425
2439
2633
2426
2440
2634
2427
2441
2635
2442
2429
2444
2636
2430
2445
2637
2431
2446
2638
2432
2447
2639
2433
2448
2640
2434
2449
2641
2435
2450
2642
2436
2438
2439
2451
2440
2452
2643
2441
2453
2644
2442
2454
2645
2443
2455
2646
2456
2445
2647
2446
2447
2457
2648
2448
2458
2649
2449
2459
2650
2450
2651
2452
2453
2460
2454
2461
2652
2455
2462
2653
2456
2463
2654
2464
2458
2459
2461
2465
2462
2466
2655
2463
2467
2656
2464
2468
2657
2469
2466
2467
2470
2468
2471
2658
2469
2472
2659
2471
2472
2474
2479
2480
2476
2483
2477
2484
2478
2485
2479
2486
2480
2487
2481
2488
2489
2483
2491
2484
2492
2485
2493
2486
2494
2487
2495
2488
2496
2489
2497
2490
2498
2499
2492
2500
2493
2501
2494
2502
2495
2503
2496
2504
2497
2505
2498
2506
2499
2507
2508
2501
2502
2503
2510
2504
2511
2505
2506
2512
2507
2513
2508
2514
2509
2515
2516
2511
2513
2514
2515
2516
2517
2523
2518
2524
2519
2525
2520
2526
2521
2527
2522
2528
2529
2524
2525
2531
2526
2532
2660
2527
2533
2661
2528
2534
2662
2529
2535
2663
2530
2536
2537
2532
2533
2539
2664
2534
2540
2665
2535
2541
2666
2536
2542
2667
2537
2543
2668
2538
2544
2545
2540
2546
2669
2541
2547
2670
2542
2548
2671
2543
2549
2672
2544
2550
2673
2545
2551
2674
2552
2547
2675
2548
2554
2676
2549
2555
2677
2550
2556
2678
2551
2557
2679
2552
2558
2680
2553
2559
2560
2555
2681
2556
2561
2682
2557
2562
2683
2558
2563
2684
2559
2564
2685
2560
2565
2686
2566
2562
2567
2688
2563
2568
2689
2564
2569
2690
2565
2570
2691
2566
2571
2692
2572
2568
2573
2693
2569
2574
2694
2570
2575
2695
2571
2576
2696
2572
2577
2697
2578
2574
2579
2698
2575
2580
2699
2576
2581
2700
2577
2582
2701
2578
2583
2702
2703
2580
2704
2581
2584
2705
2582
2706
2583
2707
2708
2711
2586
2589
2587
2590
2588
2591
2592
2590
2596
2591
2597
2592
2598
2593
2599
2594
2600
2595
2601
2602
2597
2604
2598
2605
2599
2606
2600
2607
2601
2608
2602
2609
2603
2610
2611
2605
2613
2606
2614
2607
2615
2608
2616
2609
2617
2610
2618
2611
2619
2612
2620
2621
2614
2625
2615
2626
2616
2627
2617
2628
2618
2629
2619
2630
2620
2631
2621
2632
2623
2624
2633
2634
2626
2636
2627
2637
2628
2638
2629
2639
2630
2640
2631
2641
2632
2642
2634
2643
2635
2644
2645
2637
2647
2638
2639
2648
2640
2649
2641
2650
2642
2651
2644
2645
2652
2646
2653
2654
2649
2650
2651
2653
2655
2654
2656
2657
2656
2657
2658
2659
2659
2661
2664
2662
2665
2663
2666
2667
2665
2669
2666
2670
2667
2671
2668
2672
2673
2670
2675
2671
2676
2672
2677
2673
2678
2674
2679
2680
2676
2677
2681
2678
2682
2679
2683
2680
2684
2685
2682
2687
2683
2688
2684
2689
2685
2690
2686
2691
2692
2688
2689
2693
2690
2694
2691
2695
2692
2696
2697
2694
2698
2695
2699
2696
2700
2697
2701
2702
2699
2704
2700
2705
2701
2706
2702
2707
2703
2708
2709
2705
2710
2706
2711
2707
2712
2708
2713
2709
2714
2711
2712
2715
2713
2716
2714
2716
)


// ************************************************************************* //
