/*--------------------------------*- C++ -*----------------------------------*\
  =========                 |
  \\      /  F ield         | OpenFOAM: The Open Source CFD Toolbox
   \\    /   O peration     | Website:  https://openfoam.org
    \\  /    A nd           | Version:  6
     \\/     M anipulation  |
\*---------------------------------------------------------------------------*/
FoamFile
{
    version     2.0;
    format      ascii;
    class       labelList;
    location    "constant/region441/polyMesh";
    object      pointRegionAddressing;
}
// * * * * * * * * * * * * * * * * * * * * * * * * * * * * * * * * * * * * * //


4190
(
186046
186047
186048
186049
186111
186112
186113
186114
186176
186177
186178
186179
190207
190208
190209
190210
190271
190272
190273
190274
190275
190335
190336
190337
190338
190339
190340
190400
190401
190402
190403
190404
190465
190466
190467
190468
190469
194366
194367
194368
194369
194370
194430
194431
194432
194433
194434
194435
194495
194496
194497
194498
194499
194500
194560
194561
194562
194563
194564
194565
194624
194625
194626
194627
194628
194629
194630
194689
194690
194691
194692
194693
194694
194755
194756
194757
194758
198588
198589
198590
198591
198592
198593
198594
198595
198596
198653
198654
198655
198656
198657
198658
198659
198660
198661
198719
198720
198721
198722
198723
198724
198725
198726
198784
198785
198786
198787
198788
198789
198790
198849
198850
198851
198852
198853
198854
198855
198914
198915
198916
198917
198918
198919
198979
198980
198981
198982
198983
199045
199046
202812
202813
202814
202815
202816
202817
202818
202819
202820
202821
202877
202878
202879
202880
202881
202882
202883
202884
202885
202886
202943
202944
202945
202946
202947
202948
202949
202950
202951
203008
203009
203010
203011
203012
203013
203014
203015
203016
203073
203074
203075
203076
203077
203078
203079
203080
203138
203139
203140
203141
203142
203143
203144
203203
203204
203205
203206
203207
203208
203259
203260
203261
203262
203263
203264
203265
203268
203269
203270
203271
203272
203324
203325
203326
203327
203328
203329
203330
203390
203391
203392
203393
203394
203395
207037
207038
207039
207040
207041
207042
207043
207044
207045
207046
207047
207102
207103
207104
207105
207106
207107
207108
207109
207110
207111
207112
207167
207168
207169
207170
207171
207172
207173
207174
207175
207176
207232
207233
207234
207235
207236
207237
207238
207239
207240
207241
207297
207298
207299
207300
207301
207302
207303
207304
207305
207362
207363
207364
207365
207366
207367
207368
207369
207420
207421
207427
207428
207429
207430
207431
207432
207433
207434
207483
207484
207485
207486
207487
207488
207489
207490
207491
207492
207493
207494
207495
207496
207497
207498
207548
207549
207550
207551
207552
207553
207554
207555
207556
207557
207558
207559
207560
207561
207562
207613
207614
207615
207616
207617
207618
207619
207620
207621
207622
207678
207679
207680
207681
207682
207683
207684
207685
207686
207687
207744
207745
207746
207747
207748
207749
207750
207751
207752
207811
207812
207813
207814
207815
207816
208211
208212
208276
208277
208341
208342
208406
208407
211261
211262
211263
211264
211265
211266
211267
211268
211269
211270
211271
211272
211326
211327
211328
211329
211330
211331
211332
211333
211334
211335
211336
211337
211391
211392
211393
211394
211395
211396
211397
211398
211399
211400
211401
211457
211458
211459
211460
211461
211462
211463
211464
211465
211466
211522
211523
211524
211525
211526
211527
211528
211529
211530
211587
211588
211589
211590
211591
211592
211593
211594
211643
211644
211645
211646
211647
211648
211649
211650
211651
211652
211653
211654
211655
211656
211657
211658
211659
211707
211708
211709
211710
211711
211712
211713
211714
211715
211716
211717
211718
211719
211720
211721
211722
211723
211772
211773
211774
211775
211776
211777
211778
211779
211780
211781
211782
211783
211784
211785
211786
211787
211837
211838
211839
211840
211841
211842
211843
211844
211845
211846
211847
211848
211902
211903
211904
211905
211906
211907
211908
211909
211910
211911
211912
211913
211968
211969
211970
211971
211972
211973
211974
211975
211976
211977
211978
212034
212035
212036
212037
212038
212039
212040
212041
212042
212043
212101
212102
212103
212104
212105
212106
212107
212168
212169
212170
212370
212371
212372
212435
212436
212437
212438
212500
212501
212502
212503
212565
212566
212567
212568
212631
212632
212633
215486
215487
215488
215489
215490
215491
215492
215493
215494
215495
215496
215551
215552
215553
215554
215555
215556
215557
215558
215559
215560
215561
215616
215617
215618
215619
215620
215621
215622
215623
215624
215625
215626
215681
215682
215683
215684
215685
215686
215687
215688
215689
215690
215747
215748
215749
215750
215751
215752
215753
215754
215755
215811
215812
215813
215814
215815
215816
215817
215818
215819
215867
215868
215869
215870
215871
215872
215873
215874
215875
215876
215877
215878
215879
215880
215881
215882
215883
215931
215932
215933
215934
215935
215936
215937
215938
215939
215940
215941
215942
215943
215944
215945
215946
215947
215948
215996
215997
215998
215999
216000
216001
216002
216003
216004
216005
216006
216007
216008
216009
216010
216011
216012
216061
216062
216063
216064
216065
216066
216067
216068
216069
216070
216071
216072
216073
216126
216127
216128
216129
216130
216131
216132
216133
216134
216135
216136
216137
216138
216191
216192
216193
216194
216195
216196
216197
216198
216199
216200
216201
216202
216203
216258
216259
216260
216261
216262
216263
216264
216265
216266
216267
216268
216324
216325
216326
216327
216328
216329
216330
216331
216332
216391
216392
216393
216394
216395
216396
216397
216595
216596
216597
216598
216660
216661
216662
216663
216664
216725
216726
216727
216728
216729
216790
216791
216792
216793
216794
216856
216857
216858
216859
219710
219711
219712
219713
219714
219715
219716
219717
219718
219719
219720
219721
219775
219776
219777
219778
219779
219780
219781
219782
219783
219784
219785
219786
219841
219842
219843
219844
219845
219846
219847
219848
219849
219850
219851
219906
219907
219908
219909
219910
219911
219912
219913
219914
219915
219971
219972
219973
219974
219975
219976
219977
219978
219979
219980
220028
220029
220036
220037
220038
220039
220040
220041
220042
220043
220044
220092
220093
220094
220095
220096
220097
220098
220099
220100
220101
220102
220103
220104
220105
220106
220107
220108
220156
220157
220158
220159
220160
220161
220162
220163
220164
220165
220166
220167
220168
220169
220170
220171
220172
220173
220220
220221
220222
220223
220224
220225
220226
220227
220228
220229
220230
220231
220232
220233
220234
220235
220236
220237
220285
220286
220287
220288
220289
220290
220291
220292
220293
220294
220295
220296
220297
220298
220350
220351
220352
220353
220354
220355
220356
220357
220358
220359
220360
220361
220362
220363
220416
220417
220418
220419
220420
220421
220422
220423
220424
220425
220426
220427
220428
220481
220482
220483
220484
220485
220486
220487
220488
220489
220490
220491
220492
220493
220547
220548
220549
220550
220551
220552
220553
220554
220555
220556
220557
220614
220615
220616
220617
220618
220619
220620
220621
220622
220682
220683
220684
220685
220686
220821
220822
220823
220885
220886
220887
220888
220889
220950
220951
220952
220953
220954
221015
221016
221017
221018
221019
221081
221082
221083
221084
221147
221148
221149
223935
223936
223937
223938
223939
223940
223941
223942
223943
223944
223945
223946
223947
224000
224001
224002
224003
224004
224005
224006
224007
224008
224009
224010
224011
224012
224066
224067
224068
224069
224070
224071
224072
224073
224074
224075
224076
224131
224132
224133
224134
224135
224136
224137
224138
224139
224140
224196
224197
224198
224199
224200
224201
224202
224203
224204
224205
224253
224254
224261
224262
224263
224264
224265
224266
224267
224268
224269
224316
224317
224318
224319
224320
224321
224322
224323
224324
224325
224326
224327
224328
224329
224330
224331
224332
224333
224380
224381
224382
224383
224384
224385
224386
224387
224388
224389
224390
224391
224392
224393
224394
224395
224396
224397
224398
224445
224446
224447
224448
224449
224450
224451
224452
224453
224454
224455
224456
224457
224458
224459
224460
224461
224462
224510
224511
224512
224513
224514
224515
224516
224517
224518
224519
224520
224521
224522
224523
224575
224576
224577
224578
224579
224580
224581
224582
224583
224584
224585
224586
224587
224588
224640
224641
224642
224643
224644
224645
224646
224647
224648
224649
224650
224651
224652
224653
224705
224706
224707
224708
224709
224710
224711
224712
224713
224714
224715
224716
224717
224718
224771
224772
224773
224774
224775
224776
224777
224778
224779
224780
224781
224782
224783
224837
224838
224839
224840
224841
224842
224843
224844
224845
224846
224847
224904
224905
224906
224907
224908
224909
224910
224911
224912
224972
224973
224974
224975
225046
225047
225048
225110
225111
225112
225113
225114
225175
225176
225177
225178
225179
225240
225241
225242
225243
225244
225306
225307
225308
225309
225372
225373
225374
228160
228161
228162
228163
228164
228165
228166
228167
228168
228169
228170
228171
228172
228225
228226
228227
228228
228229
228230
228231
228232
228233
228234
228235
228236
228237
228290
228291
228292
228293
228294
228295
228296
228297
228298
228299
228300
228301
228356
228357
228358
228359
228360
228361
228362
228363
228364
228365
228421
228422
228423
228424
228425
228426
228427
228428
228429
228430
228477
228478
228479
228486
228487
228488
228489
228490
228491
228492
228493
228494
228541
228542
228543
228544
228545
228546
228547
228548
228549
228550
228551
228552
228553
228554
228555
228556
228557
228558
228605
228606
228607
228608
228609
228610
228611
228612
228613
228614
228615
228616
228617
228618
228619
228620
228621
228622
228623
228670
228671
228672
228673
228674
228675
228676
228677
228678
228679
228680
228681
228682
228683
228684
228685
228686
228687
228735
228736
228737
228738
228739
228740
228741
228742
228743
228744
228745
228746
228747
228748
228800
228801
228802
228803
228804
228805
228806
228807
228808
228809
228810
228811
228812
228813
228865
228866
228867
228868
228869
228870
228871
228872
228873
228874
228875
228876
228877
228878
228930
228931
228932
228933
228934
228935
228936
228937
228938
228939
228940
228941
228942
228943
228995
228996
228997
228998
228999
229000
229001
229002
229003
229004
229005
229006
229007
229008
229061
229062
229063
229064
229065
229066
229067
229068
229069
229070
229071
229072
229128
229129
229130
229131
229132
229133
229134
229135
229136
229137
229195
229196
229197
229198
229199
229200
229336
229337
229338
229339
229401
229402
229403
229404
229466
229467
229468
229469
229531
229532
229533
229534
229597
229598
229599
232385
232386
232387
232388
232389
232390
232391
232392
232393
232394
232395
232396
232397
232450
232451
232452
232453
232454
232455
232456
232457
232458
232459
232460
232461
232462
232515
232516
232517
232518
232519
232520
232521
232522
232523
232524
232525
232526
232581
232582
232583
232584
232585
232586
232587
232588
232589
232590
232591
232646
232647
232648
232649
232650
232651
232652
232653
232654
232655
232702
232703
232704
232705
232706
232707
232711
232712
232713
232714
232715
232716
232717
232718
232719
232766
232767
232768
232769
232770
232771
232772
232773
232774
232775
232776
232777
232778
232779
232780
232781
232782
232783
232784
232830
232831
232832
232833
232834
232835
232836
232837
232838
232839
232840
232841
232842
232843
232844
232845
232846
232847
232848
232895
232896
232897
232898
232899
232900
232901
232902
232903
232904
232905
232906
232907
232908
232909
232910
232911
232912
232960
232961
232962
232963
232964
232965
232966
232967
232968
232969
232970
232971
232972
233025
233026
233027
233028
233029
233030
233031
233032
233033
233034
233035
233036
233037
233090
233091
233092
233093
233094
233095
233096
233097
233098
233099
233100
233101
233102
233103
233155
233156
233157
233158
233159
233160
233161
233162
233163
233164
233165
233166
233167
233168
233220
233221
233222
233223
233224
233225
233226
233227
233228
233229
233230
233231
233232
233233
233286
233287
233288
233289
233290
233291
233292
233293
233294
233295
233296
233297
233353
233354
233355
233356
233357
233358
233359
233360
233361
233362
233420
233421
233422
233423
233424
233425
233627
233628
233629
233692
233693
233694
233757
233758
233759
233823
233824
236610
236611
236612
236613
236614
236615
236616
236617
236618
236619
236620
236621
236622
236675
236676
236677
236678
236679
236680
236681
236682
236683
236684
236685
236686
236687
236740
236741
236742
236743
236744
236745
236746
236747
236748
236749
236750
236751
236806
236807
236808
236809
236810
236811
236812
236813
236814
236815
236816
236871
236872
236873
236874
236875
236876
236877
236878
236879
236880
236928
236929
236930
236931
236932
236936
236937
236938
236939
236940
236941
236942
236943
236944
236991
236992
236993
236994
236995
236996
236997
236998
236999
237000
237001
237002
237003
237004
237005
237006
237007
237008
237009
237056
237057
237058
237059
237060
237061
237062
237063
237064
237065
237066
237067
237068
237069
237070
237071
237072
237073
237120
237121
237122
237123
237124
237125
237126
237127
237128
237129
237130
237131
237132
237133
237134
237135
237136
237137
237185
237186
237187
237188
237189
237190
237191
237192
237193
237194
237195
237196
237197
237250
237251
237252
237253
237254
237255
237256
237257
237258
237259
237260
237261
237262
237315
237316
237317
237318
237319
237320
237321
237322
237323
237324
237325
237326
237327
237380
237381
237382
237383
237384
237385
237386
237387
237388
237389
237390
237391
237392
237445
237446
237447
237448
237449
237450
237451
237452
237453
237454
237455
237456
237457
237511
237512
237513
237514
237515
237516
237517
237518
237519
237520
237521
237522
237579
237580
237581
237582
237583
237584
237585
237586
237587
237645
237646
237647
237648
237649
237650
237781
237782
237783
237845
237846
237847
237848
237852
237853
237854
237910
237911
237912
237913
237914
237915
237916
237917
237918
237919
237975
237976
237977
237978
237979
237980
237981
237982
237983
237984
238041
238042
238043
238044
238045
238046
238047
238048
238049
238108
238109
238110
240835
240836
240837
240838
240839
240840
240841
240842
240843
240844
240845
240846
240847
240900
240901
240902
240903
240904
240905
240906
240907
240908
240909
240910
240911
240912
240966
240967
240968
240969
240970
240971
240972
240973
240974
240975
240976
241031
241032
241033
241034
241035
241036
241037
241038
241039
241040
241041
241096
241097
241098
241099
241100
241101
241102
241103
241104
241105
241154
241155
241156
241161
241162
241163
241164
241165
241166
241167
241168
241169
241217
241218
241219
241220
241221
241222
241223
241224
241225
241226
241227
241228
241229
241230
241231
241232
241233
241281
241282
241283
241284
241285
241286
241287
241288
241289
241290
241291
241292
241293
241294
241295
241296
241297
241346
241347
241348
241349
241350
241351
241352
241353
241354
241355
241356
241357
241411
241412
241413
241414
241415
241416
241417
241418
241419
241420
241421
241477
241478
241479
241480
241481
241482
241483
241484
241485
241486
241542
241543
241544
241547
241548
241549
241550
241551
241612
241613
241614
241615
241616
241678
241679
241680
241681
241940
241941
241942
241943
241944
242004
242005
242006
242007
242008
242009
242010
242069
242070
242071
242072
242073
242074
242075
242076
242077
242078
242079
242134
242135
242136
242137
242138
242139
242140
242141
242142
242143
242144
242199
242200
242201
242202
242203
242204
242205
242206
242207
242208
242209
242264
242265
242266
242267
242268
242269
242270
242271
242272
242273
242274
242330
242331
242332
242333
242334
242335
242336
242337
242338
242397
242398
245061
245062
245063
245064
245065
245066
245067
245068
245069
245070
245071
245126
245127
245128
245129
245130
245131
245132
245133
245134
245135
245136
245192
245193
245194
245195
245196
245197
245198
245199
245200
245201
245257
245258
245259
245260
245261
245262
245263
245264
245265
245323
245324
245325
245326
245327
245328
245329
245330
245377
245378
245379
245380
245388
245389
245390
245391
245392
245393
245394
245441
245442
245443
245444
245445
245446
245447
245454
245455
245456
245457
245506
245507
245508
245509
245510
245511
245512
245513
245572
245573
245574
245575
245576
245577
245578
245639
245640
245641
245642
246100
246101
246102
246103
246104
246163
246164
246165
246166
246167
246168
246169
246170
246171
246228
246229
246230
246231
246232
246233
246234
246235
246236
246237
246293
246294
246295
246296
246297
246298
246299
246300
246301
246302
246303
246358
246359
246360
246361
246362
246363
246364
246365
246366
246367
246368
246369
246423
246424
246425
246426
246427
246428
246429
246430
246431
246432
246433
246434
246488
246489
246490
246491
246492
246493
246494
246495
246496
246497
246498
246499
246554
246555
246556
246557
246558
246559
246560
246561
246562
246563
246620
246621
246622
246623
246624
246625
246626
249287
249288
249289
249290
249291
249292
249293
249294
249295
249296
249352
249353
249354
249355
249356
249357
249358
249359
249360
249361
249417
249418
249419
249420
249421
249422
249423
249424
249425
249426
249483
249484
249485
249486
249487
249488
249489
249490
249549
249550
249551
249552
249553
249554
249600
249601
249602
249603
249604
249605
249606
249614
249615
249616
249617
249618
249665
249666
249667
249668
249669
249670
249671
249672
249730
249731
249732
249733
249734
249735
249736
249737
249738
249795
249796
249797
249798
249799
249800
249801
249802
249803
249804
249860
249861
249862
249863
249864
249865
249866
249867
249868
249869
249870
249875
249876
249877
249926
249927
249928
249929
249930
249931
249932
249933
249934
249935
249936
249937
249938
249939
249940
249941
249942
249943
249998
249999
250000
250001
250002
250003
250004
250005
250006
250007
250008
250065
250066
250067
250068
250069
250070
250071
250072
250073
250131
250132
250133
250134
250135
250136
250137
250138
250139
250196
250197
250198
250199
250200
250201
250202
250203
250204
250260
250261
250262
250263
250264
250265
250266
250267
250268
250269
250324
250325
250326
250327
250328
250329
250330
250331
250332
250333
250388
250389
250390
250391
250392
250393
250394
250395
250396
250397
250452
250453
250454
250455
250456
250457
250458
250459
250460
250461
250462
250463
250517
250518
250519
250520
250521
250522
250523
250524
250525
250526
250527
250528
250529
250582
250583
250584
250585
250586
250587
250588
250589
250590
250591
250592
250593
250594
250647
250648
250649
250650
250651
250652
250653
250654
250655
250656
250657
250658
250659
250660
250713
250714
250715
250716
250717
250718
250719
250720
250721
250722
250723
250724
250725
250779
250780
250781
250782
250783
250784
250785
250786
250787
250788
250789
250792
250793
250794
250845
250846
250847
250848
250849
250850
250851
250857
250858
250859
250923
250924
253514
253515
253516
253517
253518
253519
253520
253521
253579
253580
253581
253582
253583
253584
253585
253586
253644
253645
253646
253647
253648
253649
253650
253651
253711
253712
253713
253714
253715
253760
253761
253762
253763
253764
253776
253777
253825
253826
253827
253828
253829
253830
253831
253832
253890
253891
253892
253893
253894
253895
253896
253897
253898
253955
253956
253957
253958
253959
253960
253961
253962
253963
253964
253969
253970
253971
253972
254020
254021
254022
254023
254024
254025
254026
254027
254028
254029
254030
254031
254032
254033
254034
254035
254036
254037
254038
254039
254085
254086
254087
254088
254089
254090
254091
254092
254093
254094
254095
254096
254097
254098
254099
254100
254101
254102
254103
254104
254150
254151
254152
254153
254154
254155
254156
254157
254158
254159
254160
254161
254162
254163
254164
254165
254166
254167
254168
254169
254215
254216
254217
254218
254219
254220
254221
254222
254223
254224
254225
254226
254227
254228
254229
254230
254231
254232
254233
254234
254235
254283
254284
254285
254286
254287
254288
254289
254290
254291
254292
254293
254294
254295
254296
254297
254298
254299
254300
254354
254355
254356
254357
254358
254359
254360
254361
254362
254363
254364
254365
254420
254421
254422
254423
254424
254425
254426
254427
254428
254429
254485
254486
254487
254488
254489
254490
254491
254492
254493
254494
254548
254549
254550
254551
254552
254553
254554
254555
254556
254557
254558
254612
254613
254614
254615
254616
254617
254618
254619
254620
254621
254622
254677
254678
254679
254680
254681
254682
254683
254684
254685
254686
254687
254688
254742
254743
254744
254745
254746
254747
254748
254749
254750
254751
254752
254753
254754
254755
254807
254808
254809
254810
254811
254812
254813
254814
254815
254816
254817
254818
254819
254820
254821
254822
254823
254872
254873
254874
254875
254876
254877
254878
254879
254880
254881
254882
254883
254884
254885
254886
254887
254888
254889
254890
254938
254939
254940
254941
254942
254943
254944
254945
254946
254947
254948
254949
254950
254951
254952
254953
254954
254955
255004
255005
255006
255007
255008
255009
255010
255011
255012
255013
255014
255015
255016
255017
255018
255019
255020
255021
255070
255071
255072
255073
255074
255075
255076
255077
255078
255079
255080
255081
255082
255083
255084
255085
255086
255144
255145
255146
255147
255148
255149
255150
255151
255210
255211
255212
255213
255214
255215
255216
255277
255278
255279
255280
255281
255342
255343
255344
255345
257985
257986
257987
257988
257989
257990
258050
258051
258052
258053
258054
258055
258056
258057
258115
258116
258117
258118
258119
258120
258121
258122
258123
258124
258180
258181
258182
258183
258184
258185
258186
258187
258188
258189
258190
258193
258194
258195
258196
258197
258245
258246
258247
258248
258249
258250
258251
258252
258253
258254
258255
258256
258257
258258
258259
258260
258261
258262
258263
258264
258310
258311
258312
258313
258314
258315
258316
258317
258318
258319
258320
258321
258322
258323
258324
258325
258326
258327
258328
258329
258375
258376
258377
258378
258379
258380
258381
258382
258383
258384
258385
258386
258387
258388
258389
258390
258391
258392
258393
258394
258440
258441
258442
258443
258444
258445
258446
258447
258448
258449
258450
258451
258452
258453
258454
258455
258456
258457
258458
258459
258460
258505
258506
258507
258508
258509
258510
258511
258512
258513
258514
258515
258516
258517
258518
258519
258520
258521
258522
258523
258524
258525
258572
258573
258574
258575
258579
258580
258581
258582
258583
258584
258585
258586
258587
258588
258589
258590
258645
258646
258647
258648
258649
258650
258651
258652
258653
258654
258655
258710
258711
258712
258713
258714
258715
258716
258717
258718
258719
258773
258774
258775
258776
258777
258778
258779
258780
258781
258782
258783
258837
258838
258839
258840
258841
258842
258843
258844
258845
258846
258847
258902
258903
258904
258905
258906
258907
258908
258909
258910
258911
258912
258913
258967
258968
258969
258970
258971
258972
258973
258974
258975
258976
258977
258978
258979
258980
259032
259033
259034
259035
259036
259037
259038
259039
259040
259041
259042
259043
259044
259045
259046
259047
259048
259049
259097
259098
259099
259100
259101
259102
259103
259104
259105
259106
259107
259108
259109
259110
259111
259112
259113
259114
259115
259163
259164
259165
259166
259167
259168
259169
259170
259171
259172
259173
259174
259175
259176
259177
259178
259179
259180
259181
259229
259230
259231
259232
259233
259234
259235
259236
259237
259238
259239
259240
259241
259242
259243
259244
259245
259246
259247
259296
259297
259298
259302
259303
259304
259305
259306
259307
259308
259309
259310
259311
259312
259369
259370
259371
259372
259373
259374
259375
259376
259377
259435
259436
259437
259438
259439
259440
259441
259442
259501
259502
259503
259504
259505
259506
259507
259566
259567
259568
259569
259570
259571
259572
259631
259632
259633
259634
259635
259636
259637
259696
259697
259698
259699
259700
262210
262211
262212
262213
262214
262215
262275
262276
262277
262278
262279
262280
262281
262282
262283
262340
262341
262342
262343
262344
262345
262346
262347
262348
262349
262405
262406
262407
262408
262409
262410
262411
262412
262413
262414
262415
262418
262419
262420
262421
262422
262470
262471
262472
262473
262474
262475
262476
262477
262478
262479
262480
262481
262482
262483
262484
262485
262486
262487
262488
262535
262536
262537
262538
262539
262540
262541
262542
262543
262544
262545
262546
262547
262548
262549
262550
262551
262552
262553
262554
262600
262601
262602
262603
262604
262605
262606
262607
262608
262609
262610
262611
262612
262613
262614
262615
262616
262617
262618
262619
262665
262666
262667
262668
262669
262670
262671
262672
262673
262674
262675
262676
262677
262678
262679
262680
262681
262682
262683
262684
262730
262731
262732
262733
262734
262735
262736
262737
262738
262739
262740
262741
262742
262743
262744
262745
262746
262747
262748
262749
262750
262797
262798
262799
262800
262806
262807
262808
262809
262810
262811
262812
262813
262814
262815
262871
262872
262873
262874
262875
262876
262877
262878
262879
262880
262935
262936
262937
262938
262939
262940
262941
262942
262943
262944
262999
263000
263001
263002
263003
263004
263005
263006
263007
263008
263062
263063
263064
263065
263066
263067
263068
263069
263070
263071
263072
263127
263128
263129
263130
263131
263132
263133
263134
263135
263136
263137
263138
263192
263193
263194
263195
263196
263197
263198
263199
263200
263201
263202
263203
263204
263257
263258
263259
263260
263261
263262
263263
263264
263265
263266
263267
263268
263269
263270
263271
263272
263273
263274
263322
263323
263324
263325
263326
263327
263328
263329
263330
263331
263332
263333
263334
263335
263336
263337
263338
263339
263340
263388
263389
263390
263391
263392
263393
263394
263395
263396
263397
263398
263399
263400
263401
263402
263403
263404
263405
263406
263455
263456
263457
263458
263459
263460
263461
263462
263463
263464
263465
263466
263467
263468
263469
263470
263471
263472
263527
263528
263529
263530
263531
263532
263533
263534
263535
263536
263537
263594
263595
263596
263597
263598
263599
263600
263601
263602
263659
263660
263661
263662
263663
263664
263665
263666
263667
263725
263726
263727
263728
263729
263730
263731
263732
263791
263792
263793
263794
263795
263796
263797
263856
263857
263858
263859
263860
263861
263862
263921
263922
263923
263924
263925
263926
263927
263986
263987
263988
263989
263990
263991
264052
264053
266435
266436
266437
266438
266439
266440
266500
266501
266502
266503
266504
266505
266506
266507
266508
266565
266566
266567
266568
266569
266570
266571
266572
266573
266574
266630
266631
266632
266633
266634
266635
266636
266637
266638
266639
266644
266645
266646
266695
266696
266697
266698
266699
266700
266701
266702
266703
266704
266705
266707
266708
266709
266710
266711
266712
266713
266760
266761
266762
266763
266764
266765
266766
266767
266768
266769
266770
266771
266772
266773
266774
266775
266776
266777
266778
266825
266826
266827
266828
266829
266830
266831
266832
266833
266834
266835
266836
266837
266838
266839
266840
266841
266842
266843
266844
266890
266891
266892
266893
266894
266895
266896
266897
266898
266899
266902
266903
266904
266905
266906
266907
266908
266909
266955
266956
266957
266958
266959
266960
266961
266962
266968
266969
266970
266971
266972
266973
266974
267022
267023
267024
267025
267034
267035
267036
267037
267038
267039
267099
267100
267101
267102
267103
267104
267165
267166
267167
267168
267228
267229
267230
267289
267290
267291
267292
267293
267294
267295
267296
267353
267354
267355
267356
267357
267358
267359
267360
267361
267362
267418
267419
267420
267421
267422
267423
267424
267425
267426
267427
267483
267484
267485
267486
267487
267488
267489
267490
267491
267492
267493
267548
267549
267550
267551
267552
267553
267554
267555
267556
267557
267558
267559
267560
267561
267562
267563
267564
267615
267616
267617
267618
267619
267620
267621
267622
267623
267624
267625
267626
267627
267628
267629
267630
267687
267688
267689
267690
267691
267692
267693
267694
267695
267696
267753
267754
267755
267756
267757
267758
267759
267760
267761
267819
267820
267821
267822
267823
267824
267825
267826
267827
267884
267885
267886
267887
267888
267889
267890
267891
267892
267950
267951
267952
267953
267954
267955
267956
267957
268015
268016
268017
268018
268019
268020
268021
268022
268081
268082
268083
268084
268085
268086
268087
268146
268147
268148
268149
268150
268151
268152
268211
268212
268213
268214
268215
268216
268217
268276
268277
268278
268279
268280
268281
268342
268343
268344
270660
270661
270662
270663
270664
270725
270726
270727
270728
270729
270730
270731
270732
270790
270791
270792
270793
270794
270795
270796
270797
270798
270855
270856
270857
270858
270859
270860
270861
270862
270863
270864
270920
270921
270922
270923
270924
270925
270926
270927
270928
270929
270933
270934
270935
270936
270985
270986
270987
270988
270989
270990
270991
270992
270993
270994
270998
270999
271000
271001
271002
271050
271051
271052
271053
271054
271055
271056
271057
271058
271064
271065
271066
271067
271068
271115
271116
271117
271118
271119
271120
271121
271122
271129
271130
271131
271132
271133
271180
271181
271182
271183
271184
271185
271186
271195
271196
271197
271198
271260
271261
271262
271263
271326
271327
271328
271849
271850
271851
271852
271853
271914
271915
271916
271917
271918
271919
271979
271980
271981
271982
271983
271984
271985
272044
272045
272046
272047
272048
272049
272050
272109
272110
272111
272112
272113
272114
272115
272116
272175
272176
272177
272178
272179
272180
272181
272240
272241
272242
272243
272244
272245
272246
272306
272307
272308
272309
272310
272311
272312
272371
272372
272373
272374
272375
272376
272377
272436
272437
272438
272439
272440
272441
272442
272501
272502
272503
272504
272505
272506
272567
272568
272569
)


// ************************************************************************* //
