/*--------------------------------*- C++ -*----------------------------------*\
  =========                 |
  \\      /  F ield         | OpenFOAM: The Open Source CFD Toolbox
   \\    /   O peration     | Website:  https://openfoam.org
    \\  /    A nd           | Version:  6
     \\/     M anipulation  |
\*---------------------------------------------------------------------------*/
FoamFile
{
    version     2.0;
    format      ascii;
    class       faceList;
    location    "constant/region483/polyMesh";
    object      faces;
}
// * * * * * * * * * * * * * * * * * * * * * * * * * * * * * * * * * * * * * //


149
(
4(2 10 11 3)
4(8 9 11 10)
4(10 11 13 12)
4(8 23 24 9)
4(20 21 24 23)
4(10 26 27 11)
4(23 24 27 26)
4(12 29 30 13)
4(26 27 30 29)
4(14 32 33 15)
4(29 30 33 32)
4(32 33 35 34)
4(20 38 39 21)
4(36 37 39 38)
4(23 41 42 24)
4(38 39 42 41)
4(23 26 44 41)
4(25 43 44 26)
4(40 41 44 43)
4(26 44 45 27)
4(41 42 45 44)
4(26 29 47 44)
4(28 46 47 29)
4(43 44 47 46)
4(29 47 48 30)
4(44 45 48 47)
4(29 32 50 47)
4(46 47 50 49)
4(32 50 51 33)
4(47 48 51 50)
4(50 51 53 52)
4(38 58 59 39)
4(41 61 62 42)
4(41 44 64 61)
4(43 63 64 44)
4(44 64 65 45)
4(44 47 67 64)
4(46 66 67 47)
4(47 67 68 48)
4(64 65 68 67)
4(47 50 70 67)
4(50 70 71 51)
4(67 68 71 70)
4(52 72 73 53)
4(70 71 73 72)
4(72 73 75 74)
4(67 78 79 68)
4(70 80 81 71)
4(78 79 81 80)
4(72 82 83 73)
4(80 81 83 82)
4(82 83 85 84)
4(80 90 91 81)
4(82 92 93 83)
4(84 94 95 85)
4(86 96 97 87)
4(1 3 11 9)
4(3 5 13 11)
4(7 9 24 21)
4(9 11 27 24)
4(11 13 30 27)
4(13 15 33 30)
4(15 17 35 33)
4(19 21 39 37)
4(21 24 42 39)
4(24 27 45 42)
4(27 30 48 45)
4(30 33 51 48)
4(33 35 53 51)
4(37 39 59 57)
4(39 42 62 59)
4(42 45 65 62)
4(45 48 68 65)
4(48 51 71 68)
4(51 53 73 71)
4(53 55 75 73)
4(65 68 79 77)
4(68 71 81 79)
4(71 73 83 81)
4(73 75 85 83)
4(79 81 91 89)
4(81 83 93 91)
4(83 85 95 93)
4(85 87 97 95)
4(0 2 3 1)
4(2 4 5 3)
4(0 1 9 8)
4(6 8 9 7)
4(0 8 10 2)
4(2 10 12 4)
4(4 12 13 5)
4(12 14 15 13)
4(14 16 17 15)
4(6 7 21 20)
4(18 20 21 19)
4(6 20 23 8)
4(8 23 26 10)
4(22 25 26 23)
4(10 26 29 12)
4(25 28 29 26)
4(12 29 32 14)
4(28 31 32 29)
4(14 32 34 16)
4(16 34 35 17)
4(18 19 37 36)
4(18 36 38 20)
4(20 38 41 23)
4(22 23 41 40)
4(22 40 43 25)
4(25 43 46 28)
4(28 46 49 31)
4(31 49 50 32)
4(32 50 52 34)
4(34 52 53 35)
4(52 54 55 53)
4(36 37 57 56)
4(43 63 66 46)
4(63 64 67 66)
4(46 66 69 49)
4(49 69 70 50)
4(66 67 70 69)
4(50 70 72 52)
4(52 72 74 54)
4(54 74 75 55)
4(64 76 78 67)
4(67 78 80 70)
4(70 80 82 72)
4(72 82 84 74)
4(74 84 85 75)
4(84 86 87 85)
4(80 90 92 82)
4(82 92 94 84)
4(84 94 96 86)
4(36 56 58 38)
4(56 57 59 58)
4(38 58 61 41)
4(40 41 61 60)
4(58 59 62 61)
4(40 60 63 43)
4(60 61 64 63)
4(61 62 65 64)
4(64 65 77 76)
4(76 77 79 78)
4(78 79 89 88)
4(78 88 90 80)
4(88 89 91 90)
4(90 91 93 92)
4(92 93 95 94)
4(94 95 97 96)
)


// ************************************************************************* //
