/*--------------------------------*- C++ -*----------------------------------*\
  =========                 |
  \\      /  F ield         | OpenFOAM: The Open Source CFD Toolbox
   \\    /   O peration     | Website:  https://openfoam.org
    \\  /    A nd           | Version:  6
     \\/     M anipulation  |
\*---------------------------------------------------------------------------*/
FoamFile
{
    version     2.0;
    format      ascii;
    class       faceList;
    location    "constant/region81/polyMesh";
    object      faces;
}
// * * * * * * * * * * * * * * * * * * * * * * * * * * * * * * * * * * * * * //


45
(
4(2 9 10 3)
4(6 7 10 9)
4(9 10 13 12)
4(9 22 23 10)
4(9 12 25 22)
4(21 22 25 24)
4(16 29 30 17)
4(18 31 32 19)
4(21 33 34 22)
4(0 2 3 1)
4(2 4 5 3)
4(0 1 7 6)
4(0 6 9 2)
4(2 9 12 4)
4(8 11 12 9)
4(14 16 17 15)
4(16 18 19 17)
4(6 19 22 9)
4(8 9 22 21)
4(18 21 22 19)
4(8 21 24 11)
4(14 27 29 16)
4(16 29 31 18)
4(18 31 33 21)
4(21 33 35 24)
4(1 3 10 7)
4(3 5 13 10)
4(4 12 13 5)
4(6 7 20 19)
4(7 10 23 20)
4(19 20 23 22)
4(11 24 25 12)
4(10 13 26 23)
4(12 25 26 13)
4(22 23 26 25)
4(14 15 28 27)
4(15 17 30 28)
4(27 28 30 29)
4(17 19 32 30)
4(29 30 32 31)
4(19 22 34 32)
4(31 32 34 33)
4(22 25 36 34)
4(24 35 36 25)
4(33 34 36 35)
)


// ************************************************************************* //
