/*--------------------------------*- C++ -*----------------------------------*\
  =========                 |
  \\      /  F ield         | OpenFOAM: The Open Source CFD Toolbox
   \\    /   O peration     | Website:  https://openfoam.org
    \\  /    A nd           | Version:  6
     \\/     M anipulation  |
\*---------------------------------------------------------------------------*/
FoamFile
{
    version     2.0;
    format      ascii;
    class       faceList;
    location    "constant/region53/polyMesh";
    object      faces;
}
// * * * * * * * * * * * * * * * * * * * * * * * * * * * * * * * * * * * * * //


338
(
4(4 5 7 6)
4(8 9 11 10)
4(10 18 19 11)
4(14 15 19 18)
4(18 19 23 22)
4(15 19 34 29)
4(18 33 34 19)
4(28 29 34 33)
4(16 20 35 30)
4(19 34 35 20)
4(29 30 35 34)
4(30 31 36 35)
4(19 23 39 34)
4(22 38 39 23)
4(33 34 39 38)
4(23 39 40 24)
4(34 35 40 39)
4(23 26 43 39)
4(38 39 43 42)
4(39 40 44 43)
4(29 34 55 49)
4(33 54 55 34)
4(48 49 55 54)
4(30 35 56 50)
4(34 55 56 35)
4(49 50 56 55)
4(31 36 57 51)
4(35 56 57 36)
4(50 51 57 56)
4(51 52 58 57)
4(34 39 61 55)
4(38 60 61 39)
4(54 55 61 60)
4(35 40 62 56)
4(39 61 62 40)
4(55 56 62 61)
4(56 57 63 62)
4(39 43 67 61)
4(42 66 67 43)
4(60 61 67 66)
4(43 67 68 44)
4(61 62 68 67)
4(43 46 72 67)
4(67 68 73 72)
4(49 55 82 75)
4(54 81 82 55)
4(74 75 82 81)
4(50 56 83 76)
4(55 82 83 56)
4(75 76 83 82)
4(51 57 84 77)
4(56 83 84 57)
4(76 77 84 83)
4(52 58 85 78)
4(57 84 85 58)
4(77 78 85 84)
4(58 85 86 59)
4(78 79 86 85)
4(55 61 89 82)
4(60 88 89 61)
4(81 82 89 88)
4(56 62 90 83)
4(61 89 90 62)
4(82 83 90 89)
4(57 63 91 84)
4(62 90 91 63)
4(83 84 91 90)
4(58 64 92 85)
4(63 91 92 64)
4(84 85 92 91)
4(85 86 93 92)
4(61 67 95 89)
4(88 89 95 94)
4(62 68 96 90)
4(67 95 96 68)
4(89 90 96 95)
4(63 69 97 91)
4(90 91 97 96)
4(91 92 98 97)
4(95 96 100 99)
4(75 82 110 103)
4(81 109 110 82)
4(102 103 110 109)
4(76 83 111 104)
4(82 110 111 83)
4(103 104 111 110)
4(77 84 112 105)
4(83 111 112 84)
4(104 105 112 111)
4(78 85 113 106)
4(84 112 113 85)
4(105 106 113 112)
4(79 86 114 107)
4(85 113 114 86)
4(106 107 114 113)
4(82 89 117 110)
4(88 116 117 89)
4(109 110 117 116)
4(83 90 118 111)
4(89 117 118 90)
4(110 111 118 117)
4(84 91 119 112)
4(90 118 119 91)
4(111 112 119 118)
4(85 92 120 113)
4(91 119 120 92)
4(112 113 120 119)
4(113 114 121 120)
4(89 95 123 117)
4(90 96 124 118)
4(95 123 124 96)
4(117 118 124 123)
4(91 97 125 119)
4(96 124 125 97)
4(118 119 125 124)
4(119 120 126 125)
4(96 100 128 124)
4(103 110 137 131)
4(109 136 137 110)
4(130 131 137 136)
4(104 111 138 132)
4(110 137 138 111)
4(131 132 138 137)
4(105 112 139 133)
4(111 138 139 112)
4(132 133 139 138)
4(106 113 140 134)
4(112 139 140 113)
4(133 134 140 139)
4(113 140 141 114)
4(134 135 141 140)
4(110 117 143 137)
4(136 137 143 142)
4(111 118 144 138)
4(117 143 144 118)
4(137 138 144 143)
4(112 119 145 139)
4(118 144 145 119)
4(138 139 145 144)
4(113 120 146 140)
4(119 145 146 120)
4(139 140 146 145)
4(140 141 147 146)
4(118 124 149 144)
4(143 144 149 148)
4(119 125 150 145)
4(144 145 150 149)
4(131 137 159 153)
4(136 158 159 137)
4(152 153 159 158)
4(132 138 160 154)
4(137 159 160 138)
4(153 154 160 159)
4(133 139 161 155)
4(138 160 161 139)
4(154 155 161 160)
4(134 140 162 156)
4(139 161 162 140)
4(155 156 162 161)
4(140 162 163 141)
4(137 143 165 159)
4(158 159 165 164)
4(138 144 166 160)
4(143 165 166 144)
4(159 160 166 165)
4(139 145 167 161)
4(144 166 167 145)
4(160 161 167 166)
4(140 146 168 162)
4(144 149 171 166)
4(153 159 179 174)
4(158 178 179 159)
4(154 160 180 175)
4(159 179 180 160)
4(155 161 181 176)
4(160 180 181 161)
4(159 165 184 179)
4(160 166 185 180)
4(0 1 5 4)
4(4 5 9 8)
4(8 9 15 14)
4(14 15 29 28)
4(28 29 49 48)
4(48 49 75 74)
4(74 75 103 102)
4(102 103 131 130)
4(130 131 153 152)
4(152 153 174 173)
4(15 16 30 29)
4(29 30 50 49)
4(49 50 76 75)
4(75 76 104 103)
4(103 104 132 131)
4(131 132 154 153)
4(153 154 175 174)
4(16 17 31 30)
4(30 31 51 50)
4(50 51 77 76)
4(76 77 105 104)
4(104 105 133 132)
4(132 133 155 154)
4(154 155 176 175)
4(31 32 52 51)
4(51 52 78 77)
4(77 78 106 105)
4(105 106 134 133)
4(133 134 156 155)
4(155 156 177 176)
4(52 53 79 78)
4(78 79 107 106)
4(106 107 135 134)
4(134 135 157 156)
4(79 80 108 107)
4(0 4 6 2)
4(4 8 10 6)
4(8 14 18 10)
4(10 18 22 12)
4(14 28 33 18)
4(18 33 38 22)
4(22 38 42 25)
4(28 48 54 33)
4(33 54 60 38)
4(38 60 66 42)
4(42 66 71 45)
4(48 74 81 54)
4(54 81 88 60)
4(60 88 94 66)
4(74 102 109 81)
4(81 109 116 88)
4(88 116 122 94)
4(102 130 136 109)
4(109 136 142 116)
4(130 152 158 136)
4(136 158 164 142)
4(152 173 178 158)
4(158 178 183 164)
4(107 108 115 114)
4(107 114 141 135)
4(135 141 163 157)
4(141 147 169 163)
4(1 3 7 5)
4(2 6 7 3)
4(5 7 11 9)
4(6 10 11 7)
4(10 12 13 11)
4(9 11 19 15)
4(15 19 20 16)
4(16 20 21 17)
4(11 13 23 19)
4(12 22 23 13)
4(19 23 24 20)
4(22 25 26 23)
4(0 2 3 1)
4(32 37 58 52)
4(52 58 59 53)
4(20 35 36 21)
4(20 24 40 35)
4(35 40 41 36)
4(24 27 44 40)
4(40 62 63 41)
4(40 44 68 62)
4(62 68 69 63)
4(23 26 27 24)
4(25 42 43 26)
4(42 45 46 43)
4(58 64 65 59)
4(63 69 70 64)
4(45 71 72 46)
4(66 67 72 71)
4(44 47 73 68)
4(46 72 73 47)
4(53 59 86 79)
4(79 86 87 80)
4(64 92 93 65)
4(66 94 95 67)
4(68 96 97 69)
4(64 70 98 92)
4(69 97 98 70)
4(67 95 99 72)
4(68 73 100 96)
4(72 99 100 73)
4(96 100 101 97)
4(80 87 115 108)
4(86 114 115 87)
4(86 93 121 114)
4(94 122 123 95)
4(116 117 123 122)
4(95 123 127 99)
4(99 127 128 100)
4(123 124 128 127)
4(100 128 129 101)
4(124 125 129 128)
4(116 142 143 117)
4(114 121 147 141)
4(120 146 147 121)
4(117 143 148 123)
4(123 148 149 124)
4(124 149 150 125)
4(120 126 151 146)
4(125 150 151 126)
4(145 146 151 150)
4(156 157 163 162)
4(142 164 165 143)
4(145 167 168 146)
4(161 162 168 167)
4(146 168 169 147)
4(162 163 169 168)
4(143 165 170 148)
4(165 166 171 170)
4(145 150 172 167)
4(166 167 172 171)
4(173 174 179 178)
4(174 175 180 179)
4(175 176 181 180)
4(156 162 182 177)
4(161 181 182 162)
4(176 177 182 181)
4(178 179 184 183)
4(165 184 185 166)
4(179 180 185 184)
4(161 167 186 181)
4(166 185 186 167)
4(180 181 186 185)
4(148 170 171 149)
4(149 171 172 150)
4(164 183 184 165)
4(26 43 44 27)
4(43 46 47 44)
4(97 125 126 98)
4(97 101 129 125)
4(92 120 121 93)
4(92 98 126 120)
4(17 21 36 31)
4(31 36 37 32)
4(59 65 93 86)
4(36 57 58 37)
4(36 41 63 57)
4(57 63 64 58)
)


// ************************************************************************* //
