/*--------------------------------*- C++ -*----------------------------------*\
  =========                 |
  \\      /  F ield         | OpenFOAM: The Open Source CFD Toolbox
   \\    /   O peration     | Website:  https://openfoam.org
    \\  /    A nd           | Version:  6
     \\/     M anipulation  |
\*---------------------------------------------------------------------------*/
FoamFile
{
    version     2.0;
    format      ascii;
    class       labelList;
    location    "constant/region53/polyMesh";
    object      faceRegionAddressing;
}
// * * * * * * * * * * * * * * * * * * * * * * * * * * * * * * * * * * * * * //


338
(
48643
60803
72962
72963
73154
85121
85122
85123
85124
85125
85126
85129
85312
85313
85314
85316
85317
85503
85505
85508
97281
97282
97283
97284
97285
97286
97287
97288
97289
97292
97472
97473
97474
97475
97476
97477
97480
97663
97664
97665
97667
97668
97854
97859
109441
109442
109443
109444
109445
109446
109447
109448
109449
109450
109451
109452
109454
109455
109632
109633
109634
109635
109636
109637
109638
109639
109640
109641
109642
109643
109646
109823
109825
109826
109827
109828
109829
109831
109834
110019
121601
121602
121603
121604
121605
121606
121607
121608
121609
121610
121611
121612
121613
121614
121615
121792
121793
121794
121795
121796
121797
121798
121799
121800
121801
121802
121803
121806
121983
121986
121987
121988
121989
121990
121991
121994
122177
133761
133762
133763
133764
133765
133766
133767
133768
133769
133770
133771
133772
133774
133775
133952
133954
133955
133956
133957
133958
133959
133960
133961
133962
133963
133966
134146
134148
134149
134151
145921
145922
145923
145924
145925
145926
145927
145928
145929
145930
145931
145932
145934
146112
146114
146115
146116
146117
146118
146119
146120
146121
146306
158081
158082
158084
158085
158087
158088
158272
158275
895749
895750
895751
895752
895753
895754
895755
895756
895757
895758
895816
895817
895818
895819
895820
895821
895822
895880
895881
895882
895883
895884
895885
895886
895945
895946
895947
895948
895949
895950
896010
896011
896012
896013
896075
905473
905537
905601
905602
905665
905666
905667
905729
905730
905731
905732
905793
905794
905795
905857
905858
905859
905921
905922
905985
905986
906049
906050
121618
133773
145933
146124
48641
48642
60801
60802
-60994
72961
-72966
-72969
73152
73153
-73157
-73345
-36483
97290
-97295
85128
85315
-85320
85506
97479
97666
-97671
-73348
85504
-85696
-97486
-97674
97855
97856
97857
97858
109453
-109458
109645
109824
109830
109832
109833
-110014
110017
110018
-110022
121616
121617
121804
121984
121985
-122174
122178
122179
122181
122182
133953
133964
133965
-134143
134147
134150
134152
134153
134154
145935
146113
146122
146123
146125
146126
-146303
146308
146309
146311
158083
158086
158089
158090
158091
158092
158274
158276
158277
158278
158279
158280
146307
146310
158273
85507
-85699
121993
122180
121805
121992
85127
-85132
109644
97291
97478
-97483
)


// ************************************************************************* //
