/*--------------------------------*- C++ -*----------------------------------*\
  =========                 |
  \\      /  F ield         | OpenFOAM: The Open Source CFD Toolbox
   \\    /   O peration     | Website:  https://openfoam.org
    \\  /    A nd           | Version:  6
     \\/     M anipulation  |
\*---------------------------------------------------------------------------*/
FoamFile
{
    version     2.0;
    format      ascii;
    class       labelList;
    note        "nPoints:187  nCells:86  nFaces:338  nInternalFaces:178";
    location    "constant/region53/polyMesh";
    object      owner;
}
// * * * * * * * * * * * * * * * * * * * * * * * * * * * * * * * * * * * * * //


338
(
0
1
2
2
3
4
4
4
5
5
5
6
7
7
7
8
8
9
9
10
11
11
11
12
12
12
13
13
13
14
15
15
15
16
16
16
17
18
18
18
19
19
20
21
22
22
22
23
23
23
24
24
24
25
25
25
26
26
27
27
27
28
28
28
29
29
29
30
30
30
31
32
32
33
33
33
34
34
35
36
37
37
37
38
38
38
39
39
39
40
40
40
41
41
41
43
43
43
44
44
44
45
45
45
46
46
46
47
48
49
49
49
50
50
50
51
52
54
54
54
55
55
55
56
56
56
57
57
57
58
58
59
59
60
60
60
61
61
61
62
62
62
63
64
64
65
65
67
67
67
68
68
68
69
69
69
70
70
70
71
72
72
73
73
73
74
74
74
75
77
79
79
80
80
81
81
83
84
0
1
2
4
11
22
37
54
67
79
5
12
23
38
55
68
80
6
13
24
39
56
69
81
14
25
40
57
70
82
26
41
58
71
42
0
1
2
3
4
7
9
11
15
18
20
22
27
32
37
43
48
54
59
67
72
79
83
42
58
71
76
0
0
1
1
3
2
5
6
3
3
8
9
0
14
26
6
8
17
10
17
19
34
10
9
20
31
35
20
20
21
21
26
42
31
32
34
35
35
36
36
36
53
42
42
47
48
48
52
52
52
53
53
59
63
63
64
64
65
66
66
66
71
72
75
75
76
76
77
77
78
78
79
80
81
82
82
82
83
84
84
85
85
85
77
78
83
10
21
51
53
47
51
6
14
31
14
17
30
)


// ************************************************************************* //
