/*--------------------------------*- C++ -*----------------------------------*\
  =========                 |
  \\      /  F ield         | OpenFOAM: The Open Source CFD Toolbox
   \\    /   O peration     | Website:  https://openfoam.org
    \\  /    A nd           | Version:  6
     \\/     M anipulation  |
\*---------------------------------------------------------------------------*/
FoamFile
{
    version     2.0;
    format      ascii;
    class       vectorField;
    location    "constant/region53/polyMesh";
    object      points;
}
// * * * * * * * * * * * * * * * * * * * * * * * * * * * * * * * * * * * * * //


187
(
(0 0 2.6e-07)
(6.5e-08 0 2.599999999999999e-07)
(0 6.5e-08 2.599999999999999e-07)
(6.499999999999999e-08 6.5e-08 2.600000000000001e-07)
(0 0 3.25e-07)
(6.5e-08 0 3.25e-07)
(0 6.5e-08 3.25e-07)
(6.499999999999999e-08 6.5e-08 3.25e-07)
(0 0 3.899999999999999e-07)
(6.5e-08 0 3.900000000000001e-07)
(0 6.5e-08 3.900000000000001e-07)
(6.499999999999999e-08 6.5e-08 3.899999999999999e-07)
(0 1.3e-07 3.899999999999999e-07)
(6.500000000000001e-08 1.3e-07 3.900000000000001e-07)
(0 0 4.55e-07)
(6.5e-08 0 4.55e-07)
(1.3e-07 0 4.55e-07)
(1.95e-07 0 4.55e-07)
(0 6.5e-08 4.55e-07)
(6.499999999999999e-08 6.5e-08 4.55e-07)
(1.3e-07 6.500000000000001e-08 4.55e-07)
(1.95e-07 6.5e-08 4.55e-07)
(0 1.3e-07 4.55e-07)
(6.500000000000001e-08 1.3e-07 4.55e-07)
(1.3e-07 1.3e-07 4.55e-07)
(0 1.95e-07 4.55e-07)
(6.5e-08 1.95e-07 4.55e-07)
(1.3e-07 1.95e-07 4.55e-07)
(0 0 5.2e-07)
(6.5e-08 0 5.199999999999999e-07)
(1.3e-07 0 5.200000000000001e-07)
(1.95e-07 0 5.2e-07)
(2.6e-07 0 5.2e-07)
(0 6.5e-08 5.199999999999999e-07)
(6.499999999999999e-08 6.5e-08 5.200000000000001e-07)
(1.3e-07 6.5e-08 5.2e-07)
(1.95e-07 6.5e-08 5.200000000000001e-07)
(2.599999999999999e-07 6.5e-08 5.2e-07)
(0 1.3e-07 5.200000000000001e-07)
(6.500000000000001e-08 1.3e-07 5.2e-07)
(1.3e-07 1.3e-07 5.199999999999999e-07)
(1.95e-07 1.3e-07 5.2e-07)
(0 1.95e-07 5.2e-07)
(6.5e-08 1.95e-07 5.200000000000001e-07)
(1.3e-07 1.95e-07 5.2e-07)
(0 2.6e-07 5.2e-07)
(6.5e-08 2.6e-07 5.2e-07)
(1.3e-07 2.6e-07 5.199999999999999e-07)
(0 0 5.849999999999999e-07)
(6.5e-08 0 5.849999999999998e-07)
(1.3e-07 0 5.849999999999999e-07)
(1.95e-07 0 5.849999999999999e-07)
(2.6e-07 0 5.849999999999999e-07)
(3.25e-07 0 5.849999999999999e-07)
(0 6.5e-08 5.849999999999998e-07)
(6.499999999999999e-08 6.5e-08 5.849999999999999e-07)
(1.3e-07 6.5e-08 5.85e-07)
(1.95e-07 6.5e-08 5.85e-07)
(2.599999999999999e-07 6.5e-08 5.849999999999999e-07)
(3.25e-07 6.5e-08 5.849999999999999e-07)
(0 1.3e-07 5.849999999999999e-07)
(6.500000000000001e-08 1.3e-07 5.85e-07)
(1.3e-07 1.3e-07 5.85e-07)
(1.95e-07 1.3e-07 5.85e-07)
(2.600000000000001e-07 1.3e-07 5.849999999999999e-07)
(3.25e-07 1.3e-07 5.85e-07)
(0 1.95e-07 5.849999999999999e-07)
(6.5e-08 1.95e-07 5.85e-07)
(1.3e-07 1.95e-07 5.85e-07)
(1.95e-07 1.95e-07 5.85e-07)
(2.6e-07 1.95e-07 5.85e-07)
(0 2.6e-07 5.849999999999999e-07)
(6.5e-08 2.6e-07 5.849999999999999e-07)
(1.3e-07 2.6e-07 5.849999999999999e-07)
(0 0 6.5e-07)
(6.5e-08 0 6.5e-07)
(1.3e-07 0 6.5e-07)
(1.95e-07 0 6.5e-07)
(2.6e-07 0 6.5e-07)
(3.25e-07 0 6.5e-07)
(3.899999999999999e-07 0 6.5e-07)
(0 6.5e-08 6.5e-07)
(6.499999999999999e-08 6.5e-08 6.499999999999999e-07)
(1.3e-07 6.5e-08 6.5e-07)
(1.95e-07 6.5e-08 6.5e-07)
(2.599999999999999e-07 6.5e-08 6.5e-07)
(3.25e-07 6.5e-08 6.5e-07)
(3.900000000000001e-07 6.5e-08 6.499999999999999e-07)
(0 1.3e-07 6.5e-07)
(6.500000000000001e-08 1.3e-07 6.5e-07)
(1.3e-07 1.3e-07 6.5e-07)
(1.95e-07 1.3e-07 6.5e-07)
(2.600000000000001e-07 1.3e-07 6.5e-07)
(3.25e-07 1.3e-07 6.5e-07)
(0 1.95e-07 6.5e-07)
(6.5e-08 1.95e-07 6.5e-07)
(1.3e-07 1.95e-07 6.5e-07)
(1.95e-07 1.95e-07 6.5e-07)
(2.6e-07 1.95e-07 6.5e-07)
(6.5e-08 2.6e-07 6.5e-07)
(1.3e-07 2.6e-07 6.5e-07)
(1.95e-07 2.6e-07 6.5e-07)
(0 0 7.150000000000001e-07)
(6.5e-08 0 7.149999999999999e-07)
(1.3e-07 0 7.150000000000001e-07)
(1.95e-07 0 7.150000000000001e-07)
(2.6e-07 0 7.150000000000001e-07)
(3.25e-07 0 7.149999999999999e-07)
(3.899999999999999e-07 0 7.149999999999999e-07)
(0 6.5e-08 7.149999999999999e-07)
(6.499999999999999e-08 6.499999999999999e-08 7.150000000000001e-07)
(1.3e-07 6.5e-08 7.150000000000001e-07)
(1.95e-07 6.499999999999999e-08 7.150000000000001e-07)
(2.599999999999999e-07 6.5e-08 7.150000000000001e-07)
(3.25e-07 6.5e-08 7.150000000000001e-07)
(3.900000000000001e-07 6.5e-08 7.150000000000001e-07)
(0 1.3e-07 7.150000000000001e-07)
(6.500000000000001e-08 1.3e-07 7.150000000000001e-07)
(1.3e-07 1.3e-07 7.149999999999999e-07)
(1.95e-07 1.3e-07 7.149999999999999e-07)
(2.600000000000001e-07 1.3e-07 7.149999999999998e-07)
(3.250000000000001e-07 1.3e-07 7.149999999999999e-07)
(0 1.95e-07 7.150000000000001e-07)
(6.5e-08 1.95e-07 7.150000000000001e-07)
(1.3e-07 1.95e-07 7.149999999999999e-07)
(1.95e-07 1.95e-07 7.149999999999999e-07)
(2.6e-07 1.95e-07 7.149999999999999e-07)
(6.5e-08 2.599999999999999e-07 7.150000000000001e-07)
(1.3e-07 2.6e-07 7.149999999999998e-07)
(1.95e-07 2.599999999999999e-07 7.149999999999999e-07)
(0 0 7.799999999999998e-07)
(6.5e-08 0 7.800000000000002e-07)
(1.3e-07 0 7.799999999999998e-07)
(1.95e-07 0 7.800000000000002e-07)
(2.6e-07 0 7.800000000000002e-07)
(3.25e-07 0 7.800000000000002e-07)
(0 6.5e-08 7.800000000000002e-07)
(6.499999999999999e-08 6.5e-08 7.799999999999998e-07)
(1.3e-07 6.5e-08 7.800000000000002e-07)
(1.95e-07 6.5e-08 7.799999999999998e-07)
(2.599999999999999e-07 6.5e-08 7.799999999999998e-07)
(3.25e-07 6.5e-08 7.800000000000002e-07)
(0 1.3e-07 7.799999999999998e-07)
(6.500000000000001e-08 1.3e-07 7.800000000000002e-07)
(1.3e-07 1.3e-07 7.799999999999998e-07)
(1.95e-07 1.3e-07 7.800000000000002e-07)
(2.600000000000001e-07 1.3e-07 7.800000000000002e-07)
(3.25e-07 1.3e-07 7.799999999999998e-07)
(6.5e-08 1.95e-07 7.799999999999998e-07)
(1.3e-07 1.95e-07 7.800000000000002e-07)
(1.95e-07 1.95e-07 7.799999999999998e-07)
(2.6e-07 1.95e-07 7.800000000000002e-07)
(0 0 8.450000000000001e-07)
(6.5e-08 0 8.449999999999999e-07)
(1.3e-07 0 8.450000000000001e-07)
(1.95e-07 0 8.449999999999999e-07)
(2.6e-07 0 8.449999999999999e-07)
(3.25e-07 0 8.449999999999999e-07)
(0 6.5e-08 8.449999999999999e-07)
(6.499999999999999e-08 6.5e-08 8.450000000000001e-07)
(1.3e-07 6.5e-08 8.449999999999999e-07)
(1.95e-07 6.5e-08 8.450000000000001e-07)
(2.599999999999999e-07 6.5e-08 8.450000000000001e-07)
(3.25e-07 6.5e-08 8.449999999999999e-07)
(0 1.3e-07 8.450000000000001e-07)
(6.500000000000001e-08 1.3e-07 8.449999999999999e-07)
(1.3e-07 1.3e-07 8.450000000000001e-07)
(1.95e-07 1.3e-07 8.449999999999999e-07)
(2.600000000000001e-07 1.3e-07 8.449999999999999e-07)
(3.25e-07 1.3e-07 8.450000000000001e-07)
(6.5e-08 1.95e-07 8.450000000000001e-07)
(1.3e-07 1.95e-07 8.449999999999999e-07)
(1.95e-07 1.95e-07 8.450000000000001e-07)
(0 0 9.1e-07)
(6.5e-08 0 9.1e-07)
(1.3e-07 0 9.1e-07)
(1.95e-07 0 9.1e-07)
(2.6e-07 0 9.1e-07)
(0 6.5e-08 9.1e-07)
(6.499999999999999e-08 6.5e-08 9.1e-07)
(1.3e-07 6.5e-08 9.1e-07)
(1.95e-07 6.5e-08 9.1e-07)
(2.599999999999999e-07 6.5e-08 9.1e-07)
(0 1.3e-07 9.1e-07)
(6.500000000000001e-08 1.3e-07 9.1e-07)
(1.3e-07 1.3e-07 9.1e-07)
(1.95e-07 1.3e-07 9.1e-07)
)


// ************************************************************************* //
