/*--------------------------------*- C++ -*----------------------------------*\
  =========                 |
  \\      /  F ield         | OpenFOAM: The Open Source CFD Toolbox
   \\    /   O peration     | Website:  https://openfoam.org
    \\  /    A nd           | Version:  6
     \\/     M anipulation  |
\*---------------------------------------------------------------------------*/
FoamFile
{
    version     2.0;
    format      ascii;
    class       labelList;
    location    "constant/region313/polyMesh";
    object      cellRegionAddressing;
}
// * * * * * * * * * * * * * * * * * * * * * * * * * * * * * * * * * * * * * //


558
(
87488
87552
87616
91520
91584
91585
91648
91649
91712
91713
91776
91777
91840
95552
95553
95616
95617
95680
95681
95682
95744
95745
95746
95808
95809
95810
95872
95873
95874
95936
95937
99584
99585
99648
99649
99650
99712
99713
99714
99776
99777
99778
99840
99841
99842
99843
99904
99905
99906
99907
99968
99969
99970
99971
100032
100033
100034
103552
103553
103616
103617
103618
103680
103681
103682
103744
103745
103746
103747
103808
103809
103810
103811
103872
103873
103874
103875
103936
103937
103938
103939
104000
104001
104002
104003
104064
104065
104066
104067
104128
104129
104130
104192
104704
107457
107458
107520
107521
107522
107584
107585
107586
107587
107648
107649
107650
107651
107712
107713
107714
107715
107776
107777
107778
107779
107840
107841
107842
107843
107844
107904
107905
107906
107907
107908
107968
107969
107970
107971
107972
108032
108033
108034
108035
108036
108096
108097
108098
108099
108100
108160
108161
108162
108163
108164
108224
108225
108226
108227
108288
108736
108800
108801
108864
108865
111552
111553
111554
111555
111616
111617
111618
111619
111620
111680
111681
111682
111683
111684
111744
111745
111746
111747
111748
111808
111809
111810
111811
111812
111872
111873
111874
111875
111876
111936
111937
111938
111939
111940
112000
112001
112002
112003
112004
112064
112065
112066
112067
112068
112128
112129
112130
112131
112132
112192
112193
112194
112195
112196
112256
112257
112258
112259
112260
112320
112321
112322
112323
112324
112384
112385
112832
112896
112897
112960
112961
113024
113025
113088
115648
115649
115650
115651
115652
115712
115713
115714
115715
115716
115776
115777
115778
115779
115780
115781
115840
115841
115842
115843
115844
115845
115904
115905
115906
115907
115908
115909
115968
115969
115970
115971
115972
115973
116032
116033
116034
116035
116036
116037
116096
116097
116098
116099
116100
116101
116160
116161
116162
116163
116164
116165
116224
116225
116226
116227
116228
116229
116288
116289
116290
116291
116292
116293
116352
116353
116354
116355
116356
116416
116417
116418
116419
116420
116480
116481
116928
116992
117056
117057
117120
117121
117184
117185
119744
119745
119746
119808
119809
119810
119811
119872
119873
119874
119875
119876
119936
119937
119938
119939
119940
120000
120001
120002
120003
120004
120064
120065
120066
120067
120068
120128
120129
120130
120131
120132
120192
120193
120194
120195
120196
120256
120257
120258
120259
120260
120320
120321
120322
120323
120324
120325
120384
120385
120386
120387
120388
120389
120448
120449
120450
120451
120452
120512
120513
120514
120515
120576
120577
121088
121152
121216
121280
123968
123969
124032
124033
124096
124097
124160
124161
124162
124224
124225
124226
124227
124288
124289
124290
124291
124352
124353
124354
124355
124416
124417
124418
124419
124420
124480
124481
124482
124483
124484
124544
124545
124546
124547
124608
124609
124610
124611
124672
124673
124800
124864
124865
124928
124929
124992
124993
124994
125056
125057
125120
125121
125184
128576
128640
128641
128704
128705
128768
128769
128832
128833
128896
128897
128898
128960
128961
128962
129024
129025
129026
129027
129088
129089
129090
129091
129092
129152
129153
129154
129155
129156
129216
129217
129218
129219
129220
129280
129281
132800
132864
132865
132928
132929
132992
132993
132994
133056
133057
133058
133120
133121
133122
133123
133184
133185
133186
133187
133188
133248
133249
133250
133251
133252
133253
133312
133313
133314
133315
133316
133317
133376
133377
133378
133379
137024
137088
137089
137152
137153
137154
137216
137217
137218
137219
137280
137281
137282
137283
137284
137344
137345
137346
137347
137348
137349
137408
137409
137410
137411
137412
137472
137473
137474
137475
137476
137538
141248
141312
141313
141376
141377
141378
141440
141441
141442
141443
141504
141505
141506
141507
141568
141569
141570
141571
)


// ************************************************************************* //
