/*--------------------------------*- C++ -*----------------------------------*\
  =========                 |
  \\      /  F ield         | OpenFOAM: The Open Source CFD Toolbox
   \\    /   O peration     | Website:  https://openfoam.org
    \\  /    A nd           | Version:  6
     \\/     M anipulation  |
\*---------------------------------------------------------------------------*/
FoamFile
{
    version     2.0;
    format      ascii;
    class       faceList;
    location    "constant/region313/polyMesh";
    object      faces;
}
// * * * * * * * * * * * * * * * * * * * * * * * * * * * * * * * * * * * * * //


2031
(
4(2 13 14 3)
4(10 11 14 13)
4(4 16 17 5)
4(13 14 17 16)
4(16 17 20 19)
4(10 33 34 11)
4(30 31 34 33)
4(11 14 38 34)
4(13 37 38 14)
4(33 34 38 37)
4(14 38 39 15)
4(34 35 39 38)
4(14 17 42 38)
4(16 41 42 17)
4(37 38 42 41)
4(17 42 43 18)
4(38 39 43 42)
4(17 20 46 42)
4(19 45 46 20)
4(41 42 46 45)
4(20 46 47 21)
4(42 43 47 46)
4(20 23 50 46)
4(22 49 50 23)
4(45 46 50 49)
4(46 47 51 50)
4(49 50 54 53)
4(28 31 64 60)
4(30 63 64 31)
4(59 60 64 63)
4(31 64 65 32)
4(60 61 65 64)
4(31 34 68 64)
4(33 67 68 34)
4(63 64 68 67)
4(34 68 69 35)
4(64 65 69 68)
4(34 38 72 68)
4(37 71 72 38)
4(67 68 72 71)
4(35 39 73 69)
4(38 72 73 39)
4(68 69 73 72)
4(39 73 74 40)
4(69 70 74 73)
4(38 42 77 72)
4(41 76 77 42)
4(71 72 77 76)
4(39 43 78 73)
4(42 77 78 43)
4(72 73 78 77)
4(43 78 79 44)
4(73 74 79 78)
4(42 46 82 77)
4(45 81 82 46)
4(76 77 82 81)
4(43 47 83 78)
4(46 82 83 47)
4(77 78 83 82)
4(47 83 84 48)
4(78 79 84 83)
4(46 50 87 82)
4(49 86 87 50)
4(81 82 87 86)
4(47 51 88 83)
4(50 87 88 51)
4(82 83 88 87)
4(83 84 89 88)
4(50 54 92 87)
4(86 87 92 91)
4(87 88 93 92)
4(57 60 107 103)
4(59 106 107 60)
4(102 103 107 106)
4(60 107 108 61)
4(103 104 108 107)
4(60 64 112 107)
4(63 111 112 64)
4(106 107 112 111)
4(61 65 113 108)
4(64 112 113 65)
4(107 108 113 112)
4(65 113 114 66)
4(108 109 114 113)
4(64 68 117 112)
4(67 116 117 68)
4(111 112 117 116)
4(65 69 118 113)
4(68 117 118 69)
4(112 113 118 117)
4(69 118 119 70)
4(113 114 119 118)
4(68 72 122 117)
4(71 121 122 72)
4(116 117 122 121)
4(69 73 123 118)
4(72 122 123 73)
4(117 118 123 122)
4(73 123 124 74)
4(118 119 124 123)
4(72 77 127 122)
4(76 126 127 77)
4(121 122 127 126)
4(73 78 128 123)
4(77 127 128 78)
4(122 123 128 127)
4(74 79 129 124)
4(78 128 129 79)
4(123 124 129 128)
4(79 129 130 80)
4(124 125 130 129)
4(77 82 132 127)
4(81 131 132 82)
4(126 127 132 131)
4(78 83 133 128)
4(82 132 133 83)
4(127 128 133 132)
4(79 84 134 129)
4(83 133 134 84)
4(128 129 134 133)
4(84 134 135 85)
4(129 130 135 134)
4(82 87 137 132)
4(86 136 137 87)
4(131 132 137 136)
4(83 88 138 133)
4(87 137 138 88)
4(132 133 138 137)
4(84 89 139 134)
4(88 138 139 89)
4(133 134 139 138)
4(134 135 140 139)
4(87 92 142 137)
4(136 137 142 141)
4(88 93 143 138)
4(137 138 143 142)
4(138 139 144 143)
4(96 99 169 164)
4(98 168 169 99)
4(163 164 169 168)
4(99 169 170 100)
4(164 165 170 169)
4(99 103 174 169)
4(102 173 174 103)
4(168 169 174 173)
4(100 104 175 170)
4(103 174 175 104)
4(169 170 175 174)
4(104 175 176 105)
4(170 171 176 175)
4(103 107 179 174)
4(106 178 179 107)
4(173 174 179 178)
4(104 108 180 175)
4(107 179 180 108)
4(174 175 180 179)
4(108 180 181 109)
4(175 176 181 180)
4(107 112 185 179)
4(111 184 185 112)
4(178 179 185 184)
4(108 113 186 180)
4(112 185 186 113)
4(179 180 186 185)
4(109 114 187 181)
4(113 186 187 114)
4(180 181 187 186)
4(114 187 188 115)
4(181 182 188 187)
4(112 117 191 185)
4(116 190 191 117)
4(184 185 191 190)
4(113 118 192 186)
4(117 191 192 118)
4(185 186 192 191)
4(114 119 193 187)
4(118 192 193 119)
4(186 187 193 192)
4(119 193 194 120)
4(187 188 194 193)
4(117 122 197 191)
4(121 196 197 122)
4(190 191 197 196)
4(118 123 198 192)
4(122 197 198 123)
4(191 192 198 197)
4(119 124 199 193)
4(123 198 199 124)
4(192 193 199 198)
4(124 199 200 125)
4(193 194 200 199)
4(122 127 203 197)
4(126 202 203 127)
4(196 197 203 202)
4(123 128 204 198)
4(127 203 204 128)
4(197 198 204 203)
4(124 129 205 199)
4(128 204 205 129)
4(198 199 205 204)
4(129 205 206 130)
4(199 200 206 205)
4(127 132 209 203)
4(131 208 209 132)
4(202 203 209 208)
4(128 133 210 204)
4(132 209 210 133)
4(203 204 210 209)
4(129 134 211 205)
4(133 210 211 134)
4(204 205 211 210)
4(134 211 212 135)
4(205 206 212 211)
4(132 137 215 209)
4(136 214 215 137)
4(208 209 215 214)
4(133 138 216 210)
4(137 215 216 138)
4(209 210 216 215)
4(134 139 217 211)
4(138 216 217 139)
4(210 211 217 216)
4(211 212 218 217)
4(137 142 221 215)
4(141 220 221 142)
4(214 215 221 220)
4(138 143 222 216)
4(215 216 222 221)
4(216 217 223 222)
4(220 221 226 225)
4(229 230 233 232)
4(152 156 245 240)
4(155 244 245 156)
4(239 240 245 244)
4(156 245 246 157)
4(240 241 246 245)
4(155 159 250 244)
4(158 249 250 159)
4(243 244 250 249)
4(156 160 251 245)
4(159 250 251 160)
4(244 245 251 250)
4(160 251 252 161)
4(245 246 252 251)
4(159 164 256 250)
4(163 255 256 164)
4(249 250 256 255)
4(160 165 257 251)
4(164 256 257 165)
4(250 251 257 256)
4(161 166 258 252)
4(165 257 258 166)
4(251 252 258 257)
4(166 258 259 167)
4(252 253 259 258)
4(164 169 262 256)
4(168 261 262 169)
4(255 256 262 261)
4(165 170 263 257)
4(169 262 263 170)
4(256 257 263 262)
4(166 171 264 258)
4(170 263 264 171)
4(257 258 264 263)
4(171 264 265 172)
4(258 259 265 264)
4(169 174 268 262)
4(173 267 268 174)
4(261 262 268 267)
4(170 175 269 263)
4(174 268 269 175)
4(262 263 269 268)
4(171 176 270 264)
4(175 269 270 176)
4(263 264 270 269)
4(176 270 271 177)
4(264 265 271 270)
4(174 179 274 268)
4(178 273 274 179)
4(267 268 274 273)
4(175 180 275 269)
4(179 274 275 180)
4(268 269 275 274)
4(176 181 276 270)
4(180 275 276 181)
4(269 270 276 275)
4(181 276 277 182)
4(270 271 277 276)
4(179 185 280 274)
4(184 279 280 185)
4(273 274 280 279)
4(180 186 281 275)
4(185 280 281 186)
4(274 275 281 280)
4(181 187 282 276)
4(186 281 282 187)
4(275 276 282 281)
4(182 188 283 277)
4(187 282 283 188)
4(276 277 283 282)
4(188 283 284 189)
4(277 278 284 283)
4(185 191 286 280)
4(190 285 286 191)
4(279 280 286 285)
4(186 192 287 281)
4(191 286 287 192)
4(280 281 287 286)
4(187 193 288 282)
4(192 287 288 193)
4(281 282 288 287)
4(188 194 289 283)
4(193 288 289 194)
4(282 283 289 288)
4(194 289 290 195)
4(283 284 290 289)
4(191 197 292 286)
4(196 291 292 197)
4(285 286 292 291)
4(192 198 293 287)
4(197 292 293 198)
4(286 287 293 292)
4(193 199 294 288)
4(198 293 294 199)
4(287 288 294 293)
4(194 200 295 289)
4(199 294 295 200)
4(288 289 295 294)
4(200 295 296 201)
4(289 290 296 295)
4(197 203 298 292)
4(202 297 298 203)
4(291 292 298 297)
4(198 204 299 293)
4(203 298 299 204)
4(292 293 299 298)
4(199 205 300 294)
4(204 299 300 205)
4(293 294 300 299)
4(200 206 301 295)
4(205 300 301 206)
4(294 295 301 300)
4(206 301 302 207)
4(295 296 302 301)
4(203 209 304 298)
4(208 303 304 209)
4(297 298 304 303)
4(204 210 305 299)
4(209 304 305 210)
4(298 299 305 304)
4(205 211 306 300)
4(210 305 306 211)
4(299 300 306 305)
4(206 212 307 301)
4(211 306 307 212)
4(300 301 307 306)
4(212 307 308 213)
4(301 302 308 307)
4(209 215 310 304)
4(214 309 310 215)
4(303 304 310 309)
4(210 216 311 305)
4(215 310 311 216)
4(304 305 311 310)
4(211 217 312 306)
4(216 311 312 217)
4(305 306 312 311)
4(212 218 313 307)
4(217 312 313 218)
4(306 307 313 312)
4(307 308 314 313)
4(215 221 316 310)
4(220 315 316 221)
4(309 310 316 315)
4(216 222 317 311)
4(310 311 317 316)
4(217 223 318 312)
4(311 312 318 317)
4(312 313 319 318)
4(315 316 322 321)
4(229 326 327 230)
4(324 325 327 326)
4(230 233 330 327)
4(232 329 330 233)
4(326 327 330 329)
4(233 330 331 234)
4(327 328 331 330)
4(233 236 333 330)
4(329 330 333 332)
4(330 331 334 333)
4(239 244 347 341)
4(243 346 347 244)
4(340 341 347 346)
4(240 245 348 342)
4(244 347 348 245)
4(341 342 348 347)
4(241 246 349 343)
4(245 348 349 246)
4(342 343 349 348)
4(246 349 350 247)
4(343 344 350 349)
4(244 250 353 347)
4(249 352 353 250)
4(346 347 353 352)
4(245 251 354 348)
4(250 353 354 251)
4(347 348 354 353)
4(246 252 355 349)
4(251 354 355 252)
4(348 349 355 354)
4(247 253 356 350)
4(252 355 356 253)
4(349 350 356 355)
4(253 356 357 254)
4(350 351 357 356)
4(250 256 360 353)
4(255 359 360 256)
4(352 353 360 359)
4(251 257 361 354)
4(256 360 361 257)
4(353 354 361 360)
4(252 258 362 355)
4(257 361 362 258)
4(354 355 362 361)
4(253 259 363 356)
4(258 362 363 259)
4(355 356 363 362)
4(259 363 364 260)
4(356 357 364 363)
4(256 262 367 360)
4(261 366 367 262)
4(359 360 367 366)
4(257 263 368 361)
4(262 367 368 263)
4(360 361 368 367)
4(258 264 369 362)
4(263 368 369 264)
4(361 362 369 368)
4(259 265 370 363)
4(264 369 370 265)
4(362 363 370 369)
4(265 370 371 266)
4(363 364 371 370)
4(262 268 374 367)
4(267 373 374 268)
4(366 367 374 373)
4(263 269 375 368)
4(268 374 375 269)
4(367 368 375 374)
4(264 270 376 369)
4(269 375 376 270)
4(368 369 376 375)
4(265 271 377 370)
4(270 376 377 271)
4(369 370 377 376)
4(271 377 378 272)
4(370 371 378 377)
4(268 274 381 374)
4(273 380 381 274)
4(373 374 381 380)
4(269 275 382 375)
4(274 381 382 275)
4(374 375 382 381)
4(270 276 383 376)
4(275 382 383 276)
4(375 376 383 382)
4(271 277 384 377)
4(276 383 384 277)
4(376 377 384 383)
4(277 384 385 278)
4(377 378 385 384)
4(274 280 388 381)
4(279 387 388 280)
4(380 381 388 387)
4(275 281 389 382)
4(280 388 389 281)
4(381 382 389 388)
4(276 282 390 383)
4(281 389 390 282)
4(382 383 390 389)
4(277 283 391 384)
4(282 390 391 283)
4(383 384 391 390)
4(283 391 392 284)
4(384 385 392 391)
4(280 286 395 388)
4(285 394 395 286)
4(387 388 395 394)
4(281 287 396 389)
4(286 395 396 287)
4(388 389 396 395)
4(282 288 397 390)
4(287 396 397 288)
4(389 390 397 396)
4(283 289 398 391)
4(288 397 398 289)
4(390 391 398 397)
4(289 398 399 290)
4(391 392 399 398)
4(286 292 402 395)
4(291 401 402 292)
4(394 395 402 401)
4(287 293 403 396)
4(292 402 403 293)
4(395 396 403 402)
4(288 294 404 397)
4(293 403 404 294)
4(396 397 404 403)
4(289 295 405 398)
4(294 404 405 295)
4(397 398 405 404)
4(295 405 406 296)
4(398 399 406 405)
4(292 298 409 402)
4(297 408 409 298)
4(401 402 409 408)
4(293 299 410 403)
4(298 409 410 299)
4(402 403 410 409)
4(294 300 411 404)
4(299 410 411 300)
4(403 404 411 410)
4(295 301 412 405)
4(300 411 412 301)
4(404 405 412 411)
4(301 412 413 302)
4(405 406 413 412)
4(298 304 416 409)
4(303 415 416 304)
4(408 409 416 415)
4(299 305 417 410)
4(304 416 417 305)
4(409 410 417 416)
4(300 306 418 411)
4(305 417 418 306)
4(410 411 418 417)
4(301 307 419 412)
4(306 418 419 307)
4(411 412 419 418)
4(307 419 420 308)
4(412 413 420 419)
4(304 310 423 416)
4(309 422 423 310)
4(415 416 423 422)
4(305 311 424 417)
4(310 423 424 311)
4(416 417 424 423)
4(306 312 425 418)
4(311 424 425 312)
4(417 418 425 424)
4(307 313 426 419)
4(312 425 426 313)
4(418 419 426 425)
4(313 426 427 314)
4(419 420 427 426)
4(310 316 429 423)
4(315 428 429 316)
4(422 423 429 428)
4(311 317 430 424)
4(316 429 430 317)
4(423 424 430 429)
4(312 318 431 425)
4(424 425 431 430)
4(313 319 432 426)
4(425 426 432 431)
4(426 427 433 432)
4(316 322 435 429)
4(428 429 435 434)
4(429 430 436 435)
4(326 439 440 327)
4(437 438 440 439)
4(327 330 443 440)
4(329 442 443 330)
4(439 440 443 442)
4(330 443 444 331)
4(330 333 446 443)
4(332 445 446 333)
4(442 443 446 445)
4(333 446 447 334)
4(443 444 447 446)
4(333 336 449 446)
4(335 448 449 336)
4(445 446 449 448)
4(446 447 450 449)
4(448 449 452 451)
4(341 347 461 455)
4(346 460 461 347)
4(454 455 461 460)
4(342 348 462 456)
4(347 461 462 348)
4(455 456 462 461)
4(343 349 463 457)
4(348 462 463 349)
4(456 457 463 462)
4(344 350 464 458)
4(349 463 464 350)
4(350 464 465 351)
4(347 353 467 461)
4(352 466 467 353)
4(460 461 467 466)
4(348 354 468 462)
4(353 467 468 354)
4(461 462 468 467)
4(349 355 469 463)
4(354 468 469 355)
4(462 463 469 468)
4(350 356 470 464)
4(355 469 470 356)
4(463 464 470 469)
4(356 470 471 357)
4(353 360 474 467)
4(359 473 474 360)
4(466 467 474 473)
4(354 361 475 468)
4(360 474 475 361)
4(467 468 475 474)
4(355 362 476 469)
4(361 475 476 362)
4(468 469 476 475)
4(356 363 477 470)
4(362 476 477 363)
4(469 470 477 476)
4(357 364 478 471)
4(363 477 478 364)
4(470 471 478 477)
4(364 478 479 365)
4(360 367 481 474)
4(366 480 481 367)
4(473 474 481 480)
4(361 368 482 475)
4(367 481 482 368)
4(474 475 482 481)
4(362 369 483 476)
4(368 482 483 369)
4(475 476 483 482)
4(363 370 484 477)
4(369 483 484 370)
4(476 477 484 483)
4(364 371 485 478)
4(370 484 485 371)
4(477 478 485 484)
4(371 485 486 372)
4(367 374 488 481)
4(373 487 488 374)
4(480 481 488 487)
4(368 375 489 482)
4(374 488 489 375)
4(481 482 489 488)
4(369 376 490 483)
4(375 489 490 376)
4(482 483 490 489)
4(370 377 491 484)
4(376 490 491 377)
4(483 484 491 490)
4(371 378 492 485)
4(377 491 492 378)
4(484 485 492 491)
4(378 492 493 379)
4(374 381 495 488)
4(380 494 495 381)
4(487 488 495 494)
4(375 382 496 489)
4(381 495 496 382)
4(488 489 496 495)
4(376 383 497 490)
4(382 496 497 383)
4(489 490 497 496)
4(377 384 498 491)
4(383 497 498 384)
4(490 491 498 497)
4(378 385 499 492)
4(384 498 499 385)
4(491 492 499 498)
4(385 499 500 386)
4(381 388 502 495)
4(387 501 502 388)
4(494 495 502 501)
4(382 389 503 496)
4(388 502 503 389)
4(495 496 503 502)
4(383 390 504 497)
4(389 503 504 390)
4(496 497 504 503)
4(384 391 505 498)
4(390 504 505 391)
4(497 498 505 504)
4(385 392 506 499)
4(391 505 506 392)
4(498 499 506 505)
4(392 506 507 393)
4(388 395 509 502)
4(394 508 509 395)
4(501 502 509 508)
4(389 396 510 503)
4(395 509 510 396)
4(502 503 510 509)
4(390 397 511 504)
4(396 510 511 397)
4(503 504 511 510)
4(391 398 512 505)
4(397 511 512 398)
4(504 505 512 511)
4(392 399 513 506)
4(398 512 513 399)
4(505 506 513 512)
4(399 513 514 400)
4(395 402 516 509)
4(401 515 516 402)
4(508 509 516 515)
4(396 403 517 510)
4(402 516 517 403)
4(509 510 517 516)
4(397 404 518 511)
4(403 517 518 404)
4(510 511 518 517)
4(398 405 519 512)
4(404 518 519 405)
4(511 512 519 518)
4(399 406 520 513)
4(405 519 520 406)
4(512 513 520 519)
4(406 520 521 407)
4(402 409 523 516)
4(408 522 523 409)
4(515 516 523 522)
4(403 410 524 517)
4(409 523 524 410)
4(516 517 524 523)
4(404 411 525 518)
4(410 524 525 411)
4(517 518 525 524)
4(405 412 526 519)
4(411 525 526 412)
4(518 519 526 525)
4(406 413 527 520)
4(412 526 527 413)
4(519 520 527 526)
4(413 527 528 414)
4(520 521 528 527)
4(409 416 530 523)
4(415 529 530 416)
4(522 523 530 529)
4(410 417 531 524)
4(416 530 531 417)
4(523 524 531 530)
4(411 418 532 525)
4(417 531 532 418)
4(524 525 532 531)
4(412 419 533 526)
4(418 532 533 419)
4(525 526 533 532)
4(413 420 534 527)
4(419 533 534 420)
4(526 527 534 533)
4(527 528 535 534)
4(416 423 537 530)
4(422 536 537 423)
4(529 530 537 536)
4(417 424 538 531)
4(423 537 538 424)
4(530 531 538 537)
4(418 425 539 532)
4(424 538 539 425)
4(531 532 539 538)
4(419 426 540 533)
4(425 539 540 426)
4(532 533 540 539)
4(426 540 541 427)
4(533 534 541 540)
4(423 429 543 537)
4(428 542 543 429)
4(536 537 543 542)
4(424 430 544 538)
4(429 543 544 430)
4(537 538 544 543)
4(425 431 545 539)
4(538 539 545 544)
4(426 432 546 540)
4(539 540 546 545)
4(429 435 549 543)
4(542 543 549 548)
4(543 544 550 549)
4(439 553 554 440)
4(442 555 556 443)
4(553 554 556 555)
4(443 446 559 556)
4(445 558 559 446)
4(555 556 559 558)
4(446 559 560 447)
4(446 449 562 559)
4(448 561 562 449)
4(558 559 562 561)
4(449 562 563 450)
4(449 452 565 562)
4(561 562 565 564)
4(455 461 572 568)
4(460 571 572 461)
4(456 462 573 569)
4(461 572 573 462)
4(462 573 574 463)
4(461 467 577 572)
4(466 576 577 467)
4(462 468 578 573)
4(467 577 578 468)
4(463 469 579 574)
4(468 578 579 469)
4(469 579 580 470)
4(467 474 583 577)
4(473 582 583 474)
4(576 577 583 582)
4(468 475 584 578)
4(474 583 584 475)
4(577 578 584 583)
4(469 476 585 579)
4(475 584 585 476)
4(470 477 586 580)
4(476 585 586 477)
4(477 586 587 478)
4(474 481 589 583)
4(480 588 589 481)
4(582 583 589 588)
4(475 482 590 584)
4(481 589 590 482)
4(583 584 590 589)
4(476 483 591 585)
4(482 590 591 483)
4(477 484 592 586)
4(483 591 592 484)
4(484 592 593 485)
4(481 488 595 589)
4(487 594 595 488)
4(588 589 595 594)
4(482 489 596 590)
4(488 595 596 489)
4(589 590 596 595)
4(483 490 597 591)
4(489 596 597 490)
4(484 491 598 592)
4(490 597 598 491)
4(491 598 599 492)
4(488 495 601 595)
4(494 600 601 495)
4(594 595 601 600)
4(489 496 602 596)
4(495 601 602 496)
4(595 596 602 601)
4(490 497 603 597)
4(496 602 603 497)
4(596 597 603 602)
4(491 498 604 598)
4(497 603 604 498)
4(498 604 605 499)
4(495 502 607 601)
4(501 606 607 502)
4(600 601 607 606)
4(496 503 608 602)
4(502 607 608 503)
4(601 602 608 607)
4(497 504 609 603)
4(503 608 609 504)
4(602 603 609 608)
4(498 505 610 604)
4(504 609 610 505)
4(603 604 610 609)
4(505 610 611 506)
4(502 509 613 607)
4(508 612 613 509)
4(606 607 613 612)
4(503 510 614 608)
4(509 613 614 510)
4(607 608 614 613)
4(504 511 615 609)
4(510 614 615 511)
4(608 609 615 614)
4(505 512 616 610)
4(511 615 616 512)
4(609 610 616 615)
4(512 616 617 513)
4(509 516 619 613)
4(515 618 619 516)
4(612 613 619 618)
4(510 517 620 614)
4(516 619 620 517)
4(613 614 620 619)
4(511 518 621 615)
4(517 620 621 518)
4(614 615 621 620)
4(512 519 622 616)
4(518 621 622 519)
4(615 616 622 621)
4(519 622 623 520)
4(516 523 626 619)
4(522 625 626 523)
4(618 619 626 625)
4(517 524 627 620)
4(523 626 627 524)
4(619 620 627 626)
4(518 525 628 621)
4(524 627 628 525)
4(620 621 628 627)
4(519 526 629 622)
4(525 628 629 526)
4(621 622 629 628)
4(520 527 630 623)
4(526 629 630 527)
4(622 623 630 629)
4(527 630 631 528)
4(523 530 633 626)
4(529 632 633 530)
4(625 626 633 632)
4(524 531 634 627)
4(530 633 634 531)
4(626 627 634 633)
4(525 532 635 628)
4(531 634 635 532)
4(627 628 635 634)
4(526 533 636 629)
4(532 635 636 533)
4(628 629 636 635)
4(527 534 637 630)
4(533 636 637 534)
4(629 630 637 636)
4(530 537 640 633)
4(536 639 640 537)
4(632 633 640 639)
4(531 538 641 634)
4(537 640 641 538)
4(633 634 641 640)
4(532 539 642 635)
4(538 641 642 539)
4(634 635 642 641)
4(533 540 643 636)
4(539 642 643 540)
4(635 636 643 642)
4(537 543 646 640)
4(542 645 646 543)
4(639 640 646 645)
4(538 544 647 641)
4(543 646 647 544)
4(640 641 647 646)
4(539 545 648 642)
4(641 642 648 647)
4(642 643 649 648)
4(543 549 651 646)
4(645 646 651 650)
4(646 647 652 651)
4(555 675 676 556)
4(672 673 676 675)
4(558 677 678 559)
4(561 679 680 562)
4(577 583 687 684)
4(582 686 687 583)
4(583 687 688 584)
4(583 589 690 687)
4(588 689 690 589)
4(589 690 691 590)
4(589 595 693 690)
4(594 692 693 595)
4(595 693 694 596)
4(595 601 697 693)
4(600 696 697 601)
4(596 602 698 694)
4(601 697 698 602)
4(602 698 699 603)
4(601 607 702 697)
4(606 701 702 607)
4(602 608 703 698)
4(607 702 703 608)
4(603 609 704 699)
4(608 703 704 609)
4(609 704 705 610)
4(607 613 707 702)
4(612 706 707 613)
4(608 614 708 703)
4(613 707 708 614)
4(609 615 709 704)
4(614 708 709 615)
4(615 709 710 616)
4(613 619 712 707)
4(618 711 712 619)
4(614 620 713 708)
4(619 712 713 620)
4(615 621 714 709)
4(620 713 714 621)
4(621 714 715 622)
4(619 626 718 712)
4(625 717 718 626)
4(620 627 719 713)
4(626 718 719 627)
4(621 628 720 714)
4(627 719 720 628)
4(622 629 721 715)
4(628 720 721 629)
4(629 721 722 630)
4(626 633 724 718)
4(632 723 724 633)
4(717 718 724 723)
4(627 634 725 719)
4(633 724 725 634)
4(628 635 726 720)
4(634 725 726 635)
4(629 636 727 721)
4(635 726 727 636)
4(633 640 730 724)
4(639 729 730 640)
4(723 724 730 729)
4(634 641 731 725)
4(640 730 731 641)
4(724 725 731 730)
4(635 642 732 726)
4(641 731 732 642)
4(642 732 733 643)
4(640 646 735 730)
4(645 734 735 646)
4(729 730 735 734)
4(641 647 736 731)
4(646 735 736 647)
4(730 731 736 735)
4(642 648 737 732)
4(646 651 740 735)
4(734 735 740 739)
4(735 736 741 740)
4(655 746 747 656)
4(742 743 747 746)
4(656 659 751 747)
4(658 750 751 659)
4(746 747 751 750)
4(659 751 752 660)
4(747 748 752 751)
4(659 662 756 751)
4(661 755 756 662)
4(750 751 756 755)
4(662 756 757 663)
4(751 752 757 756)
4(662 666 762 756)
4(665 761 762 666)
4(755 756 762 761)
4(663 667 763 757)
4(666 762 763 667)
4(756 757 763 762)
4(757 758 764 763)
4(666 670 768 762)
4(669 767 768 670)
4(761 762 768 767)
4(670 768 769 671)
4(762 763 769 768)
4(670 673 774 768)
4(672 773 774 673)
4(767 768 774 773)
4(768 769 775 774)
4(773 774 780 779)
4(723 784 785 724)
4(724 730 788 785)
4(729 787 788 730)
4(730 788 789 731)
4(730 735 791 788)
4(734 790 791 735)
4(787 788 791 790)
4(735 791 792 736)
4(735 740 794 791)
4(739 793 794 740)
4(790 791 794 793)
4(740 794 795 741)
4(791 792 795 794)
4(740 743 797 794)
4(742 796 797 743)
4(793 794 797 796)
4(743 797 798 744)
4(794 795 798 797)
4(743 747 801 797)
4(746 800 801 747)
4(796 797 801 800)
4(744 748 802 798)
4(747 801 802 748)
4(797 798 802 801)
4(748 802 803 749)
4(798 799 803 802)
4(747 751 805 801)
4(750 804 805 751)
4(800 801 805 804)
4(748 752 806 802)
4(751 805 806 752)
4(801 802 806 805)
4(752 806 807 753)
4(802 803 807 806)
4(751 756 810 805)
4(755 809 810 756)
4(804 805 810 809)
4(752 757 811 806)
4(756 810 811 757)
4(805 806 811 810)
4(753 758 812 807)
4(757 811 812 758)
4(806 807 812 811)
4(758 812 813 759)
4(807 808 813 812)
4(756 762 816 810)
4(761 815 816 762)
4(809 810 816 815)
4(757 763 817 811)
4(762 816 817 763)
4(810 811 817 816)
4(758 764 818 812)
4(763 817 818 764)
4(811 812 818 817)
4(759 765 819 813)
4(764 818 819 765)
4(812 813 819 818)
4(765 819 820 766)
4(813 814 820 819)
4(762 768 823 816)
4(767 822 823 768)
4(815 816 823 822)
4(763 769 824 817)
4(768 823 824 769)
4(816 817 824 823)
4(764 770 825 818)
4(769 824 825 770)
4(817 818 825 824)
4(765 771 826 819)
4(770 825 826 771)
4(818 819 826 825)
4(771 826 827 772)
4(819 820 827 826)
4(768 774 830 823)
4(773 829 830 774)
4(822 823 830 829)
4(769 775 831 824)
4(774 830 831 775)
4(823 824 831 830)
4(770 776 832 825)
4(824 825 832 831)
4(771 777 833 826)
4(825 826 833 832)
4(826 827 834 833)
4(774 780 837 830)
4(829 830 837 836)
4(830 831 838 837)
4(790 843 844 791)
4(791 794 847 844)
4(793 846 847 794)
4(794 847 848 795)
4(794 797 850 847)
4(796 849 850 797)
4(846 847 850 849)
4(797 850 851 798)
4(797 801 854 850)
4(800 853 854 801)
4(849 850 854 853)
4(798 802 855 851)
4(801 854 855 802)
4(850 851 855 854)
4(802 855 856 803)
4(801 805 858 854)
4(804 857 858 805)
4(853 854 858 857)
4(802 806 859 855)
4(805 858 859 806)
4(854 855 859 858)
4(806 859 860 807)
4(855 856 860 859)
4(805 810 863 858)
4(809 862 863 810)
4(857 858 863 862)
4(806 811 864 859)
4(810 863 864 811)
4(858 859 864 863)
4(807 812 865 860)
4(811 864 865 812)
4(859 860 865 864)
4(812 865 866 813)
4(860 861 866 865)
4(810 816 869 863)
4(815 868 869 816)
4(862 863 869 868)
4(811 817 870 864)
4(816 869 870 817)
4(863 864 870 869)
4(812 818 871 865)
4(817 870 871 818)
4(864 865 871 870)
4(813 819 872 866)
4(818 871 872 819)
4(865 866 872 871)
4(819 872 873 820)
4(866 867 873 872)
4(816 823 876 869)
4(822 875 876 823)
4(868 869 876 875)
4(817 824 877 870)
4(823 876 877 824)
4(869 870 877 876)
4(818 825 878 871)
4(824 877 878 825)
4(870 871 878 877)
4(819 826 879 872)
4(825 878 879 826)
4(871 872 879 878)
4(820 827 880 873)
4(826 879 880 827)
4(872 873 880 879)
4(827 880 881 828)
4(873 874 881 880)
4(823 830 883 876)
4(829 882 883 830)
4(875 876 883 882)
4(824 831 884 877)
4(830 883 884 831)
4(876 877 884 883)
4(825 832 885 878)
4(831 884 885 832)
4(877 878 885 884)
4(826 833 886 879)
4(832 885 886 833)
4(878 879 886 885)
4(827 834 887 880)
4(879 880 887 886)
4(830 837 890 883)
4(882 883 890 889)
4(831 838 891 884)
4(883 884 891 890)
4(832 839 892 885)
4(884 885 892 891)
4(885 886 893 892)
4(849 899 900 850)
4(850 854 903 900)
4(853 902 903 854)
4(854 903 904 855)
4(854 858 907 903)
4(857 906 907 858)
4(902 903 907 906)
4(855 859 908 904)
4(858 907 908 859)
4(859 908 909 860)
4(858 863 912 907)
4(862 911 912 863)
4(906 907 912 911)
4(859 864 913 908)
4(863 912 913 864)
4(907 908 913 912)
4(860 865 914 909)
4(864 913 914 865)
4(865 914 915 866)
4(863 869 918 912)
4(868 917 918 869)
4(911 912 918 917)
4(864 870 919 913)
4(869 918 919 870)
4(912 913 919 918)
4(865 871 920 914)
4(870 919 920 871)
4(913 914 920 919)
4(866 872 921 915)
4(871 920 921 872)
4(872 921 922 873)
4(869 876 925 918)
4(875 924 925 876)
4(917 918 925 924)
4(870 877 926 919)
4(876 925 926 877)
4(918 919 926 925)
4(871 878 927 920)
4(877 926 927 878)
4(919 920 927 926)
4(872 879 928 921)
4(878 927 928 879)
4(920 921 928 927)
4(873 880 929 922)
4(879 928 929 880)
4(876 883 932 925)
4(882 931 932 883)
4(924 925 932 931)
4(877 884 933 926)
4(883 932 933 884)
4(925 926 933 932)
4(878 885 934 927)
4(884 933 934 885)
4(926 927 934 933)
4(879 886 935 928)
4(885 934 935 886)
4(927 928 935 934)
4(886 935 936 887)
4(883 890 938 932)
4(931 932 938 937)
4(884 891 939 933)
4(932 933 939 938)
4(885 892 940 934)
4(891 939 940 892)
4(933 934 940 939)
4(886 893 941 935)
4(934 935 941 940)
4(906 947 948 907)
4(907 912 951 948)
4(911 950 951 912)
4(912 951 952 913)
4(912 918 955 951)
4(917 954 955 918)
4(913 919 956 952)
4(918 955 956 919)
4(919 956 957 920)
4(918 925 960 955)
4(924 959 960 925)
4(919 926 961 956)
4(925 960 961 926)
4(920 927 962 957)
4(926 961 962 927)
4(927 962 963 928)
4(925 932 965 960)
4(931 964 965 932)
4(926 933 966 961)
4(932 965 966 933)
4(927 934 967 962)
4(933 966 967 934)
4(934 967 968 935)
4(932 938 970 965)
4(933 939 971 966)
4(934 940 972 967)
4(0 10 13 2)
4(2 13 16 4)
4(4 16 19 6)
4(8 30 33 10)
4(10 33 37 13)
4(13 37 41 16)
4(16 41 45 19)
4(19 45 49 22)
4(22 49 53 25)
4(27 59 63 30)
4(30 63 67 33)
4(33 67 71 37)
4(37 71 76 41)
4(41 76 81 45)
4(45 81 86 49)
4(49 86 91 53)
4(56 102 106 59)
4(59 106 111 63)
4(63 111 116 67)
4(67 116 121 71)
4(71 121 126 76)
4(76 126 131 81)
4(81 131 136 86)
4(86 136 141 91)
4(95 163 168 98)
4(98 168 173 102)
4(102 173 178 106)
4(106 178 184 111)
4(111 184 190 116)
4(116 190 196 121)
4(121 196 202 126)
4(126 202 208 131)
4(131 208 214 136)
4(136 214 220 141)
4(141 220 225 145)
4(147 229 232 149)
4(154 243 249 158)
4(158 249 255 163)
4(163 255 261 168)
4(168 261 267 173)
4(173 267 273 178)
4(178 273 279 184)
4(184 279 285 190)
4(190 285 291 196)
4(196 291 297 202)
4(202 297 303 208)
4(208 303 309 214)
4(214 309 315 220)
4(220 315 321 225)
4(227 324 326 229)
4(229 326 329 232)
4(232 329 332 235)
4(238 340 346 243)
4(243 346 352 249)
4(249 352 359 255)
4(255 359 366 261)
4(261 366 373 267)
4(267 373 380 273)
4(273 380 387 279)
4(279 387 394 285)
4(285 394 401 291)
4(291 401 408 297)
4(297 408 415 303)
4(303 415 422 309)
4(309 422 428 315)
4(315 428 434 321)
4(324 437 439 326)
4(326 439 442 329)
4(329 442 445 332)
4(332 445 448 335)
4(335 448 451 338)
4(340 454 460 346)
4(346 460 466 352)
4(352 466 473 359)
4(359 473 480 366)
4(366 480 487 373)
4(373 487 494 380)
4(380 494 501 387)
4(387 501 508 394)
4(394 508 515 401)
4(401 515 522 408)
4(408 522 529 415)
4(415 529 536 422)
4(422 536 542 428)
4(428 542 548 434)
4(437 551 553 439)
4(439 553 555 442)
4(442 555 558 445)
4(445 558 561 448)
4(448 561 564 451)
4(454 567 571 460)
4(460 571 576 466)
4(466 576 582 473)
4(473 582 588 480)
4(480 588 594 487)
4(487 594 600 494)
4(494 600 606 501)
4(501 606 612 508)
4(508 612 618 515)
4(515 618 625 522)
4(522 625 632 529)
4(529 632 639 536)
4(536 639 645 542)
4(542 645 650 548)
4(553 672 675 555)
4(555 675 677 558)
4(558 677 679 561)
4(561 679 681 564)
4(576 683 686 582)
4(582 686 689 588)
4(588 689 692 594)
4(594 692 696 600)
4(600 696 701 606)
4(606 701 706 612)
4(612 706 711 618)
4(618 711 717 625)
4(625 717 723 632)
4(632 723 729 639)
4(639 729 734 645)
4(645 734 739 650)
4(653 742 746 655)
4(655 746 750 658)
4(658 750 755 661)
4(661 755 761 665)
4(665 761 767 669)
4(669 767 773 672)
4(672 773 779 675)
4(717 782 784 723)
4(723 784 787 729)
4(729 787 790 734)
4(734 790 793 739)
4(739 793 796 742)
4(742 796 800 746)
4(746 800 804 750)
4(750 804 809 755)
4(755 809 815 761)
4(761 815 822 767)
4(767 822 829 773)
4(773 829 836 779)
4(787 841 843 790)
4(790 843 846 793)
4(793 846 849 796)
4(796 849 853 800)
4(800 853 857 804)
4(804 857 862 809)
4(809 862 868 815)
4(815 868 875 822)
4(822 875 882 829)
4(829 882 889 836)
4(846 897 899 849)
4(849 899 902 853)
4(853 902 906 857)
4(857 906 911 862)
4(862 911 917 868)
4(868 917 924 875)
4(875 924 931 882)
4(882 931 937 889)
4(902 945 947 906)
4(906 947 950 911)
4(911 950 954 917)
4(917 954 959 924)
4(924 959 964 931)
4(931 964 969 937)
4(0 2 3 1)
4(2 4 5 3)
4(4 6 7 5)
4(0 1 11 10)
4(8 10 11 9)
4(1 3 14 11)
4(11 14 15 12)
4(3 5 17 14)
4(14 17 18 15)
4(5 7 20 17)
4(17 20 21 18)
4(20 23 24 21)
4(8 9 31 30)
4(27 30 31 28)
4(28 31 32 29)
4(9 11 34 31)
4(11 12 35 34)
4(31 34 35 32)
4(12 15 39 35)
4(35 39 40 36)
4(15 18 43 39)
4(39 43 44 40)
4(18 21 47 43)
4(43 47 48 44)
4(21 24 51 47)
4(47 51 52 48)
4(27 28 60 59)
4(56 59 60 57)
4(28 29 61 60)
4(57 60 61 58)
4(29 32 65 61)
4(61 65 66 62)
4(32 35 69 65)
4(35 36 70 69)
4(65 69 70 66)
4(36 40 74 70)
4(40 44 79 74)
4(74 79 80 75)
4(44 48 84 79)
4(79 84 85 80)
4(48 52 89 84)
4(51 88 89 52)
4(84 89 90 85)
4(53 91 92 54)
4(51 55 93 88)
4(54 92 93 55)
4(88 93 94 89)
4(95 98 99 96)
4(96 99 100 97)
4(56 57 103 102)
4(98 102 103 99)
4(57 58 104 103)
4(99 103 104 100)
4(100 104 105 101)
4(58 61 108 104)
4(61 62 109 108)
4(104 108 109 105)
4(62 66 114 109)
4(109 114 115 110)
4(66 70 119 114)
4(114 119 120 115)
4(70 74 124 119)
4(74 75 125 124)
4(119 124 125 120)
4(75 80 130 125)
4(80 85 135 130)
4(85 90 140 135)
4(89 139 140 90)
4(91 141 142 92)
4(92 142 143 93)
4(89 94 144 139)
4(93 143 144 94)
4(141 145 146 142)
4(151 155 156 152)
4(152 156 157 153)
4(154 158 159 155)
4(155 159 160 156)
4(156 160 161 157)
4(95 96 164 163)
4(158 163 164 159)
4(96 97 165 164)
4(159 164 165 160)
4(160 165 166 161)
4(161 166 167 162)
4(97 100 170 165)
4(100 101 171 170)
4(165 170 171 166)
4(166 171 172 167)
4(101 105 176 171)
4(171 176 177 172)
4(105 109 181 176)
4(109 110 182 181)
4(176 181 182 177)
4(110 115 188 182)
4(182 188 189 183)
4(115 120 194 188)
4(188 194 195 189)
4(120 125 200 194)
4(194 200 201 195)
4(125 130 206 200)
4(200 206 207 201)
4(130 135 212 206)
4(206 212 213 207)
4(135 140 218 212)
4(139 217 218 140)
4(212 218 219 213)
4(142 221 222 143)
4(139 144 223 217)
4(143 222 223 144)
4(217 223 224 218)
4(142 146 226 221)
4(145 225 226 146)
4(147 148 230 229)
4(227 229 230 228)
4(151 239 244 155)
4(154 155 244 243)
4(238 243 244 239)
4(153 157 246 241)
4(241 246 247 242)
4(157 161 252 246)
4(161 162 253 252)
4(246 252 253 247)
4(247 253 254 248)
4(162 167 259 253)
4(253 259 260 254)
4(167 172 265 259)
4(259 265 266 260)
4(172 177 271 265)
4(265 271 272 266)
4(177 182 277 271)
4(182 183 278 277)
4(271 277 278 272)
4(183 189 284 278)
4(189 195 290 284)
4(195 201 296 290)
4(201 207 302 296)
4(207 213 308 302)
4(213 219 314 308)
4(218 313 314 219)
4(221 316 317 222)
4(222 317 318 223)
4(218 224 319 313)
4(223 318 319 224)
4(313 319 320 314)
4(221 226 322 316)
4(225 321 322 226)
4(316 322 323 317)
4(227 228 325 324)
4(228 230 327 325)
4(230 231 328 327)
4(231 234 331 328)
4(242 247 350 344)
4(247 248 351 350)
4(344 350 351 345)
4(248 254 357 351)
4(254 260 364 357)
4(357 364 365 358)
4(260 266 371 364)
4(364 371 372 365)
4(266 272 378 371)
4(371 378 379 372)
4(272 278 385 378)
4(378 385 386 379)
4(278 284 392 385)
4(385 392 393 386)
4(284 290 399 392)
4(392 399 400 393)
4(290 296 406 399)
4(399 406 407 400)
4(296 302 413 406)
4(406 413 414 407)
4(302 308 420 413)
4(413 420 421 414)
4(308 314 427 420)
4(317 430 431 318)
4(318 431 432 319)
4(319 432 433 320)
4(321 434 435 322)
4(317 323 436 430)
4(322 435 436 323)
4(324 325 438 437)
4(325 327 440 438)
4(327 328 441 440)
4(328 331 444 441)
4(440 441 444 443)
4(331 334 447 444)
4(351 357 471 465)
4(357 358 472 471)
4(358 365 479 472)
4(365 372 486 479)
4(372 379 493 486)
4(379 386 500 493)
4(386 393 507 500)
4(393 400 514 507)
4(400 407 521 514)
4(407 414 528 521)
4(414 421 535 528)
4(430 544 545 431)
4(431 545 546 432)
4(432 546 547 433)
4(434 548 549 435)
4(430 436 550 544)
4(435 549 550 436)
4(437 438 552 551)
4(438 440 554 552)
4(440 443 556 554)
4(443 444 557 556)
4(444 447 560 557)
4(556 557 560 559)
4(447 450 563 560)
4(559 560 563 562)
4(562 563 566 565)
4(630 631 638 637)
4(636 637 644 643)
4(544 647 648 545)
4(545 648 649 546)
4(544 550 652 647)
4(549 651 652 550)
4(653 655 656 654)
4(655 658 659 656)
4(656 659 660 657)
4(658 661 662 659)
4(659 662 663 660)
4(661 665 666 662)
4(662 666 667 663)
4(663 667 668 664)
4(666 670 671 667)
4(670 673 674 671)
4(556 559 678 676)
4(559 562 680 678)
4(677 678 680 679)
4(562 565 682 680)
4(679 680 682 681)
4(630 637 728 722)
4(636 727 728 637)
4(636 643 733 727)
4(732 733 738 737)
4(654 656 747 743)
4(656 657 748 747)
4(743 747 748 744)
4(744 748 749 745)
4(657 660 752 748)
4(748 752 753 749)
4(660 663 757 752)
4(663 664 758 757)
4(752 757 758 753)
4(753 758 759 754)
4(664 668 764 758)
4(667 763 764 668)
4(758 764 765 759)
4(759 765 766 760)
4(667 671 769 763)
4(763 769 770 764)
4(764 770 771 765)
4(765 771 772 766)
4(671 674 775 769)
4(769 775 776 770)
4(770 776 777 771)
4(771 777 778 772)
4(775 831 832 776)
4(776 832 833 777)
4(779 836 837 780)
4(775 781 838 831)
4(780 837 838 781)
4(831 838 839 832)
4(832 839 840 833)
4(833 886 887 834)
4(828 835 888 881)
4(834 887 888 835)
4(880 881 888 887)
4(836 889 890 837)
4(837 890 891 838)
4(838 891 892 839)
4(833 840 893 886)
4(839 892 893 840)
4(886 893 894 887)
4(891 895 896 892)
4(874 881 930 923)
4(880 929 930 881)
4(880 887 936 929)
4(889 937 938 890)
4(890 938 939 891)
4(892 940 941 893)
4(887 894 942 936)
4(891 939 943 895)
4(892 896 944 940)
4(895 943 944 896)
4(937 969 970 938)
4(675 676 678 677)
4(675 779 780 676)
4(548 650 651 549)
4(650 739 740 651)
4(651 740 741 652)
4(653 654 743 742)
4(739 742 743 740)
4(740 743 744 741)
4(777 833 834 778)
4(554 556 676 673)
4(673 774 775 674)
4(673 676 780 774)
4(774 780 781 775)
4(6 19 20 7)
4(19 22 23 20)
4(22 25 26 23)
4(23 50 51 24)
4(23 26 54 50)
4(25 53 54 26)
4(50 54 55 51)
4(147 149 150 148)
4(148 150 233 230)
4(149 232 233 150)
4(230 233 234 231)
4(232 235 236 233)
4(233 236 237 234)
4(151 152 240 239)
4(152 153 241 240)
4(235 332 333 236)
4(234 237 334 331)
4(236 333 334 237)
4(332 335 336 333)
4(333 336 337 334)
4(335 338 339 336)
4(238 239 341 340)
4(239 240 342 341)
4(240 241 343 342)
4(241 242 344 343)
4(314 320 433 427)
4(334 337 450 447)
4(336 449 450 337)
4(336 339 452 449)
4(338 451 452 339)
4(449 452 453 450)
4(340 341 455 454)
4(341 342 456 455)
4(342 343 457 456)
4(343 344 458 457)
4(344 345 459 458)
4(457 458 464 463)
4(345 351 465 459)
4(458 459 465 464)
4(464 465 471 470)
4(471 472 479 478)
4(478 479 486 485)
4(485 486 493 492)
4(492 493 500 499)
4(499 500 507 506)
4(506 507 514 513)
4(513 514 521 520)
4(420 534 535 421)
4(420 427 541 534)
4(427 433 547 541)
4(540 541 547 546)
4(451 564 565 452)
4(450 453 566 563)
4(452 565 566 453)
4(454 455 568 567)
4(455 456 569 568)
4(456 457 570 569)
4(567 568 572 571)
4(568 569 573 572)
4(457 463 574 570)
4(569 570 574 573)
4(463 464 575 574)
4(571 572 577 576)
4(572 573 578 577)
4(573 574 579 578)
4(464 470 580 575)
4(574 575 580 579)
4(470 471 581 580)
4(578 579 585 584)
4(579 580 586 585)
4(471 478 587 581)
4(580 581 587 586)
4(584 585 591 590)
4(585 586 592 591)
4(478 485 593 587)
4(586 587 593 592)
4(590 591 597 596)
4(591 592 598 597)
4(485 492 599 593)
4(592 593 599 598)
4(597 598 604 603)
4(492 499 605 599)
4(598 599 605 604)
4(499 506 611 605)
4(604 605 611 610)
4(506 513 617 611)
4(610 611 617 616)
4(513 520 623 617)
4(616 617 623 622)
4(520 521 624 623)
4(521 528 631 624)
4(623 624 631 630)
4(528 535 638 631)
4(534 637 638 535)
4(534 541 644 637)
4(540 643 644 541)
4(540 546 649 643)
4(564 681 682 565)
4(576 577 684 683)
4(577 578 685 684)
4(683 684 687 686)
4(578 584 688 685)
4(684 685 688 687)
4(686 687 690 689)
4(584 590 691 688)
4(687 688 691 690)
4(689 690 693 692)
4(590 596 694 691)
4(690 691 694 693)
4(596 597 695 694)
4(692 693 697 696)
4(693 694 698 697)
4(597 603 699 695)
4(694 695 699 698)
4(603 604 700 699)
4(696 697 702 701)
4(697 698 703 702)
4(698 699 704 703)
4(604 610 705 700)
4(699 700 705 704)
4(701 702 707 706)
4(702 703 708 707)
4(703 704 709 708)
4(610 616 710 705)
4(704 705 710 709)
4(706 707 712 711)
4(707 708 713 712)
4(708 709 714 713)
4(616 622 715 710)
4(709 710 715 714)
4(622 623 716 715)
4(711 712 718 717)
4(712 713 719 718)
4(713 714 720 719)
4(714 715 721 720)
4(623 630 722 716)
4(715 716 722 721)
4(718 719 725 724)
4(719 720 726 725)
4(720 721 727 726)
4(721 722 728 727)
4(725 726 732 731)
4(726 727 733 732)
4(647 736 737 648)
4(731 732 737 736)
4(643 649 738 733)
4(648 737 738 649)
4(647 652 741 736)
4(717 718 783 782)
4(718 724 785 783)
4(782 783 785 784)
4(724 725 786 785)
4(784 785 788 787)
4(725 731 789 786)
4(785 786 789 788)
4(731 736 792 789)
4(788 789 792 791)
4(736 741 795 792)
4(741 744 798 795)
4(744 745 799 798)
4(745 749 803 799)
4(749 753 807 803)
4(753 754 808 807)
4(754 759 813 808)
4(759 760 814 813)
4(760 766 820 814)
4(766 772 827 820)
4(820 827 828 821)
4(772 778 834 827)
4(827 834 835 828)
4(787 788 842 841)
4(788 791 844 842)
4(841 842 844 843)
4(791 792 845 844)
4(843 844 847 846)
4(792 795 848 845)
4(844 845 848 847)
4(795 798 851 848)
4(847 848 851 850)
4(798 799 852 851)
4(799 803 856 852)
4(851 852 856 855)
4(803 807 860 856)
4(807 808 861 860)
4(808 813 866 861)
4(813 814 867 866)
4(814 820 873 867)
4(820 821 874 873)
4(821 828 881 874)
4(846 847 898 897)
4(847 850 900 898)
4(897 898 900 899)
4(850 851 901 900)
4(899 900 903 902)
4(851 855 904 901)
4(900 901 904 903)
4(855 856 905 904)
4(903 904 908 907)
4(856 860 909 905)
4(904 905 909 908)
4(860 861 910 909)
4(908 909 914 913)
4(861 866 915 910)
4(909 910 915 914)
4(866 867 916 915)
4(914 915 921 920)
4(867 873 922 916)
4(915 916 922 921)
4(873 874 923 922)
4(921 922 929 928)
4(922 923 930 929)
4(928 929 936 935)
4(893 941 942 894)
4(935 936 942 941)
4(939 940 944 943)
4(902 903 946 945)
4(903 907 948 946)
4(945 946 948 947)
4(907 908 949 948)
4(947 948 951 950)
4(908 913 952 949)
4(948 949 952 951)
4(913 914 953 952)
4(950 951 955 954)
4(951 952 956 955)
4(914 920 957 953)
4(952 953 957 956)
4(920 921 958 957)
4(954 955 960 959)
4(955 956 961 960)
4(956 957 962 961)
4(921 928 963 958)
4(957 958 963 962)
4(959 960 965 964)
4(960 961 966 965)
4(961 962 967 966)
4(928 935 968 963)
4(962 963 968 967)
4(964 965 970 969)
4(938 970 971 939)
4(965 966 971 970)
4(939 971 972 940)
4(966 967 972 971)
4(935 941 973 968)
4(940 972 973 941)
4(967 968 973 972)
4(551 552 554 553)
4(665 669 670 666)
4(553 554 673 672)
4(669 672 673 670)
)


// ************************************************************************* //
