/*--------------------------------*- C++ -*----------------------------------*\
  =========                 |
  \\      /  F ield         | OpenFOAM: The Open Source CFD Toolbox
   \\    /   O peration     | Website:  https://openfoam.org
    \\  /    A nd           | Version:  6
     \\/     M anipulation  |
\*---------------------------------------------------------------------------*/
FoamFile
{
    version     2.0;
    format      ascii;
    class       labelList;
    location    "constant/region313/polyMesh";
    object      faceRegionAddressing;
}
// * * * * * * * * * * * * * * * * * * * * * * * * * * * * * * * * * * * * * //


2031
(
259755
259756
259946
259947
260138
271724
271725
271914
271915
271916
271918
271919
272105
272106
272107
272109
272110
272296
272297
272298
272300
272301
272487
272488
272489
272492
272680
283692
283693
283694
283696
283697
283883
283884
283885
283887
283888
284074
284075
284076
284077
284078
284079
284081
284082
284265
284266
284267
284268
284269
284270
284272
284273
284456
284457
284458
284459
284460
284461
284463
284464
284647
284648
284649
284650
284651
284652
284655
284838
284840
284843
295661
295662
295663
295665
295666
295852
295853
295854
295855
295856
295857
295859
295860
296043
296044
296045
296046
296047
296048
296050
296051
296234
296235
296236
296237
296238
296239
296241
296242
296425
296426
296427
296428
296429
296430
296431
296432
296433
296435
296436
296616
296617
296618
296619
296620
296621
296622
296623
296624
296626
296627
296807
296808
296809
296810
296811
296812
296813
296814
296815
296818
296998
297000
297001
297003
297006
307439
307440
307441
307443
307444
307630
307631
307632
307633
307634
307635
307637
307638
307821
307822
307823
307824
307825
307826
307828
307829
308012
308013
308014
308015
308016
308017
308018
308019
308020
308022
308023
308203
308204
308205
308206
308207
308208
308209
308210
308211
308213
308214
308394
308395
308396
308397
308398
308399
308400
308401
308402
308404
308405
308585
308586
308587
308588
308589
308590
308591
308592
308593
308595
308596
308776
308777
308778
308779
308780
308781
308782
308783
308784
308786
308787
308967
308968
308969
308970
308971
308972
308973
308974
308975
308978
309158
309159
309160
309161
309163
309166
309351
310879
319029
319030
319031
319033
319034
319217
319218
319219
319220
319221
319222
319224
319225
319408
319409
319410
319411
319412
319413
319414
319415
319416
319418
319419
319599
319600
319601
319602
319603
319604
319605
319606
319607
319609
319610
319790
319791
319792
319793
319794
319795
319796
319797
319798
319800
319801
319981
319982
319983
319984
319985
319986
319987
319988
319989
319991
319992
320172
320173
320174
320175
320176
320177
320178
320179
320180
320181
320182
320183
320185
320186
320363
320364
320365
320366
320367
320368
320369
320370
320371
320372
320373
320374
320376
320377
320554
320555
320556
320557
320558
320559
320560
320561
320562
320563
320564
320565
320567
320568
320745
320746
320747
320748
320749
320750
320751
320752
320753
320754
320755
320756
320758
320759
320936
320937
320938
320939
320940
320941
320942
320943
320944
320945
320946
320947
320949
320950
321127
321128
321129
321130
321131
321132
321133
321134
321135
321136
321137
321138
321141
321318
321319
321320
321321
321323
321324
321326
321329
321511
322847
322848
323037
323038
323039
323041
323042
323228
323230
323233
331186
331187
331188
331189
331190
331191
331192
331193
331194
331196
331197
331377
331378
331379
331380
331381
331382
331383
331384
331385
331386
331387
331388
331390
331391
331568
331569
331570
331571
331572
331573
331574
331575
331576
331577
331578
331579
331581
331582
331759
331760
331761
331762
331763
331764
331765
331766
331767
331768
331769
331770
331772
331773
331950
331951
331952
331953
331954
331955
331956
331957
331958
331959
331960
331961
331963
331964
332141
332142
332143
332144
332145
332146
332147
332148
332149
332150
332151
332152
332154
332155
332332
332333
332334
332335
332336
332337
332338
332339
332340
332341
332342
332343
332345
332346
332523
332524
332525
332526
332527
332528
332529
332530
332531
332532
332533
332534
332536
332537
332714
332715
332716
332717
332718
332719
332720
332721
332722
332723
332724
332725
332727
332728
332905
332906
332907
332908
332909
332910
332911
332912
332913
332914
332915
332916
332918
332919
333096
333097
333098
333099
333100
333101
333102
333103
333104
333105
333106
333107
333109
333110
333287
333288
333289
333290
333291
333292
333293
333294
333295
333296
333297
333298
333300
333301
333478
333479
333480
333481
333482
333483
333484
333486
333487
333489
333492
333669
333671
333674
335007
335008
335197
335198
335199
335201
335388
335389
335390
335392
335393
335579
335580
335581
335584
335772
343346
343347
343348
343349
343350
343351
343352
343353
343354
343355
343356
343359
343537
343538
343539
343540
343541
343542
343543
343544
343545
343546
343547
343548
343550
343728
343729
343730
343731
343732
343733
343734
343735
343736
343737
343738
343739
343740
343741
343742
343744
343919
343920
343921
343922
343923
343924
343925
343926
343927
343928
343929
343930
343931
343932
343933
343935
344110
344111
344112
344113
344114
344115
344116
344117
344118
344119
344120
344121
344122
344123
344124
344126
344301
344302
344303
344304
344305
344306
344307
344308
344309
344310
344311
344312
344313
344314
344315
344317
344492
344493
344494
344495
344496
344497
344498
344499
344500
344501
344502
344503
344504
344505
344506
344508
344683
344684
344685
344686
344687
344688
344689
344690
344691
344692
344693
344694
344695
344696
344697
344699
344874
344875
344876
344877
344878
344879
344880
344881
344882
344883
344884
344885
344886
344887
344888
344890
345065
345066
345067
345068
345069
345070
345071
345072
345073
345074
345075
345076
345077
345078
345079
345081
345082
345256
345257
345258
345259
345260
345261
345262
345263
345264
345265
345266
345267
345268
345269
345270
345273
345447
345448
345449
345450
345451
345452
345453
345454
345455
345456
345457
345458
345460
345461
345638
345639
345640
345641
345642
345643
345644
345646
345647
345649
345829
345831
345834
347167
347358
347359
347548
347549
347550
347552
347739
347740
347741
347743
347930
347932
355506
355507
355509
355510
355513
355697
355698
355700
355701
355703
355704
355707
355888
355889
355890
355891
355892
355893
355894
355895
355897
355898
355901
356079
356080
356081
356082
356083
356084
356085
356086
356088
356089
356092
356270
356271
356272
356273
356274
356275
356276
356277
356279
356280
356283
356461
356462
356463
356464
356465
356466
356467
356468
356469
356470
356471
356474
356652
356653
356654
356655
356656
356657
356658
356659
356660
356661
356662
356663
356665
356843
356844
356845
356846
356847
356848
356849
356850
356851
356852
356853
356854
356856
357034
357035
357036
357037
357038
357039
357040
357041
357042
357043
357044
357045
357047
357225
357226
357227
357228
357229
357230
357231
357232
357233
357234
357235
357236
357237
357238
357239
357241
357416
357417
357418
357419
357420
357421
357422
357423
357424
357425
357426
357427
357428
357429
357430
357607
357608
357609
357610
357611
357612
357613
357614
357615
357616
357617
357618
357798
357799
357800
357801
357802
357803
357804
357806
357809
357989
357991
357994
359518
359519
359709
359900
368048
368049
368052
368239
368240
368243
368430
368431
368434
368621
368622
368624
368625
368628
368812
368813
368815
368816
368818
368819
368822
369003
369004
369006
369007
369009
369010
369013
369194
369195
369197
369198
369200
369201
369204
369385
369386
369388
369389
369391
369392
369394
369395
369398
369576
369577
369578
369579
369580
369582
369583
369585
369586
369767
369768
369769
369770
369771
369772
369773
369774
369777
369958
369959
369960
369961
369962
369963
369964
370149
370151
370154
370532
370533
370722
370723
370724
370726
370727
370913
370914
370915
370917
370918
371104
371105
371106
371107
371108
371109
371112
371295
371296
371297
371299
371300
371486
371487
371488
371491
371679
381737
381927
381928
381931
382118
382119
382120
382122
382309
382310
382311
382313
382314
382500
382501
382502
382504
382505
382691
382692
382693
382694
382695
382696
382698
382699
382882
382883
382884
382885
382886
382887
382889
382890
383073
383074
383075
383076
383077
383078
383079
383080
383081
383083
383084
383264
383265
383266
383267
383268
383269
383270
383271
383272
383273
383274
383275
383277
383278
383455
383456
383457
383458
383459
383460
383461
383462
383463
383464
383465
383466
383468
383469
383646
383647
383648
383649
383650
383651
383652
383654
383655
383657
383660
383837
383839
383842
394279
394469
394470
394473
394660
394661
394662
394664
394851
394852
394853
394854
394855
394856
394858
395042
395043
395044
395045
395046
395047
395049
395050
395233
395234
395235
395236
395237
395238
395239
395240
395241
395243
395244
395424
395425
395426
395427
395428
395429
395430
395431
395432
395433
395434
395435
395437
395438
395615
395616
395617
395618
395619
395620
395621
395622
395623
395624
395625
395626
395627
395628
395629
395631
395632
395806
395807
395808
395809
395810
395811
395812
395813
395814
395815
395816
395817
395818
395820
395997
395999
396000
396002
396003
396005
396008
406821
407011
407012
407015
407202
407203
407204
407205
407206
407209
407393
407394
407395
407396
407397
407398
407399
407400
407403
407584
407585
407586
407587
407588
407589
407590
407591
407592
407593
407594
407597
407775
407776
407777
407778
407779
407780
407781
407782
407783
407784
407785
407786
407787
407788
407966
407967
407968
407969
407970
407971
407972
407973
407974
407975
407976
407977
407979
408157
408159
408160
408162
408163
408164
408165
408166
408168
419363
419553
419554
419557
419744
419745
419747
419748
419751
419935
419936
419938
419939
419941
419942
419945
420126
420127
420129
420130
420132
420133
420136
420317
420320
420323
906584
906585
906586
906647
906648
906649
906650
906651
906652
906710
906711
906712
906713
906714
906715
906716
906773
906774
906775
906776
906777
906778
906779
906780
906835
906836
906837
906838
906839
906840
906841
906842
906843
906844
906845
906853
906897
906898
906899
906900
906901
906902
906903
906904
906905
906906
906907
906908
906909
906916
906917
906918
906960
906961
906962
906963
906964
906965
906966
906967
906968
906969
906970
906971
906972
906973
906980
906981
906982
906983
906984
907024
907025
907026
907027
907028
907029
907030
907031
907032
907033
907034
907035
907036
907037
907044
907045
907046
907047
907048
907088
907089
907090
907091
907092
907093
907094
907095
907096
907097
907098
907099
907100
907101
907109
907110
907111
907112
907154
907155
907156
907157
907158
907159
907160
907161
907162
907163
907164
907165
907167
907168
907169
907170
907171
907172
907173
907226
907227
907228
907229
907230
907231
907232
907233
907234
907235
907236
907237
907292
907293
907294
907295
907296
907297
907298
907299
907300
907301
907358
907359
907360
907361
907362
907363
907364
907365
907424
907425
907426
907427
907428
907429
-247596
-247787
-247978
-259564
-259565
259754
-259759
259945
-259950
260136
-260141
-260332
-271533
-271534
-271537
271723
-271727
-271728
271917
-271922
272108
-272113
272299
-272304
272490
-272495
-283502
-283503
-283505
-283506
283695
-283700
283886
-283890
-283891
284080
284271
-284276
284462
-284467
284653
284654
-284658
284839
284841
284842
-284846
-295281
-295284
-295471
-295472
-295474
-295475
-295478
295664
-295668
-295669
295858
-295863
296049
-296054
296240
-296244
-296245
296434
296625
296816
296817
296999
297002
297004
297005
-297191
-306871
-306874
-307059
-307062
-307065
-307249
-307250
-307252
-307253
-307256
-307259
307442
-307446
-307447
-307450
307636
-307641
307827
-307831
-307832
308021
-308026
308212
-308217
308403
-308408
308594
-308599
308785
-308790
308976
308977
-308981
309162
309164
309165
-309169
309349
309350
-310687
-310688
-319026
-319027
-319028
319032
-319037
319223
-319227
-319228
-319231
319417
-319422
319608
-319613
319799
-319804
319990
-319994
-319995
320184
320375
320566
320757
320948
321139
321140
321322
321325
321327
321328
-321332
321509
321510
-321514
-322656
322846
-322850
323040
331195
-331199
-331200
331389
331580
-331585
331771
-331776
331962
-331967
332153
-332158
332344
-332349
332535
-332540
332726
-332731
332917
-332922
333108
-333113
333299
333485
333488
333491
333670
333672
333673
-334816
335006
-335010
335200
335202
335391
343549
-343553
343743
343934
344125
344316
344507
344698
344889
345080
345271
345645
345648
345651
345830
345832
345833
-346976
347166
347357
-347361
347551
347553
347742
347744
347935
357433
357621
357805
357808
357992
357993
-358373
-358564
-358567
-358755
-358758
-358946
-358949
-358952
-359140
-359331
359708
359899
359901
360090
360092
369588
369589
369776
369969
370531
-370535
-370536
-370539
370725
-370730
370916
-370920
-370921
-370924
371110
371111
-371115
-371118
371298
-371303
-371306
-371309
371489
-371494
-371497
-371500
383653
383656
383838
383840
383841
-383845
-383848
395819
395821
395822
395823
395998
396001
396004
396006
396007
-396011
-396196
407790
407791
407978
408158
408161
408167
408169
-408351
408354
408355
420318
359710
371678
357990
370150
370153
-370341
-370342
-370345
383659
359517
371490
371677
-371682
260137
-260329
-260520
272491
272678
272679
-272683
-298719
310877
310878
-310882
-311070
-311073
-318839
-318842
323229
323231
323232
-323421
-323424
-323612
-330996
-330999
-331002
-331005
333490
335582
335583
335770
335771
-335775
-343156
-343159
-343162
-343165
-343168
343357
343358
343360
343551
343745
343936
344127
344318
344509
344700
344891
345272
345459
345650
345652
347931
347933
347934
-355316
-355319
-355322
355508
355511
355512
355514
-355516
355699
355702
355705
355706
355708
-355710
355896
355899
355900
355902
356087
356090
356091
356093
356278
356281
356282
356284
356472
356473
356475
356664
356666
356855
356857
357046
357048
-357050
357240
357242
357431
357432
357619
357620
357807
360091
-367858
-367861
368050
368051
368053
368241
368242
368244
368432
368433
368435
-368437
368623
368626
368627
368629
-368631
368814
368817
368820
368821
368823
369005
369008
369011
369012
369014
369196
369199
369202
369203
369205
-369207
369387
369390
369393
369396
369397
369399
369581
369584
369587
369590
369775
369778
369965
369966
369967
369968
370152
-381546
381736
381738
-381740
381929
381930
381932
382121
382123
382312
382503
-382507
382697
382888
-382892
383082
-383086
383276
383467
-383472
383658
-383663
-394088
394278
394280
-394282
394471
394472
394474
394663
394665
-394667
394857
394859
395048
-395052
395242
-395246
395436
-395440
395630
-406630
406820
406822
-406824
407013
407014
407016
-407018
407207
407208
407210
-407212
407401
407402
407404
-407406
407595
407596
407598
-407600
407789
407792
407980
408170
408171
408356
-419172
419362
419364
-419366
419555
419556
419558
-419560
419746
419749
419750
419752
-419754
419937
419940
419943
419944
419946
420128
420131
420134
420135
420137
420319
420321
420322
420324
420325
420326
420327
420328
347168
-359137
-359327
-359328
)


// ************************************************************************* //
