/*--------------------------------*- C++ -*----------------------------------*\
  =========                 |
  \\      /  F ield         | OpenFOAM: The Open Source CFD Toolbox
   \\    /   O peration     | Website:  https://openfoam.org
    \\  /    A nd           | Version:  6
     \\/     M anipulation  |
\*---------------------------------------------------------------------------*/
FoamFile
{
    version     2.0;
    format      ascii;
    class       labelList;
    note        "nPoints:974  nCells:558  nFaces:2031  nInternalFaces:1317";
    location    "constant/region313/polyMesh";
    object      neighbour;
}
// * * * * * * * * * * * * * * * * * * * * * * * * * * * * * * * * * * * * * //


1317
(
1
4
2
6
8
4
15
5
6
17
7
18
7
8
20
9
21
9
10
23
11
24
11
12
26
27
29
14
15
33
16
34
16
17
36
18
37
18
20
39
19
21
40
22
41
21
23
42
22
24
43
25
44
24
26
46
25
27
47
28
48
27
29
50
28
30
51
52
30
54
55
32
33
62
34
63
34
36
65
35
37
66
38
67
37
39
69
38
40
70
41
71
40
42
73
41
43
74
44
75
43
46
77
44
47
78
45
48
79
49
80
47
50
81
48
51
82
49
52
83
53
84
51
54
85
52
55
86
53
56
87
88
55
89
56
90
91
58
59
103
60
104
60
62
107
61
63
108
64
109
63
65
111
64
66
112
67
113
66
69
115
67
70
116
68
71
117
72
118
70
73
120
71
74
121
72
75
122
76
123
74
77
125
75
78
126
76
79
127
80
128
78
81
130
79
82
131
80
83
132
84
133
82
85
135
83
86
136
84
87
137
88
138
86
89
140
87
90
141
88
91
142
143
90
92
145
91
146
147
149
151
95
97
156
98
157
97
99
159
98
100
160
101
161
100
103
164
101
104
165
102
105
166
106
167
104
107
169
105
108
170
106
109
171
110
172
108
111
174
109
112
175
110
113
176
114
177
112
115
179
113
116
180
114
117
181
118
182
116
120
184
117
121
185
118
122
186
119
123
187
124
188
121
125
189
122
126
190
123
127
191
124
128
192
129
193
126
130
194
127
131
195
128
132
196
129
133
197
134
198
131
135
199
132
136
200
133
137
201
134
138
202
139
203
136
140
204
137
141
205
138
142
206
139
143
207
144
208
141
145
209
142
146
210
143
147
211
144
148
212
213
146
149
214
147
215
148
216
217
219
151
221
152
153
222
154
223
154
224
225
156
159
229
157
160
230
158
161
231
162
232
160
164
234
161
165
235
162
166
236
163
167
237
168
238
165
169
239
166
170
240
167
171
241
168
172
242
173
243
170
174
245
171
175
246
172
176
247
173
177
248
178
249
175
179
251
176
180
252
177
181
253
178
182
254
183
255
180
184
257
181
185
258
182
186
259
183
187
260
188
261
185
189
263
186
190
264
187
191
265
188
192
266
193
267
190
194
269
191
195
270
192
196
271
193
197
272
198
273
195
199
275
196
200
276
197
201
277
198
202
278
203
279
200
204
281
201
205
282
202
206
283
203
207
284
208
285
205
209
287
206
210
288
207
211
289
208
212
290
213
291
210
214
293
211
215
294
212
216
295
213
217
296
218
297
215
219
298
216
220
299
217
300
218
301
302
220
303
304
222
305
223
224
306
225
225
226
307
227
308
227
228
309
310
311
230
234
313
231
235
314
232
236
315
233
237
238
235
239
316
236
240
317
237
241
318
238
242
319
243
240
245
320
241
246
321
242
247
322
243
248
323
244
249
324
250
246
251
325
247
252
326
248
253
327
249
254
328
250
255
329
256
252
257
330
253
258
331
254
259
332
255
260
333
256
261
334
262
258
263
335
259
264
336
260
265
337
261
266
338
262
267
339
268
264
269
340
265
270
341
266
271
342
267
272
343
268
273
344
274
270
275
345
271
276
346
272
277
347
273
278
348
274
279
349
280
276
281
350
277
282
351
278
283
352
279
284
353
280
285
354
286
282
287
355
283
288
356
284
289
357
285
290
358
286
291
359
292
360
288
293
361
289
294
362
290
295
363
291
296
364
292
297
365
366
294
298
367
295
299
368
296
300
369
297
301
370
302
371
299
303
372
300
304
373
301
374
302
375
304
376
377
306
307
378
308
309
379
310
310
311
380
312
312
381
314
316
315
317
318
317
320
318
321
319
322
323
321
325
382
322
326
383
323
327
324
328
329
326
330
384
327
331
385
328
332
329
333
334
331
335
386
332
336
387
333
337
334
338
339
336
340
388
337
341
389
338
342
390
339
343
344
341
345
391
342
346
392
343
347
393
344
348
394
349
346
350
395
347
351
396
348
352
397
349
353
398
354
351
355
399
352
356
400
353
357
401
354
358
402
359
356
361
403
357
362
404
358
363
405
359
364
406
360
365
407
366
362
367
408
363
368
409
364
369
410
365
370
411
366
371
412
368
372
413
369
373
414
370
374
415
371
375
416
373
376
417
374
377
418
375
419
420
377
421
422
379
435
380
381
383
384
385
385
386
387
387
388
389
389
391
390
392
393
392
395
393
396
394
397
398
396
399
397
400
398
401
402
400
403
401
404
402
405
406
404
408
405
409
406
410
407
411
412
409
413
436
410
414
411
415
412
416
414
417
437
415
418
438
416
419
420
418
421
439
419
422
440
420
422
441
442
424
445
425
426
448
427
449
427
428
451
429
452
429
431
455
430
432
456
457
432
433
460
434
461
434
435
465
466
470
437
438
439
440
440
441
472
442
442
443
473
444
474
444
445
475
446
476
446
448
477
447
449
478
450
479
449
451
480
450
452
481
453
482
452
455
483
453
456
484
454
457
485
458
486
456
460
487
457
461
488
458
462
489
459
463
490
464
491
461
465
492
462
466
493
463
467
494
464
468
495
469
496
466
470
498
467
471
499
468
500
469
501
502
471
504
505
473
474
475
476
476
477
508
478
478
480
509
479
481
510
482
481
483
511
482
484
512
485
513
484
487
514
485
488
515
486
489
516
490
517
488
492
518
489
493
519
490
494
520
491
495
521
496
522
493
498
523
494
499
524
495
500
525
496
501
526
497
502
527
503
528
499
504
529
500
505
530
501
506
531
502
507
532
503
533
505
534
506
535
507
536
537
509
510
511
512
512
514
540
513
515
516
515
518
541
516
519
542
517
520
521
519
523
543
520
524
544
521
525
545
522
526
527
524
529
546
525
530
547
526
531
548
527
532
549
528
533
530
534
550
531
535
551
532
536
552
533
537
553
538
535
554
536
555
537
539
556
538
557
541
542
543
544
544
546
545
547
548
547
550
548
551
549
552
553
551
554
552
555
553
556
557
555
556
557
)


// ************************************************************************* //
