/*--------------------------------*- C++ -*----------------------------------*\
  =========                 |
  \\      /  F ield         | OpenFOAM: The Open Source CFD Toolbox
   \\    /   O peration     | Website:  https://openfoam.org
    \\  /    A nd           | Version:  6
     \\/     M anipulation  |
\*---------------------------------------------------------------------------*/
FoamFile
{
    version     2.0;
    format      ascii;
    class       labelList;
    note        "nPoints:974  nCells:558  nFaces:2031  nInternalFaces:1317";
    location    "constant/region313/polyMesh";
    object      owner;
}
// * * * * * * * * * * * * * * * * * * * * * * * * * * * * * * * * * * * * * //


2031
(
0
0
1
1
2
3
3
4
4
4
5
5
6
6
6
7
7
8
8
8
9
9
10
10
10
11
12
13
13
13
14
14
15
15
15
16
16
17
17
17
18
18
18
19
19
20
20
20
21
21
21
22
22
23
23
23
24
24
24
25
25
26
26
26
27
27
27
28
29
29
30
31
31
31
32
32
33
33
33
34
34
34
35
35
36
36
36
37
37
37
38
38
39
39
39
40
40
40
41
41
42
42
42
43
43
43
44
44
44
45
45
46
46
46
47
47
47
48
48
48
49
49
50
50
50
51
51
51
52
52
52
53
54
54
55
55
56
57
57
57
58
58
59
59
59
60
60
60
61
61
62
62
62
63
63
63
64
64
65
65
65
66
66
66
67
67
67
68
68
69
69
69
70
70
70
71
71
71
72
72
73
73
73
74
74
74
75
75
75
76
76
77
77
77
78
78
78
79
79
79
80
80
81
81
81
82
82
82
83
83
83
84
84
85
85
85
86
86
86
87
87
87
88
89
89
89
90
90
91
92
93
94
94
94
95
95
96
96
96
97
97
97
98
98
99
99
99
100
100
100
101
101
101
102
102
103
103
103
104
104
104
105
105
105
106
106
107
107
107
108
108
108
109
109
109
110
110
111
111
111
112
112
112
113
113
113
114
114
115
115
115
116
116
116
117
117
117
118
118
118
119
119
120
120
120
121
121
121
122
122
122
123
123
123
124
124
125
125
125
126
126
126
127
127
127
128
128
128
129
129
130
130
130
131
131
131
132
132
132
133
133
133
134
134
135
135
135
136
136
136
137
137
137
138
138
138
139
139
140
140
140
141
141
141
142
142
142
143
143
143
144
145
145
145
146
146
147
147
148
149
150
150
151
151
151
152
152
153
153
154
155
155
155
156
156
156
157
157
157
158
158
159
159
159
160
160
160
161
161
161
162
162
162
163
163
164
164
164
165
165
165
166
166
166
167
167
167
168
168
169
169
169
170
170
170
171
171
171
172
172
172
173
173
174
174
174
175
175
175
176
176
176
177
177
177
178
178
179
179
179
180
180
180
181
181
181
182
182
182
183
183
184
184
184
185
185
185
186
186
186
187
187
187
188
188
189
189
189
190
190
190
191
191
191
192
192
192
193
193
194
194
194
195
195
195
196
196
196
197
197
197
198
198
199
199
199
200
200
200
201
201
201
202
202
202
203
203
204
204
204
205
205
205
206
206
206
207
207
207
208
208
209
209
209
210
210
210
211
211
211
212
212
212
213
213
214
214
214
215
215
215
216
216
217
217
218
219
219
220
221
221
222
222
222
223
224
224
224
225
225
226
226
226
227
228
229
229
229
230
230
230
231
231
231
232
232
233
234
234
234
235
235
235
236
236
236
237
237
237
238
239
239
239
240
240
240
241
241
241
242
242
242
243
243
243
244
245
245
245
246
246
246
247
247
247
248
248
248
249
249
249
250
251
251
251
252
252
252
253
253
253
254
254
254
255
255
255
256
257
257
257
258
258
258
259
259
259
260
260
260
261
261
261
262
263
263
263
264
264
264
265
265
265
266
266
266
267
267
267
268
269
269
269
270
270
270
271
271
271
272
272
272
273
273
273
274
275
275
275
276
276
276
277
277
277
278
278
278
279
279
279
280
281
281
281
282
282
282
283
283
283
284
284
284
285
285
285
286
286
287
287
287
288
288
288
289
289
289
290
290
290
291
291
291
292
293
293
293
294
294
294
295
295
295
296
296
296
297
297
298
298
298
299
299
299
300
300
301
301
303
303
304
305
306
306
307
307
307
308
309
309
309
310
311
311
313
313
314
314
315
316
316
317
317
318
318
319
320
320
320
321
321
321
322
322
323
323
324
325
325
325
326
326
326
327
327
328
328
329
330
330
330
331
331
331
332
332
333
333
334
335
335
335
336
336
336
337
337
337
338
338
339
340
340
340
341
341
341
342
342
342
343
343
343
344
345
345
345
346
346
346
347
347
347
348
348
348
349
350
350
350
351
351
351
352
352
352
353
353
353
354
355
355
355
356
356
356
357
357
357
358
358
358
359
359
359
360
361
361
361
362
362
362
363
363
363
364
364
364
365
365
365
367
367
367
368
368
368
369
369
369
370
370
370
372
372
372
373
373
373
374
374
375
376
376
377
378
378
379
380
382
382
383
384
384
385
386
386
387
388
388
389
389
390
391
391
392
392
393
393
394
395
395
396
396
397
397
398
399
399
400
400
401
401
402
403
403
404
404
405
405
406
406
407
408
408
408
409
409
410
410
411
411
413
413
413
414
414
414
415
415
416
417
417
417
418
418
418
419
421
421
422
423
423
424
424
424
425
425
426
426
426
427
427
428
428
428
429
429
429
430
431
431
431
432
432
433
433
433
434
435
436
437
437
438
439
439
439
440
441
441
441
442
442
443
443
443
444
444
445
445
445
446
446
446
447
447
448
448
448
449
449
449
450
450
451
451
451
452
452
452
453
453
453
454
454
455
455
455
456
456
456
457
457
457
458
458
458
459
459
460
460
460
461
461
461
462
462
462
463
463
463
464
464
465
465
465
466
466
466
467
467
468
468
469
470
470
471
472
473
473
474
475
475
475
476
477
477
477
478
478
478
479
480
480
480
481
481
481
482
482
483
483
483
484
484
484
485
485
485
486
486
487
487
487
488
488
488
489
489
489
490
490
490
491
491
492
492
492
493
493
493
494
494
494
495
495
495
496
496
496
497
497
498
498
498
499
499
499
500
500
500
501
501
501
502
502
504
504
505
505
506
506
507
508
509
509
510
511
511
511
512
512
513
514
514
514
515
515
515
516
516
517
518
518
518
519
519
519
520
520
520
521
521
522
523
523
523
524
524
524
525
525
525
526
526
526
527
527
529
529
529
530
530
530
531
531
531
532
532
532
533
534
534
535
535
536
536
536
537
537
540
541
541
542
543
543
544
544
545
546
546
547
547
548
548
549
550
550
551
551
552
552
553
554
555
556
0
1
2
3
4
6
8
10
12
13
15
17
20
23
26
29
31
33
36
39
42
46
50
54
57
59
62
65
69
73
77
81
85
89
92
93
96
99
103
107
111
115
120
125
130
135
140
145
149
150
151
153
155
159
164
169
174
179
184
189
194
199
204
209
214
219
221
222
224
226
228
229
234
239
245
251
257
263
269
275
281
287
293
298
303
305
306
307
309
311
313
316
320
325
330
335
340
345
350
355
361
367
372
376
378
379
380
381
382
384
386
388
391
395
399
403
408
413
417
421
423
424
426
428
431
433
435
436
437
439
441
443
445
448
451
455
460
465
470
472
473
475
477
480
483
487
492
498
504
508
509
511
514
518
523
529
534
540
541
543
546
550
554
0
1
2
0
3
0
5
1
7
2
9
11
3
13
14
3
5
16
5
19
7
22
9
25
11
28
13
31
14
32
14
35
16
19
38
19
22
45
25
49
28
28
53
29
30
30
56
57
58
31
59
32
60
61
32
35
64
35
68
38
72
41
45
76
45
49
53
53
54
55
56
56
92
94
95
96
97
98
57
99
58
100
101
102
58
61
105
106
61
110
64
68
114
68
119
72
124
76
129
80
134
84
139
88
88
144
90
91
91
148
92
92
93
150
94
96
155
95
158
98
102
162
163
102
168
106
173
110
178
114
119
183
119
124
129
134
139
144
144
146
147
148
148
218
149
149
220
150
150
152
152
158
163
233
163
168
244
173
250
178
256
183
262
188
268
193
274
198
280
203
286
208
292
213
216
217
218
219
220
220
221
221
223
223
223
225
238
244
244
250
256
262
268
274
280
286
292
300
301
302
303
304
304
305
305
306
308
308
308
310
310
312
366
371
374
375
377
377
423
424
425
426
427
428
429
430
432
434
379
380
380
381
381
412
412
416
420
423
425
446
447
425
450
427
430
453
454
430
430
458
459
432
462
463
464
434
467
468
469
467
468
470
471
471
506
507
502
503
503
503
504
505
506
507
507
538
539
528
528
533
534
535
537
538
539
539
539
554
379
435
376
421
422
423
443
444
469
378
434
435
471
2
10
12
11
12
12
30
93
93
93
152
153
154
94
95
153
154
154
226
227
228
155
156
157
158
218
227
227
228
228
312
229
230
231
232
233
232
233
233
238
244
250
256
262
268
274
280
292
297
302
302
311
312
312
313
314
315
313
314
315
315
319
316
317
318
319
319
324
322
323
324
324
327
328
329
329
332
333
334
334
338
339
339
344
344
349
349
354
354
360
360
360
366
366
371
371
375
381
382
383
382
383
383
384
385
385
386
387
387
390
388
389
390
390
394
391
392
393
394
394
395
396
397
398
398
399
400
401
402
402
407
403
404
405
406
407
407
409
410
411
412
415
416
419
419
420
420
422
436
436
436
438
437
438
438
440
440
442
444
447
447
450
454
454
459
459
464
497
469
503
472
472
472
474
473
474
474
476
476
479
479
479
482
486
486
491
491
497
497
508
508
508
510
509
510
510
513
512
513
513
517
516
517
517
522
521
522
522
528
527
528
533
538
538
539
540
540
540
542
541
542
542
545
543
544
545
545
549
546
547
548
549
549
550
551
552
553
553
554
555
555
556
556
557
557
557
305
431
378
433
)


// ************************************************************************* //
