/*--------------------------------*- C++ -*----------------------------------*\
  =========                 |
  \\      /  F ield         | OpenFOAM: The Open Source CFD Toolbox
   \\    /   O peration     | Website:  https://openfoam.org
    \\  /    A nd           | Version:  6
     \\/     M anipulation  |
\*---------------------------------------------------------------------------*/
FoamFile
{
    version     2.0;
    format      ascii;
    class       labelList;
    location    "constant/region313/polyMesh";
    object      pointRegionAddressing;
}
// * * * * * * * * * * * * * * * * * * * * * * * * * * * * * * * * * * * * * //


974
(
90220
90221
90285
90286
90350
90351
90415
90416
94380
94381
94445
94446
94447
94510
94511
94512
94575
94576
94577
94640
94641
94642
94705
94706
94707
94770
94771
98540
98541
98542
98605
98606
98607
98670
98671
98672
98673
98735
98736
98737
98738
98800
98801
98802
98803
98865
98866
98867
98868
98930
98931
98932
98933
98995
98996
98997
102700
102701
102702
102765
102766
102767
102768
102830
102831
102832
102833
102895
102896
102897
102898
102960
102961
102962
102963
102964
103025
103026
103027
103028
103029
103090
103091
103092
103093
103094
103155
103156
103157
103158
103159
103220
103221
103222
103223
106795
106796
106797
106860
106861
106862
106863
106925
106926
106927
106928
106990
106991
106992
106993
106994
107055
107056
107057
107058
107059
107120
107121
107122
107123
107124
107185
107186
107187
107188
107189
107250
107251
107252
107253
107254
107315
107316
107317
107318
107319
107380
107381
107382
107383
107384
107445
107446
107447
107448
107510
107511
107965
107966
108030
108031
110826
110827
110828
110890
110891
110892
110893
110955
110956
110957
110958
110959
111020
111021
111022
111023
111024
111085
111086
111087
111088
111089
111150
111151
111152
111153
111154
111215
111216
111217
111218
111219
111220
111280
111281
111282
111283
111284
111285
111345
111346
111347
111348
111349
111350
111410
111411
111412
111413
111414
111415
111475
111476
111477
111478
111479
111480
111540
111541
111542
111543
111544
111545
111605
111606
111607
111608
111609
111610
111670
111671
111672
111673
111674
111735
111736
112125
112126
112190
112191
112192
112255
112256
112257
112320
112321
112322
115050
115051
115052
115053
115054
115115
115116
115117
115118
115119
115120
115180
115181
115182
115183
115184
115185
115245
115246
115247
115248
115249
115250
115310
115311
115312
115313
115314
115315
115375
115376
115377
115378
115379
115380
115440
115441
115442
115443
115444
115445
115505
115506
115507
115508
115509
115510
115570
115571
115572
115573
115574
115575
115635
115636
115637
115638
115639
115640
115700
115701
115702
115703
115704
115705
115765
115766
115767
115768
115769
115770
115830
115831
115832
115833
115834
115835
115895
115896
115897
115898
115899
115900
115960
115961
115962
116350
116351
116415
116416
116417
116480
116481
116482
116545
116546
116547
116610
116611
116612
116675
116676
119275
119276
119277
119278
119279
119280
119340
119341
119342
119343
119344
119345
119405
119406
119407
119408
119409
119410
119411
119470
119471
119472
119473
119474
119475
119476
119535
119536
119537
119538
119539
119540
119541
119600
119601
119602
119603
119604
119605
119606
119665
119666
119667
119668
119669
119670
119671
119730
119731
119732
119733
119734
119735
119736
119795
119796
119797
119798
119799
119800
119801
119860
119861
119862
119863
119864
119865
119866
119925
119926
119927
119928
119929
119930
119931
119990
119991
119992
119993
119994
119995
119996
120055
120056
120057
120058
120059
120060
120120
120121
120122
120123
120124
120125
120185
120186
120187
120575
120576
120640
120641
120642
120705
120706
120707
120770
120771
120772
120835
120836
120837
120900
120901
120902
123500
123501
123502
123503
123504
123505
123565
123566
123567
123568
123569
123570
123630
123631
123632
123633
123634
123635
123636
123695
123696
123697
123698
123699
123700
123701
123760
123761
123762
123763
123764
123765
123766
123825
123826
123827
123828
123829
123830
123831
123890
123891
123892
123893
123894
123895
123896
123955
123956
123957
123958
123959
123960
123961
124020
124021
124022
124023
124024
124025
124026
124085
124086
124087
124088
124089
124090
124091
124150
124151
124152
124153
124154
124155
124156
124215
124216
124217
124218
124219
124220
124221
124280
124281
124282
124283
124284
124285
124345
124346
124347
124348
124349
124350
124410
124411
124412
124800
124801
124865
124866
124930
124931
124932
124995
124996
124997
125060
125061
125062
125125
125126
125127
127725
127726
127727
127728
127790
127791
127792
127793
127794
127855
127856
127857
127858
127859
127860
127920
127921
127922
127923
127924
127925
127985
127986
127987
127988
127989
127990
128050
128051
128052
128053
128054
128055
128115
128116
128117
128118
128119
128120
128180
128181
128182
128183
128184
128185
128245
128246
128247
128248
128249
128250
128310
128311
128312
128313
128314
128315
128316
128375
128376
128377
128378
128379
128380
128381
128440
128441
128442
128443
128444
128445
128446
128505
128506
128507
128508
128509
128510
128570
128571
128572
128573
128574
128635
128636
128637
128700
128701
128765
128766
128767
128830
128831
128832
128895
128896
128897
128898
128960
128961
128962
128963
129025
129026
129027
129090
129091
129092
129155
129156
129220
129221
129285
129286
129350
129351
132080
132081
132082
132145
132146
132147
132210
132211
132212
132275
132276
132277
132278
132340
132341
132342
132343
132344
132405
132406
132407
132408
132409
132470
132471
132472
132473
132474
132535
132536
132537
132538
132539
132540
132600
132601
132602
132603
132604
132605
132665
132666
132667
132668
132669
132670
132730
132731
132732
132733
132734
132795
132796
132797
132798
132799
132860
132861
132862
132925
132926
132927
132928
132990
132991
132992
132993
133055
133056
133057
133058
133059
133120
133121
133122
133123
133124
133125
133185
133186
133187
133188
133189
133190
133250
133251
133252
133253
133254
133255
133315
133316
133317
133318
133319
133320
133380
133381
133382
136825
136826
136890
136891
136892
136955
136956
136957
137020
137021
137022
137085
137086
137087
137150
137151
137152
137153
137215
137216
137217
137218
137280
137281
137282
137283
137284
137345
137346
137347
137348
137349
137350
137410
137411
137412
137413
137414
137415
137416
137475
137476
137477
137478
137479
137480
137481
137540
137541
137542
137543
137544
137545
137546
137605
137606
137607
137608
137609
141180
141181
141245
141246
141247
141310
141311
141312
141375
141376
141377
141378
141440
141441
141442
141443
141505
141506
141507
141508
141509
141570
141571
141572
141573
141574
141575
141635
141636
141637
141638
141639
141640
141641
141700
141701
141702
141703
141704
141705
141706
141765
141766
141767
141768
141769
141770
141771
141830
141831
141832
141833
141834
141835
141897
141898
145535
145536
145600
145601
145602
145665
145666
145667
145668
145730
145731
145732
145733
145734
145795
145796
145797
145798
145799
145800
145860
145861
145862
145863
145864
145865
145866
145925
145926
145927
145928
145929
145930
145931
145990
145991
145992
145993
145994
145995
146055
146056
146057
146058
146059
146060
146122
146123
149890
149891
149955
149956
149957
150020
150021
150022
150023
150085
150086
150087
150088
150089
150150
150151
150152
150153
150154
150215
150216
150217
150218
150219
150280
150281
150282
150283
150284
)


// ************************************************************************* //
