/*--------------------------------*- C++ -*----------------------------------*\
  =========                 |
  \\      /  F ield         | OpenFOAM: The Open Source CFD Toolbox
   \\    /   O peration     | Website:  https://openfoam.org
    \\  /    A nd           | Version:  6
     \\/     M anipulation  |
\*---------------------------------------------------------------------------*/
FoamFile
{
    version     2.0;
    format      ascii;
    class       vectorField;
    location    "constant/region313/polyMesh";
    object      points;
}
// * * * * * * * * * * * * * * * * * * * * * * * * * * * * * * * * * * * * * //


974
(
(0 1.495e-06 1.365e-06)
(6.5e-08 1.495e-06 1.365e-06)
(0 1.56e-06 1.365e-06)
(6.5e-08 1.56e-06 1.365e-06)
(0 1.625e-06 1.365e-06)
(6.5e-08 1.625e-06 1.365e-06)
(0 1.69e-06 1.365e-06)
(6.5e-08 1.69e-06 1.365e-06)
(0 1.43e-06 1.43e-06)
(6.5e-08 1.43e-06 1.43e-06)
(0 1.495e-06 1.43e-06)
(6.5e-08 1.495e-06 1.43e-06)
(1.3e-07 1.495e-06 1.43e-06)
(0 1.56e-06 1.43e-06)
(6.5e-08 1.56e-06 1.43e-06)
(1.3e-07 1.56e-06 1.43e-06)
(0 1.625e-06 1.43e-06)
(6.5e-08 1.625e-06 1.43e-06)
(1.3e-07 1.625e-06 1.43e-06)
(0 1.69e-06 1.43e-06)
(6.5e-08 1.69e-06 1.43e-06)
(1.3e-07 1.69e-06 1.43e-06)
(0 1.755e-06 1.43e-06)
(6.500000000000001e-08 1.755e-06 1.43e-06)
(1.3e-07 1.755e-06 1.43e-06)
(0 1.82e-06 1.43e-06)
(6.5e-08 1.82e-06 1.43e-06)
(0 1.365e-06 1.495e-06)
(6.5e-08 1.365e-06 1.495e-06)
(1.3e-07 1.365e-06 1.495e-06)
(0 1.43e-06 1.495e-06)
(6.5e-08 1.43e-06 1.495e-06)
(1.3e-07 1.43e-06 1.495e-06)
(0 1.495e-06 1.495e-06)
(6.5e-08 1.495e-06 1.495e-06)
(1.3e-07 1.495e-06 1.495e-06)
(1.95e-07 1.495e-06 1.495e-06)
(0 1.56e-06 1.495e-06)
(6.5e-08 1.56e-06 1.495e-06)
(1.3e-07 1.56e-06 1.495e-06)
(1.95e-07 1.56e-06 1.495e-06)
(0 1.625e-06 1.495e-06)
(6.5e-08 1.625e-06 1.495e-06)
(1.3e-07 1.625e-06 1.495e-06)
(1.95e-07 1.625e-06 1.495e-06)
(0 1.69e-06 1.495e-06)
(6.5e-08 1.69e-06 1.495e-06)
(1.3e-07 1.69e-06 1.495e-06)
(1.95e-07 1.69e-06 1.495e-06)
(0 1.755e-06 1.495e-06)
(6.500000000000001e-08 1.755e-06 1.495e-06)
(1.3e-07 1.755e-06 1.495e-06)
(1.95e-07 1.755e-06 1.495e-06)
(0 1.82e-06 1.495e-06)
(6.5e-08 1.82e-06 1.495e-06)
(1.3e-07 1.82e-06 1.495e-06)
(0 1.3e-06 1.56e-06)
(6.5e-08 1.3e-06 1.56e-06)
(1.3e-07 1.3e-06 1.56e-06)
(0 1.365e-06 1.56e-06)
(6.5e-08 1.365e-06 1.56e-06)
(1.3e-07 1.365e-06 1.56e-06)
(1.95e-07 1.365e-06 1.56e-06)
(0 1.43e-06 1.56e-06)
(6.5e-08 1.43e-06 1.56e-06)
(1.3e-07 1.43e-06 1.56e-06)
(1.95e-07 1.43e-06 1.56e-06)
(0 1.495e-06 1.56e-06)
(6.5e-08 1.495e-06 1.56e-06)
(1.3e-07 1.495e-06 1.56e-06)
(1.95e-07 1.495e-06 1.56e-06)
(0 1.56e-06 1.56e-06)
(6.5e-08 1.56e-06 1.56e-06)
(1.3e-07 1.56e-06 1.56e-06)
(1.95e-07 1.56e-06 1.56e-06)
(2.6e-07 1.56e-06 1.56e-06)
(0 1.625e-06 1.56e-06)
(6.5e-08 1.625e-06 1.56e-06)
(1.3e-07 1.625e-06 1.56e-06)
(1.95e-07 1.625e-06 1.56e-06)
(2.6e-07 1.625e-06 1.56e-06)
(0 1.69e-06 1.56e-06)
(6.5e-08 1.69e-06 1.56e-06)
(1.3e-07 1.69e-06 1.56e-06)
(1.95e-07 1.69e-06 1.56e-06)
(2.6e-07 1.69e-06 1.56e-06)
(0 1.755e-06 1.56e-06)
(6.500000000000001e-08 1.755e-06 1.56e-06)
(1.3e-07 1.755e-06 1.56e-06)
(1.95e-07 1.755e-06 1.56e-06)
(2.600000000000001e-07 1.755e-06 1.56e-06)
(0 1.82e-06 1.56e-06)
(6.5e-08 1.82e-06 1.56e-06)
(1.3e-07 1.82e-06 1.56e-06)
(1.95e-07 1.82e-06 1.56e-06)
(0 1.17e-06 1.625e-06)
(6.5e-08 1.17e-06 1.625e-06)
(1.3e-07 1.17e-06 1.625e-06)
(0 1.235e-06 1.625e-06)
(6.5e-08 1.235e-06 1.625e-06)
(1.3e-07 1.235e-06 1.625e-06)
(1.95e-07 1.235e-06 1.625e-06)
(0 1.3e-06 1.625e-06)
(6.5e-08 1.3e-06 1.625e-06)
(1.3e-07 1.3e-06 1.625e-06)
(1.95e-07 1.3e-06 1.625e-06)
(0 1.365e-06 1.625e-06)
(6.5e-08 1.365e-06 1.625e-06)
(1.3e-07 1.365e-06 1.625e-06)
(1.95e-07 1.365e-06 1.625e-06)
(2.6e-07 1.365e-06 1.625e-06)
(0 1.43e-06 1.625e-06)
(6.5e-08 1.43e-06 1.625e-06)
(1.3e-07 1.43e-06 1.625e-06)
(1.95e-07 1.43e-06 1.625e-06)
(2.6e-07 1.43e-06 1.625e-06)
(0 1.495e-06 1.625e-06)
(6.5e-08 1.495e-06 1.625e-06)
(1.3e-07 1.495e-06 1.625e-06)
(1.95e-07 1.495e-06 1.625e-06)
(2.6e-07 1.495e-06 1.625e-06)
(0 1.56e-06 1.625e-06)
(6.5e-08 1.56e-06 1.625e-06)
(1.3e-07 1.56e-06 1.625e-06)
(1.95e-07 1.56e-06 1.625e-06)
(2.6e-07 1.56e-06 1.625e-06)
(0 1.625e-06 1.625e-06)
(6.5e-08 1.625e-06 1.625e-06)
(1.3e-07 1.625e-06 1.625e-06)
(1.95e-07 1.625e-06 1.625e-06)
(2.6e-07 1.625e-06 1.625e-06)
(0 1.69e-06 1.625e-06)
(6.5e-08 1.69e-06 1.625e-06)
(1.3e-07 1.69e-06 1.625e-06)
(1.95e-07 1.69e-06 1.625e-06)
(2.6e-07 1.69e-06 1.625e-06)
(0 1.755e-06 1.625e-06)
(6.500000000000001e-08 1.755e-06 1.625e-06)
(1.3e-07 1.755e-06 1.625e-06)
(1.95e-07 1.755e-06 1.625e-06)
(2.600000000000001e-07 1.755e-06 1.625e-06)
(0 1.82e-06 1.625e-06)
(6.5e-08 1.82e-06 1.625e-06)
(1.3e-07 1.82e-06 1.625e-06)
(1.95e-07 1.82e-06 1.625e-06)
(0 1.885e-06 1.625e-06)
(6.5e-08 1.885e-06 1.625e-06)
(0 2.34e-06 1.625e-06)
(6.5e-08 2.34e-06 1.625e-06)
(0 2.405e-06 1.625e-06)
(6.5e-08 2.405e-06 1.625e-06)
(6.5e-08 9.75e-07 1.69e-06)
(1.3e-07 9.75e-07 1.69e-06)
(1.95e-07 9.75e-07 1.69e-06)
(0 1.04e-06 1.69e-06)
(6.5e-08 1.04e-06 1.69e-06)
(1.3e-07 1.04e-06 1.69e-06)
(1.95e-07 1.04e-06 1.69e-06)
(0 1.105e-06 1.69e-06)
(6.5e-08 1.105e-06 1.69e-06)
(1.3e-07 1.105e-06 1.69e-06)
(1.95e-07 1.105e-06 1.69e-06)
(2.6e-07 1.105e-06 1.69e-06)
(0 1.17e-06 1.69e-06)
(6.5e-08 1.17e-06 1.69e-06)
(1.3e-07 1.17e-06 1.69e-06)
(1.95e-07 1.17e-06 1.69e-06)
(2.6e-07 1.17e-06 1.69e-06)
(0 1.235e-06 1.69e-06)
(6.5e-08 1.235e-06 1.69e-06)
(1.3e-07 1.235e-06 1.69e-06)
(1.95e-07 1.235e-06 1.69e-06)
(2.6e-07 1.235e-06 1.69e-06)
(0 1.3e-06 1.69e-06)
(6.5e-08 1.3e-06 1.69e-06)
(1.3e-07 1.3e-06 1.69e-06)
(1.95e-07 1.3e-06 1.69e-06)
(2.6e-07 1.3e-06 1.69e-06)
(0 1.365e-06 1.69e-06)
(6.5e-08 1.365e-06 1.69e-06)
(1.3e-07 1.365e-06 1.69e-06)
(1.95e-07 1.365e-06 1.69e-06)
(2.6e-07 1.365e-06 1.69e-06)
(3.250000000000001e-07 1.365e-06 1.69e-06)
(0 1.43e-06 1.69e-06)
(6.5e-08 1.43e-06 1.69e-06)
(1.3e-07 1.43e-06 1.69e-06)
(1.95e-07 1.43e-06 1.69e-06)
(2.6e-07 1.43e-06 1.69e-06)
(3.25e-07 1.43e-06 1.69e-06)
(0 1.495e-06 1.69e-06)
(6.5e-08 1.495e-06 1.69e-06)
(1.3e-07 1.495e-06 1.69e-06)
(1.95e-07 1.495e-06 1.69e-06)
(2.6e-07 1.495e-06 1.69e-06)
(3.25e-07 1.495e-06 1.69e-06)
(0 1.56e-06 1.69e-06)
(6.5e-08 1.56e-06 1.69e-06)
(1.3e-07 1.56e-06 1.69e-06)
(1.95e-07 1.56e-06 1.69e-06)
(2.6e-07 1.56e-06 1.69e-06)
(3.25e-07 1.56e-06 1.69e-06)
(0 1.625e-06 1.69e-06)
(6.5e-08 1.625e-06 1.69e-06)
(1.3e-07 1.625e-06 1.69e-06)
(1.95e-07 1.625e-06 1.69e-06)
(2.6e-07 1.625e-06 1.69e-06)
(3.25e-07 1.625e-06 1.69e-06)
(0 1.69e-06 1.69e-06)
(6.5e-08 1.69e-06 1.69e-06)
(1.3e-07 1.69e-06 1.69e-06)
(1.95e-07 1.69e-06 1.69e-06)
(2.6e-07 1.69e-06 1.69e-06)
(3.250000000000001e-07 1.69e-06 1.69e-06)
(0 1.755e-06 1.69e-06)
(6.500000000000001e-08 1.755e-06 1.69e-06)
(1.3e-07 1.755e-06 1.69e-06)
(1.95e-07 1.755e-06 1.69e-06)
(2.600000000000001e-07 1.755e-06 1.69e-06)
(3.25e-07 1.755e-06 1.69e-06)
(0 1.82e-06 1.69e-06)
(6.5e-08 1.82e-06 1.69e-06)
(1.3e-07 1.82e-06 1.69e-06)
(1.95e-07 1.82e-06 1.69e-06)
(2.6e-07 1.82e-06 1.69e-06)
(0 1.885e-06 1.69e-06)
(6.499999999999999e-08 1.885e-06 1.69e-06)
(0 2.275e-06 1.69e-06)
(6.5e-08 2.275e-06 1.69e-06)
(0 2.34e-06 1.69e-06)
(6.5e-08 2.34e-06 1.69e-06)
(1.3e-07 2.34e-06 1.69e-06)
(0 2.405e-06 1.69e-06)
(6.5e-08 2.405e-06 1.69e-06)
(1.3e-07 2.405e-06 1.69e-06)
(0 2.47e-06 1.69e-06)
(6.5e-08 2.47e-06 1.69e-06)
(1.3e-07 2.47e-06 1.69e-06)
(0 9.75e-07 1.755e-06)
(6.5e-08 9.75e-07 1.755e-06)
(1.3e-07 9.75e-07 1.755000000000001e-06)
(1.95e-07 9.75e-07 1.755e-06)
(2.6e-07 9.75e-07 1.755e-06)
(0 1.04e-06 1.755e-06)
(6.5e-08 1.04e-06 1.755000000000001e-06)
(1.3e-07 1.04e-06 1.755e-06)
(1.95e-07 1.04e-06 1.755000000000001e-06)
(2.6e-07 1.04e-06 1.755e-06)
(3.25e-07 1.04e-06 1.755000000000001e-06)
(0 1.105e-06 1.755e-06)
(6.5e-08 1.105e-06 1.755e-06)
(1.3e-07 1.105e-06 1.755e-06)
(1.95e-07 1.105e-06 1.755e-06)
(2.6e-07 1.105e-06 1.755e-06)
(3.25e-07 1.105e-06 1.755e-06)
(0 1.17e-06 1.755e-06)
(6.5e-08 1.17e-06 1.755e-06)
(1.3e-07 1.17e-06 1.755e-06)
(1.95e-07 1.17e-06 1.755e-06)
(2.6e-07 1.17e-06 1.755e-06)
(3.25e-07 1.17e-06 1.755000000000001e-06)
(0 1.235e-06 1.755e-06)
(6.5e-08 1.235e-06 1.755e-06)
(1.3e-07 1.235e-06 1.755e-06)
(1.95e-07 1.235e-06 1.755e-06)
(2.6e-07 1.235e-06 1.755e-06)
(3.25e-07 1.235e-06 1.755e-06)
(0 1.3e-06 1.755e-06)
(6.5e-08 1.3e-06 1.755e-06)
(1.3e-07 1.3e-06 1.755e-06)
(1.95e-07 1.3e-06 1.755e-06)
(2.6e-07 1.3e-06 1.755e-06)
(3.25e-07 1.3e-06 1.755e-06)
(0 1.365e-06 1.755e-06)
(6.5e-08 1.365e-06 1.755e-06)
(1.3e-07 1.365e-06 1.755e-06)
(1.95e-07 1.365e-06 1.755e-06)
(2.6e-07 1.365e-06 1.755e-06)
(3.25e-07 1.365e-06 1.755e-06)
(0 1.43e-06 1.755e-06)
(6.5e-08 1.43e-06 1.755e-06)
(1.3e-07 1.43e-06 1.755e-06)
(1.95e-07 1.43e-06 1.755e-06)
(2.6e-07 1.43e-06 1.755e-06)
(3.25e-07 1.43e-06 1.755e-06)
(0 1.495e-06 1.755e-06)
(6.5e-08 1.495e-06 1.755e-06)
(1.3e-07 1.495e-06 1.755e-06)
(1.95e-07 1.495e-06 1.755e-06)
(2.6e-07 1.495e-06 1.755e-06)
(3.25e-07 1.495e-06 1.755e-06)
(0 1.56e-06 1.755e-06)
(6.5e-08 1.56e-06 1.755e-06)
(1.3e-07 1.56e-06 1.755e-06)
(1.95e-07 1.56e-06 1.755e-06)
(2.6e-07 1.56e-06 1.755e-06)
(3.25e-07 1.56e-06 1.755e-06)
(0 1.625e-06 1.755e-06)
(6.5e-08 1.625e-06 1.755e-06)
(1.3e-07 1.625e-06 1.755e-06)
(1.95e-07 1.625e-06 1.755e-06)
(2.6e-07 1.625e-06 1.755e-06)
(3.25e-07 1.625e-06 1.755e-06)
(0 1.69e-06 1.755e-06)
(6.5e-08 1.69e-06 1.755e-06)
(1.3e-07 1.69e-06 1.755e-06)
(1.95e-07 1.69e-06 1.755e-06)
(2.6e-07 1.69e-06 1.755e-06)
(3.25e-07 1.69e-06 1.755e-06)
(0 1.755e-06 1.755e-06)
(6.500000000000001e-08 1.755e-06 1.755e-06)
(1.3e-07 1.755e-06 1.755e-06)
(1.95e-07 1.755e-06 1.755e-06)
(2.600000000000001e-07 1.755e-06 1.755e-06)
(3.25e-07 1.755e-06 1.755e-06)
(0 1.82e-06 1.755e-06)
(6.5e-08 1.82e-06 1.755e-06)
(1.3e-07 1.82e-06 1.755e-06)
(1.95e-07 1.82e-06 1.755e-06)
(2.6e-07 1.82e-06 1.755e-06)
(3.25e-07 1.82e-06 1.755e-06)
(0 1.885e-06 1.755e-06)
(6.5e-08 1.885e-06 1.755e-06)
(1.3e-07 1.885e-06 1.755e-06)
(0 2.275e-06 1.755e-06)
(6.5e-08 2.275e-06 1.755e-06)
(0 2.34e-06 1.755e-06)
(6.5e-08 2.34e-06 1.755e-06)
(1.3e-07 2.34e-06 1.755e-06)
(0 2.405e-06 1.755e-06)
(6.5e-08 2.405e-06 1.755e-06)
(1.3e-07 2.405e-06 1.755e-06)
(0 2.47e-06 1.755e-06)
(6.5e-08 2.47e-06 1.755e-06)
(1.3e-07 2.47e-06 1.755e-06)
(0 2.535e-06 1.755e-06)
(6.5e-08 2.535e-06 1.755e-06)
(1.3e-07 2.535e-06 1.755e-06)
(0 2.6e-06 1.755e-06)
(6.5e-08 2.600000000000001e-06 1.755e-06)
(0 9.75e-07 1.82e-06)
(6.5e-08 9.75e-07 1.82e-06)
(1.3e-07 9.750000000000002e-07 1.82e-06)
(1.95e-07 9.75e-07 1.82e-06)
(2.6e-07 9.75e-07 1.82e-06)
(3.25e-07 9.75e-07 1.82e-06)
(0 1.04e-06 1.82e-06)
(6.5e-08 1.04e-06 1.82e-06)
(1.3e-07 1.04e-06 1.82e-06)
(1.95e-07 1.04e-06 1.82e-06)
(2.6e-07 1.04e-06 1.82e-06)
(3.25e-07 1.04e-06 1.82e-06)
(0 1.105e-06 1.82e-06)
(6.5e-08 1.105e-06 1.82e-06)
(1.3e-07 1.105e-06 1.82e-06)
(1.95e-07 1.105e-06 1.82e-06)
(2.6e-07 1.105e-06 1.82e-06)
(3.25e-07 1.105e-06 1.82e-06)
(3.899999999999999e-07 1.105e-06 1.82e-06)
(0 1.17e-06 1.82e-06)
(6.5e-08 1.17e-06 1.82e-06)
(1.3e-07 1.17e-06 1.82e-06)
(1.95e-07 1.17e-06 1.82e-06)
(2.6e-07 1.17e-06 1.82e-06)
(3.250000000000001e-07 1.17e-06 1.82e-06)
(3.899999999999999e-07 1.17e-06 1.82e-06)
(0 1.235e-06 1.82e-06)
(6.5e-08 1.235e-06 1.82e-06)
(1.3e-07 1.235e-06 1.82e-06)
(1.95e-07 1.235e-06 1.82e-06)
(2.6e-07 1.235e-06 1.82e-06)
(3.25e-07 1.235e-06 1.82e-06)
(3.899999999999999e-07 1.235e-06 1.82e-06)
(0 1.3e-06 1.82e-06)
(6.5e-08 1.3e-06 1.82e-06)
(1.3e-07 1.3e-06 1.82e-06)
(1.95e-07 1.3e-06 1.82e-06)
(2.6e-07 1.3e-06 1.82e-06)
(3.25e-07 1.3e-06 1.82e-06)
(3.899999999999999e-07 1.3e-06 1.82e-06)
(0 1.365e-06 1.82e-06)
(6.5e-08 1.365e-06 1.82e-06)
(1.3e-07 1.365e-06 1.82e-06)
(1.95e-07 1.365e-06 1.82e-06)
(2.6e-07 1.365e-06 1.82e-06)
(3.25e-07 1.365e-06 1.82e-06)
(3.899999999999999e-07 1.365e-06 1.82e-06)
(0 1.43e-06 1.82e-06)
(6.5e-08 1.43e-06 1.82e-06)
(1.3e-07 1.43e-06 1.82e-06)
(1.95e-07 1.43e-06 1.82e-06)
(2.6e-07 1.43e-06 1.82e-06)
(3.25e-07 1.43e-06 1.82e-06)
(3.900000000000001e-07 1.43e-06 1.82e-06)
(0 1.495e-06 1.82e-06)
(6.5e-08 1.495e-06 1.82e-06)
(1.3e-07 1.495e-06 1.82e-06)
(1.95e-07 1.495e-06 1.82e-06)
(2.6e-07 1.495e-06 1.82e-06)
(3.25e-07 1.495e-06 1.82e-06)
(3.899999999999999e-07 1.495e-06 1.82e-06)
(0 1.56e-06 1.82e-06)
(6.5e-08 1.56e-06 1.82e-06)
(1.3e-07 1.56e-06 1.82e-06)
(1.95e-07 1.56e-06 1.82e-06)
(2.6e-07 1.56e-06 1.82e-06)
(3.25e-07 1.56e-06 1.82e-06)
(3.900000000000001e-07 1.56e-06 1.82e-06)
(0 1.625e-06 1.82e-06)
(6.5e-08 1.625e-06 1.82e-06)
(1.3e-07 1.625e-06 1.82e-06)
(1.95e-07 1.625e-06 1.82e-06)
(2.6e-07 1.625e-06 1.82e-06)
(3.25e-07 1.625e-06 1.82e-06)
(3.899999999999999e-07 1.625e-06 1.82e-06)
(0 1.69e-06 1.82e-06)
(6.5e-08 1.69e-06 1.82e-06)
(1.3e-07 1.69e-06 1.82e-06)
(1.95e-07 1.69e-06 1.82e-06)
(2.6e-07 1.69e-06 1.82e-06)
(3.25e-07 1.69e-06 1.82e-06)
(3.900000000000001e-07 1.69e-06 1.82e-06)
(0 1.755e-06 1.82e-06)
(6.500000000000001e-08 1.755e-06 1.82e-06)
(1.3e-07 1.755e-06 1.82e-06)
(1.95e-07 1.755e-06 1.82e-06)
(2.600000000000001e-07 1.755e-06 1.82e-06)
(3.25e-07 1.755e-06 1.82e-06)
(0 1.82e-06 1.82e-06)
(6.5e-08 1.82e-06 1.82e-06)
(1.3e-07 1.82e-06 1.82e-06)
(1.95e-07 1.82e-06 1.82e-06)
(2.6e-07 1.82e-06 1.82e-06)
(3.25e-07 1.82e-06 1.82e-06)
(0 1.885e-06 1.82e-06)
(6.5e-08 1.885e-06 1.82e-06)
(1.3e-07 1.885e-06 1.82e-06)
(0 2.275e-06 1.82e-06)
(6.5e-08 2.275e-06 1.82e-06)
(0 2.34e-06 1.82e-06)
(6.499999999999999e-08 2.34e-06 1.82e-06)
(1.3e-07 2.34e-06 1.82e-06)
(0 2.405e-06 1.82e-06)
(6.5e-08 2.405e-06 1.82e-06)
(1.3e-07 2.405e-06 1.82e-06)
(0 2.47e-06 1.82e-06)
(6.5e-08 2.47e-06 1.82e-06)
(1.3e-07 2.47e-06 1.82e-06)
(0 2.535e-06 1.82e-06)
(6.5e-08 2.535e-06 1.82e-06)
(1.3e-07 2.535e-06 1.82e-06)
(0 2.6e-06 1.82e-06)
(6.5e-08 2.6e-06 1.82e-06)
(1.3e-07 2.6e-06 1.82e-06)
(0 9.75e-07 1.885e-06)
(6.5e-08 9.75e-07 1.885e-06)
(1.3e-07 9.75e-07 1.885e-06)
(1.95e-07 9.75e-07 1.885e-06)
(2.6e-07 9.75e-07 1.885e-06)
(3.25e-07 9.75e-07 1.885e-06)
(0 1.04e-06 1.885e-06)
(6.5e-08 1.04e-06 1.885e-06)
(1.3e-07 1.04e-06 1.885e-06)
(1.95e-07 1.04e-06 1.885e-06)
(2.6e-07 1.04e-06 1.885e-06)
(3.25e-07 1.04e-06 1.885e-06)
(0 1.105e-06 1.885e-06)
(6.5e-08 1.105e-06 1.885e-06)
(1.3e-07 1.105e-06 1.885e-06)
(1.95e-07 1.105e-06 1.885e-06)
(2.6e-07 1.105e-06 1.885e-06)
(3.25e-07 1.105e-06 1.885e-06)
(3.899999999999999e-07 1.105e-06 1.885e-06)
(0 1.17e-06 1.885e-06)
(6.5e-08 1.17e-06 1.885e-06)
(1.3e-07 1.17e-06 1.885e-06)
(1.95e-07 1.17e-06 1.885e-06)
(2.6e-07 1.17e-06 1.885e-06)
(3.25e-07 1.17e-06 1.885e-06)
(3.899999999999999e-07 1.17e-06 1.885e-06)
(0 1.235e-06 1.885e-06)
(6.5e-08 1.235e-06 1.885e-06)
(1.3e-07 1.235e-06 1.885e-06)
(1.95e-07 1.235e-06 1.885e-06)
(2.6e-07 1.235e-06 1.885e-06)
(3.25e-07 1.235e-06 1.885e-06)
(3.899999999999999e-07 1.235e-06 1.885e-06)
(0 1.3e-06 1.885e-06)
(6.5e-08 1.3e-06 1.885e-06)
(1.3e-07 1.3e-06 1.885e-06)
(1.95e-07 1.3e-06 1.885e-06)
(2.6e-07 1.3e-06 1.885e-06)
(3.25e-07 1.3e-06 1.885e-06)
(3.899999999999999e-07 1.3e-06 1.885e-06)
(0 1.365e-06 1.885e-06)
(6.5e-08 1.365e-06 1.885e-06)
(1.3e-07 1.365e-06 1.885e-06)
(1.95e-07 1.365e-06 1.885e-06)
(2.6e-07 1.365e-06 1.885e-06)
(3.25e-07 1.364999999999999e-06 1.885e-06)
(3.899999999999999e-07 1.365e-06 1.885e-06)
(0 1.43e-06 1.885e-06)
(6.5e-08 1.43e-06 1.885e-06)
(1.3e-07 1.43e-06 1.885e-06)
(1.95e-07 1.43e-06 1.885e-06)
(2.6e-07 1.43e-06 1.885e-06)
(3.25e-07 1.43e-06 1.885e-06)
(3.899999999999999e-07 1.43e-06 1.885e-06)
(0 1.495e-06 1.885e-06)
(6.5e-08 1.495e-06 1.885e-06)
(1.3e-07 1.495e-06 1.885e-06)
(1.95e-07 1.495e-06 1.885e-06)
(2.6e-07 1.495e-06 1.885e-06)
(3.25e-07 1.495e-06 1.885e-06)
(3.899999999999999e-07 1.495e-06 1.885e-06)
(0 1.56e-06 1.885e-06)
(6.5e-08 1.56e-06 1.885e-06)
(1.3e-07 1.56e-06 1.885e-06)
(1.95e-07 1.56e-06 1.885e-06)
(2.6e-07 1.56e-06 1.885e-06)
(3.25e-07 1.56e-06 1.885e-06)
(3.900000000000001e-07 1.56e-06 1.885e-06)
(0 1.625e-06 1.885e-06)
(6.5e-08 1.625e-06 1.885e-06)
(1.3e-07 1.625e-06 1.885e-06)
(1.95e-07 1.625e-06 1.885e-06)
(2.6e-07 1.625e-06 1.885e-06)
(3.25e-07 1.625e-06 1.885e-06)
(3.899999999999999e-07 1.625e-06 1.885e-06)
(0 1.69e-06 1.885e-06)
(6.5e-08 1.69e-06 1.885e-06)
(1.3e-07 1.69e-06 1.885e-06)
(1.95e-07 1.69e-06 1.885e-06)
(2.6e-07 1.69e-06 1.885e-06)
(3.25e-07 1.69e-06 1.885e-06)
(3.900000000000001e-07 1.69e-06 1.885e-06)
(0 1.755e-06 1.885e-06)
(6.500000000000001e-08 1.755e-06 1.885e-06)
(1.3e-07 1.755e-06 1.885e-06)
(1.95e-07 1.755e-06 1.885e-06)
(2.600000000000001e-07 1.755e-06 1.885e-06)
(3.25e-07 1.755e-06 1.885e-06)
(0 1.82e-06 1.885e-06)
(6.5e-08 1.82e-06 1.885e-06)
(1.3e-07 1.82e-06 1.885e-06)
(1.95e-07 1.82e-06 1.885e-06)
(2.6e-07 1.82e-06 1.885e-06)
(3.25e-07 1.82e-06 1.885e-06)
(0 1.885e-06 1.885e-06)
(6.5e-08 1.885e-06 1.885e-06)
(1.3e-07 1.885e-06 1.885e-06)
(0 2.275e-06 1.885e-06)
(6.5e-08 2.275e-06 1.885e-06)
(0 2.34e-06 1.885e-06)
(6.5e-08 2.34e-06 1.885e-06)
(0 2.405e-06 1.885e-06)
(6.5e-08 2.405e-06 1.885e-06)
(1.3e-07 2.405e-06 1.885e-06)
(0 2.47e-06 1.885e-06)
(6.5e-08 2.47e-06 1.885e-06)
(1.3e-07 2.47e-06 1.885e-06)
(0 2.535e-06 1.885e-06)
(6.5e-08 2.535e-06 1.885e-06)
(1.3e-07 2.535e-06 1.885e-06)
(0 2.6e-06 1.885e-06)
(6.5e-08 2.6e-06 1.885e-06)
(1.3e-07 2.6e-06 1.885e-06)
(0 9.75e-07 1.95e-06)
(6.5e-08 9.75e-07 1.95e-06)
(1.3e-07 9.75e-07 1.95e-06)
(1.95e-07 9.75e-07 1.95e-06)
(0 1.04e-06 1.95e-06)
(6.5e-08 1.04e-06 1.95e-06)
(1.3e-07 1.04e-06 1.95e-06)
(1.95e-07 1.04e-06 1.95e-06)
(2.6e-07 1.04e-06 1.95e-06)
(0 1.105e-06 1.95e-06)
(6.5e-08 1.105e-06 1.95e-06)
(1.3e-07 1.105e-06 1.95e-06)
(1.95e-07 1.105e-06 1.95e-06)
(2.6e-07 1.105e-06 1.95e-06)
(3.25e-07 1.105e-06 1.95e-06)
(0 1.17e-06 1.95e-06)
(6.5e-08 1.17e-06 1.95e-06)
(1.3e-07 1.17e-06 1.95e-06)
(1.95e-07 1.17e-06 1.95e-06)
(2.6e-07 1.17e-06 1.95e-06)
(3.25e-07 1.17e-06 1.95e-06)
(0 1.235e-06 1.95e-06)
(6.5e-08 1.235e-06 1.95e-06)
(1.3e-07 1.235e-06 1.95e-06)
(1.95e-07 1.235e-06 1.95e-06)
(2.6e-07 1.235e-06 1.95e-06)
(3.25e-07 1.235e-06 1.95e-06)
(0 1.3e-06 1.95e-06)
(6.5e-08 1.3e-06 1.95e-06)
(1.3e-07 1.3e-06 1.95e-06)
(1.95e-07 1.3e-06 1.95e-06)
(2.6e-07 1.3e-06 1.95e-06)
(3.25e-07 1.3e-06 1.95e-06)
(0 1.365e-06 1.95e-06)
(6.5e-08 1.365e-06 1.95e-06)
(1.3e-07 1.365e-06 1.95e-06)
(1.95e-07 1.365e-06 1.95e-06)
(2.6e-07 1.365e-06 1.95e-06)
(3.25e-07 1.365e-06 1.95e-06)
(0 1.43e-06 1.95e-06)
(6.5e-08 1.43e-06 1.95e-06)
(1.3e-07 1.43e-06 1.95e-06)
(1.95e-07 1.43e-06 1.95e-06)
(2.6e-07 1.43e-06 1.95e-06)
(3.25e-07 1.43e-06 1.95e-06)
(0 1.495e-06 1.95e-06)
(6.5e-08 1.495e-06 1.95e-06)
(1.3e-07 1.495e-06 1.95e-06)
(1.95e-07 1.495e-06 1.95e-06)
(2.6e-07 1.495e-06 1.95e-06)
(3.25e-07 1.495e-06 1.95e-06)
(0 1.56e-06 1.95e-06)
(6.5e-08 1.56e-06 1.95e-06)
(1.3e-07 1.56e-06 1.95e-06)
(1.95e-07 1.56e-06 1.95e-06)
(2.6e-07 1.56e-06 1.95e-06)
(3.25e-07 1.56e-06 1.95e-06)
(3.900000000000001e-07 1.56e-06 1.95e-06)
(0 1.625e-06 1.95e-06)
(6.5e-08 1.625e-06 1.95e-06)
(1.3e-07 1.625e-06 1.95e-06)
(1.95e-07 1.625e-06 1.95e-06)
(2.6e-07 1.625e-06 1.95e-06)
(3.25e-07 1.625e-06 1.95e-06)
(3.899999999999999e-07 1.625e-06 1.95e-06)
(0 1.69e-06 1.95e-06)
(6.5e-08 1.69e-06 1.95e-06)
(1.3e-07 1.69e-06 1.95e-06)
(1.95e-07 1.69e-06 1.95e-06)
(2.6e-07 1.69e-06 1.95e-06)
(3.25e-07 1.69e-06 1.95e-06)
(3.900000000000001e-07 1.69e-06 1.95e-06)
(0 1.755e-06 1.95e-06)
(6.500000000000001e-08 1.755e-06 1.95e-06)
(1.3e-07 1.755e-06 1.95e-06)
(1.95e-07 1.755e-06 1.95e-06)
(2.600000000000001e-07 1.755e-06 1.95e-06)
(3.25e-07 1.755e-06 1.95e-06)
(0 1.82e-06 1.95e-06)
(6.5e-08 1.82e-06 1.95e-06)
(1.3e-07 1.82e-06 1.95e-06)
(1.95e-07 1.82e-06 1.95e-06)
(2.6e-07 1.82e-06 1.95e-06)
(0 1.885e-06 1.95e-06)
(6.5e-08 1.885e-06 1.95e-06)
(1.3e-07 1.885e-06 1.95e-06)
(0 1.95e-06 1.95e-06)
(6.5e-08 1.95e-06 1.95e-06)
(0 2.015e-06 1.95e-06)
(6.5e-08 2.015e-06 1.95e-06)
(1.3e-07 2.015e-06 1.95e-06)
(0 2.08e-06 1.95e-06)
(6.5e-08 2.08e-06 1.95e-06)
(1.3e-07 2.08e-06 1.95e-06)
(0 2.145e-06 1.95e-06)
(6.5e-08 2.145e-06 1.95e-06)
(1.3e-07 2.145e-06 1.95e-06)
(1.95e-07 2.145e-06 1.95e-06)
(0 2.21e-06 1.95e-06)
(6.5e-08 2.21e-06 1.95e-06)
(1.3e-07 2.21e-06 1.95e-06)
(1.95e-07 2.21e-06 1.95e-06)
(0 2.275e-06 1.95e-06)
(6.5e-08 2.275e-06 1.95e-06)
(1.3e-07 2.275e-06 1.95e-06)
(0 2.34e-06 1.95e-06)
(6.5e-08 2.34e-06 1.95e-06)
(1.3e-07 2.34e-06 1.95e-06)
(0 2.405e-06 1.95e-06)
(6.5e-08 2.405e-06 1.95e-06)
(0 2.47e-06 1.95e-06)
(6.5e-08 2.47e-06 1.95e-06)
(0 2.535e-06 1.95e-06)
(6.5e-08 2.535e-06 1.95e-06)
(0 2.6e-06 1.95e-06)
(6.5e-08 2.6e-06 1.95e-06)
(0 1.105e-06 2.015e-06)
(6.5e-08 1.105e-06 2.015e-06)
(1.3e-07 1.105e-06 2.015e-06)
(0 1.17e-06 2.015e-06)
(6.5e-08 1.17e-06 2.015e-06)
(1.3e-07 1.17e-06 2.015000000000001e-06)
(0 1.235e-06 2.015e-06)
(6.5e-08 1.235e-06 2.015e-06)
(1.3e-07 1.235e-06 2.015e-06)
(0 1.3e-06 2.015e-06)
(6.5e-08 1.3e-06 2.015e-06)
(1.3e-07 1.3e-06 2.015e-06)
(1.95e-07 1.3e-06 2.015e-06)
(0 1.365e-06 2.015e-06)
(6.5e-08 1.365e-06 2.015e-06)
(1.3e-07 1.365e-06 2.015e-06)
(1.95e-07 1.365e-06 2.015e-06)
(2.6e-07 1.365e-06 2.015e-06)
(0 1.43e-06 2.015e-06)
(6.5e-08 1.43e-06 2.015e-06)
(1.3e-07 1.43e-06 2.015e-06)
(1.95e-07 1.43e-06 2.015e-06)
(2.6e-07 1.43e-06 2.015e-06)
(0 1.495e-06 2.015e-06)
(6.5e-08 1.495e-06 2.015e-06)
(1.3e-07 1.495e-06 2.015e-06)
(1.95e-07 1.495e-06 2.015e-06)
(2.6e-07 1.495e-06 2.015e-06)
(0 1.56e-06 2.015e-06)
(6.5e-08 1.56e-06 2.015e-06)
(1.3e-07 1.56e-06 2.015e-06)
(1.95e-07 1.56e-06 2.015e-06)
(2.6e-07 1.56e-06 2.015e-06)
(3.25e-07 1.56e-06 2.015e-06)
(0 1.625e-06 2.015e-06)
(6.5e-08 1.625e-06 2.015e-06)
(1.3e-07 1.625e-06 2.015e-06)
(1.95e-07 1.625e-06 2.015e-06)
(2.6e-07 1.625e-06 2.015e-06)
(3.25e-07 1.625e-06 2.015e-06)
(0 1.69e-06 2.015e-06)
(6.5e-08 1.69e-06 2.015e-06)
(1.3e-07 1.69e-06 2.015e-06)
(1.95e-07 1.69e-06 2.015e-06)
(2.6e-07 1.69e-06 2.015e-06)
(3.250000000000001e-07 1.69e-06 2.015e-06)
(0 1.755e-06 2.015e-06)
(6.500000000000001e-08 1.755e-06 2.015e-06)
(1.3e-07 1.755e-06 2.015e-06)
(1.95e-07 1.755e-06 2.015e-06)
(2.600000000000001e-07 1.755e-06 2.015e-06)
(0 1.82e-06 2.015e-06)
(6.5e-08 1.82e-06 2.015e-06)
(1.3e-07 1.82e-06 2.015e-06)
(1.95e-07 1.82e-06 2.015e-06)
(2.6e-07 1.82e-06 2.015e-06)
(0 1.885e-06 2.015e-06)
(6.5e-08 1.885e-06 2.015e-06)
(1.3e-07 1.885e-06 2.015e-06)
(0 1.95e-06 2.015e-06)
(6.5e-08 1.95e-06 2.015e-06)
(1.3e-07 1.95e-06 2.015e-06)
(1.95e-07 1.95e-06 2.015e-06)
(0 2.015e-06 2.015e-06)
(6.5e-08 2.015e-06 2.015e-06)
(1.3e-07 2.015e-06 2.015e-06)
(1.95e-07 2.015e-06 2.015e-06)
(0 2.08e-06 2.015e-06)
(6.5e-08 2.08e-06 2.015e-06)
(1.3e-07 2.08e-06 2.015e-06)
(1.95e-07 2.08e-06 2.015e-06)
(2.6e-07 2.08e-06 2.015e-06)
(0 2.145e-06 2.015e-06)
(6.5e-08 2.145e-06 2.015e-06)
(1.3e-07 2.145e-06 2.015000000000001e-06)
(1.95e-07 2.145e-06 2.015e-06)
(2.6e-07 2.145e-06 2.015e-06)
(3.25e-07 2.145e-06 2.015e-06)
(0 2.21e-06 2.015e-06)
(6.5e-08 2.21e-06 2.015e-06)
(1.3e-07 2.21e-06 2.015e-06)
(1.95e-07 2.21e-06 2.015e-06)
(2.6e-07 2.21e-06 2.015e-06)
(3.25e-07 2.21e-06 2.015e-06)
(0 2.275e-06 2.015e-06)
(6.5e-08 2.275e-06 2.015e-06)
(1.3e-07 2.275e-06 2.015e-06)
(1.95e-07 2.275e-06 2.015e-06)
(2.6e-07 2.275e-06 2.015e-06)
(3.25e-07 2.275e-06 2.015e-06)
(0 2.34e-06 2.015e-06)
(6.5e-08 2.34e-06 2.015e-06)
(1.3e-07 2.34e-06 2.015e-06)
(1.95e-07 2.34e-06 2.015e-06)
(2.6e-07 2.34e-06 2.015e-06)
(3.250000000000001e-07 2.34e-06 2.015e-06)
(0 2.405e-06 2.015e-06)
(6.5e-08 2.405e-06 2.015e-06)
(1.3e-07 2.405e-06 2.015e-06)
(0 1.625e-06 2.08e-06)
(6.5e-08 1.625e-06 2.08e-06)
(0 1.69e-06 2.08e-06)
(6.5e-08 1.69e-06 2.08e-06)
(1.3e-07 1.69e-06 2.08e-06)
(0 1.755e-06 2.08e-06)
(6.500000000000001e-08 1.755e-06 2.08e-06)
(1.3e-07 1.755e-06 2.08e-06)
(0 1.82e-06 2.08e-06)
(6.5e-08 1.82e-06 2.08e-06)
(1.3e-07 1.82e-06 2.08e-06)
(0 1.885e-06 2.08e-06)
(6.5e-08 1.885e-06 2.08e-06)
(1.3e-07 1.885e-06 2.08e-06)
(0 1.95e-06 2.08e-06)
(6.5e-08 1.95e-06 2.08e-06)
(1.3e-07 1.95e-06 2.08e-06)
(1.95e-07 1.95e-06 2.08e-06)
(0 2.015e-06 2.08e-06)
(6.5e-08 2.015e-06 2.08e-06)
(1.3e-07 2.015e-06 2.08e-06)
(1.95e-07 2.015e-06 2.08e-06)
(0 2.08e-06 2.08e-06)
(6.5e-08 2.08e-06 2.08e-06)
(1.3e-07 2.08e-06 2.08e-06)
(1.95e-07 2.08e-06 2.08e-06)
(2.6e-07 2.08e-06 2.08e-06)
(0 2.145e-06 2.08e-06)
(6.5e-08 2.144999999999999e-06 2.08e-06)
(1.3e-07 2.145e-06 2.08e-06)
(1.95e-07 2.145e-06 2.08e-06)
(2.6e-07 2.144999999999999e-06 2.08e-06)
(3.25e-07 2.145e-06 2.08e-06)
(0 2.21e-06 2.08e-06)
(6.5e-08 2.21e-06 2.08e-06)
(1.3e-07 2.21e-06 2.08e-06)
(1.95e-07 2.21e-06 2.08e-06)
(2.6e-07 2.21e-06 2.08e-06)
(3.25e-07 2.21e-06 2.08e-06)
(3.900000000000001e-07 2.21e-06 2.08e-06)
(0 2.275e-06 2.08e-06)
(6.5e-08 2.275e-06 2.08e-06)
(1.3e-07 2.275e-06 2.08e-06)
(1.95e-07 2.275e-06 2.08e-06)
(2.6e-07 2.275e-06 2.08e-06)
(3.25e-07 2.275e-06 2.08e-06)
(3.900000000000001e-07 2.275e-06 2.08e-06)
(0 2.34e-06 2.08e-06)
(6.5e-08 2.339999999999999e-06 2.08e-06)
(1.3e-07 2.34e-06 2.08e-06)
(1.95e-07 2.34e-06 2.08e-06)
(2.6e-07 2.34e-06 2.08e-06)
(3.25e-07 2.34e-06 2.08e-06)
(3.900000000000001e-07 2.34e-06 2.08e-06)
(0 2.405e-06 2.08e-06)
(6.5e-08 2.405e-06 2.08e-06)
(1.3e-07 2.405e-06 2.08e-06)
(1.95e-07 2.405e-06 2.08e-06)
(2.6e-07 2.405e-06 2.08e-06)
(0 1.755e-06 2.145e-06)
(6.500000000000001e-08 1.755e-06 2.145e-06)
(0 1.82e-06 2.145e-06)
(6.5e-08 1.82e-06 2.145e-06)
(1.3e-07 1.82e-06 2.145e-06)
(0 1.885e-06 2.145e-06)
(6.5e-08 1.885e-06 2.145e-06)
(1.3e-07 1.885e-06 2.145e-06)
(0 1.95e-06 2.145e-06)
(6.5e-08 1.95e-06 2.145e-06)
(1.3e-07 1.95e-06 2.145e-06)
(1.95e-07 1.95e-06 2.145e-06)
(0 2.015e-06 2.145e-06)
(6.5e-08 2.015e-06 2.145e-06)
(1.3e-07 2.015e-06 2.145e-06)
(1.95e-07 2.015e-06 2.145e-06)
(0 2.08e-06 2.145e-06)
(6.5e-08 2.08e-06 2.145e-06)
(1.3e-07 2.08e-06 2.145e-06)
(1.95e-07 2.08e-06 2.145e-06)
(2.6e-07 2.08e-06 2.145000000000001e-06)
(0 2.145e-06 2.145e-06)
(6.5e-08 2.145e-06 2.145e-06)
(1.3e-07 2.145e-06 2.145e-06)
(1.95e-07 2.145e-06 2.145e-06)
(2.6e-07 2.144999999999999e-06 2.145e-06)
(3.25e-07 2.145e-06 2.144999999999999e-06)
(0 2.21e-06 2.145e-06)
(6.5e-08 2.21e-06 2.145e-06)
(1.3e-07 2.21e-06 2.145e-06)
(1.95e-07 2.21e-06 2.145e-06)
(2.6e-07 2.21e-06 2.145e-06)
(3.25e-07 2.21e-06 2.145e-06)
(3.900000000000001e-07 2.21e-06 2.145e-06)
(0 2.275e-06 2.145e-06)
(6.5e-08 2.275e-06 2.145e-06)
(1.3e-07 2.275e-06 2.145e-06)
(1.95e-07 2.275e-06 2.145e-06)
(2.6e-07 2.275e-06 2.145e-06)
(3.25e-07 2.275e-06 2.145e-06)
(3.900000000000001e-07 2.275e-06 2.145e-06)
(0 2.34e-06 2.145e-06)
(6.5e-08 2.34e-06 2.145e-06)
(1.3e-07 2.34e-06 2.145e-06)
(1.95e-07 2.34e-06 2.145e-06)
(2.6e-07 2.34e-06 2.145e-06)
(3.25e-07 2.34e-06 2.145e-06)
(3.900000000000001e-07 2.34e-06 2.145e-06)
(0 2.405e-06 2.145e-06)
(6.5e-08 2.405e-06 2.145e-06)
(1.3e-07 2.405e-06 2.145e-06)
(1.95e-07 2.405e-06 2.145e-06)
(2.6e-07 2.405e-06 2.145e-06)
(3.25e-07 2.405e-06 2.145e-06)
(1.3e-07 2.47e-06 2.145e-06)
(1.95e-07 2.47e-06 2.145e-06)
(0 1.885e-06 2.21e-06)
(6.5e-08 1.885e-06 2.21e-06)
(0 1.95e-06 2.21e-06)
(6.5e-08 1.95e-06 2.21e-06)
(1.3e-07 1.95e-06 2.21e-06)
(0 2.015e-06 2.21e-06)
(6.5e-08 2.015e-06 2.21e-06)
(1.3e-07 2.015e-06 2.21e-06)
(1.95e-07 2.015000000000001e-06 2.21e-06)
(0 2.08e-06 2.21e-06)
(6.5e-08 2.08e-06 2.21e-06)
(1.3e-07 2.08e-06 2.21e-06)
(1.95e-07 2.08e-06 2.21e-06)
(2.6e-07 2.08e-06 2.21e-06)
(0 2.145e-06 2.21e-06)
(6.5e-08 2.145e-06 2.21e-06)
(1.3e-07 2.145e-06 2.21e-06)
(1.95e-07 2.145e-06 2.21e-06)
(2.6e-07 2.145e-06 2.21e-06)
(3.25e-07 2.145e-06 2.21e-06)
(0 2.21e-06 2.21e-06)
(6.5e-08 2.21e-06 2.21e-06)
(1.3e-07 2.21e-06 2.21e-06)
(1.95e-07 2.21e-06 2.21e-06)
(2.6e-07 2.21e-06 2.21e-06)
(3.25e-07 2.21e-06 2.21e-06)
(3.899999999999999e-07 2.21e-06 2.21e-06)
(0 2.275e-06 2.21e-06)
(6.5e-08 2.275e-06 2.21e-06)
(1.3e-07 2.275e-06 2.21e-06)
(1.95e-07 2.275e-06 2.21e-06)
(2.6e-07 2.275e-06 2.21e-06)
(3.25e-07 2.275e-06 2.21e-06)
(3.900000000000001e-07 2.275e-06 2.21e-06)
(0 2.34e-06 2.21e-06)
(6.5e-08 2.34e-06 2.21e-06)
(1.3e-07 2.34e-06 2.21e-06)
(1.95e-07 2.34e-06 2.21e-06)
(2.6e-07 2.34e-06 2.21e-06)
(3.25e-07 2.34e-06 2.21e-06)
(0 2.405e-06 2.21e-06)
(6.5e-08 2.405e-06 2.21e-06)
(1.3e-07 2.405e-06 2.21e-06)
(1.95e-07 2.405e-06 2.21e-06)
(2.6e-07 2.405e-06 2.21e-06)
(3.25e-07 2.405e-06 2.21e-06)
(1.3e-07 2.47e-06 2.21e-06)
(1.95e-07 2.47e-06 2.21e-06)
(0 2.015e-06 2.275e-06)
(6.5e-08 2.015e-06 2.275e-06)
(0 2.08e-06 2.275e-06)
(6.5e-08 2.08e-06 2.275e-06)
(1.3e-07 2.08e-06 2.275e-06)
(0 2.145e-06 2.275e-06)
(6.5e-08 2.145e-06 2.275e-06)
(1.3e-07 2.145e-06 2.275e-06)
(1.95e-07 2.145e-06 2.275e-06)
(0 2.21e-06 2.275e-06)
(6.5e-08 2.21e-06 2.275e-06)
(1.3e-07 2.21e-06 2.275e-06)
(1.95e-07 2.21e-06 2.275e-06)
(2.6e-07 2.21e-06 2.275e-06)
(0 2.275e-06 2.275e-06)
(6.5e-08 2.275e-06 2.275e-06)
(1.3e-07 2.275e-06 2.275e-06)
(1.95e-07 2.275e-06 2.275e-06)
(2.6e-07 2.275e-06 2.275e-06)
(0 2.34e-06 2.275e-06)
(6.5e-08 2.34e-06 2.275e-06)
(1.3e-07 2.34e-06 2.275e-06)
(1.95e-07 2.34e-06 2.275e-06)
(2.6e-07 2.34e-06 2.275e-06)
(0 2.405e-06 2.275e-06)
(6.5e-08 2.405e-06 2.275e-06)
(1.3e-07 2.405e-06 2.275e-06)
(1.95e-07 2.405e-06 2.275e-06)
(2.6e-07 2.405e-06 2.275e-06)
)


// ************************************************************************* //
