/*--------------------------------*- C++ -*----------------------------------*\
  =========                 |
  \\      /  F ield         | OpenFOAM: The Open Source CFD Toolbox
   \\    /   O peration     | Website:  https://openfoam.org
    \\  /    A nd           | Version:  6
     \\/     M anipulation  |
\*---------------------------------------------------------------------------*/
FoamFile
{
    version     2.0;
    format      ascii;
    class       faceList;
    location    "constant/region19/polyMesh";
    object      faces;
}
// * * * * * * * * * * * * * * * * * * * * * * * * * * * * * * * * * * * * * //


80
(
4(1 7 36 30)
4(2 8 37 31)
4(3 9 38 32)
4(4 10 39 33)
4(9 38 39 10)
4(10 39 40 11)
4(33 34 40 39)
4(10 14 43 39)
4(11 15 44 40)
4(15 44 45 16)
4(40 41 45 44)
4(17 46 47 18)
4(18 21 50 47)
4(21 50 51 22)
4(23 52 53 24)
4(24 27 56 53)
4(26 55 56 27)
4(27 56 57 28)
4(0 6 7 1)
4(1 7 8 2)
4(2 8 9 3)
4(3 9 10 4)
4(9 13 14 10)
4(4 10 11 5)
4(10 14 15 11)
4(11 15 16 12)
4(15 17 18 16)
4(17 20 21 18)
4(18 21 22 19)
4(21 23 24 22)
4(23 26 27 24)
4(24 27 28 25)
4(6 35 36 7)
4(29 30 36 35)
4(7 36 37 8)
4(30 31 37 36)
4(8 37 38 9)
4(31 32 38 37)
4(32 33 39 38)
4(9 38 42 13)
4(13 42 43 14)
4(38 39 43 42)
4(14 43 44 15)
4(39 40 44 43)
4(15 44 46 17)
4(44 45 47 46)
4(17 46 49 20)
4(20 49 50 21)
4(46 47 50 49)
4(47 48 51 50)
4(21 50 52 23)
4(50 51 53 52)
4(23 52 55 26)
4(52 53 56 55)
4(53 54 57 56)
4(33 58 60 39)
4(39 60 61 40)
4(58 59 61 60)
4(40 61 63 44)
4(44 63 64 45)
4(61 62 64 63)
4(0 1 30 29)
4(1 2 31 30)
4(2 3 32 31)
4(3 4 33 32)
4(4 5 34 33)
4(0 29 35 6)
4(5 11 40 34)
4(11 12 41 40)
4(12 16 45 41)
4(16 18 47 45)
4(18 19 48 47)
4(19 22 51 48)
4(22 24 53 51)
4(24 25 54 53)
4(25 28 57 54)
4(33 34 59 58)
4(34 40 61 59)
4(40 41 62 61)
4(41 45 64 62)
)


// ************************************************************************* //
