/*--------------------------------*- C++ -*----------------------------------*\
  =========                 |
  \\      /  F ield         | OpenFOAM: The Open Source CFD Toolbox
   \\    /   O peration     | Website:  https://openfoam.org
    \\  /    A nd           | Version:  6
     \\/     M anipulation  |
\*---------------------------------------------------------------------------*/
FoamFile
{
    version     2.0;
    format      ascii;
    class       vectorField;
    location    "constant/region19/polyMesh";
    object      points;
}
// * * * * * * * * * * * * * * * * * * * * * * * * * * * * * * * * * * * * * //


65
(
(1.495e-06 3.769999999999999e-06 0)
(1.56e-06 3.770000000000001e-06 0)
(1.625e-06 3.769999999999999e-06 0)
(1.69e-06 3.769999999999999e-06 0)
(1.755e-06 3.77e-06 0)
(1.82e-06 3.77e-06 0)
(1.495e-06 3.835e-06 0)
(1.56e-06 3.835e-06 0)
(1.625e-06 3.835e-06 0)
(1.69e-06 3.835e-06 0)
(1.755e-06 3.835000000000001e-06 0)
(1.82e-06 3.835e-06 0)
(1.885e-06 3.835000000000001e-06 0)
(1.69e-06 3.9e-06 0)
(1.755e-06 3.9e-06 0)
(1.82e-06 3.9e-06 0)
(1.885e-06 3.9e-06 0)
(1.82e-06 3.964999999999999e-06 0)
(1.885e-06 3.964999999999999e-06 0)
(1.95e-06 3.964999999999999e-06 0)
(1.82e-06 4.03e-06 0)
(1.885e-06 4.03e-06 0)
(1.95e-06 4.03e-06 0)
(1.885e-06 4.095e-06 0)
(1.95e-06 4.095e-06 0)
(2.015e-06 4.095e-06 0)
(1.885e-06 4.16e-06 0)
(1.95e-06 4.16e-06 0)
(2.015e-06 4.16e-06 0)
(1.495e-06 3.769999999999999e-06 6.5e-08)
(1.56e-06 3.769999999999999e-06 6.5e-08)
(1.625e-06 3.769999999999999e-06 6.5e-08)
(1.69e-06 3.77e-06 6.5e-08)
(1.755e-06 3.77e-06 6.499999999999999e-08)
(1.82e-06 3.770000000000001e-06 6.5e-08)
(1.495e-06 3.835000000000001e-06 6.500000000000001e-08)
(1.56e-06 3.835000000000001e-06 6.499999999999999e-08)
(1.625e-06 3.835e-06 6.5e-08)
(1.69e-06 3.835000000000001e-06 6.500000000000001e-08)
(1.755e-06 3.835e-06 6.499999999999999e-08)
(1.82e-06 3.835000000000001e-06 6.5e-08)
(1.885e-06 3.835e-06 6.5e-08)
(1.69e-06 3.9e-06 6.5e-08)
(1.755e-06 3.9e-06 6.5e-08)
(1.82e-06 3.9e-06 6.5e-08)
(1.885e-06 3.9e-06 6.5e-08)
(1.82e-06 3.965e-06 6.5e-08)
(1.885e-06 3.965e-06 6.5e-08)
(1.95e-06 3.965000000000001e-06 6.5e-08)
(1.82e-06 4.03e-06 6.5e-08)
(1.885e-06 4.030000000000001e-06 6.5e-08)
(1.95e-06 4.03e-06 6.499999999999999e-08)
(1.885e-06 4.095e-06 6.5e-08)
(1.95e-06 4.095000000000001e-06 6.500000000000001e-08)
(2.015e-06 4.095000000000001e-06 6.5e-08)
(1.885e-06 4.16e-06 6.5e-08)
(1.95e-06 4.160000000000001e-06 6.5e-08)
(2.015e-06 4.16e-06 6.5e-08)
(1.755e-06 3.77e-06 1.3e-07)
(1.82e-06 3.769999999999999e-06 1.3e-07)
(1.755e-06 3.835000000000001e-06 1.3e-07)
(1.82e-06 3.835e-06 1.3e-07)
(1.885e-06 3.835000000000001e-06 1.3e-07)
(1.82e-06 3.9e-06 1.3e-07)
(1.885e-06 3.9e-06 1.3e-07)
)


// ************************************************************************* //
