/*--------------------------------*- C++ -*----------------------------------*\
  =========                 |
  \\      /  F ield         | OpenFOAM: The Open Source CFD Toolbox
   \\    /   O peration     | Website:  https://openfoam.org
    \\  /    A nd           | Version:  6
     \\/     M anipulation  |
\*---------------------------------------------------------------------------*/
FoamFile
{
    version     2.0;
    format      ascii;
    class       faceList;
    location    "constant/region369/polyMesh";
    object      faces;
}
// * * * * * * * * * * * * * * * * * * * * * * * * * * * * * * * * * * * * * //


70
(
4(10 11 15 14)
4(13 14 18 17)
4(10 24 25 11)
4(20 21 25 24)
4(10 14 28 24)
4(13 27 28 14)
4(11 15 29 25)
4(14 28 29 15)
4(24 25 29 28)
4(25 26 30 29)
4(14 18 32 28)
4(27 28 32 31)
4(28 29 33 32)
4(21 25 38 35)
4(24 37 38 25)
4(25 38 39 26)
4(35 36 39 38)
4(25 29 42 38)
4(28 41 42 29)
4(28 32 45 41)
4(0 3 4 1)
4(2 5 6 3)
4(0 10 14 3)
4(2 3 14 13)
4(9 13 14 10)
4(3 14 15 4)
4(3 6 18 14)
4(14 18 19 15)
4(7 20 24 10)
4(9 10 24 23)
4(9 23 27 13)
4(23 24 28 27)
4(15 29 30 16)
4(15 19 33 29)
4(18 32 33 19)
4(20 21 35 34)
4(20 34 37 24)
4(34 35 38 37)
4(24 37 41 28)
4(27 28 41 40)
4(37 38 42 41)
4(26 30 43 39)
4(29 42 43 30)
4(38 39 43 42)
4(40 41 45 44)
4(29 33 46 42)
4(32 45 46 33)
4(41 42 46 45)
4(35 36 48 47)
4(35 47 49 38)
4(36 39 50 48)
4(38 49 50 39)
4(47 48 50 49)
4(0 1 11 10)
4(7 10 11 8)
4(1 4 15 11)
4(11 15 16 12)
4(2 13 17 5)
4(5 17 18 6)
4(7 8 21 20)
4(8 11 25 21)
4(11 12 26 25)
4(21 25 26 22)
4(12 16 30 26)
4(13 27 31 17)
4(17 31 32 18)
4(21 22 36 35)
4(22 26 39 36)
4(27 40 44 31)
4(31 44 45 32)
)


// ************************************************************************* //
