/*--------------------------------*- C++ -*----------------------------------*\
  =========                 |
  \\      /  F ield         | OpenFOAM: The Open Source CFD Toolbox
   \\    /   O peration     | Website:  https://openfoam.org
    \\  /    A nd           | Version:  6
     \\/     M anipulation  |
\*---------------------------------------------------------------------------*/
FoamFile
{
    version     2.0;
    format      ascii;
    class       faceList;
    location    "constant/region784/polyMesh";
    object      faces;
}
// * * * * * * * * * * * * * * * * * * * * * * * * * * * * * * * * * * * * * //


137
(
4(13 14 18 17)
4(5 22 23 6)
4(18 19 23 22)
4(22 23 28 27)
4(10 14 40 36)
4(13 39 40 14)
4(35 36 40 39)
4(14 40 41 15)
4(13 17 43 39)
4(38 39 43 42)
4(14 18 44 40)
4(17 43 44 18)
4(39 40 44 43)
4(18 44 45 19)
4(40 41 45 44)
4(18 22 48 44)
4(21 47 48 22)
4(43 44 48 47)
4(19 23 49 45)
4(22 48 49 23)
4(44 45 49 48)
4(23 49 50 24)
4(45 46 50 49)
4(22 27 53 48)
4(47 48 53 52)
4(23 28 54 49)
4(27 53 54 28)
4(48 49 54 53)
4(24 29 55 50)
4(28 54 55 29)
4(49 50 55 54)
4(50 51 56 55)
4(28 32 58 54)
4(53 54 58 57)
4(54 55 59 58)
4(35 39 65 62)
4(38 64 65 39)
4(39 65 66 40)
4(39 43 69 65)
4(40 44 70 66)
4(43 69 70 44)
4(44 70 71 45)
4(44 48 74 70)
4(47 73 74 48)
4(45 49 75 71)
4(48 74 75 49)
4(49 75 76 50)
4(48 53 79 74)
4(49 54 80 75)
4(53 79 80 54)
4(50 55 81 76)
4(54 80 81 55)
4(55 81 82 56)
4(54 58 84 80)
4(55 59 85 81)
4(0 2 3 1)
4(3 5 6 4)
4(5 7 8 6)
4(0 1 14 13)
4(9 13 14 10)
4(10 14 15 11)
4(0 13 17 2)
4(12 16 17 13)
4(2 17 18 3)
4(3 18 22 5)
4(17 21 22 18)
4(5 22 27 7)
4(21 26 27 22)
4(7 27 28 8)
4(27 31 32 28)
4(28 32 33 29)
4(9 10 36 35)
4(10 11 37 36)
4(9 35 39 13)
4(12 13 39 38)
4(34 38 39 35)
4(36 37 41 40)
4(12 38 42 16)
4(16 42 43 17)
4(15 19 45 41)
4(19 20 46 45)
4(17 43 47 21)
4(21 47 52 26)
4(26 52 53 27)
4(25 30 56 51)
4(29 55 56 30)
4(27 53 57 31)
4(31 57 58 32)
4(29 33 59 55)
4(32 58 59 33)
4(55 59 60 56)
4(34 35 62 61)
4(35 36 63 62)
4(34 61 64 38)
4(36 40 66 63)
4(40 41 67 66)
4(38 64 68 42)
4(42 68 69 43)
4(41 45 71 67)
4(45 46 72 71)
4(43 69 73 47)
4(46 50 76 72)
4(50 51 77 76)
4(47 73 78 52)
4(52 78 79 53)
4(51 56 82 77)
4(53 79 83 57)
4(57 83 84 58)
4(58 84 85 59)
4(56 60 86 82)
4(59 85 86 60)
4(1 3 18 14)
4(3 4 19 18)
4(14 18 19 15)
4(4 6 23 19)
4(19 23 24 20)
4(6 8 28 23)
4(23 28 29 24)
4(24 29 30 25)
4(11 15 41 37)
4(20 24 50 46)
4(24 25 51 50)
4(61 62 65 64)
4(62 63 66 65)
4(64 65 69 68)
4(65 66 70 69)
4(66 67 71 70)
4(69 70 74 73)
4(70 71 75 74)
4(71 72 76 75)
4(73 74 79 78)
4(74 75 80 79)
4(75 76 81 80)
4(76 77 82 81)
4(79 80 84 83)
4(80 81 85 84)
4(81 82 86 85)
)


// ************************************************************************* //
