/*--------------------------------*- C++ -*----------------------------------*\
  =========                 |
  \\      /  F ield         | OpenFOAM: The Open Source CFD Toolbox
   \\    /   O peration     | Website:  https://openfoam.org
    \\  /    A nd           | Version:  6
     \\/     M anipulation  |
\*---------------------------------------------------------------------------*/
FoamFile
{
    version     2.0;
    format      ascii;
    class       vectorField;
    location    "constant/region784/polyMesh";
    object      points;
}
// * * * * * * * * * * * * * * * * * * * * * * * * * * * * * * * * * * * * * //


87
(
(5.849999999999999e-07 1.365e-06 3.964999999999999e-06)
(6.5e-07 1.365e-06 3.964999999999999e-06)
(5.849999999999999e-07 1.43e-06 3.964999999999999e-06)
(6.5e-07 1.43e-06 3.965e-06)
(7.149999999999999e-07 1.43e-06 3.964999999999999e-06)
(6.5e-07 1.495e-06 3.964999999999999e-06)
(7.149999999999999e-07 1.495e-06 3.964999999999999e-06)
(6.5e-07 1.56e-06 3.964999999999999e-06)
(7.149999999999999e-07 1.56e-06 3.965e-06)
(5.85e-07 1.3e-06 4.03e-06)
(6.5e-07 1.3e-06 4.03e-06)
(7.150000000000001e-07 1.3e-06 4.03e-06)
(5.2e-07 1.365e-06 4.03e-06)
(5.849999999999999e-07 1.365e-06 4.03e-06)
(6.5e-07 1.365e-06 4.03e-06)
(7.150000000000001e-07 1.365e-06 4.03e-06)
(5.2e-07 1.43e-06 4.03e-06)
(5.849999999999999e-07 1.43e-06 4.030000000000001e-06)
(6.5e-07 1.43e-06 4.03e-06)
(7.149999999999999e-07 1.43e-06 4.03e-06)
(7.799999999999998e-07 1.43e-06 4.03e-06)
(5.849999999999999e-07 1.495e-06 4.03e-06)
(6.5e-07 1.495e-06 4.03e-06)
(7.149999999999999e-07 1.495e-06 4.03e-06)
(7.799999999999998e-07 1.495e-06 4.03e-06)
(8.450000000000001e-07 1.495e-06 4.03e-06)
(5.85e-07 1.56e-06 4.03e-06)
(6.5e-07 1.56e-06 4.03e-06)
(7.149999999999999e-07 1.56e-06 4.03e-06)
(7.800000000000002e-07 1.56e-06 4.03e-06)
(8.450000000000001e-07 1.56e-06 4.03e-06)
(6.5e-07 1.625e-06 4.03e-06)
(7.150000000000001e-07 1.625e-06 4.03e-06)
(7.799999999999998e-07 1.625e-06 4.03e-06)
(5.2e-07 1.3e-06 4.095000000000001e-06)
(5.85e-07 1.3e-06 4.095000000000001e-06)
(6.5e-07 1.3e-06 4.095000000000001e-06)
(7.150000000000001e-07 1.3e-06 4.095000000000001e-06)
(5.2e-07 1.365e-06 4.095000000000001e-06)
(5.849999999999999e-07 1.365e-06 4.095000000000001e-06)
(6.5e-07 1.365e-06 4.095e-06)
(7.150000000000001e-07 1.365e-06 4.095e-06)
(5.2e-07 1.43e-06 4.095000000000001e-06)
(5.849999999999999e-07 1.43e-06 4.095e-06)
(6.5e-07 1.43e-06 4.095000000000001e-06)
(7.149999999999999e-07 1.43e-06 4.095e-06)
(7.799999999999998e-07 1.43e-06 4.095e-06)
(5.849999999999999e-07 1.495e-06 4.095e-06)
(6.5e-07 1.495e-06 4.095e-06)
(7.149999999999999e-07 1.495e-06 4.095000000000001e-06)
(7.799999999999998e-07 1.495e-06 4.095000000000001e-06)
(8.450000000000001e-07 1.495e-06 4.095e-06)
(5.85e-07 1.56e-06 4.095e-06)
(6.5e-07 1.56e-06 4.095000000000001e-06)
(7.149999999999999e-07 1.56e-06 4.095000000000001e-06)
(7.800000000000002e-07 1.56e-06 4.095e-06)
(8.450000000000001e-07 1.56e-06 4.095000000000001e-06)
(6.499999999999999e-07 1.625e-06 4.095000000000001e-06)
(7.150000000000001e-07 1.625e-06 4.095e-06)
(7.799999999999998e-07 1.625e-06 4.095000000000001e-06)
(8.450000000000001e-07 1.625e-06 4.095000000000001e-06)
(5.2e-07 1.3e-06 4.159999999999999e-06)
(5.85e-07 1.3e-06 4.16e-06)
(6.5e-07 1.3e-06 4.160000000000001e-06)
(5.2e-07 1.365e-06 4.16e-06)
(5.849999999999999e-07 1.365e-06 4.16e-06)
(6.5e-07 1.365e-06 4.160000000000001e-06)
(7.150000000000001e-07 1.364999999999999e-06 4.16e-06)
(5.2e-07 1.43e-06 4.160000000000001e-06)
(5.849999999999999e-07 1.43e-06 4.16e-06)
(6.5e-07 1.43e-06 4.16e-06)
(7.149999999999999e-07 1.43e-06 4.16e-06)
(7.799999999999998e-07 1.43e-06 4.16e-06)
(5.849999999999999e-07 1.495e-06 4.160000000000001e-06)
(6.5e-07 1.495e-06 4.16e-06)
(7.149999999999999e-07 1.495e-06 4.160000000000001e-06)
(7.799999999999998e-07 1.495e-06 4.160000000000001e-06)
(8.450000000000001e-07 1.495e-06 4.159999999999999e-06)
(5.85e-07 1.56e-06 4.159999999999999e-06)
(6.5e-07 1.56e-06 4.16e-06)
(7.149999999999999e-07 1.56e-06 4.16e-06)
(7.800000000000002e-07 1.56e-06 4.160000000000001e-06)
(8.450000000000001e-07 1.56e-06 4.16e-06)
(6.5e-07 1.625e-06 4.16e-06)
(7.150000000000001e-07 1.625e-06 4.16e-06)
(7.799999999999998e-07 1.625e-06 4.159999999999999e-06)
(8.450000000000001e-07 1.625e-06 4.16e-06)
)


// ************************************************************************* //
