/*--------------------------------*- C++ -*----------------------------------*\
  =========                 |
  \\      /  F ield         | OpenFOAM: The Open Source CFD Toolbox
   \\    /   O peration     | Website:  https://openfoam.org
    \\  /    A nd           | Version:  6
     \\/     M anipulation  |
\*---------------------------------------------------------------------------*/
FoamFile
{
    version     2.0;
    format      ascii;
    class       faceList;
    location    "constant/region214/polyMesh";
    object      faces;
}
// * * * * * * * * * * * * * * * * * * * * * * * * * * * * * * * * * * * * * //


50
(
4(1 4 20 16)
4(4 20 21 5)
4(5 8 24 21)
4(7 23 24 8)
4(8 24 25 9)
4(21 22 25 24)
4(8 12 28 24)
4(9 13 29 25)
4(25 26 30 29)
4(21 33 34 22)
4(9 13 14 10)
4(0 15 19 3)
4(3 19 20 4)
4(2 5 21 17)
4(5 6 22 21)
4(17 21 22 18)
4(4 20 23 7)
4(6 9 25 22)
4(9 10 26 25)
4(7 23 27 11)
4(10 14 30 26)
4(18 22 34 32)
4(22 25 36 34)
4(25 26 37 36)
4(26 30 39 37)
4(0 3 4 1)
4(1 4 5 2)
4(4 7 8 5)
4(5 8 9 6)
4(7 11 12 8)
4(8 12 13 9)
4(0 1 16 15)
4(1 2 17 16)
4(15 16 20 19)
4(16 17 21 20)
4(20 21 24 23)
4(11 27 28 12)
4(23 24 28 27)
4(12 28 29 13)
4(24 25 29 28)
4(13 29 30 14)
4(17 18 32 31)
4(17 31 33 21)
4(31 32 34 33)
4(21 33 35 24)
4(24 35 36 25)
4(33 34 36 35)
4(25 36 38 29)
4(29 38 39 30)
4(36 37 39 38)
)


// ************************************************************************* //
