/*--------------------------------*- C++ -*----------------------------------*\
  =========                 |
  \\      /  F ield         | OpenFOAM: The Open Source CFD Toolbox
   \\    /   O peration     | Website:  https://openfoam.org
    \\  /    A nd           | Version:  6
     \\/     M anipulation  |
\*---------------------------------------------------------------------------*/
FoamFile
{
    version     2.0;
    format      ascii;
    class       faceList;
    location    "constant/region146/polyMesh";
    object      faces;
}
// * * * * * * * * * * * * * * * * * * * * * * * * * * * * * * * * * * * * * //


40
(
4(8 9 13 12)
4(6 18 19 7)
4(10 22 23 11)
4(18 19 23 22)
4(9 13 25 21)
4(10 14 26 22)
4(22 23 27 26)
4(22 30 31 23)
4(2 12 13 3)
4(12 24 25 13)
4(13 25 26 14)
4(14 26 27 15)
4(26 32 33 27)
4(0 8 12 2)
4(4 5 17 16)
4(5 7 19 17)
4(7 11 23 19)
4(8 20 24 12)
4(11 15 27 23)
4(19 23 31 29)
4(23 27 33 31)
4(0 2 3 1)
4(4 6 7 5)
4(0 1 9 8)
4(6 10 11 7)
4(1 3 13 9)
4(9 13 14 10)
4(10 14 15 11)
4(4 16 18 6)
4(16 17 19 18)
4(8 9 21 20)
4(6 18 22 10)
4(9 10 22 21)
4(20 21 25 24)
4(21 22 26 25)
4(18 19 29 28)
4(18 28 30 22)
4(28 29 31 30)
4(22 30 32 26)
4(30 31 33 32)
)


// ************************************************************************* //
