/*--------------------------------*- C++ -*----------------------------------*\
  =========                 |
  \\      /  F ield         | OpenFOAM: The Open Source CFD Toolbox
   \\    /   O peration     | Website:  https://openfoam.org
    \\  /    A nd           | Version:  6
     \\/     M anipulation  |
\*---------------------------------------------------------------------------*/
FoamFile
{
    version     2.0;
    format      ascii;
    class       labelList;
    location    "constant/region916/polyMesh";
    object      cellRegionAddressing;
}
// * * * * * * * * * * * * * * * * * * * * * * * * * * * * * * * * * * * * * //


214
(
246597
246598
246599
246660
246661
246662
246663
246664
246665
246666
246725
246726
246727
246728
246729
246730
246731
246790
246791
246792
246793
246794
246795
246796
246856
246857
246858
246859
246923
250692
250693
250694
250695
250696
250697
250756
250757
250758
250759
250760
250761
250762
250763
250764
250820
250821
250822
250823
250824
250825
250826
250827
250828
250829
250884
250885
250886
250887
250888
250889
250890
250891
250892
250893
250949
250950
250951
250952
250953
250954
250955
250956
250957
251014
251015
251016
251017
251018
251019
251020
251021
251080
251081
251082
251083
251084
254788
254789
254790
254791
254792
254852
254853
254854
254855
254856
254857
254858
254859
254915
254916
254917
254918
254919
254920
254921
254922
254923
254924
254925
254979
254980
254981
254982
254983
254984
254985
254986
254987
254988
254989
255044
255045
255046
255047
255048
255049
255050
255051
255052
255053
255109
255110
255111
255112
255113
255114
255115
255116
255117
255175
255176
255177
255178
255179
255180
255242
255243
258885
258886
258887
258888
258948
258949
258950
258951
258952
258953
258954
258955
259011
259012
259013
259014
259015
259016
259017
259018
259019
259020
259021
259075
259076
259077
259078
259079
259080
259081
259082
259083
259084
259085
259140
259141
259142
259143
259144
259145
259146
259147
259148
259149
259150
259204
259205
259206
259207
259208
259209
259210
259211
259212
259213
259270
259271
259272
259273
259274
259275
259276
259277
259337
259338
259339
)


// ************************************************************************* //
