/*--------------------------------*- C++ -*----------------------------------*\
  =========                 |
  \\      /  F ield         | OpenFOAM: The Open Source CFD Toolbox
   \\    /   O peration     | Website:  https://openfoam.org
    \\  /    A nd           | Version:  6
     \\/     M anipulation  |
\*---------------------------------------------------------------------------*/
FoamFile
{
    version     2.0;
    format      ascii;
    class       labelList;
    location    "constant/region916/polyMesh";
    object      faceRegionAddressing;
}
// * * * * * * * * * * * * * * * * * * * * * * * * * * * * * * * * * * * * * //


782
(
732099
732100
732101
732102
732103
732104
732106
732107
732287
732289
732290
732291
732292
732293
732294
732295
732296
732297
732298
732299
732300
732301
732302
732303
732304
732306
732307
732481
732483
732484
732485
732486
732487
732488
732489
732490
732491
732492
732493
732494
732495
732496
732497
732498
732500
732501
732675
732677
732678
732680
732681
732682
732683
732684
732685
732686
732687
732688
732689
732690
732691
732692
732695
732872
732874
732875
732877
732878
732880
732882
732883
733074
744256
744257
744258
744259
744260
744261
744262
744263
744264
744265
744266
744267
744268
744269
744270
744272
744447
744448
744449
744450
744451
744452
744453
744454
744455
744456
744457
744458
744459
744460
744461
744462
744463
744464
744465
744466
744467
744468
744469
744470
744472
744638
744639
744640
744641
744642
744643
744644
744645
744646
744647
744648
744649
744650
744651
744652
744653
744654
744655
744656
744657
744658
744659
744660
744661
744662
744663
744664
744666
744667
744829
744831
744832
744833
744834
744835
744836
744837
744838
744839
744840
744841
744842
744843
744844
744845
744846
744847
744848
744849
744850
744851
744852
744853
744854
744855
744857
744858
745023
745025
745026
745027
745028
745029
745030
745031
745032
745033
745034
745035
745036
745037
745038
745039
745040
745041
745042
745043
745044
745045
745046
745048
745049
745217
745219
745220
745222
745223
745224
745225
745226
745227
745228
745229
745230
745231
745232
745233
745234
745235
745236
745237
745240
745414
745416
745417
745419
745420
745422
745423
745425
745428
756416
756417
756419
756420
756421
756422
756423
756424
756425
756426
756427
756429
756430
756607
756608
756609
756610
756611
756612
756613
756614
756615
756616
756617
756618
756619
756620
756621
756622
756623
756624
756625
756626
756627
756629
756630
756795
756796
756797
756798
756799
756800
756801
756802
756803
756804
756805
756806
756807
756808
756809
756810
756811
756812
756813
756814
756815
756816
756817
756818
756819
756820
756821
756822
756823
756824
756826
756827
756986
756988
756989
756990
756991
756992
756993
756994
756995
756996
756997
756998
756999
757000
757001
757002
757003
757004
757005
757006
757007
757008
757009
757010
757011
757012
757013
757014
757015
757017
757018
757180
757182
757183
757184
757185
757186
757187
757188
757189
757190
757191
757192
757193
757194
757195
757196
757197
757198
757199
757200
757201
757202
757203
757204
757205
757206
757208
757209
757374
757376
757377
757379
757380
757381
757382
757383
757384
757385
757386
757387
757388
757389
757390
757391
757392
757393
757394
757395
757396
757397
757400
757571
757573
757574
757576
757577
757579
757580
757581
757582
757583
757584
757585
757588
757771
757773
757776
768579
768580
768582
768583
768585
768586
768589
768767
768768
768770
768771
768773
768774
768776
768777
768779
768780
768782
768783
768785
768786
768789
768955
768956
768958
768959
768961
768962
768964
768965
768967
768968
768970
768971
768973
768974
768976
768977
768979
768980
768982
768983
768986
769146
769149
769150
769152
769153
769155
769156
769158
769159
769161
769162
769164
769165
769167
769168
769170
769171
769173
769174
769177
769340
769341
769343
769344
769346
769347
769349
769350
769352
769353
769355
769356
769358
769359
769361
769362
769364
769365
769367
769368
769531
769534
769537
769538
769540
769541
769543
769544
769546
769547
769549
769550
769552
769553
769555
769556
769559
769728
769731
769734
769737
769738
769740
769741
769743
769744
769746
769928
769931
-720129
-720132
-720135
-720323
-720326
-720329
-720332
-720335
-720338
-720341
-720517
-720520
-720523
-720526
-720529
-720532
-720535
-720714
-720717
-720720
-720723
-720914
-731909
-732096
-732097
-732098
-732284
732288
732305
-732309
-732310
-732313
-732478
-732480
732482
732499
-732503
-732504
-732507
-732671
-732672
-732674
732676
732679
732693
732694
-732698
-732865
-732868
-732869
-732871
732873
732876
732879
732881
-732886
-732889
-733059
-733062
-733065
-733068
-733069
-733071
733072
733073
-733077
-733080
-733256
-733259
-733262
-733265
-733268
-744066
-744069
-744072
-744075
-744078
-744081
-744253
744271
744273
-744275
-744278
-744281
-744444
744471
744473
-744475
-744635
-744637
-744826
-744828
744830
-745020
-745022
745024
-745214
-745216
745218
745221
-745411
-745413
745415
745418
745421
745424
745427
-745613
-745616
-756226
-756229
-756232
-756235
-756238
-756413
756418
756428
-756432
-756435
-756438
-756604
-756605
756628
-756632
-756635
-756792
-756983
756987
-757177
757181
-757371
-757373
757375
757378
-757568
-757570
757572
757575
757578
-757768
-757770
757772
757775
-768389
-768392
-768395
-768398
-768576
-768577
768588
-768592
-768595
-768598
-768764
-768765
768788
-768792
-768795
-768952
-769143
769729
769732
769735
-769925
769929
769932
768581
768584
768587
768590
768769
768772
768775
768778
768781
768784
768787
768790
768957
768960
768963
768966
768969
768972
768975
768978
768981
768984
768987
769148
769151
769154
769157
769160
769163
769166
769169
769172
769175
769178
769342
769345
769348
769351
769354
769357
769360
769363
769366
769369
769372
769533
769536
769539
769542
769545
769548
769551
769554
769557
769560
769730
769733
769736
769739
769742
769745
769748
769751
769930
769933
769936
-719941
-719944
-719947
-720138
-720141
-720144
-720147
-731912
-731915
732105
-732109
-732110
-732112
-732113
-732115
744665
744856
745047
745238
745239
745426
756825
757016
757207
-757212
757398
757399
757586
757587
-757591
757774
768985
769147
769176
-769180
-769337
769370
769371
-769528
769532
769535
769558
-769725
769747
769749
769750
769934
769935
)


// ************************************************************************* //
