/*--------------------------------*- C++ -*----------------------------------*\
  =========                 |
  \\      /  F ield         | OpenFOAM: The Open Source CFD Toolbox
   \\    /   O peration     | Website:  https://openfoam.org
    \\  /    A nd           | Version:  6
     \\/     M anipulation  |
\*---------------------------------------------------------------------------*/
FoamFile
{
    version     2.0;
    format      ascii;
    class       faceList;
    location    "constant/region916/polyMesh";
    object      faces;
}
// * * * * * * * * * * * * * * * * * * * * * * * * * * * * * * * * * * * * * //


782
(
4(1 6 54 47)
4(5 53 54 6)
4(46 47 54 53)
4(2 7 55 48)
4(6 54 55 7)
4(47 48 55 54)
4(7 55 56 8)
4(48 49 56 55)
4(5 13 63 53)
4(52 53 63 62)
4(6 14 64 54)
4(13 63 64 14)
4(53 54 64 63)
4(7 15 65 55)
4(14 64 65 15)
4(54 55 65 64)
4(8 16 66 56)
4(15 65 66 16)
4(55 56 66 65)
4(9 17 67 57)
4(16 66 67 17)
4(56 57 67 66)
4(10 18 68 58)
4(17 67 68 18)
4(57 58 68 67)
4(18 68 69 19)
4(58 59 69 68)
4(14 22 75 64)
4(63 64 75 74)
4(15 23 76 65)
4(22 75 76 23)
4(64 65 76 75)
4(16 24 77 66)
4(23 76 77 24)
4(65 66 77 76)
4(17 25 78 67)
4(24 77 78 25)
4(66 67 78 77)
4(18 26 79 68)
4(25 78 79 26)
4(67 68 79 78)
4(19 27 80 69)
4(26 79 80 27)
4(68 69 80 79)
4(27 80 81 28)
4(69 70 81 80)
4(23 31 87 76)
4(75 76 87 86)
4(24 32 88 77)
4(76 77 88 87)
4(25 33 89 78)
4(32 88 89 33)
4(77 78 89 88)
4(26 34 90 79)
4(33 89 90 34)
4(78 79 90 89)
4(27 35 91 80)
4(34 90 91 35)
4(79 80 91 90)
4(28 36 92 81)
4(35 91 92 36)
4(80 81 92 91)
4(81 82 93 92)
4(33 39 99 89)
4(88 89 99 98)
4(34 40 100 90)
4(89 90 100 99)
4(35 41 101 91)
4(90 91 101 100)
4(41 101 102 42)
4(91 92 102 101)
4(101 102 111 110)
4(46 53 128 121)
4(52 127 128 53)
4(120 121 128 127)
4(47 54 129 122)
4(53 128 129 54)
4(121 122 129 128)
4(48 55 130 123)
4(54 129 130 55)
4(122 123 130 129)
4(49 56 131 124)
4(55 130 131 56)
4(123 124 131 130)
4(50 57 132 125)
4(56 131 132 57)
4(124 125 132 131)
4(57 132 133 58)
4(53 63 139 128)
4(62 138 139 63)
4(127 128 139 138)
4(54 64 140 129)
4(63 139 140 64)
4(128 129 140 139)
4(55 65 141 130)
4(64 140 141 65)
4(129 130 141 140)
4(56 66 142 131)
4(65 141 142 66)
4(130 131 142 141)
4(57 67 143 132)
4(66 142 143 67)
4(131 132 143 142)
4(58 68 144 133)
4(67 143 144 68)
4(132 133 144 143)
4(59 69 145 134)
4(68 144 145 69)
4(133 134 145 144)
4(60 70 146 135)
4(69 145 146 70)
4(134 135 146 145)
4(70 146 147 71)
4(63 74 151 139)
4(73 150 151 74)
4(138 139 151 150)
4(64 75 152 140)
4(74 151 152 75)
4(139 140 152 151)
4(65 76 153 141)
4(75 152 153 76)
4(140 141 153 152)
4(66 77 154 142)
4(76 153 154 77)
4(141 142 154 153)
4(67 78 155 143)
4(77 154 155 78)
4(142 143 155 154)
4(68 79 156 144)
4(78 155 156 79)
4(143 144 156 155)
4(69 80 157 145)
4(79 156 157 80)
4(144 145 157 156)
4(70 81 158 146)
4(80 157 158 81)
4(145 146 158 157)
4(71 82 159 147)
4(81 158 159 82)
4(146 147 159 158)
4(82 159 160 83)
4(147 148 160 159)
4(74 85 163 151)
4(150 151 163 162)
4(75 86 164 152)
4(85 163 164 86)
4(151 152 164 163)
4(76 87 165 153)
4(86 164 165 87)
4(152 153 165 164)
4(77 88 166 154)
4(87 165 166 88)
4(153 154 166 165)
4(78 89 167 155)
4(88 166 167 89)
4(154 155 167 166)
4(79 90 168 156)
4(89 167 168 90)
4(155 156 168 167)
4(80 91 169 157)
4(90 168 169 91)
4(156 157 169 168)
4(81 92 170 158)
4(91 169 170 92)
4(157 158 170 169)
4(82 93 171 159)
4(92 170 171 93)
4(158 159 171 170)
4(93 171 172 94)
4(159 160 172 171)
4(86 96 175 164)
4(163 164 175 174)
4(87 97 176 165)
4(96 175 176 97)
4(164 165 176 175)
4(88 98 177 166)
4(97 176 177 98)
4(165 166 177 176)
4(89 99 178 167)
4(98 177 178 99)
4(166 167 178 177)
4(90 100 179 168)
4(99 178 179 100)
4(167 168 179 178)
4(91 101 180 169)
4(100 179 180 101)
4(168 169 180 179)
4(92 102 181 170)
4(101 180 181 102)
4(169 170 181 180)
4(93 103 182 171)
4(102 181 182 103)
4(170 171 182 181)
4(103 182 183 104)
4(171 172 183 182)
4(97 106 186 176)
4(175 176 186 185)
4(98 107 187 177)
4(176 177 187 186)
4(99 108 188 178)
4(107 187 188 108)
4(177 178 188 187)
4(100 109 189 179)
4(108 188 189 109)
4(178 179 189 188)
4(101 110 190 180)
4(109 189 190 110)
4(179 180 190 189)
4(102 111 191 181)
4(110 190 191 111)
4(180 181 191 190)
4(103 112 192 182)
4(111 191 192 112)
4(181 182 192 191)
4(182 183 193 192)
4(108 115 196 188)
4(187 188 196 195)
4(109 116 197 189)
4(188 189 197 196)
4(110 117 198 190)
4(189 190 198 197)
4(111 118 199 191)
4(190 191 199 198)
4(191 192 200 199)
4(121 128 211 205)
4(127 210 211 128)
4(122 129 212 206)
4(128 211 212 129)
4(205 206 212 211)
4(123 130 213 207)
4(129 212 213 130)
4(206 207 213 212)
4(124 131 214 208)
4(130 213 214 131)
4(207 208 214 213)
4(131 214 215 132)
4(208 209 215 214)
4(128 139 221 211)
4(138 220 221 139)
4(210 211 221 220)
4(129 140 222 212)
4(139 221 222 140)
4(211 212 222 221)
4(130 141 223 213)
4(140 222 223 141)
4(212 213 223 222)
4(131 142 224 214)
4(141 223 224 142)
4(213 214 224 223)
4(132 143 225 215)
4(142 224 225 143)
4(214 215 225 224)
4(133 144 226 216)
4(143 225 226 144)
4(215 216 226 225)
4(134 145 227 217)
4(144 226 227 145)
4(216 217 227 226)
4(145 227 228 146)
4(217 218 228 227)
4(138 150 232 220)
4(149 231 232 150)
4(219 220 232 231)
4(139 151 233 221)
4(150 232 233 151)
4(220 221 233 232)
4(140 152 234 222)
4(151 233 234 152)
4(221 222 234 233)
4(141 153 235 223)
4(152 234 235 153)
4(222 223 235 234)
4(142 154 236 224)
4(153 235 236 154)
4(223 224 236 235)
4(143 155 237 225)
4(154 236 237 155)
4(224 225 237 236)
4(144 156 238 226)
4(155 237 238 156)
4(225 226 238 237)
4(145 157 239 227)
4(156 238 239 157)
4(226 227 239 238)
4(146 158 240 228)
4(157 239 240 158)
4(227 228 240 239)
4(147 159 241 229)
4(158 240 241 159)
4(228 229 241 240)
4(159 241 242 160)
4(229 230 242 241)
4(150 162 244 232)
4(231 232 244 243)
4(151 163 245 233)
4(162 244 245 163)
4(232 233 245 244)
4(152 164 246 234)
4(163 245 246 164)
4(233 234 246 245)
4(153 165 247 235)
4(164 246 247 165)
4(234 235 247 246)
4(154 166 248 236)
4(165 247 248 166)
4(235 236 248 247)
4(155 167 249 237)
4(166 248 249 167)
4(236 237 249 248)
4(156 168 250 238)
4(167 249 250 168)
4(237 238 250 249)
4(157 169 251 239)
4(168 250 251 169)
4(238 239 251 250)
4(158 170 252 240)
4(169 251 252 170)
4(239 240 252 251)
4(159 171 253 241)
4(170 252 253 171)
4(240 241 253 252)
4(171 253 254 172)
4(241 242 254 253)
4(163 174 257 245)
4(244 245 257 256)
4(164 175 258 246)
4(174 257 258 175)
4(245 246 258 257)
4(165 176 259 247)
4(175 258 259 176)
4(246 247 259 258)
4(166 177 260 248)
4(176 259 260 177)
4(247 248 260 259)
4(167 178 261 249)
4(177 260 261 178)
4(248 249 261 260)
4(168 179 262 250)
4(178 261 262 179)
4(249 250 262 261)
4(169 180 263 251)
4(179 262 263 180)
4(250 251 263 262)
4(170 181 264 252)
4(180 263 264 181)
4(251 252 264 263)
4(171 182 265 253)
4(181 264 265 182)
4(252 253 265 264)
4(182 265 266 183)
4(253 254 266 265)
4(175 185 270 258)
4(257 258 270 269)
4(176 186 271 259)
4(258 259 271 270)
4(177 187 272 260)
4(186 271 272 187)
4(259 260 272 271)
4(178 188 273 261)
4(187 272 273 188)
4(260 261 273 272)
4(179 189 274 262)
4(188 273 274 189)
4(261 262 274 273)
4(180 190 275 263)
4(189 274 275 190)
4(262 263 275 274)
4(181 191 276 264)
4(190 275 276 191)
4(263 264 276 275)
4(182 192 277 265)
4(191 276 277 192)
4(264 265 277 276)
4(265 266 278 277)
4(187 195 281 272)
4(271 272 281 280)
4(188 196 282 273)
4(272 273 282 281)
4(189 197 283 274)
4(273 274 283 282)
4(190 198 284 275)
4(197 283 284 198)
4(274 275 284 283)
4(191 199 285 276)
4(198 284 285 199)
4(275 276 285 284)
4(276 277 286 285)
4(198 202 290 284)
4(283 284 290 289)
4(284 285 291 290)
4(206 212 299 293)
4(211 298 299 212)
4(207 213 300 294)
4(212 299 300 213)
4(208 214 301 295)
4(213 300 301 214)
4(214 301 302 215)
4(211 221 308 298)
4(220 307 308 221)
4(212 222 309 299)
4(221 308 309 222)
4(213 223 310 300)
4(222 309 310 223)
4(214 224 311 301)
4(223 310 311 224)
4(215 225 312 302)
4(224 311 312 225)
4(216 226 313 303)
4(225 312 313 226)
4(217 227 314 304)
4(226 313 314 227)
4(227 314 315 228)
4(220 232 319 307)
4(231 318 319 232)
4(221 233 320 308)
4(232 319 320 233)
4(222 234 321 309)
4(233 320 321 234)
4(223 235 322 310)
4(234 321 322 235)
4(224 236 323 311)
4(235 322 323 236)
4(225 237 324 312)
4(236 323 324 237)
4(226 238 325 313)
4(237 324 325 238)
4(227 239 326 314)
4(238 325 326 239)
4(228 240 327 315)
4(239 326 327 240)
4(229 241 328 316)
4(240 327 328 241)
4(241 328 329 242)
4(232 244 331 319)
4(233 245 332 320)
4(244 331 332 245)
4(234 246 333 321)
4(245 332 333 246)
4(235 247 334 322)
4(246 333 334 247)
4(236 248 335 323)
4(247 334 335 248)
4(237 249 336 324)
4(248 335 336 249)
4(238 250 337 325)
4(249 336 337 250)
4(239 251 338 326)
4(250 337 338 251)
4(240 252 339 327)
4(251 338 339 252)
4(241 253 340 328)
4(252 339 340 253)
4(253 340 341 254)
4(245 257 344 332)
4(256 343 344 257)
4(246 258 345 333)
4(257 344 345 258)
4(247 259 346 334)
4(258 345 346 259)
4(248 260 347 335)
4(259 346 347 260)
4(249 261 348 336)
4(260 347 348 261)
4(250 262 349 337)
4(261 348 349 262)
4(251 263 350 338)
4(262 349 350 263)
4(252 264 351 339)
4(263 350 351 264)
4(253 265 352 340)
4(264 351 352 265)
4(254 266 353 341)
4(265 352 353 266)
4(257 269 356 344)
4(258 270 357 345)
4(259 271 358 346)
4(270 357 358 271)
4(260 272 359 347)
4(271 358 359 272)
4(261 273 360 348)
4(272 359 360 273)
4(262 274 361 349)
4(273 360 361 274)
4(263 275 362 350)
4(274 361 362 275)
4(264 276 363 351)
4(275 362 363 276)
4(265 277 364 352)
4(276 363 364 277)
4(277 364 365 278)
4(271 280 367 358)
4(272 281 368 359)
4(273 282 369 360)
4(274 283 370 361)
4(282 369 370 283)
4(275 284 371 362)
4(283 370 371 284)
4(276 285 372 363)
4(284 371 372 285)
4(277 286 373 364)
4(283 289 376 370)
4(284 290 377 371)
4(4 12 13 5)
4(5 13 14 6)
4(6 14 15 7)
4(13 21 22 14)
4(14 22 23 15)
4(15 23 24 16)
4(16 24 25 17)
4(17 25 26 18)
4(18 26 27 19)
4(19 27 28 20)
4(22 30 31 23)
4(23 31 32 24)
4(24 32 33 25)
4(25 33 34 26)
4(26 34 35 27)
4(27 35 36 28)
4(28 36 37 29)
4(32 38 39 33)
4(33 39 40 34)
4(34 40 41 35)
4(35 41 42 36)
4(41 43 44 42)
4(0 1 47 46)
4(0 46 53 5)
4(4 5 53 52)
4(45 52 53 46)
4(4 52 62 12)
4(12 62 63 13)
4(11 19 69 59)
4(19 20 70 69)
4(59 69 70 60)
4(60 70 71 61)
4(13 63 74 21)
4(62 73 74 63)
4(21 74 75 22)
4(20 28 81 70)
4(28 29 82 81)
4(70 81 82 71)
4(71 82 83 72)
4(73 84 85 74)
4(22 75 86 30)
4(74 85 86 75)
4(30 86 87 31)
4(31 87 88 32)
4(29 37 93 82)
4(36 92 93 37)
4(82 93 94 83)
4(85 95 96 86)
4(86 96 97 87)
4(32 88 98 38)
4(87 97 98 88)
4(38 98 99 39)
4(39 99 100 40)
4(40 100 101 41)
4(36 42 102 92)
4(92 102 103 93)
4(93 103 104 94)
4(96 105 106 97)
4(97 106 107 98)
4(98 107 108 99)
4(99 108 109 100)
4(41 101 110 43)
4(100 109 110 101)
4(42 44 111 102)
4(43 110 111 44)
4(102 111 112 103)
4(103 112 113 104)
4(107 114 115 108)
4(108 115 116 109)
4(109 116 117 110)
4(110 117 118 111)
4(111 118 119 112)
4(45 46 121 120)
4(46 47 122 121)
4(47 48 123 122)
4(48 49 124 123)
4(49 50 125 124)
4(50 51 126 125)
4(45 120 127 52)
4(51 58 133 126)
4(125 126 133 132)
4(58 59 134 133)
4(59 60 135 134)
4(60 61 136 135)
4(52 127 138 62)
4(61 71 147 136)
4(135 136 147 146)
4(71 72 148 147)
4(62 138 150 73)
4(137 149 150 138)
4(73 150 162 84)
4(149 161 162 150)
4(84 162 163 85)
4(85 163 174 95)
4(162 173 174 163)
4(95 174 175 96)
4(96 175 185 105)
4(174 184 185 175)
4(105 185 186 106)
4(106 186 187 107)
4(107 187 195 114)
4(186 194 195 187)
4(114 195 196 115)
4(115 196 197 116)
4(116 197 198 117)
4(117 198 199 118)
4(118 199 200 119)
4(197 201 202 198)
4(198 202 203 199)
4(120 121 205 204)
4(121 122 206 205)
4(122 123 207 206)
4(123 124 208 207)
4(124 125 209 208)
4(120 204 210 127)
4(204 205 211 210)
4(125 132 215 209)
4(132 133 216 215)
4(133 134 217 216)
4(134 135 218 217)
4(127 210 220 138)
4(137 138 220 219)
4(135 146 228 218)
4(146 147 229 228)
4(147 148 230 229)
4(137 219 231 149)
4(149 231 243 161)
4(161 243 244 162)
4(162 244 256 173)
4(173 256 257 174)
4(174 257 269 184)
4(256 268 269 257)
4(184 269 270 185)
4(185 270 271 186)
4(186 271 280 194)
4(270 279 280 271)
4(194 280 281 195)
4(195 281 282 196)
4(196 282 283 197)
4(197 283 289 201)
4(282 288 289 283)
4(201 289 290 202)
4(202 290 291 203)
4(205 206 293 292)
4(206 207 294 293)
4(207 208 295 294)
4(208 209 296 295)
4(205 292 298 211)
4(210 211 298 297)
4(209 215 302 296)
4(215 216 303 302)
4(216 217 304 303)
4(217 218 305 304)
4(210 297 307 220)
4(219 220 307 306)
4(218 228 315 305)
4(228 229 316 315)
4(229 230 317 316)
4(219 306 318 231)
4(231 318 330 243)
4(279 366 367 280)
4(280 367 368 281)
4(281 368 369 282)
4(282 369 375 288)
4(288 375 376 289)
4(289 376 377 290)
4(292 293 299 298)
4(293 294 300 299)
4(294 295 301 300)
4(295 296 302 301)
4(297 298 308 307)
4(298 299 309 308)
4(299 300 310 309)
4(300 301 311 310)
4(301 302 312 311)
4(302 303 313 312)
4(303 304 314 313)
4(304 305 315 314)
4(306 307 319 318)
4(307 308 320 319)
4(308 309 321 320)
4(309 310 322 321)
4(310 311 323 322)
4(311 312 324 323)
4(312 313 325 324)
4(313 314 326 325)
4(314 315 327 326)
4(315 316 328 327)
4(316 317 329 328)
4(318 319 331 330)
4(319 320 332 331)
4(320 321 333 332)
4(321 322 334 333)
4(322 323 335 334)
4(323 324 336 335)
4(324 325 337 336)
4(325 326 338 337)
4(326 327 339 338)
4(327 328 340 339)
4(328 329 341 340)
4(331 332 344 343)
4(332 333 345 344)
4(333 334 346 345)
4(334 335 347 346)
4(335 336 348 347)
4(336 337 349 348)
4(337 338 350 349)
4(338 339 351 350)
4(339 340 352 351)
4(340 341 353 352)
4(341 342 354 353)
4(343 344 356 355)
4(344 345 357 356)
4(345 346 358 357)
4(346 347 359 358)
4(347 348 360 359)
4(348 349 361 360)
4(349 350 362 361)
4(350 351 363 362)
4(351 352 364 363)
4(352 353 365 364)
4(357 358 367 366)
4(358 359 368 367)
4(359 360 369 368)
4(360 361 370 369)
4(361 362 371 370)
4(362 363 372 371)
4(363 364 373 372)
4(364 365 374 373)
4(369 370 376 375)
4(370 371 377 376)
4(371 372 378 377)
4(0 5 6 1)
4(1 6 7 2)
4(2 7 8 3)
4(7 15 16 8)
4(8 16 17 9)
4(9 17 18 10)
4(10 18 19 11)
4(1 2 48 47)
4(2 3 49 48)
4(3 8 56 49)
4(8 9 57 56)
4(49 56 57 50)
4(9 10 58 57)
4(50 57 58 51)
4(10 11 59 58)
4(72 83 160 148)
4(83 94 172 160)
4(94 104 183 172)
4(104 113 193 183)
4(112 192 193 113)
4(112 119 200 192)
4(148 160 242 230)
4(160 172 254 242)
4(172 183 266 254)
4(254 266 267 255)
4(183 193 278 266)
4(192 277 278 193)
4(192 200 286 277)
4(199 285 286 200)
4(277 286 287 278)
4(199 203 291 285)
4(230 242 329 317)
4(243 330 331 244)
4(242 254 341 329)
4(254 255 342 341)
4(244 331 343 256)
4(255 267 354 342)
4(266 353 354 267)
4(256 343 355 268)
4(268 355 356 269)
4(269 356 357 270)
4(266 278 365 353)
4(270 357 366 279)
4(285 372 373 286)
4(278 287 374 365)
4(286 373 374 287)
4(285 291 378 372)
4(290 377 378 291)
)


// ************************************************************************* //
