/*--------------------------------*- C++ -*----------------------------------*\
  =========                 |
  \\      /  F ield         | OpenFOAM: The Open Source CFD Toolbox
   \\    /   O peration     | Website:  https://openfoam.org
    \\  /    A nd           | Version:  6
     \\/     M anipulation  |
\*---------------------------------------------------------------------------*/
FoamFile
{
    version     2.0;
    format      ascii;
    class       labelList;
    note        "nPoints:379  nCells:214  nFaces:782  nInternalFaces:502";
    location    "constant/region916/polyMesh";
    object      neighbour;
}
// * * * * * * * * * * * * * * * * * * * * * * * * * * * * * * * * * * * * * //


502
(
1
4
30
2
5
31
6
32
4
35
5
10
36
6
11
37
7
12
38
8
13
39
9
14
40
15
41
11
45
12
17
46
13
18
47
14
19
48
15
20
49
16
21
50
22
51
18
56
19
57
20
24
58
21
25
59
22
26
60
23
27
61
62
25
67
26
68
27
69
28
70
78
30
35
86
31
36
87
32
37
88
33
38
89
34
39
90
40
36
44
91
37
45
92
38
46
93
39
47
94
40
48
95
41
49
96
42
50
97
43
51
98
52
45
54
100
46
55
101
47
56
102
48
57
103
49
58
104
50
59
105
51
60
106
52
61
107
53
62
108
63
109
55
111
56
64
112
57
65
113
58
66
114
59
67
115
60
68
116
61
69
117
62
70
118
63
71
119
72
120
65
122
66
73
123
67
74
124
68
75
125
69
76
126
70
77
127
71
78
128
72
79
129
80
130
74
132
75
133
76
81
134
77
82
135
78
83
136
79
84
137
80
85
138
139
82
141
83
142
84
143
85
144
145
87
91
88
92
148
89
93
149
90
94
150
95
151
92
100
152
93
101
153
94
102
154
95
103
155
96
104
156
97
105
157
98
106
158
107
159
100
110
160
101
111
161
102
112
162
103
113
163
104
114
164
105
115
165
106
116
166
107
117
167
108
118
168
109
119
169
120
170
111
171
112
121
172
113
122
173
114
123
174
115
124
175
116
125
176
117
126
177
118
127
178
119
128
179
120
129
180
130
181
122
182
123
131
183
124
132
184
125
133
185
126
134
186
127
135
187
128
136
188
129
137
189
130
138
190
139
191
132
194
133
195
134
140
196
135
141
197
136
142
198
137
143
199
138
144
200
139
145
201
202
141
204
142
205
143
206
144
146
207
145
147
208
209
147
212
213
149
153
150
154
151
155
156
153
161
154
162
155
163
156
164
157
165
158
166
159
167
168
161
171
162
172
163
173
164
174
165
175
166
176
167
177
168
178
169
179
170
180
181
172
173
182
174
183
175
184
176
185
177
186
178
187
179
188
180
189
181
190
191
183
193
184
194
185
195
186
196
187
197
188
198
189
199
190
200
191
201
192
202
194
195
196
203
197
204
198
205
199
206
200
207
201
208
202
209
210
204
205
206
207
211
208
212
209
213
210
212
213
)


// ************************************************************************* //
