/*--------------------------------*- C++ -*----------------------------------*\
  =========                 |
  \\      /  F ield         | OpenFOAM: The Open Source CFD Toolbox
   \\    /   O peration     | Website:  https://openfoam.org
    \\  /    A nd           | Version:  6
     \\/     M anipulation  |
\*---------------------------------------------------------------------------*/
FoamFile
{
    version     2.0;
    format      ascii;
    class       labelList;
    location    "constant/region916/polyMesh";
    object      pointRegionAddressing;
}
// * * * * * * * * * * * * * * * * * * * * * * * * * * * * * * * * * * * * * //


379
(
254350
254351
254352
254353
254414
254415
254416
254417
254418
254419
254420
254421
254479
254480
254481
254482
254483
254484
254485
254486
254487
254545
254546
254547
254548
254549
254550
254551
254552
254553
254611
254612
254613
254614
254615
254616
254617
254618
254678
254679
254680
254681
254682
254746
254747
258574
258575
258576
258577
258578
258579
258580
258639
258640
258641
258642
258643
258644
258645
258646
258647
258648
258704
258705
258706
258707
258708
258709
258710
258711
258712
258713
258714
258769
258770
258771
258772
258773
258774
258775
258776
258777
258778
258779
258834
258835
258836
258837
258838
258839
258840
258841
258842
258843
258844
258900
258901
258902
258903
258904
258905
258906
258907
258908
258909
258966
258967
258968
258969
258970
258971
258972
258973
258974
259033
259034
259035
259036
259037
259038
262799
262800
262801
262802
262803
262804
262805
262864
262865
262866
262867
262868
262869
262870
262871
262872
262873
262928
262929
262930
262931
262932
262933
262934
262935
262936
262937
262938
262939
262993
262994
262995
262996
262997
262998
262999
263000
263001
263002
263003
263004
263058
263059
263060
263061
263062
263063
263064
263065
263066
263067
263068
263069
263124
263125
263126
263127
263128
263129
263130
263131
263132
263133
263134
263190
263191
263192
263193
263194
263195
263196
263197
263198
263199
263257
263258
263259
263260
263261
263262
263263
263325
263326
263327
267024
267025
267026
267027
267028
267029
267089
267090
267091
267092
267093
267094
267095
267096
267097
267153
267154
267155
267156
267157
267158
267159
267160
267161
267162
267163
267164
267218
267219
267220
267221
267222
267223
267224
267225
267226
267227
267228
267229
267283
267284
267285
267286
267287
267288
267289
267290
267291
267292
267293
267294
267295
267349
267350
267351
267352
267353
267354
267355
267356
267357
267358
267359
267360
267414
267415
267416
267417
267418
267419
267420
267421
267422
267423
267424
267481
267482
267483
267484
267485
267486
267487
267488
267489
267549
267550
267551
267552
271250
271251
271252
271253
271254
271314
271315
271316
271317
271318
271319
271320
271321
271322
271378
271379
271380
271381
271382
271383
271384
271385
271386
271387
271388
271389
271443
271444
271445
271446
271447
271448
271449
271450
271451
271452
271453
271454
271508
271509
271510
271511
271512
271513
271514
271515
271516
271517
271518
271519
271520
271574
271575
271576
271577
271578
271579
271580
271581
271582
271583
271584
271585
271639
271640
271641
271642
271643
271644
271645
271646
271647
271648
271649
271706
271707
271708
271709
271710
271711
271712
271713
271714
271774
271775
271776
271777
)


// ************************************************************************* //
