/*--------------------------------*- C++ -*----------------------------------*\
  =========                 |
  \\      /  F ield         | OpenFOAM: The Open Source CFD Toolbox
   \\    /   O peration     | Website:  https://openfoam.org
    \\  /    A nd           | Version:  6
     \\/     M anipulation  |
\*---------------------------------------------------------------------------*/
FoamFile
{
    version     2.0;
    format      ascii;
    class       vectorField;
    location    "constant/region916/polyMesh";
    object      points;
}
// * * * * * * * * * * * * * * * * * * * * * * * * * * * * * * * * * * * * * //


379
(
(3.25e-07 8.450000000000001e-07 3.9e-06)
(3.899999999999999e-07 8.450000000000001e-07 3.9e-06)
(4.55e-07 8.450000000000001e-07 3.900000000000001e-06)
(5.2e-07 8.450000000000001e-07 3.9e-06)
(2.6e-07 9.1e-07 3.9e-06)
(3.25e-07 9.1e-07 3.9e-06)
(3.899999999999999e-07 9.1e-07 3.9e-06)
(4.55e-07 9.100000000000001e-07 3.9e-06)
(5.2e-07 9.1e-07 3.9e-06)
(5.849999999999999e-07 9.1e-07 3.9e-06)
(6.5e-07 9.099999999999998e-07 3.9e-06)
(7.149999999999999e-07 9.100000000000001e-07 3.9e-06)
(2.6e-07 9.75e-07 3.9e-06)
(3.25e-07 9.75e-07 3.9e-06)
(3.899999999999999e-07 9.75e-07 3.9e-06)
(4.55e-07 9.75e-07 3.9e-06)
(5.2e-07 9.75e-07 3.9e-06)
(5.85e-07 9.75e-07 3.9e-06)
(6.5e-07 9.75e-07 3.9e-06)
(7.149999999999999e-07 9.75e-07 3.9e-06)
(7.799999999999998e-07 9.75e-07 3.9e-06)
(3.25e-07 1.04e-06 3.9e-06)
(3.899999999999999e-07 1.04e-06 3.9e-06)
(4.55e-07 1.04e-06 3.900000000000001e-06)
(5.2e-07 1.04e-06 3.9e-06)
(5.849999999999999e-07 1.04e-06 3.9e-06)
(6.5e-07 1.04e-06 3.9e-06)
(7.149999999999999e-07 1.04e-06 3.9e-06)
(7.799999999999998e-07 1.04e-06 3.900000000000001e-06)
(8.450000000000001e-07 1.04e-06 3.9e-06)
(3.899999999999999e-07 1.105e-06 3.900000000000001e-06)
(4.55e-07 1.105e-06 3.9e-06)
(5.2e-07 1.105e-06 3.900000000000001e-06)
(5.849999999999999e-07 1.105e-06 3.9e-06)
(6.5e-07 1.105e-06 3.9e-06)
(7.150000000000001e-07 1.105e-06 3.900000000000001e-06)
(7.799999999999998e-07 1.105e-06 3.9e-06)
(8.450000000000001e-07 1.105e-06 3.900000000000001e-06)
(5.2e-07 1.17e-06 3.9e-06)
(5.849999999999999e-07 1.17e-06 3.9e-06)
(6.5e-07 1.17e-06 3.9e-06)
(7.149999999999999e-07 1.17e-06 3.9e-06)
(7.799999999999998e-07 1.17e-06 3.900000000000001e-06)
(7.150000000000001e-07 1.235e-06 3.9e-06)
(7.799999999999998e-07 1.235e-06 3.9e-06)
(2.6e-07 8.450000000000001e-07 3.964999999999999e-06)
(3.25e-07 8.450000000000001e-07 3.964999999999999e-06)
(3.899999999999999e-07 8.450000000000001e-07 3.964999999999999e-06)
(4.55e-07 8.450000000000001e-07 3.965e-06)
(5.2e-07 8.450000000000001e-07 3.965000000000001e-06)
(5.85e-07 8.450000000000001e-07 3.964999999999999e-06)
(6.5e-07 8.450000000000001e-07 3.964999999999999e-06)
(2.6e-07 9.100000000000001e-07 3.964999999999999e-06)
(3.25e-07 9.1e-07 3.964999999999999e-06)
(3.899999999999999e-07 9.1e-07 3.964999999999999e-06)
(4.55e-07 9.100000000000001e-07 3.964999999999999e-06)
(5.2e-07 9.100000000000001e-07 3.964999999999999e-06)
(5.849999999999999e-07 9.1e-07 3.964999999999999e-06)
(6.5e-07 9.1e-07 3.964999999999999e-06)
(7.149999999999999e-07 9.100000000000001e-07 3.964999999999999e-06)
(7.799999999999998e-07 9.100000000000001e-07 3.964999999999999e-06)
(8.450000000000001e-07 9.1e-07 3.964999999999999e-06)
(2.6e-07 9.75e-07 3.964999999999999e-06)
(3.25e-07 9.75e-07 3.965e-06)
(3.899999999999999e-07 9.75e-07 3.964999999999999e-06)
(4.55e-07 9.75e-07 3.964999999999999e-06)
(5.2e-07 9.75e-07 3.965e-06)
(5.85e-07 9.75e-07 3.965e-06)
(6.5e-07 9.75e-07 3.964999999999999e-06)
(7.149999999999999e-07 9.75e-07 3.965e-06)
(7.799999999999998e-07 9.75e-07 3.964999999999999e-06)
(8.450000000000001e-07 9.75e-07 3.965e-06)
(9.1e-07 9.75e-07 3.964999999999999e-06)
(2.6e-07 1.04e-06 3.964999999999999e-06)
(3.25e-07 1.04e-06 3.964999999999999e-06)
(3.899999999999999e-07 1.04e-06 3.964999999999999e-06)
(4.55e-07 1.04e-06 3.965e-06)
(5.2e-07 1.04e-06 3.964999999999999e-06)
(5.849999999999999e-07 1.04e-06 3.964999999999999e-06)
(6.5e-07 1.04e-06 3.964999999999999e-06)
(7.149999999999999e-07 1.04e-06 3.964999999999999e-06)
(7.799999999999998e-07 1.04e-06 3.964999999999999e-06)
(8.450000000000001e-07 1.04e-06 3.965e-06)
(9.1e-07 1.04e-06 3.965e-06)
(2.6e-07 1.105e-06 3.965e-06)
(3.25e-07 1.105e-06 3.965000000000001e-06)
(3.899999999999999e-07 1.105e-06 3.964999999999999e-06)
(4.55e-07 1.105e-06 3.964999999999999e-06)
(5.2e-07 1.105e-06 3.964999999999999e-06)
(5.849999999999999e-07 1.105e-06 3.965e-06)
(6.5e-07 1.105e-06 3.965000000000001e-06)
(7.150000000000001e-07 1.105e-06 3.964999999999999e-06)
(7.799999999999998e-07 1.105e-06 3.965e-06)
(8.450000000000001e-07 1.105e-06 3.964999999999999e-06)
(9.100000000000001e-07 1.105e-06 3.964999999999999e-06)
(3.25e-07 1.17e-06 3.964999999999999e-06)
(3.899999999999999e-07 1.17e-06 3.965e-06)
(4.55e-07 1.17e-06 3.964999999999999e-06)
(5.2e-07 1.17e-06 3.965e-06)
(5.849999999999999e-07 1.17e-06 3.965000000000001e-06)
(6.5e-07 1.17e-06 3.965e-06)
(7.149999999999999e-07 1.17e-06 3.964999999999999e-06)
(7.799999999999998e-07 1.17e-06 3.965e-06)
(8.450000000000001e-07 1.17e-06 3.964999999999999e-06)
(9.1e-07 1.17e-06 3.964999999999999e-06)
(3.899999999999999e-07 1.235e-06 3.965e-06)
(4.55e-07 1.235e-06 3.965e-06)
(5.2e-07 1.235e-06 3.965e-06)
(5.849999999999999e-07 1.235e-06 3.965e-06)
(6.5e-07 1.235e-06 3.964999999999999e-06)
(7.150000000000001e-07 1.235e-06 3.964999999999999e-06)
(7.799999999999998e-07 1.235e-06 3.964999999999999e-06)
(8.450000000000001e-07 1.235e-06 3.965e-06)
(9.1e-07 1.235e-06 3.964999999999999e-06)
(5.2e-07 1.3e-06 3.965e-06)
(5.85e-07 1.3e-06 3.964999999999999e-06)
(6.5e-07 1.3e-06 3.964999999999999e-06)
(7.150000000000001e-07 1.3e-06 3.965e-06)
(7.799999999999998e-07 1.3e-06 3.964999999999999e-06)
(8.450000000000001e-07 1.3e-06 3.965e-06)
(2.6e-07 8.450000000000001e-07 4.03e-06)
(3.25e-07 8.450000000000001e-07 4.03e-06)
(3.899999999999999e-07 8.450000000000001e-07 4.03e-06)
(4.55e-07 8.450000000000001e-07 4.03e-06)
(5.2e-07 8.450000000000001e-07 4.03e-06)
(5.85e-07 8.450000000000001e-07 4.03e-06)
(6.5e-07 8.450000000000001e-07 4.03e-06)
(2.6e-07 9.1e-07 4.03e-06)
(3.25e-07 9.100000000000001e-07 4.03e-06)
(3.899999999999999e-07 9.100000000000001e-07 4.03e-06)
(4.55e-07 9.1e-07 4.03e-06)
(5.2e-07 9.1e-07 4.03e-06)
(5.849999999999999e-07 9.1e-07 4.03e-06)
(6.5e-07 9.1e-07 4.03e-06)
(7.149999999999999e-07 9.100000000000001e-07 4.03e-06)
(7.799999999999998e-07 9.1e-07 4.03e-06)
(8.450000000000001e-07 9.1e-07 4.03e-06)
(1.95e-07 9.75e-07 4.03e-06)
(2.6e-07 9.75e-07 4.03e-06)
(3.25e-07 9.75e-07 4.03e-06)
(3.899999999999999e-07 9.75e-07 4.03e-06)
(4.55e-07 9.75e-07 4.03e-06)
(5.2e-07 9.75e-07 4.03e-06)
(5.85e-07 9.75e-07 4.03e-06)
(6.5e-07 9.75e-07 4.03e-06)
(7.149999999999999e-07 9.75e-07 4.03e-06)
(7.799999999999998e-07 9.75e-07 4.03e-06)
(8.450000000000001e-07 9.75e-07 4.03e-06)
(9.1e-07 9.75e-07 4.03e-06)
(1.95e-07 1.04e-06 4.03e-06)
(2.6e-07 1.04e-06 4.03e-06)
(3.25e-07 1.04e-06 4.03e-06)
(3.899999999999999e-07 1.04e-06 4.03e-06)
(4.55e-07 1.04e-06 4.03e-06)
(5.2e-07 1.04e-06 4.03e-06)
(5.849999999999999e-07 1.04e-06 4.03e-06)
(6.5e-07 1.04e-06 4.03e-06)
(7.149999999999999e-07 1.04e-06 4.03e-06)
(7.799999999999998e-07 1.04e-06 4.03e-06)
(8.450000000000001e-07 1.04e-06 4.03e-06)
(9.100000000000001e-07 1.04e-06 4.03e-06)
(1.95e-07 1.105e-06 4.03e-06)
(2.6e-07 1.105e-06 4.03e-06)
(3.25e-07 1.105e-06 4.030000000000001e-06)
(3.899999999999999e-07 1.105e-06 4.03e-06)
(4.55e-07 1.105e-06 4.03e-06)
(5.2e-07 1.105e-06 4.03e-06)
(5.849999999999999e-07 1.105e-06 4.03e-06)
(6.5e-07 1.105e-06 4.03e-06)
(7.150000000000001e-07 1.105e-06 4.03e-06)
(7.799999999999998e-07 1.105e-06 4.03e-06)
(8.450000000000001e-07 1.105e-06 4.03e-06)
(9.1e-07 1.105e-06 4.03e-06)
(2.6e-07 1.17e-06 4.03e-06)
(3.25e-07 1.17e-06 4.03e-06)
(3.899999999999999e-07 1.17e-06 4.03e-06)
(4.55e-07 1.17e-06 4.03e-06)
(5.2e-07 1.17e-06 4.03e-06)
(5.849999999999999e-07 1.17e-06 4.03e-06)
(6.5e-07 1.17e-06 4.03e-06)
(7.149999999999999e-07 1.17e-06 4.03e-06)
(7.799999999999998e-07 1.17e-06 4.03e-06)
(8.450000000000001e-07 1.17e-06 4.03e-06)
(9.1e-07 1.17e-06 4.03e-06)
(3.25e-07 1.235e-06 4.03e-06)
(3.899999999999999e-07 1.235e-06 4.03e-06)
(4.55e-07 1.235e-06 4.03e-06)
(5.2e-07 1.235e-06 4.03e-06)
(5.849999999999999e-07 1.235e-06 4.03e-06)
(6.5e-07 1.235e-06 4.03e-06)
(7.150000000000001e-07 1.235e-06 4.03e-06)
(7.799999999999998e-07 1.235e-06 4.03e-06)
(8.450000000000001e-07 1.235e-06 4.03e-06)
(9.1e-07 1.235e-06 4.03e-06)
(4.55e-07 1.3e-06 4.03e-06)
(5.2e-07 1.3e-06 4.03e-06)
(5.85e-07 1.3e-06 4.03e-06)
(6.5e-07 1.3e-06 4.03e-06)
(7.150000000000001e-07 1.3e-06 4.03e-06)
(7.799999999999998e-07 1.3e-06 4.03e-06)
(8.450000000000001e-07 1.3e-06 4.03e-06)
(6.5e-07 1.365e-06 4.03e-06)
(7.150000000000001e-07 1.365e-06 4.03e-06)
(7.799999999999998e-07 1.365e-06 4.03e-06)
(2.6e-07 8.450000000000001e-07 4.095e-06)
(3.250000000000001e-07 8.450000000000001e-07 4.095e-06)
(3.899999999999999e-07 8.450000000000001e-07 4.095e-06)
(4.55e-07 8.450000000000001e-07 4.095e-06)
(5.2e-07 8.450000000000001e-07 4.095e-06)
(5.85e-07 8.450000000000001e-07 4.095e-06)
(2.6e-07 9.1e-07 4.095e-06)
(3.25e-07 9.100000000000001e-07 4.095000000000001e-06)
(3.899999999999999e-07 9.1e-07 4.095e-06)
(4.55e-07 9.1e-07 4.095e-06)
(5.2e-07 9.100000000000001e-07 4.095e-06)
(5.849999999999999e-07 9.100000000000001e-07 4.095e-06)
(6.5e-07 9.099999999999998e-07 4.095e-06)
(7.149999999999999e-07 9.100000000000001e-07 4.095e-06)
(7.799999999999998e-07 9.100000000000001e-07 4.095e-06)
(1.95e-07 9.75e-07 4.095000000000001e-06)
(2.6e-07 9.75e-07 4.095e-06)
(3.25e-07 9.75e-07 4.095e-06)
(3.899999999999999e-07 9.75e-07 4.095e-06)
(4.55e-07 9.75e-07 4.095e-06)
(5.2e-07 9.75e-07 4.095e-06)
(5.85e-07 9.75e-07 4.095e-06)
(6.5e-07 9.75e-07 4.095e-06)
(7.149999999999999e-07 9.75e-07 4.095000000000001e-06)
(7.799999999999998e-07 9.75e-07 4.095e-06)
(8.450000000000001e-07 9.75e-07 4.095e-06)
(9.1e-07 9.75e-07 4.095e-06)
(1.95e-07 1.04e-06 4.095000000000001e-06)
(2.6e-07 1.04e-06 4.095e-06)
(3.25e-07 1.04e-06 4.095000000000001e-06)
(3.899999999999999e-07 1.04e-06 4.095e-06)
(4.55e-07 1.04e-06 4.095e-06)
(5.2e-07 1.04e-06 4.095000000000001e-06)
(5.849999999999999e-07 1.04e-06 4.095e-06)
(6.5e-07 1.04e-06 4.095e-06)
(7.149999999999999e-07 1.04e-06 4.095e-06)
(7.799999999999998e-07 1.04e-06 4.095e-06)
(8.450000000000001e-07 1.04e-06 4.095e-06)
(9.1e-07 1.04e-06 4.095e-06)
(1.95e-07 1.105e-06 4.095e-06)
(2.6e-07 1.105e-06 4.095000000000001e-06)
(3.25e-07 1.105e-06 4.095e-06)
(3.899999999999999e-07 1.105e-06 4.095000000000001e-06)
(4.55e-07 1.105e-06 4.095e-06)
(5.2e-07 1.105e-06 4.095000000000001e-06)
(5.849999999999999e-07 1.105e-06 4.095e-06)
(6.5e-07 1.105e-06 4.095000000000001e-06)
(7.150000000000001e-07 1.105e-06 4.095e-06)
(7.799999999999998e-07 1.105e-06 4.095e-06)
(8.450000000000001e-07 1.105e-06 4.095e-06)
(9.1e-07 1.105e-06 4.095000000000001e-06)
(9.75e-07 1.105e-06 4.095000000000001e-06)
(2.6e-07 1.17e-06 4.095e-06)
(3.25e-07 1.17e-06 4.095000000000001e-06)
(3.899999999999999e-07 1.17e-06 4.095000000000001e-06)
(4.55e-07 1.17e-06 4.095e-06)
(5.2e-07 1.17e-06 4.095000000000001e-06)
(5.849999999999999e-07 1.17e-06 4.095000000000001e-06)
(6.5e-07 1.17e-06 4.095e-06)
(7.149999999999999e-07 1.17e-06 4.095e-06)
(7.799999999999998e-07 1.17e-06 4.095e-06)
(8.450000000000001e-07 1.17e-06 4.095e-06)
(9.100000000000001e-07 1.17e-06 4.095000000000001e-06)
(9.75e-07 1.17e-06 4.095000000000001e-06)
(2.6e-07 1.235e-06 4.095e-06)
(3.25e-07 1.235e-06 4.095000000000001e-06)
(3.899999999999999e-07 1.235e-06 4.095000000000001e-06)
(4.55e-07 1.235e-06 4.095000000000001e-06)
(5.2e-07 1.235e-06 4.095000000000001e-06)
(5.849999999999999e-07 1.235e-06 4.095000000000001e-06)
(6.5e-07 1.235e-06 4.095000000000001e-06)
(7.150000000000001e-07 1.235e-06 4.095000000000001e-06)
(7.799999999999998e-07 1.235e-06 4.095000000000001e-06)
(8.450000000000001e-07 1.235e-06 4.095e-06)
(9.1e-07 1.235e-06 4.095e-06)
(3.899999999999999e-07 1.3e-06 4.095000000000001e-06)
(4.55e-07 1.3e-06 4.095000000000001e-06)
(5.2e-07 1.3e-06 4.095000000000001e-06)
(5.85e-07 1.3e-06 4.095000000000001e-06)
(6.5e-07 1.3e-06 4.095000000000001e-06)
(7.150000000000001e-07 1.3e-06 4.095000000000001e-06)
(7.799999999999998e-07 1.3e-06 4.095000000000001e-06)
(8.450000000000001e-07 1.3e-06 4.095e-06)
(9.1e-07 1.3e-06 4.095e-06)
(5.849999999999999e-07 1.365e-06 4.095000000000001e-06)
(6.5e-07 1.365e-06 4.095e-06)
(7.150000000000001e-07 1.365e-06 4.095e-06)
(7.799999999999998e-07 1.365e-06 4.095e-06)
(3.25e-07 8.450000000000001e-07 4.160000000000001e-06)
(3.899999999999999e-07 8.450000000000001e-07 4.16e-06)
(4.55e-07 8.450000000000001e-07 4.16e-06)
(5.2e-07 8.450000000000001e-07 4.16e-06)
(5.85e-07 8.450000000000001e-07 4.160000000000001e-06)
(2.6e-07 9.1e-07 4.16e-06)
(3.25e-07 9.1e-07 4.16e-06)
(3.899999999999999e-07 9.1e-07 4.16e-06)
(4.55e-07 9.100000000000001e-07 4.16e-06)
(5.2e-07 9.1e-07 4.16e-06)
(5.849999999999999e-07 9.1e-07 4.16e-06)
(6.5e-07 9.099999999999998e-07 4.16e-06)
(7.149999999999999e-07 9.100000000000001e-07 4.16e-06)
(7.799999999999998e-07 9.1e-07 4.16e-06)
(1.95e-07 9.75e-07 4.159999999999999e-06)
(2.6e-07 9.75e-07 4.16e-06)
(3.25e-07 9.75e-07 4.159999999999999e-06)
(3.899999999999999e-07 9.75e-07 4.16e-06)
(4.55e-07 9.75e-07 4.160000000000001e-06)
(5.2e-07 9.75e-07 4.16e-06)
(5.85e-07 9.75e-07 4.159999999999999e-06)
(6.5e-07 9.75e-07 4.16e-06)
(7.149999999999999e-07 9.75e-07 4.16e-06)
(7.799999999999998e-07 9.75e-07 4.160000000000001e-06)
(8.450000000000001e-07 9.75e-07 4.159999999999999e-06)
(9.1e-07 9.75e-07 4.16e-06)
(1.95e-07 1.04e-06 4.16e-06)
(2.6e-07 1.04e-06 4.16e-06)
(3.25e-07 1.04e-06 4.160000000000001e-06)
(3.899999999999999e-07 1.04e-06 4.160000000000001e-06)
(4.55e-07 1.04e-06 4.16e-06)
(5.2e-07 1.04e-06 4.160000000000001e-06)
(5.849999999999999e-07 1.04e-06 4.160000000000001e-06)
(6.5e-07 1.04e-06 4.16e-06)
(7.149999999999999e-07 1.04e-06 4.160000000000001e-06)
(7.799999999999998e-07 1.04e-06 4.160000000000001e-06)
(8.450000000000001e-07 1.04e-06 4.16e-06)
(9.1e-07 1.04e-06 4.159999999999999e-06)
(1.95e-07 1.105e-06 4.16e-06)
(2.6e-07 1.105e-06 4.159999999999999e-06)
(3.25e-07 1.105e-06 4.16e-06)
(3.899999999999999e-07 1.105e-06 4.160000000000001e-06)
(4.55e-07 1.105e-06 4.16e-06)
(5.2e-07 1.105e-06 4.160000000000001e-06)
(5.849999999999999e-07 1.105e-06 4.16e-06)
(6.5e-07 1.105e-06 4.159999999999999e-06)
(7.150000000000001e-07 1.105e-06 4.16e-06)
(7.799999999999998e-07 1.105e-06 4.16e-06)
(8.450000000000001e-07 1.105e-06 4.160000000000001e-06)
(9.1e-07 1.105e-06 4.16e-06)
(9.75e-07 1.105e-06 4.16e-06)
(2.6e-07 1.17e-06 4.16e-06)
(3.25e-07 1.17e-06 4.16e-06)
(3.899999999999999e-07 1.17e-06 4.160000000000001e-06)
(4.549999999999999e-07 1.17e-06 4.16e-06)
(5.2e-07 1.17e-06 4.16e-06)
(5.849999999999999e-07 1.17e-06 4.16e-06)
(6.5e-07 1.17e-06 4.16e-06)
(7.149999999999999e-07 1.17e-06 4.16e-06)
(7.799999999999998e-07 1.17e-06 4.16e-06)
(8.450000000000001e-07 1.17e-06 4.16e-06)
(9.099999999999998e-07 1.17e-06 4.16e-06)
(9.75e-07 1.17e-06 4.16e-06)
(2.6e-07 1.235e-06 4.160000000000001e-06)
(3.25e-07 1.235e-06 4.16e-06)
(3.899999999999999e-07 1.235e-06 4.159999999999999e-06)
(4.55e-07 1.235e-06 4.16e-06)
(5.2e-07 1.235e-06 4.159999999999999e-06)
(5.849999999999999e-07 1.235e-06 4.16e-06)
(6.5e-07 1.235e-06 4.16e-06)
(7.150000000000001e-07 1.235e-06 4.16e-06)
(7.799999999999998e-07 1.235e-06 4.160000000000001e-06)
(8.450000000000001e-07 1.235e-06 4.159999999999999e-06)
(9.1e-07 1.235e-06 4.16e-06)
(3.899999999999999e-07 1.3e-06 4.159999999999999e-06)
(4.549999999999999e-07 1.3e-06 4.16e-06)
(5.2e-07 1.3e-06 4.159999999999999e-06)
(5.85e-07 1.3e-06 4.16e-06)
(6.5e-07 1.3e-06 4.160000000000001e-06)
(7.150000000000001e-07 1.3e-06 4.16e-06)
(7.799999999999998e-07 1.3e-06 4.160000000000001e-06)
(8.450000000000001e-07 1.3e-06 4.159999999999999e-06)
(9.099999999999998e-07 1.3e-06 4.16e-06)
(5.849999999999999e-07 1.365e-06 4.16e-06)
(6.5e-07 1.365e-06 4.160000000000001e-06)
(7.150000000000001e-07 1.364999999999999e-06 4.16e-06)
(7.799999999999998e-07 1.365e-06 4.16e-06)
)


// ************************************************************************* //
