/*--------------------------------*- C++ -*----------------------------------*\
  =========                 |
  \\      /  F ield         | OpenFOAM: The Open Source CFD Toolbox
   \\    /   O peration     | Website:  https://openfoam.org
    \\  /    A nd           | Version:  6
     \\/     M anipulation  |
\*---------------------------------------------------------------------------*/
FoamFile
{
    version     2.0;
    format      ascii;
    class       faceList;
    location    "constant/region535/polyMesh";
    object      faces;
}
// * * * * * * * * * * * * * * * * * * * * * * * * * * * * * * * * * * * * * //


64
(
4(10 11 15 14)
4(7 22 23 8)
4(7 11 26 22)
4(10 25 26 11)
4(21 22 26 25)
4(8 12 27 23)
4(11 26 27 12)
4(22 23 27 26)
4(11 15 30 26)
4(14 29 30 15)
4(25 26 30 29)
4(26 27 31 30)
4(29 30 33 32)
4(22 26 39 36)
4(25 38 39 26)
4(26 39 40 27)
4(26 30 42 39)
4(29 41 42 30)
4(30 42 43 31)
4(30 33 45 42)
4(0 10 14 2)
4(6 21 25 10)
4(10 25 29 14)
4(14 29 32 17)
4(21 35 38 25)
4(25 38 41 29)
4(29 41 44 32)
4(2 14 15 3)
4(14 17 18 15)
4(4 5 20 19)
4(4 19 22 7)
4(6 7 22 21)
4(5 8 23 20)
4(19 20 23 22)
4(8 9 24 23)
4(12 27 28 13)
4(23 24 28 27)
4(12 16 31 27)
4(15 30 31 16)
4(15 18 33 30)
4(17 32 33 18)
4(30 33 34 31)
4(22 23 37 36)
4(23 27 40 37)
4(27 31 43 40)
4(31 34 46 43)
4(33 45 46 34)
4(35 36 39 38)
4(36 37 40 39)
4(38 39 42 41)
4(39 40 43 42)
4(41 42 45 44)
4(42 43 46 45)
4(0 2 3 1)
4(4 7 8 5)
4(0 1 11 10)
4(6 10 11 7)
4(7 11 12 8)
4(8 12 13 9)
4(1 3 15 11)
4(11 15 16 12)
4(9 13 28 24)
4(21 22 36 35)
4(32 44 45 33)
)


// ************************************************************************* //
