/*--------------------------------*- C++ -*----------------------------------*\
  =========                 |
  \\      /  F ield         | OpenFOAM: The Open Source CFD Toolbox
   \\    /   O peration     | Website:  https://openfoam.org
    \\  /    A nd           | Version:  6
     \\/     M anipulation  |
\*---------------------------------------------------------------------------*/
FoamFile
{
    version     2.0;
    format      ascii;
    class       faceList;
    location    "constant/region80/polyMesh";
    object      faces;
}
// * * * * * * * * * * * * * * * * * * * * * * * * * * * * * * * * * * * * * //


39
(
4(1 4 17 13)
4(3 16 17 4)
4(12 13 17 16)
4(4 17 18 5)
4(4 7 20 17)
4(16 17 20 19)
4(7 20 21 8)
4(12 16 28 25)
4(16 28 29 17)
4(11 12 25 24)
4(0 1 13 12)
4(12 13 26 25)
4(1 2 14 13)
4(0 3 4 1)
4(1 4 5 2)
4(3 6 7 4)
4(4 7 8 5)
4(7 9 10 8)
4(0 12 16 3)
4(11 15 16 12)
4(3 16 19 6)
4(6 19 20 7)
4(7 20 22 9)
4(11 24 27 15)
4(15 27 28 16)
4(16 28 30 19)
4(2 5 18 14)
4(13 14 18 17)
4(5 8 21 18)
4(17 18 21 20)
4(8 10 23 21)
4(9 22 23 10)
4(20 21 23 22)
4(24 25 28 27)
4(13 17 29 26)
4(25 26 29 28)
4(17 20 31 29)
4(19 30 31 20)
4(28 29 31 30)
)


// ************************************************************************* //
