/*--------------------------------*- C++ -*----------------------------------*\
  =========                 |
  \\      /  F ield         | OpenFOAM: The Open Source CFD Toolbox
   \\    /   O peration     | Website:  https://openfoam.org
    \\  /    A nd           | Version:  6
     \\/     M anipulation  |
\*---------------------------------------------------------------------------*/
FoamFile
{
    version     2.0;
    format      ascii;
    class       labelList;
    location    "constant/region827/polyMesh";
    object      cellRegionAddressing;
}
// * * * * * * * * * * * * * * * * * * * * * * * * * * * * * * * * * * * * * //


287
(
221187
221188
221189
221190
221191
221192
221252
221253
221254
225283
225284
225285
225286
225287
225288
225289
225348
225349
225350
225351
225352
229378
229379
229380
229381
229382
229383
229384
229385
229386
229443
229444
229445
229446
229447
229448
229449
229450
229508
229509
229510
229511
229512
233474
233475
233476
233477
233478
233479
233480
233481
233482
233483
233538
233539
233540
233541
233542
233543
233544
233545
233546
233547
233603
233604
233605
233606
233607
233608
233609
233610
233670
233671
233672
237570
237571
237572
237573
237574
237575
237576
237577
237578
237579
237580
237634
237635
237636
237637
237638
237639
237640
237641
237642
237643
237699
237700
237701
237702
237703
237704
237705
237706
237765
237766
237767
237768
237769
241666
241667
241668
241669
241670
241671
241672
241673
241674
241675
241676
241731
241732
241733
241734
241735
241736
241737
241738
241739
241796
241797
241798
241799
241800
241801
241802
241861
241862
241863
241864
241865
241927
241928
245762
245763
245764
245765
245766
245767
245768
245769
245770
245771
245827
245828
245829
245830
245831
245832
245833
245834
245835
245892
245893
245894
245895
245896
245897
245898
245899
245957
245958
245959
245960
245961
249858
249859
249860
249861
249865
249866
249867
249923
249924
249925
249926
249929
249930
249931
249932
249933
249934
249989
249990
249991
249992
249993
249994
249995
249996
249997
249998
249999
250054
250055
250060
250061
250062
250063
253963
253964
253965
253966
253967
254026
254027
254028
254029
254030
254031
254032
254090
254091
254092
254093
254094
254095
254096
254155
254156
254157
254158
254159
254160
254161
254220
254221
254222
254223
254224
254286
254287
254288
258058
258059
258060
258061
258062
258063
258064
258122
258123
258124
258125
258126
258127
258128
258129
258186
258187
258188
258189
258190
258191
258192
258193
258251
258252
258253
258254
258255
258256
258257
258315
258316
258317
258318
258319
258320
258321
258381
258382
258383
258384
258385
258447
258448
258449
)


// ************************************************************************* //
