/*--------------------------------*- C++ -*----------------------------------*\
  =========                 |
  \\      /  F ield         | OpenFOAM: The Open Source CFD Toolbox
   \\    /   O peration     | Website:  https://openfoam.org
    \\  /    A nd           | Version:  6
     \\/     M anipulation  |
\*---------------------------------------------------------------------------*/
FoamFile
{
    version     2.0;
    format      ascii;
    class       labelList;
    location    "constant/region827/polyMesh";
    object      faceRegionAddressing;
}
// * * * * * * * * * * * * * * * * * * * * * * * * * * * * * * * * * * * * * //


1076
(
656650
656652
656653
656654
656655
656656
656657
656658
656659
656660
656661
656662
656664
656667
656844
656846
656847
656849
656852
668810
668812
668813
668814
668815
668816
668817
668818
668819
668820
668821
668822
668823
668824
668825
668826
668827
668830
669004
669006
669007
669009
669010
669012
669013
669015
669018
680967
680969
680970
680971
680972
680973
680974
680975
680976
680977
680978
680979
680980
680981
680982
680983
680984
680985
680986
680987
680988
680989
680990
680992
680993
681161
681163
681164
681165
681166
681167
681168
681169
681170
681171
681172
681173
681174
681175
681176
681177
681178
681179
681181
681184
681355
681357
681358
681360
681361
681363
681364
681366
681369
693127
693128
693129
693130
693131
693132
693133
693134
693135
693136
693137
693138
693139
693140
693141
693142
693143
693144
693145
693146
693147
693148
693149
693150
693151
693152
693153
693155
693156
693318
693320
693321
693322
693323
693324
693325
693326
693327
693328
693329
693330
693331
693332
693333
693334
693335
693336
693337
693338
693339
693340
693341
693342
693343
693344
693347
693512
693514
693515
693517
693518
693520
693521
693522
693523
693524
693525
693526
693527
693528
693529
693530
693532
693535
693712
693714
693715
693717
693720
705287
705288
705289
705290
705291
705292
705293
705294
705295
705296
705297
705298
705299
705300
705301
705302
705303
705304
705305
705306
705307
705308
705309
705310
705311
705312
705313
705314
705315
705316
705319
705478
705481
705482
705483
705484
705485
705486
705487
705488
705489
705490
705491
705492
705493
705494
705495
705496
705497
705498
705499
705500
705501
705502
705503
705504
705507
705672
705675
705677
705678
705679
705680
705681
705682
705683
705684
705685
705686
705687
705688
705689
705690
705691
705692
705695
705869
705871
705872
705874
705875
705877
705878
705880
705883
717447
717449
717450
717451
717452
717453
717454
717455
717456
717457
717458
717459
717460
717461
717462
717463
717464
717465
717466
717467
717468
717469
717470
717471
717472
717473
717474
717475
717476
717641
717643
717644
717645
717646
717647
717648
717649
717650
717651
717652
717653
717654
717655
717656
717657
717658
717659
717660
717661
717662
717663
717664
717667
717835
717837
717838
717839
717840
717841
717842
717843
717844
717845
717846
717847
717848
717849
717850
717851
717852
717855
718029
718031
718032
718034
718035
718036
718037
718038
718039
718040
718043
718226
729607
729609
729610
729611
729612
729613
729614
729615
729616
729617
729618
729619
729620
729622
729623
729625
729626
729628
729629
729630
729631
729632
729633
729635
729636
729801
729803
729804
729805
729806
729807
729808
729809
729810
729811
729812
729813
729814
729816
729817
729819
729820
729821
729822
729823
729824
729826
729827
729995
729998
729999
730000
730001
730002
730003
730004
730005
730006
730007
730008
730009
730010
730011
730012
730013
730015
730018
730189
730192
730194
730195
730197
730198
741767
741770
741771
741773
741774
741777
741788
741789
741791
741792
741795
741796
741961
741964
741967
741968
741971
741979
741980
741982
741983
741984
741985
741986
741987
741988
741989
741990
741991
741992
741993
741995
741996
742158
742161
742162
742164
742165
742167
742170
742173
742175
742176
742178
742179
742180
742181
742182
742183
742184
742185
742186
742187
742189
742190
742352
742370
742372
742373
742375
742376
742378
742381
753954
753955
753956
753957
753958
753959
753960
753961
753962
753963
753964
753965
753967
753968
754142
754143
754144
754145
754146
754147
754148
754149
754150
754151
754152
754153
754154
754155
754156
754157
754158
754159
754161
754162
754333
754335
754336
754337
754338
754339
754340
754341
754342
754343
754344
754345
754346
754347
754348
754349
754350
754352
754353
754527
754529
754530
754531
754532
754533
754534
754535
754536
754537
754538
754539
754540
754541
754542
754543
754544
754547
754721
754723
754724
754726
754727
754728
754729
754730
754731
754732
754734
754735
754918
754920
754921
754923
754926
766111
766112
766114
766115
766117
766118
766120
766121
766123
766124
766126
766127
766130
766302
766303
766305
766306
766308
766309
766311
766312
766314
766315
766317
766318
766320
766321
766324
766493
766496
766497
766499
766500
766502
766503
766505
766506
766508
766509
766511
766512
766515
766687
766688
766690
766691
766693
766694
766696
766697
766699
766700
766702
766703
766706
766878
766881
766884
766885
766887
766888
766890
766891
766893
766894
766897
767075
767078
767081
767082
767084
767085
767088
767272
767275
895929
895930
895931
895932
895933
895934
895991
895992
895993
895994
895995
895996
895997
895998
896055
896056
896057
896058
896059
896060
896061
896062
896119
896120
896121
896122
896123
896124
896125
896126
896183
896184
896185
896186
896187
896188
896189
896247
896248
896249
896250
896251
896252
896253
896311
896312
896313
896314
896315
896316
896317
896376
896377
896378
896379
896380
896381
896382
896441
896442
896443
896444
896445
896446
896448
896506
896507
896508
896509
896510
896511
896512
896571
896572
896575
896576
896639
896640
896703
896704
896767
896768
896832
741794
-741798
-741799
754924
-754929
-766875
-644492
741793
-753951
-753952
-753953
754722
717479
729621
729624
729627
729634
729815
729818
-729836
-730027
-730030
730200
730203
-730212
-730215
-730218
-730221
741775
741776
741778
-741780
-741785
741790
-741801
-741802
-741804
-741805
-741808
741966
741969
741970
741972
-741974
-741976
-741977
741981
741994
-741998
-741999
-742002
742160
742163
742166
742168
742169
742171
742172
742174
742177
742188
-742193
742354
742355
742357
-742367
-742369
742371
742374
742377
742379
742380
-742384
-742387
-742563
-742566
-742569
-742572
-742575
-742760
-742763
-742766
753966
-753970
-753971
-754139
754160
-754165
-754330
754334
754351
-754355
-754356
-754524
754528
754545
754546
-754718
-754720
754725
754733
-754738
-754915
-754917
-755120
-766108
766129
-766133
-766299
766323
-766490
766494
766514
-766684
766705
766879
766882
766896
-767072
767076
767079
767087
-767269
767273
767276
767278
767279
754919
754922
754925
-755114
-755117
766113
766116
766119
766122
766125
766128
766131
766304
766307
766310
766313
766316
766319
766322
766325
766495
766498
766501
766504
766507
766510
766513
766516
766689
766692
766695
766698
766701
766704
766707
766880
766883
766886
766889
766892
766895
766898
767077
767080
767083
767086
767089
767274
767277
767280
-644495
-644498
-644501
-644504
-644507
-644686
-644689
-644692
-656647
656651
656663
656665
656666
-656670
-656841
656845
656848
656850
656851
-656855
-656858
-668807
-668809
668811
668828
668829
-668833
-669001
-669003
669005
669008
669011
669014
669016
669017
-669021
-669024
-669197
-669200
-669203
-669206
-669209
-680964
680968
680991
-680996
-681158
-681160
681162
681180
681182
681183
-681187
-681352
-681354
681356
681359
681362
681365
681367
681368
-681372
-681375
-681554
-681557
-681560
-693124
693154
-693159
-693315
693319
693345
693346
-693509
693513
693516
693519
693531
693533
693534
-693709
-693711
693713
693716
693718
693719
-693723
-705284
705317
705318
-705475
705479
705480
705505
705506
-705669
705673
705674
705676
705693
705694
-705866
705870
705873
705876
705879
705881
705882
-706068
-706071
-717444
717448
717477
717478
-717638
717642
717665
717666
-717832
717836
717853
717854
-717858
-718026
718030
718033
718041
718042
-718223
718227
718228
718229
718230
718231
-729604
729608
-729798
729802
729825
-729830
-729833
-729992
729996
729997
730014
730016
730017
-730021
-730024
-730186
730190
730191
730193
730196
730199
730201
730202
-741764
741768
741769
741772
-741958
741962
741963
741965
-742155
742159
-742349
742353
742356
)


// ************************************************************************* //
