/*--------------------------------*- C++ -*----------------------------------*\
  =========                 |
  \\      /  F ield         | OpenFOAM: The Open Source CFD Toolbox
   \\    /   O peration     | Website:  https://openfoam.org
    \\  /    A nd           | Version:  6
     \\/     M anipulation  |
\*---------------------------------------------------------------------------*/
FoamFile
{
    version     2.0;
    format      ascii;
    class       faceList;
    location    "constant/region827/polyMesh";
    object      faces;
}
// * * * * * * * * * * * * * * * * * * * * * * * * * * * * * * * * * * * * * //


1076
(
4(1 8 27 19)
4(18 19 27 26)
4(2 9 28 20)
4(8 27 28 9)
4(19 20 28 27)
4(3 10 29 21)
4(9 28 29 10)
4(20 21 29 28)
4(4 11 30 22)
4(10 29 30 11)
4(21 22 30 29)
4(5 12 31 23)
4(22 23 31 30)
4(23 24 32 31)
4(9 15 35 28)
4(27 28 35 34)
4(10 16 36 29)
4(28 29 36 35)
4(29 30 37 36)
4(19 27 52 42)
4(41 42 52 51)
4(20 28 53 43)
4(27 52 53 28)
4(42 43 53 52)
4(21 29 54 44)
4(28 53 54 29)
4(43 44 54 53)
4(22 30 55 45)
4(29 54 55 30)
4(44 45 55 54)
4(23 31 56 46)
4(30 55 56 31)
4(45 46 56 55)
4(24 32 57 47)
4(31 56 57 32)
4(46 47 57 56)
4(47 48 58 57)
4(28 35 62 53)
4(52 53 62 61)
4(29 36 63 54)
4(53 54 63 62)
4(30 37 64 55)
4(54 55 64 63)
4(31 38 65 56)
4(55 56 65 64)
4(56 57 66 65)
4(41 51 87 76)
4(75 76 87 86)
4(42 52 88 77)
4(51 87 88 52)
4(76 77 88 87)
4(43 53 89 78)
4(52 88 89 53)
4(77 78 89 88)
4(44 54 90 79)
4(53 89 90 54)
4(78 79 90 89)
4(45 55 91 80)
4(54 90 91 55)
4(79 80 91 90)
4(46 56 92 81)
4(55 91 92 56)
4(80 81 92 91)
4(47 57 93 82)
4(56 92 93 57)
4(81 82 93 92)
4(48 58 94 83)
4(57 93 94 58)
4(82 83 94 93)
4(58 94 95 59)
4(83 84 95 94)
4(52 61 99 88)
4(87 88 99 98)
4(53 62 100 89)
4(61 99 100 62)
4(88 89 100 99)
4(54 63 101 90)
4(62 100 101 63)
4(89 90 101 100)
4(55 64 102 91)
4(63 101 102 64)
4(90 91 102 101)
4(56 65 103 92)
4(64 102 103 65)
4(91 92 103 102)
4(57 66 104 93)
4(65 103 104 66)
4(92 93 104 103)
4(58 67 105 94)
4(93 94 105 104)
4(94 95 106 105)
4(62 70 110 100)
4(99 100 110 109)
4(63 71 111 101)
4(100 101 111 110)
4(64 72 112 102)
4(101 102 112 111)
4(65 73 113 103)
4(102 103 113 112)
4(103 104 114 113)
4(76 87 134 122)
4(86 133 134 87)
4(121 122 134 133)
4(77 88 135 123)
4(87 134 135 88)
4(122 123 135 134)
4(78 89 136 124)
4(88 135 136 89)
4(123 124 136 135)
4(79 90 137 125)
4(89 136 137 90)
4(124 125 137 136)
4(80 91 138 126)
4(90 137 138 91)
4(125 126 138 137)
4(81 92 139 127)
4(91 138 139 92)
4(126 127 139 138)
4(82 93 140 128)
4(92 139 140 93)
4(127 128 140 139)
4(83 94 141 129)
4(93 140 141 94)
4(128 129 141 140)
4(84 95 142 130)
4(94 141 142 95)
4(129 130 142 141)
4(95 142 143 96)
4(130 131 143 142)
4(87 98 146 134)
4(133 134 146 145)
4(88 99 147 135)
4(98 146 147 99)
4(134 135 147 146)
4(89 100 148 136)
4(99 147 148 100)
4(135 136 148 147)
4(90 101 149 137)
4(100 148 149 101)
4(136 137 149 148)
4(91 102 150 138)
4(101 149 150 102)
4(137 138 150 149)
4(92 103 151 139)
4(102 150 151 103)
4(138 139 151 150)
4(93 104 152 140)
4(103 151 152 104)
4(139 140 152 151)
4(94 105 153 141)
4(104 152 153 105)
4(140 141 153 152)
4(95 106 154 142)
4(105 153 154 106)
4(141 142 154 153)
4(142 143 155 154)
4(99 109 157 147)
4(146 147 157 156)
4(100 110 158 148)
4(147 148 158 157)
4(101 111 159 149)
4(148 149 159 158)
4(102 112 160 150)
4(111 159 160 112)
4(149 150 160 159)
4(103 113 161 151)
4(112 160 161 113)
4(150 151 161 160)
4(104 114 162 152)
4(113 161 162 114)
4(151 152 162 161)
4(105 115 163 153)
4(152 153 163 162)
4(153 154 164 163)
4(112 118 167 160)
4(159 160 167 166)
4(113 119 168 161)
4(160 161 168 167)
4(161 162 169 168)
4(122 134 184 172)
4(133 183 184 134)
4(171 172 184 183)
4(123 135 185 173)
4(134 184 185 135)
4(172 173 185 184)
4(124 136 186 174)
4(135 185 186 136)
4(173 174 186 185)
4(125 137 187 175)
4(136 186 187 137)
4(174 175 187 186)
4(126 138 188 176)
4(137 187 188 138)
4(175 176 188 187)
4(127 139 189 177)
4(138 188 189 139)
4(176 177 189 188)
4(128 140 190 178)
4(139 189 190 140)
4(177 178 190 189)
4(129 141 191 179)
4(140 190 191 141)
4(178 179 191 190)
4(130 142 192 180)
4(141 191 192 142)
4(179 180 192 191)
4(131 143 193 181)
4(142 192 193 143)
4(180 181 193 192)
4(181 182 194 193)
4(134 146 196 184)
4(135 147 197 185)
4(146 196 197 147)
4(184 185 197 196)
4(136 148 198 186)
4(147 197 198 148)
4(185 186 198 197)
4(137 149 199 187)
4(148 198 199 149)
4(186 187 199 198)
4(138 150 200 188)
4(149 199 200 150)
4(187 188 200 199)
4(139 151 201 189)
4(150 200 201 151)
4(188 189 201 200)
4(140 152 202 190)
4(151 201 202 152)
4(189 190 202 201)
4(141 153 203 191)
4(152 202 203 153)
4(190 191 203 202)
4(142 154 204 192)
4(153 203 204 154)
4(191 192 204 203)
4(192 193 205 204)
4(147 157 207 197)
4(148 158 208 198)
4(197 198 208 207)
4(149 159 209 199)
4(158 208 209 159)
4(198 199 209 208)
4(150 160 210 200)
4(159 209 210 160)
4(199 200 210 209)
4(151 161 211 201)
4(160 210 211 161)
4(200 201 211 210)
4(152 162 212 202)
4(161 211 212 162)
4(201 202 212 211)
4(153 163 213 203)
4(162 212 213 163)
4(202 203 213 212)
4(203 204 214 213)
4(159 166 216 209)
4(208 209 216 215)
4(160 167 217 210)
4(209 210 217 216)
4(161 168 218 211)
4(210 211 218 217)
4(162 169 219 212)
4(211 212 219 218)
4(212 213 220 219)
4(172 184 237 225)
4(224 225 237 236)
4(173 185 238 226)
4(184 237 238 185)
4(225 226 238 237)
4(174 186 239 227)
4(185 238 239 186)
4(226 227 239 238)
4(175 187 240 228)
4(186 239 240 187)
4(227 228 240 239)
4(176 188 241 229)
4(187 240 241 188)
4(228 229 241 240)
4(177 189 242 230)
4(188 241 242 189)
4(229 230 242 241)
4(178 190 243 231)
4(189 242 243 190)
4(230 231 243 242)
4(179 191 244 232)
4(190 243 244 191)
4(231 232 244 243)
4(180 192 245 233)
4(191 244 245 192)
4(232 233 245 244)
4(181 193 246 234)
4(192 245 246 193)
4(233 234 246 245)
4(185 197 249 238)
4(237 238 249 248)
4(186 198 250 239)
4(197 249 250 198)
4(238 239 250 249)
4(187 199 251 240)
4(198 250 251 199)
4(239 240 251 250)
4(188 200 252 241)
4(199 251 252 200)
4(240 241 252 251)
4(189 201 253 242)
4(200 252 253 201)
4(241 242 253 252)
4(190 202 254 243)
4(201 253 254 202)
4(242 243 254 253)
4(191 203 255 244)
4(202 254 255 203)
4(243 244 255 254)
4(192 204 256 245)
4(203 255 256 204)
4(244 245 256 255)
4(245 246 257 256)
4(198 208 259 250)
4(249 250 259 258)
4(199 209 260 251)
4(208 259 260 209)
4(250 251 260 259)
4(200 210 261 252)
4(209 260 261 210)
4(251 252 261 260)
4(201 211 262 253)
4(210 261 262 211)
4(252 253 262 261)
4(202 212 263 254)
4(211 262 263 212)
4(253 254 263 262)
4(203 213 264 255)
4(212 263 264 213)
4(254 255 264 263)
4(255 256 265 264)
4(209 216 268 260)
4(259 260 268 267)
4(210 217 269 261)
4(260 261 269 268)
4(211 218 270 262)
4(217 269 270 218)
4(261 262 270 269)
4(212 219 271 263)
4(218 270 271 219)
4(262 263 271 270)
4(263 264 272 271)
4(218 222 274 270)
4(225 237 288 277)
4(276 277 288 287)
4(226 238 289 278)
4(237 288 289 238)
4(277 278 289 288)
4(227 239 290 279)
4(238 289 290 239)
4(278 279 290 289)
4(228 240 291 280)
4(239 290 291 240)
4(279 280 291 290)
4(229 241 292 281)
4(240 291 292 241)
4(230 242 293 282)
4(241 292 293 242)
4(231 243 294 283)
4(242 293 294 243)
4(232 244 295 284)
4(243 294 295 244)
4(283 284 295 294)
4(233 245 296 285)
4(244 295 296 245)
4(284 285 296 295)
4(245 296 297 246)
4(285 286 297 296)
4(238 249 302 289)
4(288 289 302 301)
4(239 250 303 290)
4(249 302 303 250)
4(289 290 303 302)
4(240 251 304 291)
4(250 303 304 251)
4(290 291 304 303)
4(241 252 305 292)
4(251 304 305 252)
4(291 292 305 304)
4(242 253 306 293)
4(252 305 306 253)
4(243 254 307 294)
4(253 306 307 254)
4(244 255 308 295)
4(254 307 308 255)
4(294 295 308 307)
4(245 256 309 296)
4(255 308 309 256)
4(295 296 309 308)
4(256 309 310 257)
4(296 297 310 309)
4(250 259 316 303)
4(251 260 317 304)
4(259 316 317 260)
4(303 304 317 316)
4(252 261 318 305)
4(260 317 318 261)
4(304 305 318 317)
4(253 262 319 306)
4(261 318 319 262)
4(305 306 319 318)
4(254 263 320 307)
4(262 319 320 263)
4(306 307 320 319)
4(255 264 321 308)
4(263 320 321 264)
4(307 308 321 320)
4(256 265 322 309)
4(308 309 322 321)
4(309 310 323 322)
4(260 268 329 317)
4(261 269 330 318)
4(317 318 330 329)
4(262 270 331 319)
4(318 319 331 330)
4(263 271 332 320)
4(277 288 353 340)
4(278 289 354 341)
4(288 353 354 289)
4(279 290 355 342)
4(289 354 355 290)
4(290 355 356 291)
4(284 295 359 345)
4(294 358 359 295)
4(285 296 360 346)
4(295 359 360 296)
4(296 360 361 297)
4(346 347 361 360)
4(289 302 368 354)
4(290 303 369 355)
4(291 304 370 356)
4(303 369 370 304)
4(304 370 371 305)
4(295 308 374 359)
4(307 373 374 308)
4(296 309 375 360)
4(308 374 375 309)
4(359 360 375 374)
4(297 310 376 361)
4(309 375 376 310)
4(360 361 376 375)
4(298 311 377 362)
4(310 376 377 311)
4(361 362 377 376)
4(299 312 378 363)
4(311 377 378 312)
4(362 363 378 377)
4(312 378 379 313)
4(363 364 379 378)
4(304 317 383 370)
4(305 318 384 371)
4(317 383 384 318)
4(306 319 385 372)
4(318 384 385 319)
4(307 320 386 373)
4(308 321 387 374)
4(309 322 388 375)
4(374 375 388 387)
4(310 323 389 376)
4(375 376 389 388)
4(311 324 390 377)
4(323 389 390 324)
4(376 377 390 389)
4(312 325 391 378)
4(324 390 391 325)
4(377 378 391 390)
4(313 326 392 379)
4(325 391 392 326)
4(378 379 392 391)
4(326 392 393 327)
4(379 380 393 392)
4(318 330 397 384)
4(324 335 401 390)
4(389 390 401 400)
4(325 336 402 391)
4(390 391 402 401)
4(326 337 403 392)
4(391 392 403 402)
4(392 393 404 403)
4(347 361 427 419)
4(360 426 427 361)
4(418 419 427 426)
4(348 362 428 420)
4(361 427 428 362)
4(419 420 428 427)
4(349 363 429 421)
4(362 428 429 363)
4(420 421 429 428)
4(350 364 430 422)
4(363 429 430 364)
4(421 422 430 429)
4(364 430 431 365)
4(422 423 431 430)
4(360 375 435 426)
4(374 434 435 375)
4(425 426 435 434)
4(361 376 436 427)
4(375 435 436 376)
4(426 427 436 435)
4(362 377 437 428)
4(376 436 437 377)
4(427 428 437 436)
4(363 378 438 429)
4(377 437 438 378)
4(428 429 438 437)
4(364 379 439 430)
4(378 438 439 379)
4(429 430 439 438)
4(365 380 440 431)
4(379 439 440 380)
4(430 431 440 439)
4(380 440 441 381)
4(431 432 441 440)
4(375 388 444 435)
4(434 435 444 443)
4(376 389 445 436)
4(388 444 445 389)
4(435 436 445 444)
4(377 390 446 437)
4(389 445 446 390)
4(436 437 446 445)
4(378 391 447 438)
4(390 446 447 391)
4(437 438 447 446)
4(379 392 448 439)
4(391 447 448 392)
4(438 439 448 447)
4(380 393 449 440)
4(392 448 449 393)
4(439 440 449 448)
4(393 449 450 394)
4(440 441 450 449)
4(389 400 453 445)
4(444 445 453 452)
4(390 401 454 446)
4(400 453 454 401)
4(445 446 454 453)
4(391 402 455 447)
4(401 454 455 402)
4(446 447 455 454)
4(392 403 456 448)
4(402 455 456 403)
4(447 448 456 455)
4(393 404 457 449)
4(403 456 457 404)
4(448 449 457 456)
4(394 405 458 450)
4(404 457 458 405)
4(449 450 458 457)
4(450 451 459 458)
4(401 408 462 454)
4(453 454 462 461)
4(402 409 463 455)
4(454 455 463 462)
4(403 410 464 456)
4(409 463 464 410)
4(455 456 464 463)
4(404 411 465 457)
4(410 464 465 411)
4(456 457 465 464)
4(411 465 466 412)
4(457 458 466 465)
4(410 414 470 464)
4(463 464 470 469)
4(411 415 471 465)
4(464 465 471 470)
4(465 466 472 471)
4(418 426 487 479)
4(425 486 487 426)
4(419 427 488 480)
4(426 487 488 427)
4(420 428 489 481)
4(427 488 489 428)
4(421 429 490 482)
4(428 489 490 429)
4(422 430 491 483)
4(429 490 491 430)
4(423 431 492 484)
4(430 491 492 431)
4(431 492 493 432)
4(426 435 496 487)
4(434 495 496 435)
4(427 436 497 488)
4(435 496 497 436)
4(428 437 498 489)
4(436 497 498 437)
4(429 438 499 490)
4(437 498 499 438)
4(430 439 500 491)
4(438 499 500 439)
4(431 440 501 492)
4(439 500 501 440)
4(432 441 502 493)
4(440 501 502 441)
4(441 502 503 442)
4(435 444 505 496)
4(436 445 506 497)
4(444 505 506 445)
4(437 446 507 498)
4(445 506 507 446)
4(438 447 508 499)
4(446 507 508 447)
4(439 448 509 500)
4(447 508 509 448)
4(440 449 510 501)
4(448 509 510 449)
4(441 450 511 502)
4(449 510 511 450)
4(450 511 512 451)
4(445 453 514 506)
4(452 513 514 453)
4(446 454 515 507)
4(453 514 515 454)
4(447 455 516 508)
4(454 515 516 455)
4(448 456 517 509)
4(455 516 517 456)
4(449 457 518 510)
4(456 517 518 457)
4(450 458 519 511)
4(457 518 519 458)
4(458 519 520 459)
4(453 461 522 514)
4(454 462 523 515)
4(455 463 524 516)
4(462 523 524 463)
4(456 464 525 517)
4(463 524 525 464)
4(457 465 526 518)
4(464 525 526 465)
4(458 466 527 519)
4(465 526 527 466)
4(466 527 528 467)
4(463 469 530 524)
4(464 470 531 525)
4(465 471 532 526)
4(470 531 532 471)
4(466 472 533 527)
4(471 532 533 472)
4(472 533 534 473)
4(471 475 536 532)
4(472 476 537 533)
4(40 41 76 75)
4(75 76 122 121)
4(121 122 172 171)
4(171 172 225 224)
4(224 225 277 276)
4(276 277 340 339)
4(0 1 19 18)
4(18 19 42 41)
4(41 42 77 76)
4(76 77 123 122)
4(122 123 173 172)
4(172 173 226 225)
4(225 226 278 277)
4(277 278 341 340)
4(1 2 20 19)
4(19 20 43 42)
4(42 43 78 77)
4(77 78 124 123)
4(123 124 174 173)
4(173 174 227 226)
4(226 227 279 278)
4(278 279 342 341)
4(2 3 21 20)
4(20 21 44 43)
4(43 44 79 78)
4(78 79 125 124)
4(124 125 175 174)
4(174 175 228 227)
4(227 228 280 279)
4(279 280 343 342)
4(3 4 22 21)
4(21 22 45 44)
4(44 45 80 79)
4(79 80 126 125)
4(125 126 176 175)
4(175 176 229 228)
4(228 229 281 280)
4(4 5 23 22)
4(22 23 46 45)
4(45 46 81 80)
4(80 81 127 126)
4(126 127 177 176)
4(176 177 230 229)
4(229 230 282 281)
4(5 6 24 23)
4(23 24 47 46)
4(46 47 82 81)
4(81 82 128 127)
4(127 128 178 177)
4(177 178 231 230)
4(230 231 283 282)
4(24 25 48 47)
4(47 48 83 82)
4(82 83 129 128)
4(128 129 179 178)
4(178 179 232 231)
4(231 232 284 283)
4(283 284 345 344)
4(48 49 84 83)
4(83 84 130 129)
4(129 130 180 179)
4(179 180 233 232)
4(232 233 285 284)
4(284 285 346 345)
4(417 418 479 478)
4(84 85 131 130)
4(130 131 181 180)
4(180 181 234 233)
4(233 234 286 285)
4(285 286 347 346)
4(346 347 419 418)
4(418 419 480 479)
4(131 132 182 181)
4(181 182 235 234)
4(347 348 420 419)
4(419 420 481 480)
4(348 349 421 420)
4(420 421 482 481)
4(349 350 422 421)
4(421 422 483 482)
4(350 351 423 422)
4(422 423 484 483)
4(423 424 485 484)
4(286 297 361 347)
4(297 298 362 361)
4(347 361 362 348)
4(412 416 472 466)
4(466 472 473 467)
4(452 513 521 460)
4(0 7 8 1)
4(345 346 360 359)
4(346 418 426 360)
4(359 360 426 425)
4(417 425 426 418)
4(407 461 462 408)
4(234 235 247 246)
4(280 281 292 291)
4(281 282 293 292)
4(282 283 294 293)
4(234 246 297 286)
4(292 293 306 305)
4(293 294 307 306)
4(299 312 313 300)
4(312 325 326 313)
4(313 326 327 314)
4(319 320 332 331)
4(320 321 333 332)
4(323 334 335 324)
4(324 335 336 325)
4(325 336 337 326)
4(326 337 338 327)
4(341 342 355 354)
4(280 291 356 343)
4(342 343 356 355)
4(291 292 357 356)
4(283 344 358 294)
4(344 345 359 358)
4(298 299 363 362)
4(348 362 363 349)
4(299 300 364 363)
4(349 363 364 350)
4(350 364 365 351)
4(354 355 369 368)
4(355 356 370 369)
4(292 305 371 357)
4(356 357 371 370)
4(305 306 372 371)
4(294 358 373 307)
4(306 307 373 372)
4(358 359 374 373)
4(300 313 379 364)
4(313 314 380 379)
4(364 379 380 365)
4(365 380 381 366)
4(369 370 383 382)
4(370 371 384 383)
4(371 372 385 384)
4(319 385 386 320)
4(372 373 386 385)
4(320 386 387 321)
4(373 374 387 386)
4(321 387 388 322)
4(322 388 389 323)
4(314 327 393 380)
4(380 393 394 381)
4(383 384 397 396)
4(319 331 398 385)
4(384 385 398 397)
4(323 389 400 334)
4(388 399 400 389)
4(334 400 401 335)
4(335 401 402 336)
4(336 402 403 337)
4(327 338 404 393)
4(337 403 404 338)
4(393 404 405 394)
4(394 405 406 395)
4(400 407 408 401)
4(401 408 409 402)
4(402 409 410 403)
4(403 410 411 404)
4(404 411 412 405)
4(409 413 414 410)
4(410 414 415 411)
4(411 415 416 412)
4(351 365 431 423)
4(365 366 432 431)
4(423 431 432 424)
4(359 425 434 374)
4(366 381 441 432)
4(432 441 442 433)
4(374 434 443 387)
4(387 443 444 388)
4(381 394 450 441)
4(394 395 451 450)
4(441 450 451 442)
4(388 444 452 399)
4(399 452 453 400)
4(395 406 459 451)
4(405 458 459 406)
4(400 453 461 407)
4(452 460 461 453)
4(408 462 463 409)
4(405 412 466 458)
4(458 466 467 459)
4(409 463 469 413)
4(462 468 469 463)
4(472 476 477 473)
4(417 478 486 425)
4(424 432 493 485)
4(432 433 494 493)
4(425 486 495 434)
4(433 442 503 494)
4(434 495 504 443)
4(443 504 505 444)
4(442 451 512 503)
4(444 505 513 452)
4(451 459 520 512)
4(460 521 522 461)
4(461 522 523 462)
4(459 467 528 520)
4(462 523 529 468)
4(468 529 530 469)
4(469 530 531 470)
4(467 473 534 528)
4(470 531 535 474)
4(474 535 536 475)
4(475 536 537 476)
4(473 477 538 534)
4(476 537 538 477)
4(413 469 470 414)
4(414 470 471 415)
4(415 471 472 416)
4(470 474 475 471)
4(471 475 476 472)
4(478 479 487 486)
4(479 480 488 487)
4(480 481 489 488)
4(481 482 490 489)
4(482 483 491 490)
4(483 484 492 491)
4(484 485 493 492)
4(486 487 496 495)
4(487 488 497 496)
4(488 489 498 497)
4(489 490 499 498)
4(490 491 500 499)
4(491 492 501 500)
4(492 493 502 501)
4(493 494 503 502)
4(495 496 505 504)
4(496 497 506 505)
4(497 498 507 506)
4(498 499 508 507)
4(499 500 509 508)
4(500 501 510 509)
4(501 502 511 510)
4(502 503 512 511)
4(505 506 514 513)
4(506 507 515 514)
4(507 508 516 515)
4(508 509 517 516)
4(509 510 518 517)
4(510 511 519 518)
4(511 512 520 519)
4(513 514 522 521)
4(514 515 523 522)
4(515 516 524 523)
4(516 517 525 524)
4(517 518 526 525)
4(518 519 527 526)
4(519 520 528 527)
4(523 524 530 529)
4(524 525 531 530)
4(525 526 532 531)
4(526 527 533 532)
4(527 528 534 533)
4(531 532 536 535)
4(532 533 537 536)
4(533 534 538 537)
4(1 8 9 2)
4(2 9 10 3)
4(3 10 11 4)
4(4 11 12 5)
4(5 12 13 6)
4(8 14 15 9)
4(9 15 16 10)
4(10 16 17 11)
4(0 18 26 7)
4(7 26 27 8)
4(11 30 31 12)
4(6 13 32 24)
4(12 31 32 13)
4(24 32 33 25)
4(8 27 34 14)
4(14 34 35 15)
4(15 35 36 16)
4(11 17 37 30)
4(16 36 37 17)
4(30 37 38 31)
4(31 38 39 32)
4(18 41 51 26)
4(40 50 51 41)
4(26 51 52 27)
4(25 33 58 48)
4(32 57 58 33)
4(48 58 59 49)
4(27 52 61 34)
4(51 60 61 52)
4(34 61 62 35)
4(35 62 63 36)
4(36 63 64 37)
4(37 64 65 38)
4(32 39 66 57)
4(38 65 66 39)
4(57 66 67 58)
4(58 67 68 59)
4(61 69 70 62)
4(62 70 71 63)
4(63 71 72 64)
4(64 72 73 65)
4(65 73 74 66)
4(40 75 86 50)
4(50 86 87 51)
4(49 59 95 84)
4(84 95 96 85)
4(51 87 98 60)
4(86 97 98 87)
4(60 98 99 61)
4(66 104 105 67)
4(59 68 106 95)
4(67 105 106 68)
4(95 106 107 96)
4(61 99 109 69)
4(98 108 109 99)
4(69 109 110 70)
4(70 110 111 71)
4(71 111 112 72)
4(72 112 113 73)
4(66 74 114 104)
4(73 113 114 74)
4(104 114 115 105)
4(105 115 116 106)
4(111 117 118 112)
4(112 118 119 113)
4(113 119 120 114)
4(75 121 133 86)
4(85 96 143 131)
4(131 143 144 132)
4(86 133 145 97)
4(97 145 146 98)
4(96 107 155 143)
4(106 154 155 107)
4(98 146 156 108)
4(108 156 157 109)
4(109 157 158 110)
4(110 158 159 111)
4(114 162 163 115)
4(106 116 164 154)
4(115 163 164 116)
4(111 159 166 117)
4(158 165 166 159)
4(117 166 167 118)
4(118 167 168 119)
4(114 120 169 162)
4(119 168 169 120)
4(162 169 170 163)
4(121 171 183 133)
4(132 144 194 182)
4(143 193 194 144)
4(133 183 195 145)
4(145 195 196 146)
4(183 184 196 195)
4(143 155 205 193)
4(154 204 205 155)
4(146 196 206 156)
4(156 206 207 157)
4(196 197 207 206)
4(157 207 208 158)
4(154 164 214 204)
4(163 213 214 164)
4(158 208 215 165)
4(165 215 216 166)
4(166 216 217 167)
4(167 217 218 168)
4(168 218 219 169)
4(163 170 220 213)
4(169 219 220 170)
4(217 221 222 218)
4(218 222 223 219)
4(171 224 236 183)
4(183 236 237 184)
4(182 194 247 235)
4(193 246 247 194)
4(184 237 248 196)
4(196 248 249 197)
4(193 205 257 246)
4(204 256 257 205)
4(197 249 258 207)
4(207 258 259 208)
4(204 214 265 256)
4(213 264 265 214)
4(256 265 266 257)
4(208 259 267 215)
4(215 267 268 216)
4(216 268 269 217)
4(213 220 272 264)
4(219 271 272 220)
4(217 269 273 221)
4(221 273 274 222)
4(269 270 274 273)
4(219 223 275 271)
4(222 274 275 223)
4(270 271 275 274)
4(224 276 287 236)
4(236 287 288 237)
4(237 288 301 248)
4(248 301 302 249)
4(246 257 310 297)
4(297 310 311 298)
4(298 311 312 299)
4(249 302 315 258)
4(258 315 316 259)
4(302 303 316 315)
4(264 321 322 265)
4(257 266 323 310)
4(265 322 323 266)
4(310 323 324 311)
4(311 324 325 312)
4(259 316 328 267)
4(267 328 329 268)
4(316 317 329 328)
4(268 329 330 269)
4(269 330 331 270)
4(270 331 332 271)
4(264 272 333 321)
4(271 332 333 272)
4(276 339 352 287)
4(287 352 353 288)
4(339 340 353 352)
4(340 341 354 353)
4(288 353 367 301)
4(301 367 368 302)
4(353 354 368 367)
4(302 368 369 303)
4(303 369 382 316)
4(316 382 383 317)
4(317 383 396 329)
4(329 396 397 330)
4(330 397 398 331)
)


// ************************************************************************* //
