/*--------------------------------*- C++ -*----------------------------------*\
  =========                 |
  \\      /  F ield         | OpenFOAM: The Open Source CFD Toolbox
   \\    /   O peration     | Website:  https://openfoam.org
    \\  /    A nd           | Version:  6
     \\/     M anipulation  |
\*---------------------------------------------------------------------------*/
FoamFile
{
    version     2.0;
    format      ascii;
    class       labelList;
    note        "nPoints:539  nCells:287  nFaces:1076  nInternalFaces:646";
    location    "constant/region827/polyMesh";
    object      neighbour;
}
// * * * * * * * * * * * * * * * * * * * * * * * * * * * * * * * * * * * * * //


646
(
1
9
2
6
10
3
7
11
4
8
12
5
13
14
7
16
8
17
18
10
22
11
16
23
12
17
24
13
18
25
14
19
26
15
20
27
28
17
31
18
32
19
33
20
34
35
22
43
23
30
44
24
31
45
25
32
46
26
33
47
27
34
48
28
35
49
29
36
50
37
51
31
54
32
38
55
33
39
56
34
40
57
35
41
58
36
42
59
37
60
61
39
64
40
65
41
66
42
67
68
44
53
74
45
54
75
46
55
76
47
56
77
48
57
78
49
58
79
50
59
80
51
60
81
52
61
82
62
83
54
85
55
63
86
56
64
87
57
65
88
58
66
89
59
67
90
60
68
91
61
69
92
62
70
93
94
64
95
65
96
66
97
67
71
98
68
72
99
69
73
100
70
101
102
72
104
73
105
106
75
85
108
76
86
109
77
87
110
78
88
111
79
89
112
80
90
113
81
91
114
82
92
115
83
93
116
84
94
117
118
86
87
95
119
88
96
120
89
97
121
90
98
122
91
99
123
92
100
124
93
101
125
94
102
126
127
96
97
128
98
103
129
99
104
130
100
105
131
101
106
132
102
107
133
134
104
135
105
136
106
137
107
138
139
109
142
110
119
143
111
120
144
112
121
145
113
122
146
114
123
147
115
124
148
116
125
149
117
126
150
118
127
151
120
152
121
128
153
122
129
154
123
130
155
124
131
156
125
132
157
126
133
158
127
134
159
160
129
161
130
135
162
131
136
163
132
137
164
133
138
165
134
139
166
167
136
169
137
170
138
140
171
139
141
172
173
141
143
174
144
152
175
145
153
176
146
154
177
147
155
148
156
149
157
150
158
178
151
159
179
160
180
153
181
154
161
182
155
162
183
156
163
184
157
164
158
165
159
166
185
160
167
186
168
187
162
163
169
191
164
170
192
165
171
193
166
172
194
167
173
195
168
196
197
170
171
202
172
203
173
175
176
181
177
182
183
179
185
180
186
187
208
182
183
184
191
192
186
195
187
196
213
188
197
214
189
198
215
190
199
216
200
217
192
193
202
194
203
195
196
197
220
198
221
199
204
222
200
205
223
201
206
224
207
225
203
205
228
206
229
207
230
231
209
214
243
210
215
244
211
216
245
212
217
246
218
247
214
220
249
215
221
250
216
222
251
217
223
252
218
224
253
219
225
254
226
255
221
257
222
227
258
223
228
259
224
229
260
225
230
261
226
231
262
232
263
228
265
229
234
266
230
235
267
231
236
268
232
237
269
233
238
270
271
235
273
236
274
237
239
275
238
240
276
241
277
240
280
241
281
282
243
249
244
250
245
251
246
252
247
253
248
254
255
250
257
251
258
252
259
253
260
254
261
255
262
256
263
264
258
259
265
260
266
261
267
262
268
263
269
264
270
271
266
272
267
273
268
274
269
275
270
276
271
277
278
273
274
275
279
276
280
277
281
278
282
283
280
281
282
284
283
285
286
285
286
)


// ************************************************************************* //
