/*--------------------------------*- C++ -*----------------------------------*\
  =========                 |
  \\      /  F ield         | OpenFOAM: The Open Source CFD Toolbox
   \\    /   O peration     | Website:  https://openfoam.org
    \\  /    A nd           | Version:  6
     \\/     M anipulation  |
\*---------------------------------------------------------------------------*/
FoamFile
{
    version     2.0;
    format      ascii;
    class       labelList;
    location    "constant/region827/polyMesh";
    object      pointRegionAddressing;
}
// * * * * * * * * * * * * * * * * * * * * * * * * * * * * * * * * * * * * * //


539
(
228153
228154
228155
228156
228157
228158
228159
228218
228219
228220
228221
228222
228223
228224
228284
228285
228286
228287
232378
232379
232380
232381
232382
232383
232384
232385
232443
232444
232445
232446
232447
232448
232449
232450
232509
232510
232511
232512
232513
232514
236602
236603
236604
236605
236606
236607
236608
236609
236610
236611
236667
236668
236669
236670
236671
236672
236673
236674
236675
236676
236733
236734
236735
236736
236737
236738
236739
236740
236741
236799
236800
236801
236802
236803
236804
240827
240828
240829
240830
240831
240832
240833
240834
240835
240836
240837
240892
240893
240894
240895
240896
240897
240898
240899
240900
240901
240902
240957
240958
240959
240960
240961
240962
240963
240964
240965
240966
240967
241023
241024
241025
241026
241027
241028
241029
241030
241031
241091
241092
241093
241094
245052
245053
245054
245055
245056
245057
245058
245059
245060
245061
245062
245063
245117
245118
245119
245120
245121
245122
245123
245124
245125
245126
245127
245128
245182
245183
245184
245185
245186
245187
245188
245189
245190
245191
245192
245248
245249
245250
245251
245252
245253
245254
245255
245256
245315
245316
245317
245318
245319
245320
249277
249278
249279
249280
249281
249282
249283
249284
249285
249286
249287
249288
249342
249343
249344
249345
249346
249347
249348
249349
249350
249351
249352
249353
249407
249408
249409
249410
249411
249412
249413
249414
249415
249416
249417
249473
249474
249475
249476
249477
249478
249479
249480
249481
249540
249541
249542
249543
249544
249545
249607
249608
249609
253502
253503
253504
253505
253506
253507
253508
253509
253510
253511
253512
253513
253567
253568
253569
253570
253571
253572
253573
253574
253575
253576
253577
253578
253633
253634
253635
253636
253637
253638
253639
253640
253641
253642
253699
253700
253701
253702
253703
253704
253705
253706
253707
253765
253766
253767
253768
253769
253770
253832
253833
253834
257727
257728
257729
257730
257731
257732
257733
257734
257735
257736
257737
257792
257793
257794
257795
257796
257797
257798
257799
257800
257801
257802
257803
257804
257805
257858
257859
257860
257861
257862
257863
257864
257865
257866
257867
257868
257869
257870
257871
257924
257925
257926
257927
257928
257929
257930
257931
257932
257933
257934
257935
257936
257990
257991
257992
257993
257994
257995
257997
257998
257999
258000
258001
261952
261953
261954
261955
261956
261959
261960
261961
261962
261963
261964
261965
261966
262017
262018
262019
262020
262021
262022
262024
262025
262026
262027
262028
262029
262030
262031
262032
262083
262084
262085
262086
262087
262088
262089
262090
262091
262092
262093
262094
262095
262096
262097
262150
262151
262152
262153
262154
262155
262156
262157
262158
262159
262160
262161
262162
262163
262216
262217
262218
262221
262222
262223
262224
262225
262226
262227
262228
262287
262288
262289
262290
262291
262292
262354
262355
262356
262357
266185
266186
266187
266188
266189
266190
266191
266192
266250
266251
266252
266253
266254
266255
266256
266257
266258
266315
266316
266317
266318
266319
266320
266321
266322
266323
266380
266381
266382
266383
266384
266385
266386
266387
266388
266446
266447
266448
266449
266450
266451
266452
266453
266511
266512
266513
266514
266515
266516
266517
266518
266578
266579
266580
266581
266582
266583
266645
266646
266647
266648
270410
270411
270412
270413
270414
270415
270416
270417
270475
270476
270477
270478
270479
270480
270481
270482
270483
270540
270541
270542
270543
270544
270545
270546
270547
270548
270605
270606
270607
270608
270609
270610
270611
270612
270613
270671
270672
270673
270674
270675
270676
270677
270678
270736
270737
270738
270739
270740
270741
270742
270743
270803
270804
270805
270806
270807
270808
270870
270871
270872
270873
)


// ************************************************************************* //
