/*--------------------------------*- C++ -*----------------------------------*\
  =========                 |
  \\      /  F ield         | OpenFOAM: The Open Source CFD Toolbox
   \\    /   O peration     | Website:  https://openfoam.org
    \\  /    A nd           | Version:  6
     \\/     M anipulation  |
\*---------------------------------------------------------------------------*/
FoamFile
{
    version     2.0;
    format      ascii;
    class       labelList;
    location    "constant/region940/polyMesh";
    object      faceRegionAddressing;
}
// * * * * * * * * * * * * * * * * * * * * * * * * * * * * * * * * * * * * * //


264
(
763295
763296
763297
763300
763488
774503
774504
774506
774507
774510
774691
774692
774694
774695
774697
774698
774700
774701
774704
774879
774880
774882
774883
774885
774886
774888
774889
774891
774892
774894
774895
774897
774898
774901
775070
775071
775073
775074
775076
775077
775079
775080
775082
775083
775085
775086
775088
775089
775092
775258
775259
775261
775262
775264
775265
775267
775268
775270
775271
775273
775274
775276
775277
775279
775280
775282
775283
775286
775449
775450
775452
775453
775455
775456
775458
775459
775461
775462
775464
775465
775467
775468
775470
775471
775473
775474
775477
775640
775641
775643
775644
775646
775647
775649
775652
775655
775658
775661
775664
775831
775834
775838
-751140
-751328
-763127
763298
763299
-763303
-763306
-763309
-763312
-763315
-763318
763486
763487
-763491
-763494
-763497
-763500
-763503
-763506
-763509
-763679
-763870
-774313
-774316
775665
775668
774505
774508
774511
774693
774696
774699
774702
774705
774881
774884
774887
774890
774893
774896
774899
774902
775072
775075
775078
775081
775084
775087
775090
775093
775260
775263
775266
775269
775272
775275
775278
775281
775284
775287
775451
775454
775457
775460
775463
775466
775469
775472
775475
775478
775642
775645
775648
775651
775654
775657
775660
775663
775666
775669
775833
775836
775839
776030
775650
775653
775656
775659
775662
775837
776028
776029
-751137
-762345
-762348
-762351
-762533
-762536
-762539
-762542
-762545
-762721
-762724
-762727
-762730
-762733
-762736
-762739
-762742
-762912
-762915
-762918
-762921
-762924
-762927
-762930
-762933
-763100
-763103
-763105
-763106
-763108
-763109
-763112
-763115
-763118
-763121
-763124
-763291
-763292
-763294
-763482
-763483
-763485
-763673
-763676
-774319
-774500
-774501
774509
-774513
-774688
-774689
774703
-774707
-774710
-774876
774900
-775067
-775068
775091
-775095
-775255
775285
-775446
775476
-775637
775667
-775828
775832
775835
-776025
)


// ************************************************************************* //
