/*--------------------------------*- C++ -*----------------------------------*\
  =========                 |
  \\      /  F ield         | OpenFOAM: The Open Source CFD Toolbox
   \\    /   O peration     | Website:  https://openfoam.org
    \\  /    A nd           | Version:  6
     \\/     M anipulation  |
\*---------------------------------------------------------------------------*/
FoamFile
{
    version     2.0;
    format      ascii;
    class       faceList;
    location    "constant/region940/polyMesh";
    object      faces;
}
// * * * * * * * * * * * * * * * * * * * * * * * * * * * * * * * * * * * * * //


264
(
4(1 4 61 50)
4(3 60 61 4)
4(49 50 61 60)
4(50 51 62 61)
4(60 61 72 71)
4(9 14 92 87)
4(13 91 92 14)
4(10 15 93 88)
4(14 92 93 15)
4(15 93 94 16)
4(13 20 98 91)
4(19 97 98 20)
4(14 21 99 92)
4(20 98 99 21)
4(15 22 100 93)
4(21 99 100 22)
4(16 23 101 94)
4(22 100 101 23)
4(23 101 102 24)
4(19 28 106 97)
4(27 105 106 28)
4(20 29 107 98)
4(28 106 107 29)
4(21 30 108 99)
4(29 107 108 30)
4(22 31 109 100)
4(30 108 109 31)
4(23 32 110 101)
4(31 109 110 32)
4(24 33 111 102)
4(32 110 111 33)
4(25 34 112 103)
4(33 111 112 34)
4(34 112 113 35)
4(28 38 116 106)
4(37 115 116 38)
4(29 39 117 107)
4(38 116 117 39)
4(30 40 118 108)
4(39 117 118 40)
4(31 41 119 109)
4(40 118 119 41)
4(32 42 120 110)
4(41 119 120 42)
4(33 43 121 111)
4(42 120 121 43)
4(34 44 122 112)
4(43 121 122 44)
4(44 122 123 45)
4(37 48 126 115)
4(47 125 126 48)
4(38 49 127 116)
4(48 126 127 49)
4(39 50 128 117)
4(49 127 128 50)
4(40 51 129 118)
4(50 128 129 51)
4(41 52 130 119)
4(51 129 130 52)
4(42 53 131 120)
4(52 130 131 53)
4(43 54 132 121)
4(53 131 132 54)
4(44 55 133 122)
4(54 132 133 55)
4(45 56 134 123)
4(55 133 134 56)
4(56 134 135 57)
4(48 59 137 126)
4(58 136 137 59)
4(49 60 138 127)
4(59 137 138 60)
4(50 61 139 128)
4(60 138 139 61)
4(51 62 140 129)
4(61 139 140 62)
4(52 63 141 130)
4(62 140 141 63)
4(53 64 142 131)
4(63 141 142 64)
4(54 65 143 132)
4(64 142 143 65)
4(55 66 144 133)
4(65 143 144 66)
4(56 67 145 134)
4(66 144 145 67)
4(67 145 146 68)
4(59 70 148 137)
4(69 147 148 70)
4(60 71 149 138)
4(70 148 149 71)
4(61 72 150 139)
4(71 149 150 72)
4(62 73 151 140)
4(63 74 152 141)
4(64 75 153 142)
4(65 76 154 143)
4(66 77 155 144)
4(67 78 156 145)
4(70 81 159 148)
4(71 82 160 149)
4(82 160 161 83)
4(1 4 5 2)
4(3 6 7 4)
4(45 56 57 46)
4(2 5 62 51)
4(4 61 62 5)
4(51 62 63 52)
4(52 63 64 53)
4(53 64 65 54)
4(54 65 66 55)
4(55 66 67 56)
4(56 67 68 57)
4(4 7 72 61)
4(6 71 72 7)
4(61 72 73 62)
4(62 73 74 63)
4(63 74 75 64)
4(64 75 76 65)
4(65 76 77 66)
4(66 77 78 67)
4(67 78 79 68)
4(71 82 83 72)
4(82 84 85 83)
4(8 9 87 86)
4(9 10 88 87)
4(77 155 156 78)
4(78 156 157 79)
4(86 87 92 91)
4(87 88 93 92)
4(88 89 94 93)
4(90 91 98 97)
4(91 92 99 98)
4(92 93 100 99)
4(93 94 101 100)
4(94 95 102 101)
4(96 97 106 105)
4(97 98 107 106)
4(98 99 108 107)
4(99 100 109 108)
4(100 101 110 109)
4(101 102 111 110)
4(102 103 112 111)
4(103 104 113 112)
4(105 106 116 115)
4(106 107 117 116)
4(107 108 118 117)
4(108 109 119 118)
4(109 110 120 119)
4(110 111 121 120)
4(111 112 122 121)
4(112 113 123 122)
4(114 115 126 125)
4(115 116 127 126)
4(116 117 128 127)
4(117 118 129 128)
4(118 119 130 129)
4(119 120 131 130)
4(120 121 132 131)
4(121 122 133 132)
4(122 123 134 133)
4(123 124 135 134)
4(125 126 137 136)
4(126 127 138 137)
4(127 128 139 138)
4(128 129 140 139)
4(129 130 141 140)
4(130 131 142 141)
4(131 132 143 142)
4(132 133 144 143)
4(133 134 145 144)
4(134 135 146 145)
4(136 137 148 147)
4(137 138 149 148)
4(138 139 150 149)
4(139 140 151 150)
4(140 141 152 151)
4(141 142 153 152)
4(142 143 154 153)
4(143 144 155 154)
4(144 145 156 155)
4(145 146 157 156)
4(147 148 159 158)
4(148 149 160 159)
4(149 150 161 160)
4(160 161 163 162)
4(72 150 151 73)
4(73 151 152 74)
4(74 152 153 75)
4(75 153 154 76)
4(76 154 155 77)
4(72 83 161 150)
4(83 85 163 161)
4(84 162 163 85)
4(0 3 4 1)
4(8 13 14 9)
4(9 14 15 10)
4(10 15 16 11)
4(12 19 20 13)
4(13 20 21 14)
4(14 21 22 15)
4(15 22 23 16)
4(16 23 24 17)
4(18 27 28 19)
4(19 28 29 20)
4(20 29 30 21)
4(21 30 31 22)
4(22 31 32 23)
4(23 32 33 24)
4(24 33 34 25)
4(25 34 35 26)
4(27 37 38 28)
4(28 38 39 29)
4(29 39 40 30)
4(30 40 41 31)
4(31 41 42 32)
4(32 42 43 33)
4(33 43 44 34)
4(34 44 45 35)
4(36 47 48 37)
4(37 48 49 38)
4(0 1 50 49)
4(38 49 50 39)
4(1 2 51 50)
4(39 50 51 40)
4(40 51 52 41)
4(41 52 53 42)
4(42 53 54 43)
4(43 54 55 44)
4(44 55 56 45)
4(47 58 59 48)
4(0 49 60 3)
4(48 59 60 49)
4(58 69 70 59)
4(3 60 71 6)
4(59 70 71 60)
4(69 80 81 70)
4(70 81 82 71)
4(10 11 89 88)
4(8 86 91 13)
4(12 13 91 90)
4(11 16 94 89)
4(16 17 95 94)
4(12 90 97 19)
4(18 19 97 96)
4(17 24 102 95)
4(24 25 103 102)
4(25 26 104 103)
4(18 96 105 27)
4(26 35 113 104)
4(27 105 115 37)
4(36 37 115 114)
4(35 45 123 113)
4(45 46 124 123)
4(36 114 125 47)
4(46 57 135 124)
4(47 125 136 58)
4(57 68 146 135)
4(58 136 147 69)
4(68 79 157 146)
4(69 147 158 80)
4(80 158 159 81)
4(81 159 160 82)
4(82 160 162 84)
)


// ************************************************************************* //
