/*--------------------------------*- C++ -*----------------------------------*\
  =========                 |
  \\      /  F ield         | OpenFOAM: The Open Source CFD Toolbox
   \\    /   O peration     | Website:  https://openfoam.org
    \\  /    A nd           | Version:  6
     \\/     M anipulation  |
\*---------------------------------------------------------------------------*/
FoamFile
{
    version     2.0;
    format      ascii;
    class       labelList;
    note        "nPoints:164  nCells:61  nFaces:264  nInternalFaces:102";
    location    "constant/region940/polyMesh";
    object      owner;
}
// * * * * * * * * * * * * * * * * * * * * * * * * * * * * * * * * * * * * * //


264
(
0
0
0
1
2
3
3
4
4
5
6
6
7
7
8
8
9
9
10
11
11
12
12
13
13
14
14
15
15
16
16
17
17
18
19
19
20
20
21
21
22
22
23
23
24
24
25
25
26
27
27
28
28
29
29
30
30
31
31
32
32
33
33
34
34
35
35
36
37
37
38
38
39
39
40
40
41
41
42
42
43
43
44
44
45
45
46
47
47
48
48
49
49
50
51
52
53
54
55
57
58
59
1
2
36
1
1
41
42
43
44
45
46
2
2
50
51
52
53
54
55
56
59
60
3
4
55
56
3
4
5
6
7
8
9
10
11
12
13
14
15
16
17
18
19
20
21
22
23
24
25
26
27
28
29
30
31
32
33
34
35
36
37
38
39
40
41
42
43
44
45
46
47
48
49
50
51
52
53
54
55
56
57
58
59
60
50
51
52
53
54
59
60
60
0
3
4
5
6
7
8
9
10
11
12
13
14
15
16
17
18
19
20
21
22
23
24
25
26
27
28
0
29
1
30
31
32
33
34
35
37
0
38
47
2
48
57
58
5
3
6
5
10
6
11
10
17
18
11
18
19
27
26
36
27
36
37
46
47
56
57
57
58
60
)


// ************************************************************************* //
