/*--------------------------------*- C++ -*----------------------------------*\
  =========                 |
  \\      /  F ield         | OpenFOAM: The Open Source CFD Toolbox
   \\    /   O peration     | Website:  https://openfoam.org
    \\  /    A nd           | Version:  6
     \\/     M anipulation  |
\*---------------------------------------------------------------------------*/
FoamFile
{
    version     2.0;
    format      ascii;
    class       labelList;
    location    "constant/region2/polyMesh";
    object      cellRegionAddressing;
}
// * * * * * * * * * * * * * * * * * * * * * * * * * * * * * * * * * * * * * //


581
(
53
54
55
56
57
58
59
60
61
62
63
117
118
119
120
121
122
123
124
125
126
127
181
182
183
184
185
186
187
188
189
190
191
244
245
246
247
248
249
250
251
252
253
254
255
308
309
310
311
312
313
314
315
316
317
318
319
372
373
374
375
376
377
378
379
380
381
382
437
438
439
440
441
442
443
444
503
504
505
4149
4150
4151
4152
4153
4154
4155
4156
4157
4158
4159
4212
4213
4214
4215
4216
4217
4218
4219
4220
4221
4222
4223
4276
4277
4278
4279
4280
4281
4282
4283
4284
4285
4286
4287
4339
4340
4341
4342
4343
4344
4345
4346
4347
4348
4349
4350
4351
4403
4404
4405
4406
4407
4408
4409
4410
4411
4412
4413
4414
4415
4467
4468
4469
4470
4471
4472
4473
4474
4475
4476
4477
4478
4533
4534
4535
4536
4537
4538
4539
4540
8244
8245
8246
8247
8248
8249
8250
8251
8252
8253
8254
8255
8307
8308
8309
8310
8311
8312
8313
8314
8315
8316
8317
8318
8319
8371
8372
8373
8374
8375
8376
8377
8378
8379
8380
8381
8382
8383
8435
8436
8437
8438
8439
8440
8441
8442
8443
8444
8445
8446
8447
8499
8500
8501
8502
8503
8504
8505
8506
8507
8508
8509
8510
8511
8563
8564
8565
8566
8567
8568
8569
8570
8571
8572
8573
8574
8629
8630
8631
8632
8633
8634
8635
12339
12340
12341
12342
12343
12344
12345
12346
12347
12348
12349
12350
12351
12403
12404
12405
12406
12407
12408
12409
12410
12411
12412
12413
12414
12415
12467
12468
12469
12470
12471
12472
12473
12474
12475
12476
12477
12478
12479
12531
12532
12533
12534
12535
12536
12537
12538
12539
12540
12541
12542
12543
12595
12596
12597
12598
12599
12600
12601
12602
12603
12604
12605
12606
12659
12660
12661
12662
12663
12664
12665
12666
12667
12668
12669
12726
12727
12728
12729
12730
16436
16437
16438
16439
16440
16441
16442
16443
16444
16445
16446
16447
16499
16500
16501
16502
16503
16504
16505
16506
16507
16508
16509
16510
16511
16563
16564
16565
16566
16567
16568
16569
16570
16571
16572
16573
16574
16575
16627
16628
16629
16630
16631
16632
16633
16634
16635
16636
16637
16638
16691
16692
16693
16694
16695
16696
16697
16698
16699
16700
16701
16702
16756
16757
16758
16759
16760
16761
16762
16763
16764
16765
16824
20532
20533
20534
20535
20536
20537
20538
20539
20540
20541
20542
20543
20596
20597
20598
20599
20600
20601
20602
20603
20604
20605
20606
20660
20661
20662
20663
20664
20665
20666
20667
20668
20669
20670
20724
20725
20726
20727
20728
20729
20730
20731
20732
20733
20734
20788
20789
20790
20791
20792
20793
20794
20795
20796
20797
20853
20854
20855
20856
20857
20858
20859
20860
24629
24630
24631
24632
24633
24634
24635
24636
24692
24693
24694
24695
24696
24697
24698
24699
24700
24756
24757
24758
24759
24760
24761
24762
24763
24764
24765
24820
24821
24822
24823
24824
24825
24826
24827
24828
24885
24886
24887
24888
24889
24890
24891
24892
24950
24951
24952
24953
24954
24955
28726
28727
28728
28729
28730
28731
28789
28790
28791
28792
28793
28794
28795
28796
28853
28854
28855
28856
28857
28858
28859
28860
28917
28918
28919
28920
28921
28922
28923
28924
28981
28982
28983
28984
28985
28986
28987
29047
29048
29049
29050
32823
32824
32825
32826
32827
32887
32888
32889
32890
32891
32950
32951
32952
32953
32954
32955
33014
33015
33016
33017
33018
33019
33078
33079
33080
33081
33082
33083
37113
37114
37177
)


// ************************************************************************* //
