/*--------------------------------*- C++ -*----------------------------------*\
  =========                 |
  \\      /  F ield         | OpenFOAM: The Open Source CFD Toolbox
   \\    /   O peration     | Website:  https://openfoam.org
    \\  /    A nd           | Version:  6
     \\/     M anipulation  |
\*---------------------------------------------------------------------------*/
FoamFile
{
    version     2.0;
    format      ascii;
    class       faceList;
    location    "constant/region2/polyMesh";
    object      faces;
}
// * * * * * * * * * * * * * * * * * * * * * * * * * * * * * * * * * * * * * //


1994
(
4(1 13 114 101)
4(12 113 114 13)
4(100 101 114 113)
4(2 14 115 102)
4(13 114 115 14)
4(101 102 115 114)
4(3 15 116 103)
4(14 115 116 15)
4(102 103 116 115)
4(4 16 117 104)
4(15 116 117 16)
4(103 104 117 116)
4(5 17 118 105)
4(16 117 118 17)
4(104 105 118 117)
4(6 18 119 106)
4(17 118 119 18)
4(105 106 119 118)
4(7 19 120 107)
4(18 119 120 19)
4(106 107 120 119)
4(8 20 121 108)
4(19 120 121 20)
4(107 108 121 120)
4(9 21 122 109)
4(20 121 122 21)
4(108 109 122 121)
4(10 22 123 110)
4(21 122 123 22)
4(109 110 123 122)
4(22 123 124 23)
4(110 111 124 123)
4(13 25 127 114)
4(24 126 127 25)
4(113 114 127 126)
4(14 26 128 115)
4(25 127 128 26)
4(114 115 128 127)
4(15 27 129 116)
4(26 128 129 27)
4(115 116 129 128)
4(16 28 130 117)
4(27 129 130 28)
4(116 117 130 129)
4(17 29 131 118)
4(28 130 131 29)
4(117 118 131 130)
4(18 30 132 119)
4(29 131 132 30)
4(118 119 132 131)
4(19 31 133 120)
4(30 132 133 31)
4(119 120 133 132)
4(20 32 134 121)
4(31 133 134 32)
4(120 121 134 133)
4(21 33 135 122)
4(32 134 135 33)
4(121 122 135 134)
4(22 34 136 123)
4(33 135 136 34)
4(122 123 136 135)
4(34 136 137 35)
4(123 124 137 136)
4(25 38 141 127)
4(37 140 141 38)
4(126 127 141 140)
4(26 39 142 128)
4(38 141 142 39)
4(127 128 142 141)
4(27 40 143 129)
4(39 142 143 40)
4(128 129 143 142)
4(28 41 144 130)
4(40 143 144 41)
4(129 130 144 143)
4(29 42 145 131)
4(41 144 145 42)
4(130 131 145 144)
4(30 43 146 132)
4(42 145 146 43)
4(131 132 146 145)
4(31 44 147 133)
4(43 146 147 44)
4(132 133 147 146)
4(32 45 148 134)
4(44 147 148 45)
4(133 134 148 147)
4(33 46 149 135)
4(45 148 149 46)
4(134 135 149 148)
4(34 47 150 136)
4(46 149 150 47)
4(135 136 150 149)
4(47 150 151 48)
4(136 137 151 150)
4(37 50 154 140)
4(49 153 154 50)
4(139 140 154 153)
4(38 51 155 141)
4(50 154 155 51)
4(140 141 155 154)
4(39 52 156 142)
4(51 155 156 52)
4(141 142 156 155)
4(40 53 157 143)
4(52 156 157 53)
4(142 143 157 156)
4(41 54 158 144)
4(53 157 158 54)
4(143 144 158 157)
4(42 55 159 145)
4(54 158 159 55)
4(144 145 159 158)
4(43 56 160 146)
4(55 159 160 56)
4(145 146 160 159)
4(44 57 161 147)
4(56 160 161 57)
4(146 147 161 160)
4(45 58 162 148)
4(57 161 162 58)
4(147 148 162 161)
4(46 59 163 149)
4(58 162 163 59)
4(148 149 163 162)
4(47 60 164 150)
4(59 163 164 60)
4(149 150 164 163)
4(60 164 165 61)
4(150 151 165 164)
4(50 63 168 154)
4(62 167 168 63)
4(153 154 168 167)
4(51 64 169 155)
4(63 168 169 64)
4(154 155 169 168)
4(52 65 170 156)
4(64 169 170 65)
4(155 156 170 169)
4(53 66 171 157)
4(65 170 171 66)
4(156 157 171 170)
4(54 67 172 158)
4(66 171 172 67)
4(157 158 172 171)
4(55 68 173 159)
4(67 172 173 68)
4(158 159 173 172)
4(56 69 174 160)
4(68 173 174 69)
4(159 160 174 173)
4(57 70 175 161)
4(69 174 175 70)
4(160 161 175 174)
4(58 71 176 162)
4(70 175 176 71)
4(161 162 176 175)
4(59 72 177 163)
4(71 176 177 72)
4(162 163 177 176)
4(60 73 178 164)
4(72 177 178 73)
4(163 164 178 177)
4(164 165 179 178)
4(63 76 182 168)
4(167 168 182 181)
4(64 77 183 169)
4(76 182 183 77)
4(168 169 183 182)
4(65 78 184 170)
4(77 183 184 78)
4(169 170 184 183)
4(66 79 185 171)
4(78 184 185 79)
4(170 171 185 184)
4(67 80 186 172)
4(79 185 186 80)
4(171 172 186 185)
4(68 81 187 173)
4(80 186 187 81)
4(172 173 187 186)
4(69 82 188 174)
4(81 187 188 82)
4(173 174 188 187)
4(70 83 189 175)
4(82 188 189 83)
4(174 175 189 188)
4(71 84 190 176)
4(83 189 190 84)
4(175 176 190 189)
4(72 85 191 177)
4(176 177 191 190)
4(177 178 192 191)
4(77 88 194 183)
4(182 183 194 193)
4(78 89 195 184)
4(183 184 195 194)
4(79 90 196 185)
4(89 195 196 90)
4(184 185 196 195)
4(80 91 197 186)
4(90 196 197 91)
4(185 186 197 196)
4(81 92 198 187)
4(91 197 198 92)
4(186 187 198 197)
4(82 93 199 188)
4(187 188 199 198)
4(83 94 200 189)
4(188 189 200 199)
4(189 190 201 200)
4(90 97 203 196)
4(91 98 204 197)
4(101 114 222 208)
4(113 221 222 114)
4(207 208 222 221)
4(102 115 223 209)
4(114 222 223 115)
4(208 209 223 222)
4(103 116 224 210)
4(115 223 224 116)
4(209 210 224 223)
4(104 117 225 211)
4(116 224 225 117)
4(210 211 225 224)
4(105 118 226 212)
4(117 225 226 118)
4(211 212 226 225)
4(106 119 227 213)
4(118 226 227 119)
4(212 213 227 226)
4(107 120 228 214)
4(119 227 228 120)
4(213 214 228 227)
4(108 121 229 215)
4(120 228 229 121)
4(214 215 229 228)
4(109 122 230 216)
4(121 229 230 122)
4(215 216 230 229)
4(110 123 231 217)
4(122 230 231 123)
4(216 217 231 230)
4(123 231 232 124)
4(217 218 232 231)
4(113 126 235 221)
4(125 234 235 126)
4(220 221 235 234)
4(114 127 236 222)
4(126 235 236 127)
4(221 222 236 235)
4(115 128 237 223)
4(127 236 237 128)
4(222 223 237 236)
4(116 129 238 224)
4(128 237 238 129)
4(223 224 238 237)
4(117 130 239 225)
4(129 238 239 130)
4(224 225 239 238)
4(118 131 240 226)
4(130 239 240 131)
4(225 226 240 239)
4(119 132 241 227)
4(131 240 241 132)
4(226 227 241 240)
4(120 133 242 228)
4(132 241 242 133)
4(227 228 242 241)
4(121 134 243 229)
4(133 242 243 134)
4(228 229 243 242)
4(122 135 244 230)
4(134 243 244 135)
4(229 230 244 243)
4(123 136 245 231)
4(135 244 245 136)
4(230 231 245 244)
4(136 245 246 137)
4(231 232 246 245)
4(126 140 249 235)
4(139 248 249 140)
4(234 235 249 248)
4(127 141 250 236)
4(140 249 250 141)
4(235 236 250 249)
4(128 142 251 237)
4(141 250 251 142)
4(236 237 251 250)
4(129 143 252 238)
4(142 251 252 143)
4(237 238 252 251)
4(130 144 253 239)
4(143 252 253 144)
4(238 239 253 252)
4(131 145 254 240)
4(144 253 254 145)
4(239 240 254 253)
4(132 146 255 241)
4(145 254 255 146)
4(240 241 255 254)
4(133 147 256 242)
4(146 255 256 147)
4(241 242 256 255)
4(134 148 257 243)
4(147 256 257 148)
4(242 243 257 256)
4(135 149 258 244)
4(148 257 258 149)
4(243 244 258 257)
4(136 150 259 245)
4(149 258 259 150)
4(244 245 259 258)
4(150 259 260 151)
4(245 246 260 259)
4(139 153 262 248)
4(152 261 262 153)
4(247 248 262 261)
4(140 154 263 249)
4(153 262 263 154)
4(248 249 263 262)
4(141 155 264 250)
4(154 263 264 155)
4(249 250 264 263)
4(142 156 265 251)
4(155 264 265 156)
4(250 251 265 264)
4(143 157 266 252)
4(156 265 266 157)
4(251 252 266 265)
4(144 158 267 253)
4(157 266 267 158)
4(252 253 267 266)
4(145 159 268 254)
4(158 267 268 159)
4(253 254 268 267)
4(146 160 269 255)
4(159 268 269 160)
4(254 255 269 268)
4(147 161 270 256)
4(160 269 270 161)
4(255 256 270 269)
4(148 162 271 257)
4(161 270 271 162)
4(256 257 271 270)
4(149 163 272 258)
4(162 271 272 163)
4(257 258 272 271)
4(150 164 273 259)
4(163 272 273 164)
4(258 259 273 272)
4(164 273 274 165)
4(259 260 274 273)
4(153 167 276 262)
4(166 275 276 167)
4(261 262 276 275)
4(154 168 277 263)
4(167 276 277 168)
4(262 263 277 276)
4(155 169 278 264)
4(168 277 278 169)
4(263 264 278 277)
4(156 170 279 265)
4(169 278 279 170)
4(264 265 279 278)
4(157 171 280 266)
4(170 279 280 171)
4(265 266 280 279)
4(158 172 281 267)
4(171 280 281 172)
4(266 267 281 280)
4(159 173 282 268)
4(172 281 282 173)
4(267 268 282 281)
4(160 174 283 269)
4(173 282 283 174)
4(268 269 283 282)
4(161 175 284 270)
4(174 283 284 175)
4(269 270 284 283)
4(162 176 285 271)
4(175 284 285 176)
4(270 271 285 284)
4(163 177 286 272)
4(176 285 286 177)
4(271 272 286 285)
4(164 178 287 273)
4(177 286 287 178)
4(272 273 287 286)
4(273 274 288 287)
4(167 181 290 276)
4(275 276 290 289)
4(168 182 291 277)
4(276 277 291 290)
4(169 183 292 278)
4(182 291 292 183)
4(277 278 292 291)
4(170 184 293 279)
4(183 292 293 184)
4(278 279 293 292)
4(171 185 294 280)
4(184 293 294 185)
4(279 280 294 293)
4(172 186 295 281)
4(185 294 295 186)
4(280 281 295 294)
4(173 187 296 282)
4(186 295 296 187)
4(281 282 296 295)
4(174 188 297 283)
4(187 296 297 188)
4(282 283 297 296)
4(175 189 298 284)
4(188 297 298 189)
4(283 284 298 297)
4(176 190 299 285)
4(189 298 299 190)
4(284 285 299 298)
4(177 191 300 286)
4(285 286 300 299)
4(286 287 301 300)
4(183 194 303 292)
4(291 292 303 302)
4(184 195 304 293)
4(292 293 304 303)
4(185 196 305 294)
4(293 294 305 304)
4(186 197 306 295)
4(294 295 306 305)
4(187 198 307 296)
4(295 296 307 306)
4(188 199 308 297)
4(296 297 308 307)
4(189 200 309 298)
4(297 298 309 308)
4(207 221 327 313)
4(220 326 327 221)
4(312 313 327 326)
4(208 222 328 314)
4(221 327 328 222)
4(313 314 328 327)
4(209 223 329 315)
4(222 328 329 223)
4(314 315 329 328)
4(210 224 330 316)
4(223 329 330 224)
4(315 316 330 329)
4(211 225 331 317)
4(224 330 331 225)
4(316 317 331 330)
4(212 226 332 318)
4(225 331 332 226)
4(317 318 332 331)
4(213 227 333 319)
4(226 332 333 227)
4(318 319 333 332)
4(214 228 334 320)
4(227 333 334 228)
4(319 320 334 333)
4(215 229 335 321)
4(228 334 335 229)
4(320 321 335 334)
4(216 230 336 322)
4(229 335 336 230)
4(321 322 336 335)
4(217 231 337 323)
4(230 336 337 231)
4(322 323 337 336)
4(231 337 338 232)
4(323 324 338 337)
4(220 234 340 326)
4(233 339 340 234)
4(325 326 340 339)
4(221 235 341 327)
4(234 340 341 235)
4(326 327 341 340)
4(222 236 342 328)
4(235 341 342 236)
4(327 328 342 341)
4(223 237 343 329)
4(236 342 343 237)
4(328 329 343 342)
4(224 238 344 330)
4(237 343 344 238)
4(329 330 344 343)
4(225 239 345 331)
4(238 344 345 239)
4(330 331 345 344)
4(226 240 346 332)
4(239 345 346 240)
4(331 332 346 345)
4(227 241 347 333)
4(240 346 347 241)
4(332 333 347 346)
4(228 242 348 334)
4(241 347 348 242)
4(333 334 348 347)
4(229 243 349 335)
4(242 348 349 243)
4(334 335 349 348)
4(230 244 350 336)
4(243 349 350 244)
4(335 336 350 349)
4(231 245 351 337)
4(244 350 351 245)
4(336 337 351 350)
4(245 351 352 246)
4(337 338 352 351)
4(234 248 354 340)
4(247 353 354 248)
4(339 340 354 353)
4(235 249 355 341)
4(248 354 355 249)
4(340 341 355 354)
4(236 250 356 342)
4(249 355 356 250)
4(341 342 356 355)
4(237 251 357 343)
4(250 356 357 251)
4(342 343 357 356)
4(238 252 358 344)
4(251 357 358 252)
4(343 344 358 357)
4(239 253 359 345)
4(252 358 359 253)
4(344 345 359 358)
4(240 254 360 346)
4(253 359 360 254)
4(345 346 360 359)
4(241 255 361 347)
4(254 360 361 255)
4(346 347 361 360)
4(242 256 362 348)
4(255 361 362 256)
4(347 348 362 361)
4(243 257 363 349)
4(256 362 363 257)
4(348 349 363 362)
4(244 258 364 350)
4(257 363 364 258)
4(349 350 364 363)
4(245 259 365 351)
4(258 364 365 259)
4(350 351 365 364)
4(259 365 366 260)
4(351 352 366 365)
4(248 262 368 354)
4(261 367 368 262)
4(353 354 368 367)
4(249 263 369 355)
4(262 368 369 263)
4(354 355 369 368)
4(250 264 370 356)
4(263 369 370 264)
4(355 356 370 369)
4(251 265 371 357)
4(264 370 371 265)
4(356 357 371 370)
4(252 266 372 358)
4(265 371 372 266)
4(357 358 372 371)
4(253 267 373 359)
4(266 372 373 267)
4(358 359 373 372)
4(254 268 374 360)
4(267 373 374 268)
4(359 360 374 373)
4(255 269 375 361)
4(268 374 375 269)
4(360 361 375 374)
4(256 270 376 362)
4(269 375 376 270)
4(361 362 376 375)
4(257 271 377 363)
4(270 376 377 271)
4(362 363 377 376)
4(258 272 378 364)
4(271 377 378 272)
4(363 364 378 377)
4(259 273 379 365)
4(272 378 379 273)
4(364 365 379 378)
4(273 379 380 274)
4(365 366 380 379)
4(262 276 382 368)
4(275 381 382 276)
4(367 368 382 381)
4(263 277 383 369)
4(276 382 383 277)
4(368 369 383 382)
4(264 278 384 370)
4(277 383 384 278)
4(369 370 384 383)
4(265 279 385 371)
4(278 384 385 279)
4(370 371 385 384)
4(266 280 386 372)
4(279 385 386 280)
4(371 372 386 385)
4(267 281 387 373)
4(280 386 387 281)
4(372 373 387 386)
4(268 282 388 374)
4(281 387 388 282)
4(373 374 388 387)
4(269 283 389 375)
4(282 388 389 283)
4(374 375 389 388)
4(270 284 390 376)
4(283 389 390 284)
4(375 376 390 389)
4(271 285 391 377)
4(284 390 391 285)
4(376 377 391 390)
4(272 286 392 378)
4(285 391 392 286)
4(377 378 392 391)
4(273 287 393 379)
4(286 392 393 287)
4(378 379 393 392)
4(276 290 396 382)
4(381 382 396 395)
4(277 291 397 383)
4(382 383 397 396)
4(278 292 398 384)
4(291 397 398 292)
4(383 384 398 397)
4(279 293 399 385)
4(292 398 399 293)
4(384 385 399 398)
4(280 294 400 386)
4(293 399 400 294)
4(385 386 400 399)
4(281 295 401 387)
4(294 400 401 295)
4(386 387 401 400)
4(282 296 402 388)
4(295 401 402 296)
4(387 388 402 401)
4(283 297 403 389)
4(296 402 403 297)
4(388 389 403 402)
4(284 298 404 390)
4(297 403 404 298)
4(389 390 404 403)
4(285 299 405 391)
4(390 391 405 404)
4(286 300 406 392)
4(391 392 406 405)
4(292 303 409 398)
4(293 304 410 399)
4(398 399 410 409)
4(294 305 411 400)
4(399 400 411 410)
4(295 306 412 401)
4(400 401 412 411)
4(296 307 413 402)
4(401 402 413 412)
4(297 308 414 403)
4(402 403 414 413)
4(312 326 431 417)
4(325 430 431 326)
4(313 327 432 418)
4(326 431 432 327)
4(417 418 432 431)
4(314 328 433 419)
4(327 432 433 328)
4(418 419 433 432)
4(315 329 434 420)
4(328 433 434 329)
4(419 420 434 433)
4(316 330 435 421)
4(329 434 435 330)
4(420 421 435 434)
4(317 331 436 422)
4(330 435 436 331)
4(421 422 436 435)
4(318 332 437 423)
4(331 436 437 332)
4(422 423 437 436)
4(319 333 438 424)
4(332 437 438 333)
4(423 424 438 437)
4(320 334 439 425)
4(333 438 439 334)
4(424 425 439 438)
4(321 335 440 426)
4(334 439 440 335)
4(425 426 440 439)
4(322 336 441 427)
4(335 440 441 336)
4(426 427 441 440)
4(323 337 442 428)
4(336 441 442 337)
4(427 428 442 441)
4(337 442 443 338)
4(428 429 443 442)
4(326 340 445 431)
4(339 444 445 340)
4(430 431 445 444)
4(327 341 446 432)
4(340 445 446 341)
4(431 432 446 445)
4(328 342 447 433)
4(341 446 447 342)
4(432 433 447 446)
4(329 343 448 434)
4(342 447 448 343)
4(433 434 448 447)
4(330 344 449 435)
4(343 448 449 344)
4(434 435 449 448)
4(331 345 450 436)
4(344 449 450 345)
4(435 436 450 449)
4(332 346 451 437)
4(345 450 451 346)
4(436 437 451 450)
4(333 347 452 438)
4(346 451 452 347)
4(437 438 452 451)
4(334 348 453 439)
4(347 452 453 348)
4(438 439 453 452)
4(335 349 454 440)
4(348 453 454 349)
4(439 440 454 453)
4(336 350 455 441)
4(349 454 455 350)
4(440 441 455 454)
4(337 351 456 442)
4(350 455 456 351)
4(441 442 456 455)
4(351 456 457 352)
4(442 443 457 456)
4(340 354 459 445)
4(353 458 459 354)
4(444 445 459 458)
4(341 355 460 446)
4(354 459 460 355)
4(445 446 460 459)
4(342 356 461 447)
4(355 460 461 356)
4(446 447 461 460)
4(343 357 462 448)
4(356 461 462 357)
4(447 448 462 461)
4(344 358 463 449)
4(357 462 463 358)
4(448 449 463 462)
4(345 359 464 450)
4(358 463 464 359)
4(449 450 464 463)
4(346 360 465 451)
4(359 464 465 360)
4(450 451 465 464)
4(347 361 466 452)
4(360 465 466 361)
4(451 452 466 465)
4(348 362 467 453)
4(361 466 467 362)
4(452 453 467 466)
4(349 363 468 454)
4(362 467 468 363)
4(453 454 468 467)
4(350 364 469 455)
4(363 468 469 364)
4(454 455 469 468)
4(351 365 470 456)
4(364 469 470 365)
4(455 456 470 469)
4(365 470 471 366)
4(456 457 471 470)
4(354 368 473 459)
4(367 472 473 368)
4(458 459 473 472)
4(355 369 474 460)
4(368 473 474 369)
4(459 460 474 473)
4(356 370 475 461)
4(369 474 475 370)
4(460 461 475 474)
4(357 371 476 462)
4(370 475 476 371)
4(461 462 476 475)
4(358 372 477 463)
4(371 476 477 372)
4(462 463 477 476)
4(359 373 478 464)
4(372 477 478 373)
4(463 464 478 477)
4(360 374 479 465)
4(373 478 479 374)
4(464 465 479 478)
4(361 375 480 466)
4(374 479 480 375)
4(465 466 480 479)
4(362 376 481 467)
4(375 480 481 376)
4(466 467 481 480)
4(363 377 482 468)
4(376 481 482 377)
4(467 468 482 481)
4(364 378 483 469)
4(377 482 483 378)
4(468 469 483 482)
4(365 379 484 470)
4(378 483 484 379)
4(469 470 484 483)
4(368 382 487 473)
4(381 486 487 382)
4(472 473 487 486)
4(369 383 488 474)
4(382 487 488 383)
4(473 474 488 487)
4(370 384 489 475)
4(383 488 489 384)
4(474 475 489 488)
4(371 385 490 476)
4(384 489 490 385)
4(475 476 490 489)
4(372 386 491 477)
4(385 490 491 386)
4(476 477 491 490)
4(373 387 492 478)
4(386 491 492 387)
4(477 478 492 491)
4(374 388 493 479)
4(387 492 493 388)
4(478 479 493 492)
4(375 389 494 480)
4(388 493 494 389)
4(479 480 494 493)
4(376 390 495 481)
4(389 494 495 390)
4(480 481 495 494)
4(377 391 496 482)
4(390 495 496 391)
4(481 482 496 495)
4(378 392 497 483)
4(391 496 497 392)
4(482 483 497 496)
4(483 484 498 497)
4(382 396 500 487)
4(383 397 501 488)
4(487 488 501 500)
4(384 398 502 489)
4(488 489 502 501)
4(385 399 503 490)
4(398 502 503 399)
4(489 490 503 502)
4(386 400 504 491)
4(399 503 504 400)
4(490 491 504 503)
4(387 401 505 492)
4(400 504 505 401)
4(491 492 505 504)
4(388 402 506 493)
4(401 505 506 402)
4(492 493 506 505)
4(389 403 507 494)
4(402 506 507 403)
4(493 494 507 506)
4(390 404 508 495)
4(494 495 508 507)
4(391 405 509 496)
4(495 496 509 508)
4(496 497 510 509)
4(399 410 512 503)
4(400 411 513 504)
4(401 412 514 505)
4(504 505 514 513)
4(402 413 515 506)
4(418 432 532 518)
4(431 531 532 432)
4(517 518 532 531)
4(419 433 533 519)
4(432 532 533 433)
4(518 519 533 532)
4(420 434 534 520)
4(433 533 534 434)
4(519 520 534 533)
4(421 435 535 521)
4(434 534 535 435)
4(520 521 535 534)
4(422 436 536 522)
4(435 535 536 436)
4(521 522 536 535)
4(423 437 537 523)
4(436 536 537 437)
4(522 523 537 536)
4(424 438 538 524)
4(437 537 538 438)
4(523 524 538 537)
4(425 439 539 525)
4(438 538 539 439)
4(524 525 539 538)
4(426 440 540 526)
4(439 539 540 440)
4(525 526 540 539)
4(427 441 541 527)
4(440 540 541 441)
4(526 527 541 540)
4(428 442 542 528)
4(441 541 542 442)
4(527 528 542 541)
4(442 542 543 443)
4(528 529 543 542)
4(431 445 545 531)
4(444 544 545 445)
4(432 446 546 532)
4(445 545 546 446)
4(531 532 546 545)
4(433 447 547 533)
4(446 546 547 447)
4(532 533 547 546)
4(434 448 548 534)
4(447 547 548 448)
4(533 534 548 547)
4(435 449 549 535)
4(448 548 549 449)
4(534 535 549 548)
4(436 450 550 536)
4(449 549 550 450)
4(535 536 550 549)
4(437 451 551 537)
4(450 550 551 451)
4(536 537 551 550)
4(438 452 552 538)
4(451 551 552 452)
4(537 538 552 551)
4(439 453 553 539)
4(452 552 553 453)
4(538 539 553 552)
4(440 454 554 540)
4(453 553 554 454)
4(539 540 554 553)
4(441 455 555 541)
4(454 554 555 455)
4(540 541 555 554)
4(442 456 556 542)
4(455 555 556 456)
4(541 542 556 555)
4(456 556 557 457)
4(445 459 559 545)
4(458 558 559 459)
4(446 460 560 546)
4(459 559 560 460)
4(545 546 560 559)
4(447 461 561 547)
4(460 560 561 461)
4(546 547 561 560)
4(448 462 562 548)
4(461 561 562 462)
4(547 548 562 561)
4(449 463 563 549)
4(462 562 563 463)
4(548 549 563 562)
4(450 464 564 550)
4(463 563 564 464)
4(549 550 564 563)
4(451 465 565 551)
4(464 564 565 465)
4(550 551 565 564)
4(452 466 566 552)
4(465 565 566 466)
4(551 552 566 565)
4(453 467 567 553)
4(466 566 567 467)
4(552 553 567 566)
4(454 468 568 554)
4(467 567 568 468)
4(553 554 568 567)
4(455 469 569 555)
4(468 568 569 469)
4(554 555 569 568)
4(456 470 570 556)
4(469 569 570 470)
4(555 556 570 569)
4(459 473 573 559)
4(472 572 573 473)
4(460 474 574 560)
4(473 573 574 474)
4(559 560 574 573)
4(461 475 575 561)
4(474 574 575 475)
4(560 561 575 574)
4(462 476 576 562)
4(475 575 576 476)
4(561 562 576 575)
4(463 477 577 563)
4(476 576 577 477)
4(562 563 577 576)
4(464 478 578 564)
4(477 577 578 478)
4(563 564 578 577)
4(465 479 579 565)
4(478 578 579 479)
4(564 565 579 578)
4(466 480 580 566)
4(479 579 580 480)
4(565 566 580 579)
4(467 481 581 567)
4(480 580 581 481)
4(566 567 581 580)
4(468 482 582 568)
4(481 581 582 482)
4(567 568 582 581)
4(469 483 583 569)
4(482 582 583 483)
4(568 569 583 582)
4(483 583 584 484)
4(569 570 584 583)
4(473 487 586 573)
4(474 488 587 574)
4(487 586 587 488)
4(573 574 587 586)
4(475 489 588 575)
4(488 587 588 489)
4(574 575 588 587)
4(476 490 589 576)
4(489 588 589 490)
4(575 576 589 588)
4(477 491 590 577)
4(490 589 590 491)
4(576 577 590 589)
4(478 492 591 578)
4(491 590 591 492)
4(577 578 591 590)
4(479 493 592 579)
4(492 591 592 493)
4(578 579 592 591)
4(480 494 593 580)
4(493 592 593 494)
4(579 580 593 592)
4(481 495 594 581)
4(494 593 594 495)
4(580 581 594 593)
4(482 496 595 582)
4(495 594 595 496)
4(581 582 595 594)
4(483 497 596 583)
4(496 595 596 497)
4(582 583 596 595)
4(488 501 599 587)
4(489 502 600 588)
4(587 588 600 599)
4(490 503 601 589)
4(588 589 601 600)
4(491 504 602 590)
4(589 590 602 601)
4(492 505 603 591)
4(504 602 603 505)
4(590 591 603 602)
4(493 506 604 592)
4(591 592 604 603)
4(494 507 605 593)
4(592 593 605 604)
4(495 508 606 594)
4(593 594 606 605)
4(496 509 607 595)
4(594 595 607 606)
4(518 532 625 612)
4(531 624 625 532)
4(519 533 626 613)
4(532 625 626 533)
4(612 613 626 625)
4(520 534 627 614)
4(533 626 627 534)
4(613 614 627 626)
4(521 535 628 615)
4(534 627 628 535)
4(614 615 628 627)
4(522 536 629 616)
4(535 628 629 536)
4(615 616 629 628)
4(523 537 630 617)
4(536 629 630 537)
4(616 617 630 629)
4(524 538 631 618)
4(537 630 631 538)
4(617 618 631 630)
4(525 539 632 619)
4(538 631 632 539)
4(618 619 632 631)
4(526 540 633 620)
4(539 632 633 540)
4(619 620 633 632)
4(527 541 634 621)
4(540 633 634 541)
4(528 542 635 622)
4(541 634 635 542)
4(532 546 638 625)
4(545 637 638 546)
4(624 625 638 637)
4(533 547 639 626)
4(546 638 639 547)
4(625 626 639 638)
4(534 548 640 627)
4(547 639 640 548)
4(626 627 640 639)
4(535 549 641 628)
4(548 640 641 549)
4(627 628 641 640)
4(536 550 642 629)
4(549 641 642 550)
4(628 629 642 641)
4(537 551 643 630)
4(550 642 643 551)
4(629 630 643 642)
4(538 552 644 631)
4(551 643 644 552)
4(630 631 644 643)
4(539 553 645 632)
4(552 644 645 553)
4(631 632 645 644)
4(540 554 646 633)
4(553 645 646 554)
4(632 633 646 645)
4(541 555 647 634)
4(554 646 647 555)
4(555 647 648 556)
4(546 560 650 638)
4(559 649 650 560)
4(637 638 650 649)
4(547 561 651 639)
4(560 650 651 561)
4(638 639 651 650)
4(548 562 652 640)
4(561 651 652 562)
4(639 640 652 651)
4(549 563 653 641)
4(562 652 653 563)
4(640 641 653 652)
4(550 564 654 642)
4(563 653 654 564)
4(641 642 654 653)
4(551 565 655 643)
4(564 654 655 565)
4(642 643 655 654)
4(552 566 656 644)
4(565 655 656 566)
4(643 644 656 655)
4(553 567 657 645)
4(566 656 657 567)
4(644 645 657 656)
4(554 568 658 646)
4(567 657 658 568)
4(645 646 658 657)
4(555 569 659 647)
4(568 658 659 569)
4(646 647 659 658)
4(569 659 660 570)
4(560 574 662 650)
4(573 661 662 574)
4(649 650 662 661)
4(561 575 663 651)
4(574 662 663 575)
4(650 651 663 662)
4(562 576 664 652)
4(575 663 664 576)
4(651 652 664 663)
4(563 577 665 653)
4(576 664 665 577)
4(652 653 665 664)
4(564 578 666 654)
4(577 665 666 578)
4(653 654 666 665)
4(565 579 667 655)
4(578 666 667 579)
4(654 655 667 666)
4(566 580 668 656)
4(579 667 668 580)
4(655 656 668 667)
4(567 581 669 657)
4(580 668 669 581)
4(656 657 669 668)
4(568 582 670 658)
4(581 669 670 582)
4(657 658 670 669)
4(569 583 671 659)
4(582 670 671 583)
4(574 587 674 662)
4(575 588 675 663)
4(587 674 675 588)
4(662 663 675 674)
4(576 589 676 664)
4(588 675 676 589)
4(663 664 676 675)
4(577 590 677 665)
4(589 676 677 590)
4(664 665 677 676)
4(578 591 678 666)
4(590 677 678 591)
4(665 666 678 677)
4(579 592 679 667)
4(591 678 679 592)
4(666 667 679 678)
4(580 593 680 668)
4(592 679 680 593)
4(667 668 680 679)
4(581 594 681 669)
4(593 680 681 594)
4(668 669 681 680)
4(582 595 682 670)
4(594 681 682 595)
4(669 670 682 681)
4(588 600 685 675)
4(589 601 686 676)
4(675 676 686 685)
4(590 602 687 677)
4(676 677 687 686)
4(591 603 688 678)
4(677 678 688 687)
4(592 604 689 679)
4(678 679 689 688)
4(593 605 690 680)
4(679 680 690 689)
4(594 606 691 681)
4(680 681 691 690)
4(613 626 704 694)
4(625 703 704 626)
4(614 627 705 695)
4(626 704 705 627)
4(694 695 705 704)
4(615 628 706 696)
4(627 705 706 628)
4(695 696 706 705)
4(616 629 707 697)
4(628 706 707 629)
4(696 697 707 706)
4(617 630 708 698)
4(629 707 708 630)
4(697 698 708 707)
4(618 631 709 699)
4(630 708 709 631)
4(698 699 709 708)
4(619 632 710 700)
4(631 709 710 632)
4(699 700 710 709)
4(632 710 711 633)
4(625 638 713 703)
4(637 712 713 638)
4(626 639 714 704)
4(638 713 714 639)
4(703 704 714 713)
4(627 640 715 705)
4(639 714 715 640)
4(704 705 715 714)
4(628 641 716 706)
4(640 715 716 641)
4(705 706 716 715)
4(629 642 717 707)
4(641 716 717 642)
4(706 707 717 716)
4(630 643 718 708)
4(642 717 718 643)
4(707 708 718 717)
4(631 644 719 709)
4(643 718 719 644)
4(708 709 719 718)
4(632 645 720 710)
4(644 719 720 645)
4(709 710 720 719)
4(645 720 721 646)
4(710 711 721 720)
4(638 650 724 713)
4(649 723 724 650)
4(639 651 725 714)
4(650 724 725 651)
4(713 714 725 724)
4(640 652 726 715)
4(651 725 726 652)
4(714 715 726 725)
4(641 653 727 716)
4(652 726 727 653)
4(715 716 727 726)
4(642 654 728 717)
4(653 727 728 654)
4(716 717 728 727)
4(643 655 729 718)
4(654 728 729 655)
4(717 718 729 728)
4(644 656 730 719)
4(655 729 730 656)
4(718 719 730 729)
4(645 657 731 720)
4(656 730 731 657)
4(719 720 731 730)
4(646 658 732 721)
4(657 731 732 658)
4(720 721 732 731)
4(650 662 735 724)
4(651 663 736 725)
4(662 735 736 663)
4(724 725 736 735)
4(652 664 737 726)
4(663 736 737 664)
4(725 726 737 736)
4(653 665 738 727)
4(664 737 738 665)
4(726 727 738 737)
4(654 666 739 728)
4(665 738 739 666)
4(727 728 739 738)
4(655 667 740 729)
4(666 739 740 667)
4(728 729 740 739)
4(656 668 741 730)
4(667 740 741 668)
4(729 730 741 740)
4(657 669 742 731)
4(668 741 742 669)
4(730 731 742 741)
4(669 742 743 670)
4(731 732 743 742)
4(663 675 745 736)
4(735 736 745 744)
4(664 676 746 737)
4(675 745 746 676)
4(736 737 746 745)
4(665 677 747 738)
4(676 746 747 677)
4(737 738 747 746)
4(666 678 748 739)
4(677 747 748 678)
4(738 739 748 747)
4(667 679 749 740)
4(678 748 749 679)
4(739 740 749 748)
4(668 680 750 741)
4(679 749 750 680)
4(740 741 750 749)
4(669 681 751 742)
4(680 750 751 681)
4(741 742 751 750)
4(676 686 754 746)
4(677 687 755 747)
4(746 747 755 754)
4(678 688 756 748)
4(747 748 756 755)
4(679 689 757 749)
4(748 749 757 756)
4(680 690 758 750)
4(749 750 758 757)
4(695 705 769 761)
4(704 768 769 705)
4(696 706 770 762)
4(705 769 770 706)
4(761 762 770 769)
4(697 707 771 763)
4(706 770 771 707)
4(762 763 771 770)
4(698 708 772 764)
4(707 771 772 708)
4(763 764 772 771)
4(699 709 773 765)
4(708 772 773 709)
4(764 765 773 772)
4(709 773 774 710)
4(765 766 774 773)
4(704 714 777 768)
4(713 776 777 714)
4(705 715 778 769)
4(714 777 778 715)
4(706 716 779 770)
4(715 778 779 716)
4(769 770 779 778)
4(707 717 780 771)
4(716 779 780 717)
4(770 771 780 779)
4(708 718 781 772)
4(717 780 781 718)
4(771 772 781 780)
4(709 719 782 773)
4(718 781 782 719)
4(772 773 782 781)
4(710 720 783 774)
4(719 782 783 720)
4(773 774 783 782)
4(720 783 784 721)
4(714 725 786 777)
4(724 785 786 725)
4(715 726 787 778)
4(725 786 787 726)
4(777 778 787 786)
4(716 727 788 779)
4(726 787 788 727)
4(778 779 788 787)
4(717 728 789 780)
4(727 788 789 728)
4(779 780 789 788)
4(718 729 790 781)
4(728 789 790 729)
4(780 781 790 789)
4(719 730 791 782)
4(729 790 791 730)
4(781 782 791 790)
4(720 731 792 783)
4(730 791 792 731)
4(782 783 792 791)
4(731 792 793 732)
4(725 736 795 786)
4(735 794 795 736)
4(726 737 796 787)
4(736 795 796 737)
4(786 787 796 795)
4(727 738 797 788)
4(737 796 797 738)
4(787 788 797 796)
4(728 739 798 789)
4(738 797 798 739)
4(788 789 798 797)
4(729 740 799 790)
4(739 798 799 740)
4(789 790 799 798)
4(730 741 800 791)
4(740 799 800 741)
4(790 791 800 799)
4(731 742 801 792)
4(741 800 801 742)
4(791 792 801 800)
4(736 745 804 795)
4(737 746 805 796)
4(795 796 805 804)
4(738 747 806 797)
4(746 805 806 747)
4(796 797 806 805)
4(739 748 807 798)
4(747 806 807 748)
4(797 798 807 806)
4(740 749 808 799)
4(748 807 808 749)
4(798 799 808 807)
4(741 750 809 800)
4(749 808 809 750)
4(799 800 809 808)
4(800 801 810 809)
4(747 755 812 806)
4(748 756 813 807)
4(749 757 814 808)
4(762 770 823 817)
4(769 822 823 770)
4(763 771 824 818)
4(770 823 824 771)
4(764 772 825 819)
4(771 824 825 772)
4(765 773 826 820)
4(772 825 826 773)
4(773 826 827 774)
4(770 779 830 823)
4(778 829 830 779)
4(771 780 831 824)
4(779 830 831 780)
4(772 781 832 825)
4(780 831 832 781)
4(773 782 833 826)
4(781 832 833 782)
4(782 833 834 783)
4(778 787 836 829)
4(786 835 836 787)
4(779 788 837 830)
4(787 836 837 788)
4(780 789 838 831)
4(788 837 838 789)
4(781 790 839 832)
4(789 838 839 790)
4(782 791 840 833)
4(790 839 840 791)
4(791 840 841 792)
4(787 796 843 836)
4(795 842 843 796)
4(788 797 844 837)
4(796 843 844 797)
4(789 798 845 838)
4(797 844 845 798)
4(790 799 846 839)
4(798 845 846 799)
4(838 839 846 845)
4(791 800 847 840)
4(799 846 847 800)
4(839 840 847 846)
4(800 847 848 801)
4(796 805 850 843)
4(797 806 851 844)
4(798 807 852 845)
4(799 808 853 846)
4(845 846 853 852)
4(800 809 854 847)
4(839 846 860 857)
4(845 859 860 846)
4(311 312 417 416)
4(206 207 313 312)
4(312 313 418 417)
4(417 418 518 517)
4(517 518 612 611)
4(0 1 101 100)
4(100 101 208 207)
4(207 208 314 313)
4(313 314 419 418)
4(418 419 519 518)
4(518 519 613 612)
4(612 613 694 693)
4(1 2 102 101)
4(101 102 209 208)
4(208 209 315 314)
4(314 315 420 419)
4(419 420 520 519)
4(519 520 614 613)
4(613 614 695 694)
4(694 695 761 760)
4(2 3 103 102)
4(102 103 210 209)
4(209 210 316 315)
4(315 316 421 420)
4(420 421 521 520)
4(520 521 615 614)
4(614 615 696 695)
4(695 696 762 761)
4(761 762 817 816)
4(3 4 104 103)
4(103 104 211 210)
4(210 211 317 316)
4(316 317 422 421)
4(421 422 522 521)
4(521 522 616 615)
4(615 616 697 696)
4(696 697 763 762)
4(762 763 818 817)
4(4 5 105 104)
4(104 105 212 211)
4(211 212 318 317)
4(317 318 423 422)
4(422 423 523 522)
4(522 523 617 616)
4(616 617 698 697)
4(697 698 764 763)
4(763 764 819 818)
4(5 6 106 105)
4(105 106 213 212)
4(212 213 319 318)
4(318 319 424 423)
4(423 424 524 523)
4(523 524 618 617)
4(617 618 699 698)
4(698 699 765 764)
4(764 765 820 819)
4(6 7 107 106)
4(106 107 214 213)
4(213 214 320 319)
4(319 320 425 424)
4(424 425 525 524)
4(524 525 619 618)
4(618 619 700 699)
4(699 700 766 765)
4(765 766 821 820)
4(7 8 108 107)
4(107 108 215 214)
4(214 215 321 320)
4(320 321 426 425)
4(425 426 526 525)
4(525 526 620 619)
4(619 620 701 700)
4(8 9 109 108)
4(108 109 216 215)
4(215 216 322 321)
4(321 322 427 426)
4(426 427 527 526)
4(526 527 621 620)
4(9 10 110 109)
4(109 110 217 216)
4(216 217 323 322)
4(322 323 428 427)
4(427 428 528 527)
4(527 528 622 621)
4(10 11 111 110)
4(110 111 218 217)
4(217 218 324 323)
4(323 324 429 428)
4(428 429 529 528)
4(528 529 623 622)
4(11 23 124 111)
4(23 35 137 124)
4(35 48 151 137)
4(48 61 165 151)
4(61 74 179 165)
4(111 124 232 218)
4(124 137 246 232)
4(137 151 260 246)
4(151 165 274 260)
4(165 179 288 274)
4(218 232 338 324)
4(232 246 352 338)
4(246 260 366 352)
4(260 274 380 366)
4(274 288 394 380)
4(324 338 443 429)
4(338 352 457 443)
4(352 366 471 457)
4(366 380 485 471)
4(429 443 543 529)
4(443 457 557 543)
4(457 471 571 557)
4(529 543 636 623)
4(36 49 50 37)
4(49 62 63 50)
4(62 75 76 63)
4(0 12 13 1)
4(12 24 25 13)
4(24 37 38 25)
4(37 50 51 38)
4(50 63 64 51)
4(63 76 77 64)
4(76 87 88 77)
4(1 13 14 2)
4(13 25 26 14)
4(25 38 39 26)
4(38 51 52 39)
4(51 64 65 52)
4(64 77 78 65)
4(77 88 89 78)
4(2 14 15 3)
4(14 26 27 15)
4(26 39 40 27)
4(39 52 53 40)
4(52 65 66 53)
4(65 78 79 66)
4(78 89 90 79)
4(89 96 97 90)
4(3 15 16 4)
4(15 27 28 16)
4(27 40 41 28)
4(40 53 54 41)
4(53 66 67 54)
4(66 79 80 67)
4(79 90 91 80)
4(90 97 98 91)
4(4 16 17 5)
4(16 28 29 17)
4(28 41 42 29)
4(41 54 55 42)
4(54 67 68 55)
4(67 80 81 68)
4(80 91 92 81)
4(91 98 99 92)
4(5 17 18 6)
4(17 29 30 18)
4(29 42 43 30)
4(42 55 56 43)
4(55 68 69 56)
4(68 81 82 69)
4(81 92 93 82)
4(6 18 19 7)
4(18 30 31 19)
4(30 43 44 31)
4(43 56 57 44)
4(56 69 70 57)
4(69 82 83 70)
4(82 93 94 83)
4(7 19 20 8)
4(19 31 32 20)
4(31 44 45 32)
4(44 57 58 45)
4(57 70 71 58)
4(70 83 84 71)
4(83 94 95 84)
4(8 20 21 9)
4(20 32 33 21)
4(32 45 46 33)
4(45 58 59 46)
4(58 71 72 59)
4(71 84 85 72)
4(9 21 22 10)
4(21 33 34 22)
4(33 46 47 34)
4(46 59 60 47)
4(59 72 73 60)
4(72 85 86 73)
4(10 22 23 11)
4(22 34 35 23)
4(34 47 48 35)
4(47 60 61 48)
4(60 73 74 61)
4(379 380 394 393)
4(379 484 485 380)
4(470 471 485 484)
4(379 393 498 484)
4(542 543 557 556)
4(470 570 571 471)
4(556 557 571 570)
4(470 484 584 570)
4(484 498 597 584)
4(542 635 636 543)
4(542 556 648 635)
4(556 570 660 648)
4(570 584 672 660)
4(620 621 634 633)
4(621 622 635 634)
4(633 634 647 646)
4(634 635 648 647)
4(647 648 660 659)
4(620 633 711 701)
4(700 701 711 710)
4(633 646 721 711)
4(646 647 722 721)
4(647 659 733 722)
4(700 710 774 766)
4(710 711 775 774)
4(711 721 784 775)
4(191 300 301 192)
4(73 178 179 74)
4(73 86 192 178)
4(178 287 288 179)
4(178 192 301 287)
4(287 393 394 288)
4(287 301 407 393)
4(658 659 671 670)
4(670 671 683 682)
4(658 732 733 659)
4(658 670 743 732)
4(670 682 752 743)
4(742 743 752 751)
4(774 775 784 783)
4(783 784 793 792)
4(732 743 802 793)
4(742 801 802 743)
4(792 793 802 801)
4(742 751 810 801)
4(774 783 834 827)
4(783 792 841 834)
4(792 801 848 841)
4(801 810 855 848)
4(36 139 153 49)
4(138 152 153 139)
4(49 153 167 62)
4(152 166 167 153)
4(62 167 181 75)
4(166 180 181 167)
4(84 190 191 85)
4(85 191 192 86)
4(92 198 199 93)
4(93 199 200 94)
4(84 95 201 190)
4(94 200 201 95)
4(97 203 204 98)
4(196 197 204 203)
4(92 99 205 198)
4(98 204 205 99)
4(197 198 205 204)
4(125 234 248 139)
4(138 139 248 247)
4(233 247 248 234)
4(138 247 261 152)
4(152 261 275 166)
4(166 275 289 180)
4(190 299 300 191)
4(196 305 306 197)
4(197 306 307 198)
4(198 307 308 199)
4(199 308 309 200)
4(190 201 310 299)
4(200 309 310 201)
4(298 299 310 309)
4(219 325 339 233)
4(233 339 353 247)
4(247 353 367 261)
4(261 367 381 275)
4(275 381 395 289)
4(298 404 405 299)
4(299 405 406 300)
4(300 406 407 301)
4(392 393 407 406)
4(306 412 413 307)
4(307 413 414 308)
4(298 309 415 404)
4(308 414 415 309)
4(403 404 415 414)
4(311 416 430 325)
4(416 417 431 430)
4(325 430 444 339)
4(339 444 458 353)
4(353 458 472 367)
4(367 472 486 381)
4(392 497 498 393)
4(381 486 499 395)
4(403 507 508 404)
4(404 508 509 405)
4(392 406 510 497)
4(405 509 510 406)
4(412 514 515 413)
4(505 506 515 514)
4(403 414 516 507)
4(413 515 516 414)
4(506 507 516 515)
4(417 517 531 431)
4(430 431 531 530)
4(430 530 544 444)
4(530 531 545 544)
4(444 544 558 458)
4(544 545 559 558)
4(458 558 572 472)
4(558 559 573 572)
4(472 572 585 486)
4(572 573 586 585)
4(497 596 597 498)
4(583 584 597 596)
4(505 603 604 506)
4(506 604 605 507)
4(507 605 606 508)
4(508 606 607 509)
4(497 510 608 596)
4(509 607 608 510)
4(595 596 608 607)
4(505 514 610 603)
4(513 609 610 514)
4(602 603 610 609)
4(517 611 624 531)
4(611 612 625 624)
4(622 623 636 635)
4(531 624 637 545)
4(545 637 649 559)
4(559 649 661 573)
4(583 671 672 584)
4(659 660 672 671)
4(573 661 673 586)
4(583 596 683 671)
4(595 682 683 596)
4(602 687 688 603)
4(603 688 689 604)
4(604 689 690 605)
4(605 690 691 606)
4(595 607 692 682)
4(606 691 692 607)
4(681 682 692 691)
4(612 693 703 625)
4(624 625 703 702)
4(693 694 704 703)
4(624 702 712 637)
4(637 712 723 649)
4(721 722 733 732)
4(649 723 734 661)
4(681 751 752 682)
4(687 755 756 688)
4(688 756 757 689)
4(689 757 758 690)
4(681 691 759 751)
4(690 758 759 691)
4(750 751 759 758)
4(694 760 768 704)
4(703 704 768 767)
4(760 761 769 768)
4(767 768 777 776)
4(768 769 778 777)
4(776 777 786 785)
4(721 732 793 784)
4(785 786 795 794)
4(750 809 810 751)
4(755 812 813 756)
4(756 813 814 757)
4(807 808 814 813)
4(750 758 815 809)
4(757 814 815 758)
4(808 809 815 814)
4(761 816 822 769)
4(816 817 823 822)
4(817 818 824 823)
4(818 819 825 824)
4(819 820 826 825)
4(766 774 827 821)
4(820 821 827 826)
4(769 822 829 778)
4(777 778 829 828)
4(822 823 830 829)
4(823 824 831 830)
4(824 825 832 831)
4(825 826 833 832)
4(826 827 834 833)
4(777 828 835 786)
4(828 829 836 835)
4(829 830 837 836)
4(830 831 838 837)
4(831 832 839 838)
4(832 833 840 839)
4(833 834 841 840)
4(786 835 842 795)
4(835 836 843 842)
4(836 837 844 843)
4(837 838 845 844)
4(840 841 848 847)
4(842 843 850 849)
4(843 844 851 850)
4(844 845 852 851)
4(807 852 853 808)
4(808 853 854 809)
4(809 854 855 810)
4(838 839 857 856)
4(839 840 858 857)
4(838 856 859 845)
4(856 857 860 859)
4(840 847 861 858)
4(857 858 861 860)
4(845 859 862 852)
4(859 860 863 862)
4(0 100 113 12)
4(12 113 126 24)
4(112 125 126 113)
4(24 126 140 37)
4(36 37 140 139)
4(125 139 140 126)
4(100 207 221 113)
4(112 113 221 220)
4(206 220 221 207)
4(112 220 234 125)
4(219 233 234 220)
4(206 312 326 220)
4(219 220 326 325)
4(311 325 326 312)
4(75 181 182 76)
4(76 182 193 87)
4(87 193 194 88)
4(88 194 195 89)
4(89 195 202 96)
4(96 202 203 97)
4(195 196 203 202)
4(180 289 290 181)
4(181 290 291 182)
4(182 291 302 193)
4(193 302 303 194)
4(194 303 304 195)
4(195 304 305 196)
4(289 395 396 290)
4(290 396 397 291)
4(291 397 408 302)
4(302 408 409 303)
4(397 398 409 408)
4(303 409 410 304)
4(304 410 411 305)
4(305 411 412 306)
4(395 499 500 396)
4(486 487 500 499)
4(396 500 501 397)
4(397 501 502 398)
4(398 502 511 409)
4(409 511 512 410)
4(502 503 512 511)
4(410 512 513 411)
4(503 504 513 512)
4(411 513 514 412)
4(486 585 586 487)
4(487 586 598 500)
4(500 598 599 501)
4(586 587 599 598)
4(501 599 600 502)
4(502 600 601 503)
4(503 601 602 504)
4(504 602 609 513)
4(586 673 674 587)
4(661 662 674 673)
4(587 674 684 599)
4(599 684 685 600)
4(674 675 685 684)
4(600 685 686 601)
4(601 686 687 602)
4(702 703 713 712)
4(712 713 724 723)
4(661 734 735 662)
4(723 724 735 734)
4(662 735 744 674)
4(674 744 745 675)
4(675 745 753 685)
4(685 753 754 686)
4(745 746 754 753)
4(686 754 755 687)
4(703 767 776 713)
4(713 776 785 724)
4(724 785 794 735)
4(735 794 803 744)
4(744 803 804 745)
4(794 795 804 803)
4(745 804 805 746)
4(746 805 811 754)
4(754 811 812 755)
4(805 806 812 811)
4(806 807 813 812)
4(795 842 849 804)
4(804 849 850 805)
4(805 850 851 806)
4(806 851 852 807)
4(846 847 854 853)
4(847 848 855 854)
4(846 860 861 847)
4(846 853 863 860)
4(852 862 863 853)
)


// ************************************************************************* //
