/*--------------------------------*- C++ -*----------------------------------*\
  =========                 |
  \\      /  F ield         | OpenFOAM: The Open Source CFD Toolbox
   \\    /   O peration     | Website:  https://openfoam.org
    \\  /    A nd           | Version:  6
     \\/     M anipulation  |
\*---------------------------------------------------------------------------*/
FoamFile
{
    version     2.0;
    format      ascii;
    class       labelList;
    location    "constant/region2/polyMesh";
    object      faceRegionAddressing;
}
// * * * * * * * * * * * * * * * * * * * * * * * * * * * * * * * * * * * * * //


1994
(
160
161
162
163
164
165
166
167
168
169
170
171
172
173
174
175
176
177
178
179
180
181
182
183
184
185
186
187
188
189
190
191
351
352
353
354
355
356
357
358
359
360
361
362
363
364
365
366
367
368
369
370
371
372
373
374
375
376
377
378
379
380
381
382
542
543
544
545
546
547
548
549
550
551
552
553
554
555
556
557
558
559
560
561
562
563
564
565
566
567
568
569
570
571
572
573
730
731
732
733
734
735
736
737
738
739
740
741
742
743
744
745
746
747
748
749
750
751
752
753
754
755
756
757
758
759
760
761
762
763
764
921
922
923
924
925
926
927
928
929
930
931
932
933
934
935
936
937
938
939
940
941
942
943
944
945
946
947
948
949
950
951
952
953
955
1112
1114
1115
1116
1117
1118
1119
1120
1121
1122
1123
1124
1125
1126
1127
1128
1129
1130
1131
1132
1133
1134
1135
1136
1137
1138
1139
1141
1144
1306
1308
1309
1311
1312
1313
1314
1315
1316
1317
1318
1319
1320
1321
1323
1324
1326
1329
1503
1506
12320
12321
12322
12323
12324
12325
12326
12327
12328
12329
12330
12331
12332
12333
12334
12335
12336
12337
12338
12339
12340
12341
12342
12343
12344
12345
12346
12347
12348
12349
12350
12351
12508
12509
12510
12511
12512
12513
12514
12515
12516
12517
12518
12519
12520
12521
12522
12523
12524
12525
12526
12527
12528
12529
12530
12531
12532
12533
12534
12535
12536
12537
12538
12539
12540
12541
12542
12699
12700
12701
12702
12703
12704
12705
12706
12707
12708
12709
12710
12711
12712
12713
12714
12715
12716
12717
12718
12719
12720
12721
12722
12723
12724
12725
12726
12727
12728
12729
12730
12731
12732
12733
12887
12888
12889
12890
12891
12892
12893
12894
12895
12896
12897
12898
12899
12900
12901
12902
12903
12904
12905
12906
12907
12908
12909
12910
12911
12912
12913
12914
12915
12916
12917
12918
12919
12920
12921
12922
12923
12924
13078
13079
13080
13081
13082
13083
13084
13085
13086
13087
13088
13089
13090
13091
13092
13093
13094
13095
13096
13097
13098
13099
13100
13101
13102
13103
13104
13105
13106
13107
13108
13109
13110
13111
13112
13113
13115
13269
13271
13272
13274
13275
13276
13277
13278
13279
13280
13281
13282
13283
13284
13285
13286
13287
13288
13289
13290
13291
13292
13293
13294
13295
13296
13297
13298
13299
13301
13304
13466
13468
13469
13471
13472
13474
13475
13477
13478
13480
13481
13483
13484
13486
24477
24478
24479
24480
24481
24482
24483
24484
24485
24486
24487
24488
24489
24490
24491
24492
24493
24494
24495
24496
24497
24498
24499
24500
24501
24502
24503
24504
24505
24506
24507
24508
24509
24510
24511
24665
24666
24667
24668
24669
24670
24671
24672
24673
24674
24675
24676
24677
24678
24679
24680
24681
24682
24683
24684
24685
24686
24687
24688
24689
24690
24691
24692
24693
24694
24695
24696
24697
24698
24699
24700
24701
24702
24856
24857
24858
24859
24860
24861
24862
24863
24864
24865
24866
24867
24868
24869
24870
24871
24872
24873
24874
24875
24876
24877
24878
24879
24880
24881
24882
24883
24884
24885
24886
24887
24888
24889
24890
24891
24892
24893
25047
25048
25049
25050
25051
25052
25053
25054
25055
25056
25057
25058
25059
25060
25061
25062
25063
25064
25065
25066
25067
25068
25069
25070
25071
25072
25073
25074
25075
25076
25077
25078
25079
25080
25081
25082
25083
25084
25238
25239
25240
25241
25242
25243
25244
25245
25246
25247
25248
25249
25250
25251
25252
25253
25254
25255
25256
25257
25258
25259
25260
25261
25262
25263
25264
25265
25266
25267
25268
25269
25270
25271
25272
25273
25429
25431
25432
25434
25435
25436
25437
25438
25439
25440
25441
25442
25443
25444
25445
25446
25447
25448
25449
25450
25451
25452
25453
25454
25455
25456
25458
25459
25461
25626
25629
25631
25632
25634
25635
25637
25638
25640
25641
25643
36634
36635
36637
36638
36639
36640
36641
36642
36643
36644
36645
36646
36647
36648
36649
36650
36651
36652
36653
36654
36655
36656
36657
36658
36659
36660
36661
36662
36663
36664
36665
36666
36667
36668
36669
36670
36671
36825
36826
36827
36828
36829
36830
36831
36832
36833
36834
36835
36836
36837
36838
36839
36840
36841
36842
36843
36844
36845
36846
36847
36848
36849
36850
36851
36852
36853
36854
36855
36856
36857
36858
36859
36860
36861
36862
37016
37017
37018
37019
37020
37021
37022
37023
37024
37025
37026
37027
37028
37029
37030
37031
37032
37033
37034
37035
37036
37037
37038
37039
37040
37041
37042
37043
37044
37045
37046
37047
37048
37049
37050
37051
37052
37053
37207
37208
37209
37210
37211
37212
37213
37214
37215
37216
37217
37218
37219
37220
37221
37222
37223
37224
37225
37226
37227
37228
37229
37230
37231
37232
37233
37234
37235
37236
37237
37238
37239
37240
37241
37242
37398
37399
37400
37401
37402
37403
37404
37405
37406
37407
37408
37409
37410
37411
37412
37413
37414
37415
37416
37417
37418
37419
37420
37421
37422
37423
37424
37425
37426
37427
37428
37429
37430
37433
37589
37592
37594
37595
37597
37598
37599
37600
37601
37602
37603
37604
37605
37606
37607
37608
37609
37610
37611
37612
37613
37615
37616
37618
37621
37789
37792
37795
37797
37798
48797
48798
48799
48800
48801
48802
48803
48804
48805
48806
48807
48808
48809
48810
48811
48812
48813
48814
48815
48816
48817
48818
48819
48820
48821
48822
48823
48824
48825
48826
48827
48828
48829
48830
48831
48985
48986
48988
48989
48990
48991
48992
48993
48994
48995
48996
48997
48998
48999
49000
49001
49002
49003
49004
49005
49006
49007
49008
49009
49010
49011
49012
49013
49014
49015
49016
49017
49018
49019
49020
49021
49176
49177
49179
49180
49181
49182
49183
49184
49185
49186
49187
49188
49189
49190
49191
49192
49193
49194
49195
49196
49197
49198
49199
49200
49201
49202
49203
49204
49205
49206
49207
49208
49209
49210
49211
49367
49368
49370
49371
49372
49373
49374
49375
49376
49377
49378
49379
49380
49381
49382
49383
49384
49385
49386
49387
49388
49389
49390
49391
49392
49393
49394
49395
49396
49397
49398
49399
49401
49402
49558
49561
49562
49563
49564
49565
49566
49567
49568
49569
49570
49571
49572
49573
49574
49575
49576
49577
49578
49579
49580
49581
49582
49583
49584
49585
49586
49587
49588
49589
49590
49752
49755
49757
49758
49760
49761
49763
49764
49765
49766
49767
49769
49770
49772
49773
49775
49776
49778
60957
60958
60960
60961
60962
60963
60964
60965
60966
60967
60968
60969
60970
60971
60972
60973
60974
60975
60976
60977
60978
60979
60980
60981
60982
60983
60984
60985
60987
60988
61148
61149
61150
61151
61152
61153
61154
61155
61156
61157
61158
61159
61160
61161
61162
61163
61164
61165
61166
61167
61168
61169
61170
61171
61172
61173
61174
61175
61176
61179
61339
61340
61341
61342
61343
61344
61345
61346
61347
61348
61349
61350
61351
61352
61353
61354
61355
61356
61357
61358
61359
61360
61361
61362
61363
61364
61365
61366
61367
61368
61370
61530
61531
61532
61533
61534
61535
61536
61537
61538
61539
61540
61541
61542
61543
61544
61545
61546
61547
61548
61549
61550
61551
61552
61553
61554
61555
61556
61557
61558
61721
61724
61725
61726
61727
61728
61729
61730
61731
61732
61733
61734
61735
61736
61737
61738
61739
61740
61741
61742
61743
61744
61745
61746
61747
61915
61918
61920
61921
61923
61924
61926
61927
61929
61930
61932
61933
61935
73120
73121
73123
73124
73125
73126
73127
73128
73129
73130
73131
73132
73133
73134
73135
73136
73137
73138
73139
73140
73142
73308
73309
73311
73312
73313
73314
73315
73316
73317
73318
73319
73320
73321
73322
73323
73324
73325
73326
73327
73328
73329
73330
73331
73333
73334
73499
73500
73502
73503
73504
73505
73506
73507
73508
73509
73510
73511
73512
73513
73514
73515
73516
73517
73518
73519
73520
73521
73522
73523
73524
73525
73690
73693
73694
73695
73696
73697
73698
73699
73700
73701
73702
73703
73704
73705
73706
73707
73708
73709
73710
73711
73712
73713
73715
73716
73884
73886
73887
73888
73889
73890
73891
73892
73893
73894
73895
73896
73897
73898
73899
73900
73901
73902
73903
73904
74078
74081
74083
74084
74086
74087
74089
74090
74092
85283
85284
85286
85287
85288
85289
85290
85291
85292
85293
85294
85295
85296
85297
85299
85300
85471
85472
85474
85475
85477
85478
85479
85480
85481
85482
85483
85484
85485
85486
85487
85488
85489
85490
85491
85493
85662
85663
85665
85666
85667
85668
85669
85670
85671
85672
85673
85674
85675
85676
85677
85678
85679
85680
85681
85682
85684
85853
85854
85856
85857
85858
85859
85860
85861
85862
85863
85864
85865
85866
85867
85868
85869
85870
85871
85872
85873
86044
86047
86049
86050
86051
86052
86053
86054
86055
86056
86057
86058
86059
86060
86061
86064
86241
86244
86247
97446
97447
97449
97450
97452
97453
97455
97456
97459
97637
97638
97640
97641
97643
97644
97646
97647
97650
97825
97826
97828
97829
97831
97832
97834
97835
97837
97838
97841
98016
98017
98019
98020
98022
98023
98025
98026
98027
98028
98029
98030
98032
98207
98210
98213
98216
98218
98219
110185
110186
899012
899075
899076
899077
899078
899137
899138
899139
899140
899141
899142
899143
899201
899202
899203
899204
899205
899206
899207
899208
899265
899266
899267
899268
899269
899270
899271
899272
899273
899329
899330
899331
899332
899333
899334
899335
899336
899337
899393
899394
899395
899396
899397
899398
899399
899400
899401
899457
899458
899459
899460
899461
899462
899463
899464
899465
899521
899522
899523
899524
899525
899526
899527
899528
899529
899585
899586
899587
899588
899589
899590
899591
899649
899650
899651
899652
899653
899654
899713
899714
899715
899716
899717
899718
899777
899778
899779
899780
899781
899782
909953
909954
909955
909956
909957
910017
910018
910019
910020
910021
910081
910082
910083
910084
910085
910145
910146
910147
910148
910209
910210
910211
910273
922116
922117
922118
922177
922178
922179
922180
922181
922182
922183
922241
922242
922243
922244
922245
922246
922247
922305
922306
922307
922308
922309
922310
922311
922312
922369
922370
922371
922372
922373
922374
922375
922376
922433
922434
922435
922436
922437
922438
922439
922440
922497
922498
922499
922500
922501
922502
922503
922561
922562
922563
922564
922565
922566
922567
922625
922626
922627
922628
922629
922630
922631
922689
922690
922691
922692
922693
922694
922753
922754
922755
922756
922757
922758
922817
922818
922819
922820
922821
25275
37243
37244
37431
49022
49212
49213
49400
49591
60990
61178
61369
61560
60986
60989
61177
61180
61371
73141
73143
73332
-73336
73526
85298
-85302
85492
13303
954
1142
13114
13302
25274
25462
61559
61750
73527
73714
73905
73907
85494
85685
85874
85875
85876
86062
97649
97840
98031
98222
-727
-729
-918
-920
-1109
-1111
1140
1143
1322
1325
1327
1328
1507
1508
1509
1510
1511
-12696
-12697
-12698
-12884
-13075
-13266
13300
13476
13479
13482
13485
13487
13488
13489
-24662
-24853
-25044
-25235
-25426
25457
25460
25463
25464
25639
25642
25644
25645
25646
-36631
36636
-36822
-37013
-37204
-37395
37432
-37586
37614
37617
37619
37620
37799
37800
37801
37802
37803
-48794
-48795
-48982
48987
-49173
49178
-49364
49369
-49555
49560
49592
49593
49768
49771
49774
49777
49779
49780
49781
49955
49956
49957
-60954
60959
60991
-61145
-61336
-61527
61561
61562
-61718
61748
61749
61925
61928
61931
61934
61936
61937
61938
-73117
-73118
73122
-73305
-73496
73528
-73687
73906
74085
74088
74091
74093
74094
74095
-85280
-85281
85285
85473
85476
85664
85683
85855
86063
86245
86248
86249
86250
86251
86252
-97443
97448
97451
97454
97457
97458
97460
-97634
-97635
97639
97642
97645
97648
97651
-97822
97827
97830
97833
97836
97839
97842
-98013
98018
98021
98024
98033
98209
98212
98215
98217
98220
98223
-109995
-109998
-110182
110187
110188
110190
-110373
110378
-157
-348
-350
-539
-540
-541
-12317
-12318
-12319
-12505
-12507
-24474
-24475
-24476
1113
-1303
1307
1310
-1500
1504
1505
13270
13273
-13463
13467
13470
13473
25430
25433
-25623
25627
25628
25630
25633
25636
37590
37591
37593
37596
-37786
37790
37791
37793
37794
37796
49559
-49749
49753
49754
49756
49759
49762
-49952
61722
61723
-61912
61916
61917
61919
61922
73310
73501
73691
73692
-73881
73885
-74075
74079
74080
74082
-85468
-85659
-85850
-86041
86045
86046
86048
-86238
86242
86243
86246
-98204
98208
98211
98214
98221
98224
110189
110376
110377
)


// ************************************************************************* //
