/*--------------------------------*- C++ -*----------------------------------*\
  =========                 |
  \\      /  F ield         | OpenFOAM: The Open Source CFD Toolbox
   \\    /   O peration     | Website:  https://openfoam.org
    \\  /    A nd           | Version:  6
     \\/     M anipulation  |
\*---------------------------------------------------------------------------*/
FoamFile
{
    version     2.0;
    format      ascii;
    class       labelList;
    note        "nPoints:864  nCells:581  nFaces:1994  nInternalFaces:1492";
    location    "constant/region2/polyMesh";
    object      neighbour;
}
// * * * * * * * * * * * * * * * * * * * * * * * * * * * * * * * * * * * * * //


1492
(
1
11
79
2
12
80
3
13
81
4
14
82
5
15
83
6
16
84
7
17
85
8
18
86
9
19
87
10
20
88
21
89
12
22
91
13
23
92
14
24
93
15
25
94
16
26
95
17
27
96
18
28
97
19
29
98
20
30
99
21
31
100
32
101
23
34
103
24
35
104
25
36
105
26
37
106
27
38
107
28
39
108
29
40
109
30
41
110
31
42
111
32
43
112
44
113
34
45
115
35
46
116
36
47
117
37
48
118
38
49
119
39
50
120
40
51
121
41
52
122
42
53
123
43
54
124
44
55
125
56
126
46
57
128
47
58
129
48
59
130
49
60
131
50
61
132
51
62
133
52
63
134
53
64
135
54
65
136
55
66
137
56
67
138
139
58
141
59
68
142
60
69
143
61
70
144
62
71
145
63
72
146
64
73
147
65
74
148
66
75
149
67
150
151
69
152
70
153
71
76
154
72
77
155
73
78
156
74
157
75
158
159
77
78
80
91
161
81
92
162
82
93
163
83
94
164
84
95
165
85
96
166
86
97
167
87
98
168
88
99
169
89
100
170
101
171
91
102
173
92
103
174
93
104
175
94
105
176
95
106
177
96
107
178
97
108
179
98
109
180
99
110
181
100
111
182
101
112
183
113
184
103
115
186
104
116
187
105
117
188
106
118
189
107
119
190
108
120
191
109
121
192
110
122
193
111
123
194
112
124
195
113
125
196
126
197
115
127
198
116
128
199
117
129
200
118
130
201
119
131
202
120
132
203
121
133
204
122
134
205
123
135
206
124
136
207
125
137
208
126
138
209
139
210
128
140
211
129
141
212
130
142
213
131
143
214
132
144
215
133
145
216
134
146
217
135
147
218
136
148
219
137
149
220
138
150
221
139
151
222
223
141
224
142
225
143
152
226
144
153
227
145
154
228
146
155
229
147
156
230
148
157
231
149
158
232
150
159
233
151
234
235
153
236
154
237
155
238
156
239
157
240
158
241
159
242
161
173
244
162
174
245
163
175
246
164
176
247
165
177
248
166
178
249
167
179
250
168
180
251
169
181
252
170
182
253
171
183
254
184
255
173
185
256
174
186
257
175
187
258
176
188
259
177
189
260
178
190
261
179
191
262
180
192
263
181
193
264
182
194
265
183
195
266
184
196
267
197
268
186
198
269
187
199
270
188
200
271
189
201
272
190
202
273
191
203
274
192
204
275
193
205
276
194
206
277
195
207
278
196
208
279
197
209
280
210
281
199
211
282
200
212
283
201
213
284
202
214
285
203
215
286
204
216
287
205
217
288
206
218
289
207
219
290
208
220
291
209
221
292
210
222
293
223
294
212
224
295
213
225
296
214
226
297
215
227
298
216
228
299
217
229
300
218
230
301
219
231
302
220
232
303
221
233
304
222
234
305
223
235
306
225
307
226
308
227
236
309
228
237
310
229
238
311
230
239
312
231
240
313
232
241
314
233
242
315
234
316
235
317
237
238
318
239
319
240
320
241
321
242
322
244
256
245
257
323
246
258
324
247
259
325
248
260
326
249
261
327
250
262
328
251
263
329
252
264
330
253
265
331
254
266
332
255
267
333
268
334
257
269
335
258
270
336
259
271
337
260
272
338
261
273
339
262
274
340
263
275
341
264
276
342
265
277
343
266
278
344
267
279
345
268
280
346
281
347
270
282
348
271
283
349
272
284
350
273
285
351
274
286
352
275
287
353
276
288
354
277
289
355
278
290
356
279
291
357
280
292
358
281
293
359
294
360
283
295
361
284
296
362
285
297
363
286
298
364
287
299
365
288
300
366
289
301
367
290
302
368
291
303
369
292
304
370
293
305
371
294
306
372
296
307
373
297
308
374
298
309
375
299
310
376
300
311
377
301
312
378
302
313
379
303
314
380
304
315
381
305
316
382
306
317
383
384
308
309
385
310
386
311
318
387
312
319
388
313
320
389
314
321
390
315
322
391
316
392
317
393
394
319
320
321
395
322
324
336
396
325
337
397
326
338
398
327
339
399
328
340
400
329
341
401
330
342
402
331
343
403
332
344
404
333
345
405
334
346
406
347
407
336
348
337
349
408
338
350
409
339
351
410
340
352
411
341
353
412
342
354
413
343
355
414
344
356
415
345
357
416
346
358
417
347
359
418
360
349
361
350
362
419
351
363
420
352
364
421
353
365
422
354
366
423
355
367
424
356
368
425
357
369
426
358
370
427
359
371
428
360
372
429
362
373
363
374
430
364
375
431
365
376
432
366
377
433
367
378
434
368
379
435
369
380
436
370
381
437
371
382
438
372
383
439
384
440
374
375
385
441
376
386
442
377
387
443
378
388
444
379
389
445
380
390
446
381
391
447
382
392
448
383
393
449
384
394
450
386
387
451
388
452
389
453
390
395
454
391
455
392
456
393
457
394
458
397
408
398
409
459
399
410
460
400
411
461
401
412
462
402
413
463
403
414
464
404
415
465
405
416
466
406
417
407
418
409
419
467
410
420
468
411
421
469
412
422
470
413
423
471
414
424
472
415
425
473
416
426
474
417
427
475
418
428
429
420
430
476
421
431
477
422
432
478
423
433
479
424
434
480
425
435
481
426
436
482
427
437
483
428
438
484
429
439
485
440
431
441
486
432
442
487
433
443
488
434
444
489
435
445
490
436
446
491
437
447
492
438
448
493
439
449
494
440
450
442
443
451
495
444
452
496
445
453
497
446
454
498
447
455
499
448
456
500
449
457
501
450
458
502
452
453
503
454
504
455
505
456
506
457
507
458
508
460
468
461
469
509
462
470
510
463
471
511
464
472
512
465
473
513
466
474
514
475
468
476
469
477
515
470
478
516
471
479
517
472
480
518
473
481
519
474
482
520
475
483
521
484
522
477
486
478
487
523
479
488
524
480
489
525
481
490
526
482
491
527
483
492
528
484
493
529
485
494
530
487
488
495
531
489
496
532
490
497
533
491
498
534
492
499
535
493
500
536
494
501
537
502
538
496
539
497
503
540
498
504
541
499
505
542
500
506
543
501
507
544
502
508
545
504
505
546
506
547
507
548
508
549
510
516
511
517
550
512
518
551
513
519
552
514
520
553
521
554
516
523
517
524
518
525
555
519
526
556
520
527
557
521
528
558
522
529
559
530
524
531
525
532
560
526
533
561
527
534
562
528
535
563
529
536
564
530
537
565
538
532
539
533
540
566
534
541
567
535
542
568
536
543
569
537
544
570
538
545
571
540
541
572
542
546
573
543
547
574
544
548
575
545
549
576
577
547
548
549
551
555
552
556
553
557
554
558
559
556
561
557
562
558
563
559
564
565
561
566
562
567
563
568
564
569
565
570
571
567
572
568
573
569
574
570
575
578
571
576
579
577
573
574
575
576
580
577
579
580
)


// ************************************************************************* //
