/*--------------------------------*- C++ -*----------------------------------*\
  =========                 |
  \\      /  F ield         | OpenFOAM: The Open Source CFD Toolbox
   \\    /   O peration     | Website:  https://openfoam.org
    \\  /    A nd           | Version:  6
     \\/     M anipulation  |
\*---------------------------------------------------------------------------*/
FoamFile
{
    version     2.0;
    format      ascii;
    class       vectorField;
    location    "constant/region2/polyMesh";
    object      points;
}
// * * * * * * * * * * * * * * * * * * * * * * * * * * * * * * * * * * * * * //


864
(
(3.445e-06 0 0)
(3.51e-06 0 0)
(3.575e-06 0 0)
(3.64e-06 0 0)
(3.705e-06 0 0)
(3.77e-06 0 0)
(3.835e-06 0 0)
(3.9e-06 0 0)
(3.965e-06 0 0)
(4.03e-06 0 0)
(4.095e-06 0 0)
(4.16e-06 0 0)
(3.445e-06 6.5e-08 0)
(3.51e-06 6.5e-08 0)
(3.575e-06 6.5e-08 0)
(3.64e-06 6.5e-08 0)
(3.705e-06 6.5e-08 0)
(3.77e-06 6.5e-08 0)
(3.835000000000001e-06 6.5e-08 0)
(3.9e-06 6.5e-08 0)
(3.965e-06 6.5e-08 0)
(4.03e-06 6.500000000000001e-08 0)
(4.095e-06 6.499999999999999e-08 0)
(4.159999999999999e-06 6.5e-08 0)
(3.445e-06 1.3e-07 0)
(3.51e-06 1.3e-07 0)
(3.575e-06 1.3e-07 0)
(3.64e-06 1.3e-07 0)
(3.705e-06 1.3e-07 0)
(3.769999999999999e-06 1.3e-07 0)
(3.835e-06 1.3e-07 0)
(3.9e-06 1.3e-07 0)
(3.964999999999999e-06 1.3e-07 0)
(4.03e-06 1.3e-07 0)
(4.095e-06 1.3e-07 0)
(4.160000000000001e-06 1.3e-07 0)
(3.379999999999999e-06 1.95e-07 0)
(3.445e-06 1.95e-07 0)
(3.51e-06 1.95e-07 0)
(3.575e-06 1.95e-07 0)
(3.64e-06 1.95e-07 0)
(3.705e-06 1.95e-07 0)
(3.769999999999999e-06 1.95e-07 0)
(3.835000000000001e-06 1.95e-07 0)
(3.9e-06 1.95e-07 0)
(3.964999999999999e-06 1.95e-07 0)
(4.03e-06 1.95e-07 0)
(4.095e-06 1.95e-07 0)
(4.16e-06 1.95e-07 0)
(3.38e-06 2.599999999999999e-07 0)
(3.445e-06 2.6e-07 0)
(3.509999999999999e-06 2.6e-07 0)
(3.575e-06 2.6e-07 0)
(3.64e-06 2.6e-07 0)
(3.705e-06 2.6e-07 0)
(3.77e-06 2.6e-07 0)
(3.835000000000001e-06 2.6e-07 0)
(3.9e-06 2.6e-07 0)
(3.965e-06 2.6e-07 0)
(4.03e-06 2.600000000000001e-07 0)
(4.095e-06 2.599999999999999e-07 0)
(4.16e-06 2.6e-07 0)
(3.379999999999999e-06 3.250000000000001e-07 0)
(3.445e-06 3.25e-07 0)
(3.509999999999999e-06 3.25e-07 0)
(3.575e-06 3.25e-07 0)
(3.64e-06 3.25e-07 0)
(3.705e-06 3.25e-07 0)
(3.77e-06 3.25e-07 0)
(3.835e-06 3.25e-07 0)
(3.9e-06 3.25e-07 0)
(3.965000000000001e-06 3.25e-07 0)
(4.03e-06 3.25e-07 0)
(4.095e-06 3.25e-07 0)
(4.16e-06 3.25e-07 0)
(3.38e-06 3.899999999999999e-07 0)
(3.445e-06 3.900000000000001e-07 0)
(3.51e-06 3.900000000000001e-07 0)
(3.575e-06 3.900000000000001e-07 0)
(3.64e-06 3.900000000000001e-07 0)
(3.705e-06 3.900000000000001e-07 0)
(3.77e-06 3.900000000000001e-07 0)
(3.835e-06 3.900000000000001e-07 0)
(3.9e-06 3.900000000000001e-07 0)
(3.964999999999999e-06 3.900000000000001e-07 0)
(4.03e-06 3.899999999999999e-07 0)
(4.095e-06 3.900000000000001e-07 0)
(3.445e-06 4.55e-07 0)
(3.51e-06 4.55e-07 0)
(3.575e-06 4.55e-07 0)
(3.64e-06 4.55e-07 0)
(3.704999999999999e-06 4.55e-07 0)
(3.77e-06 4.55e-07 0)
(3.835000000000001e-06 4.55e-07 0)
(3.9e-06 4.55e-07 0)
(3.965e-06 4.55e-07 0)
(3.575e-06 5.2e-07 0)
(3.64e-06 5.2e-07 0)
(3.705e-06 5.2e-07 0)
(3.77e-06 5.2e-07 0)
(3.445e-06 0 6.5e-08)
(3.509999999999999e-06 0 6.5e-08)
(3.575e-06 0 6.5e-08)
(3.64e-06 0 6.5e-08)
(3.705e-06 0 6.5e-08)
(3.77e-06 0 6.5e-08)
(3.835e-06 0 6.5e-08)
(3.9e-06 0 6.5e-08)
(3.965e-06 0 6.5e-08)
(4.03e-06 0 6.500000000000001e-08)
(4.095e-06 0 6.499999999999999e-08)
(4.159999999999999e-06 0 6.5e-08)
(3.379999999999999e-06 6.499999999999999e-08 6.499999999999999e-08)
(3.445e-06 6.500000000000001e-08 6.5e-08)
(3.509999999999999e-06 6.499999999999999e-08 6.5e-08)
(3.575e-06 6.500000000000001e-08 6.500000000000001e-08)
(3.64e-06 6.5e-08 6.5e-08)
(3.705000000000001e-06 6.500000000000001e-08 6.5e-08)
(3.77e-06 6.5e-08 6.5e-08)
(3.835e-06 6.5e-08 6.500000000000001e-08)
(3.9e-06 6.5e-08 6.5e-08)
(3.965e-06 6.500000000000001e-08 6.5e-08)
(4.03e-06 6.500000000000001e-08 6.500000000000001e-08)
(4.095000000000001e-06 6.500000000000001e-08 6.5e-08)
(4.159999999999999e-06 6.499999999999999e-08 6.499999999999999e-08)
(3.38e-06 1.3e-07 6.5e-08)
(3.445e-06 1.3e-07 6.5e-08)
(3.51e-06 1.3e-07 6.499999999999999e-08)
(3.575e-06 1.3e-07 6.499999999999999e-08)
(3.64e-06 1.3e-07 6.5e-08)
(3.704999999999999e-06 1.3e-07 6.5e-08)
(3.77e-06 1.3e-07 6.499999999999999e-08)
(3.835e-06 1.3e-07 6.499999999999999e-08)
(3.9e-06 1.3e-07 6.5e-08)
(3.964999999999999e-06 1.3e-07 6.5e-08)
(4.03e-06 1.3e-07 6.5e-08)
(4.095000000000001e-06 1.3e-07 6.499999999999999e-08)
(4.159999999999999e-06 1.3e-07 6.500000000000001e-08)
(3.315e-06 1.95e-07 6.5e-08)
(3.379999999999999e-06 1.95e-07 6.5e-08)
(3.445e-06 1.95e-07 6.5e-08)
(3.509999999999999e-06 1.95e-07 6.5e-08)
(3.575e-06 1.95e-07 6.5e-08)
(3.64e-06 1.95e-07 6.499999999999999e-08)
(3.705e-06 1.95e-07 6.5e-08)
(3.769999999999999e-06 1.95e-07 6.499999999999999e-08)
(3.835000000000001e-06 1.95e-07 6.5e-08)
(3.9e-06 1.95e-07 6.5e-08)
(3.964999999999999e-06 1.95e-07 6.5e-08)
(4.03e-06 1.95e-07 6.500000000000001e-08)
(4.095000000000001e-06 1.95e-07 6.5e-08)
(4.159999999999999e-06 1.95e-07 6.5e-08)
(3.315e-06 2.600000000000001e-07 6.5e-08)
(3.38e-06 2.599999999999999e-07 6.499999999999999e-08)
(3.445e-06 2.600000000000001e-07 6.5e-08)
(3.509999999999999e-06 2.599999999999999e-07 6.5e-08)
(3.574999999999999e-06 2.600000000000001e-07 6.5e-08)
(3.64e-06 2.6e-07 6.5e-08)
(3.705e-06 2.600000000000001e-07 6.5e-08)
(3.77e-06 2.6e-07 6.5e-08)
(3.835000000000001e-06 2.6e-07 6.5e-08)
(3.9e-06 2.6e-07 6.5e-08)
(3.965e-06 2.600000000000001e-07 6.5e-08)
(4.03e-06 2.600000000000001e-07 6.500000000000001e-08)
(4.095000000000001e-06 2.600000000000001e-07 6.499999999999999e-08)
(4.159999999999999e-06 2.599999999999999e-07 6.5e-08)
(3.315e-06 3.25e-07 6.500000000000001e-08)
(3.379999999999999e-06 3.250000000000001e-07 6.5e-08)
(3.445e-06 3.25e-07 6.5e-08)
(3.509999999999999e-06 3.25e-07 6.5e-08)
(3.575e-06 3.25e-07 6.5e-08)
(3.64e-06 3.25e-07 6.5e-08)
(3.705e-06 3.250000000000001e-07 6.5e-08)
(3.77e-06 3.25e-07 6.500000000000001e-08)
(3.835e-06 3.25e-07 6.499999999999999e-08)
(3.9e-06 3.25e-07 6.5e-08)
(3.965e-06 3.25e-07 6.500000000000001e-08)
(4.03e-06 3.250000000000001e-07 6.5e-08)
(4.095000000000001e-06 3.25e-07 6.5e-08)
(4.159999999999999e-06 3.25e-07 6.5e-08)
(3.315e-06 3.899999999999999e-07 6.5e-08)
(3.38e-06 3.899999999999999e-07 6.499999999999999e-08)
(3.445e-06 3.900000000000001e-07 6.499999999999999e-08)
(3.51e-06 3.900000000000001e-07 6.500000000000001e-08)
(3.575e-06 3.900000000000001e-07 6.5e-08)
(3.64e-06 3.900000000000001e-07 6.5e-08)
(3.705e-06 3.900000000000001e-07 6.5e-08)
(3.77e-06 3.900000000000001e-07 6.5e-08)
(3.835e-06 3.900000000000001e-07 6.5e-08)
(3.9e-06 3.900000000000001e-07 6.5e-08)
(3.964999999999999e-06 3.900000000000001e-07 6.499999999999999e-08)
(4.03e-06 3.899999999999999e-07 6.5e-08)
(4.095000000000001e-06 3.900000000000001e-07 6.499999999999999e-08)
(3.445e-06 4.549999999999999e-07 6.5e-08)
(3.509999999999999e-06 4.55e-07 6.499999999999999e-08)
(3.575e-06 4.55e-07 6.5e-08)
(3.64e-06 4.55e-07 6.5e-08)
(3.704999999999999e-06 4.55e-07 6.499999999999999e-08)
(3.769999999999999e-06 4.55e-07 6.5e-08)
(3.835000000000001e-06 4.55e-07 6.5e-08)
(3.9e-06 4.55e-07 6.500000000000001e-08)
(3.964999999999999e-06 4.55e-07 6.5e-08)
(3.575e-06 5.200000000000001e-07 6.5e-08)
(3.64e-06 5.2e-07 6.5e-08)
(3.705e-06 5.200000000000001e-07 6.5e-08)
(3.77e-06 5.2e-07 6.5e-08)
(3.38e-06 0 1.3e-07)
(3.445e-06 0 1.3e-07)
(3.509999999999999e-06 0 1.3e-07)
(3.575e-06 0 1.3e-07)
(3.64e-06 0 1.3e-07)
(3.705000000000001e-06 0 1.3e-07)
(3.77e-06 0 1.3e-07)
(3.835000000000001e-06 0 1.3e-07)
(3.9e-06 0 1.3e-07)
(3.965e-06 0 1.3e-07)
(4.03e-06 0 1.3e-07)
(4.095e-06 0 1.3e-07)
(4.160000000000001e-06 0 1.3e-07)
(3.315e-06 6.5e-08 1.3e-07)
(3.379999999999999e-06 6.499999999999999e-08 1.3e-07)
(3.445e-06 6.499999999999999e-08 1.3e-07)
(3.51e-06 6.5e-08 1.3e-07)
(3.575e-06 6.5e-08 1.3e-07)
(3.64e-06 6.5e-08 1.3e-07)
(3.705e-06 6.499999999999999e-08 1.3e-07)
(3.77e-06 6.5e-08 1.3e-07)
(3.835000000000001e-06 6.499999999999999e-08 1.3e-07)
(3.9e-06 6.5e-08 1.3e-07)
(3.965e-06 6.499999999999999e-08 1.3e-07)
(4.03e-06 6.500000000000001e-08 1.3e-07)
(4.095000000000001e-06 6.499999999999999e-08 1.3e-07)
(4.160000000000001e-06 6.500000000000001e-08 1.3e-07)
(3.315e-06 1.3e-07 1.3e-07)
(3.38e-06 1.3e-07 1.3e-07)
(3.445e-06 1.3e-07 1.3e-07)
(3.509999999999999e-06 1.3e-07 1.3e-07)
(3.575e-06 1.3e-07 1.3e-07)
(3.639999999999999e-06 1.3e-07 1.3e-07)
(3.705e-06 1.3e-07 1.3e-07)
(3.769999999999999e-06 1.3e-07 1.3e-07)
(3.835000000000001e-06 1.3e-07 1.3e-07)
(3.9e-06 1.3e-07 1.3e-07)
(3.964999999999999e-06 1.3e-07 1.3e-07)
(4.03e-06 1.3e-07 1.3e-07)
(4.095000000000001e-06 1.3e-07 1.3e-07)
(4.160000000000001e-06 1.3e-07 1.3e-07)
(3.315e-06 1.95e-07 1.3e-07)
(3.379999999999999e-06 1.95e-07 1.3e-07)
(3.445e-06 1.95e-07 1.3e-07)
(3.509999999999999e-06 1.95e-07 1.3e-07)
(3.575e-06 1.95e-07 1.3e-07)
(3.64e-06 1.95e-07 1.3e-07)
(3.705e-06 1.95e-07 1.3e-07)
(3.769999999999999e-06 1.95e-07 1.3e-07)
(3.835000000000001e-06 1.95e-07 1.3e-07)
(3.9e-06 1.95e-07 1.3e-07)
(3.964999999999999e-06 1.95e-07 1.3e-07)
(4.03e-06 1.95e-07 1.3e-07)
(4.095000000000001e-06 1.95e-07 1.3e-07)
(4.160000000000001e-06 1.95e-07 1.3e-07)
(3.315e-06 2.6e-07 1.3e-07)
(3.38e-06 2.599999999999999e-07 1.3e-07)
(3.445e-06 2.599999999999999e-07 1.3e-07)
(3.509999999999999e-06 2.6e-07 1.3e-07)
(3.575e-06 2.6e-07 1.3e-07)
(3.639999999999999e-06 2.6e-07 1.3e-07)
(3.705000000000001e-06 2.599999999999999e-07 1.3e-07)
(3.77e-06 2.6e-07 1.3e-07)
(3.835000000000001e-06 2.599999999999999e-07 1.3e-07)
(3.9e-06 2.6e-07 1.3e-07)
(3.965e-06 2.599999999999999e-07 1.3e-07)
(4.03e-06 2.600000000000001e-07 1.3e-07)
(4.095000000000001e-06 2.599999999999999e-07 1.3e-07)
(4.160000000000001e-06 2.600000000000001e-07 1.3e-07)
(3.315e-06 3.25e-07 1.3e-07)
(3.379999999999999e-06 3.250000000000001e-07 1.3e-07)
(3.445e-06 3.25e-07 1.3e-07)
(3.509999999999999e-06 3.25e-07 1.3e-07)
(3.575e-06 3.25e-07 1.3e-07)
(3.64e-06 3.25e-07 1.3e-07)
(3.705e-06 3.250000000000001e-07 1.3e-07)
(3.77e-06 3.25e-07 1.3e-07)
(3.835000000000001e-06 3.25e-07 1.3e-07)
(3.9e-06 3.25e-07 1.3e-07)
(3.965e-06 3.25e-07 1.3e-07)
(4.03e-06 3.250000000000001e-07 1.3e-07)
(4.095000000000001e-06 3.25e-07 1.3e-07)
(4.16e-06 3.25e-07 1.3e-07)
(3.315e-06 3.899999999999999e-07 1.3e-07)
(3.38e-06 3.899999999999999e-07 1.3e-07)
(3.445e-06 3.900000000000001e-07 1.3e-07)
(3.51e-06 3.900000000000001e-07 1.3e-07)
(3.575e-06 3.900000000000001e-07 1.3e-07)
(3.64e-06 3.899999999999999e-07 1.3e-07)
(3.705000000000001e-06 3.900000000000001e-07 1.3e-07)
(3.77e-06 3.899999999999999e-07 1.3e-07)
(3.835000000000001e-06 3.900000000000001e-07 1.3e-07)
(3.9e-06 3.900000000000001e-07 1.3e-07)
(3.964999999999999e-06 3.900000000000001e-07 1.3e-07)
(4.03e-06 3.899999999999999e-07 1.3e-07)
(4.095000000000001e-06 3.900000000000001e-07 1.3e-07)
(3.445e-06 4.55e-07 1.3e-07)
(3.509999999999999e-06 4.55e-07 1.3e-07)
(3.575e-06 4.55e-07 1.3e-07)
(3.64e-06 4.55e-07 1.3e-07)
(3.705000000000001e-06 4.55e-07 1.3e-07)
(3.77e-06 4.55e-07 1.3e-07)
(3.835000000000001e-06 4.55e-07 1.3e-07)
(3.9e-06 4.549999999999999e-07 1.3e-07)
(3.965e-06 4.55e-07 1.3e-07)
(3.315e-06 0 1.95e-07)
(3.38e-06 0 1.95e-07)
(3.445e-06 0 1.95e-07)
(3.509999999999999e-06 0 1.95e-07)
(3.575e-06 0 1.95e-07)
(3.64e-06 0 1.95e-07)
(3.705e-06 0 1.95e-07)
(3.77e-06 0 1.95e-07)
(3.835e-06 0 1.95e-07)
(3.9e-06 0 1.95e-07)
(3.964999999999999e-06 0 1.95e-07)
(4.03e-06 0 1.95e-07)
(4.095e-06 0 1.95e-07)
(4.16e-06 0 1.95e-07)
(3.315e-06 6.5e-08 1.95e-07)
(3.379999999999999e-06 6.499999999999999e-08 1.95e-07)
(3.445e-06 6.5e-08 1.95e-07)
(3.509999999999999e-06 6.5e-08 1.95e-07)
(3.575e-06 6.5e-08 1.95e-07)
(3.64e-06 6.499999999999999e-08 1.95e-07)
(3.705e-06 6.5e-08 1.949999999999999e-07)
(3.77e-06 6.499999999999999e-08 1.95e-07)
(3.835000000000001e-06 6.5e-08 1.95e-07)
(3.9e-06 6.5e-08 1.95e-07)
(3.965e-06 6.5e-08 1.95e-07)
(4.03e-06 6.500000000000001e-08 1.95e-07)
(4.095e-06 6.499999999999999e-08 1.95e-07)
(4.159999999999999e-06 6.5e-08 1.95e-07)
(3.315e-06 1.3e-07 1.95e-07)
(3.38e-06 1.3e-07 1.95e-07)
(3.445e-06 1.3e-07 1.95e-07)
(3.509999999999999e-06 1.3e-07 1.95e-07)
(3.575e-06 1.3e-07 1.95e-07)
(3.64e-06 1.3e-07 1.95e-07)
(3.705e-06 1.3e-07 1.95e-07)
(3.769999999999999e-06 1.3e-07 1.95e-07)
(3.835e-06 1.3e-07 1.95e-07)
(3.9e-06 1.3e-07 1.95e-07)
(3.964999999999999e-06 1.3e-07 1.95e-07)
(4.03e-06 1.3e-07 1.95e-07)
(4.095e-06 1.3e-07 1.95e-07)
(4.160000000000001e-06 1.3e-07 1.95e-07)
(3.315e-06 1.95e-07 1.95e-07)
(3.379999999999999e-06 1.95e-07 1.95e-07)
(3.445e-06 1.95e-07 1.95e-07)
(3.509999999999999e-06 1.95e-07 1.95e-07)
(3.575e-06 1.95e-07 1.95e-07)
(3.64e-06 1.95e-07 1.95e-07)
(3.705e-06 1.95e-07 1.949999999999999e-07)
(3.769999999999999e-06 1.95e-07 1.95e-07)
(3.835000000000001e-06 1.95e-07 1.95e-07)
(3.9e-06 1.95e-07 1.95e-07)
(3.964999999999999e-06 1.95e-07 1.95e-07)
(4.03e-06 1.95e-07 1.95e-07)
(4.095e-06 1.95e-07 1.95e-07)
(4.16e-06 1.95e-07 1.95e-07)
(3.315e-06 2.6e-07 1.95e-07)
(3.38e-06 2.599999999999999e-07 1.95e-07)
(3.445e-06 2.6e-07 1.95e-07)
(3.509999999999999e-06 2.6e-07 1.95e-07)
(3.575e-06 2.6e-07 1.95e-07)
(3.64e-06 2.599999999999999e-07 1.949999999999999e-07)
(3.705e-06 2.6e-07 1.95e-07)
(3.77e-06 2.599999999999999e-07 1.95e-07)
(3.835000000000001e-06 2.6e-07 1.95e-07)
(3.9e-06 2.6e-07 1.95e-07)
(3.964999999999999e-06 2.6e-07 1.95e-07)
(4.03e-06 2.600000000000001e-07 1.95e-07)
(4.095e-06 2.599999999999999e-07 1.95e-07)
(4.16e-06 2.6e-07 1.95e-07)
(3.315e-06 3.25e-07 1.95e-07)
(3.379999999999999e-06 3.25e-07 1.95e-07)
(3.445e-06 3.25e-07 1.95e-07)
(3.509999999999999e-06 3.25e-07 1.95e-07)
(3.575e-06 3.25e-07 1.95e-07)
(3.64e-06 3.25e-07 1.95e-07)
(3.705e-06 3.25e-07 1.949999999999999e-07)
(3.77e-06 3.25e-07 1.95e-07)
(3.835e-06 3.25e-07 1.95e-07)
(3.9e-06 3.25e-07 1.95e-07)
(3.965e-06 3.25e-07 1.95e-07)
(4.03e-06 3.25e-07 1.95e-07)
(4.095e-06 3.25e-07 1.95e-07)
(4.16e-06 3.25e-07 1.95e-07)
(3.315e-06 3.899999999999999e-07 1.95e-07)
(3.38e-06 3.899999999999999e-07 1.95e-07)
(3.445e-06 3.900000000000001e-07 1.95e-07)
(3.51e-06 3.899999999999999e-07 1.949999999999999e-07)
(3.575e-06 3.900000000000001e-07 1.95e-07)
(3.64e-06 3.900000000000001e-07 1.95e-07)
(3.705e-06 3.900000000000001e-07 1.95e-07)
(3.77e-06 3.900000000000001e-07 1.95e-07)
(3.835e-06 3.900000000000001e-07 1.95e-07)
(3.9e-06 3.899999999999999e-07 1.95e-07)
(3.964999999999999e-06 3.900000000000001e-07 1.95e-07)
(4.03e-06 3.899999999999999e-07 1.95e-07)
(4.095e-06 3.900000000000001e-07 1.95e-07)
(3.445e-06 4.549999999999999e-07 1.95e-07)
(3.509999999999999e-06 4.55e-07 1.95e-07)
(3.575e-06 4.55e-07 1.95e-07)
(3.64e-06 4.55e-07 1.95e-07)
(3.704999999999999e-06 4.55e-07 1.95e-07)
(3.77e-06 4.55e-07 1.95e-07)
(3.835000000000001e-06 4.55e-07 1.95e-07)
(3.9e-06 4.55e-07 1.95e-07)
(3.315e-06 0 2.6e-07)
(3.38e-06 0 2.6e-07)
(3.445e-06 0 2.6e-07)
(3.51e-06 0 2.6e-07)
(3.575e-06 0 2.6e-07)
(3.64e-06 0 2.6e-07)
(3.705e-06 0 2.6e-07)
(3.77e-06 0 2.6e-07)
(3.835e-06 0 2.6e-07)
(3.9e-06 0 2.6e-07)
(3.965e-06 0 2.6e-07)
(4.03e-06 0 2.600000000000001e-07)
(4.095e-06 0 2.599999999999999e-07)
(4.16e-06 0 2.6e-07)
(3.315e-06 6.5e-08 2.600000000000001e-07)
(3.379999999999999e-06 6.499999999999999e-08 2.599999999999999e-07)
(3.445e-06 6.5e-08 2.6e-07)
(3.51e-06 6.5e-08 2.6e-07)
(3.575e-06 6.5e-08 2.600000000000001e-07)
(3.64e-06 6.5e-08 2.6e-07)
(3.705e-06 6.500000000000001e-08 2.6e-07)
(3.77e-06 6.5e-08 2.6e-07)
(3.835e-06 6.5e-08 2.600000000000001e-07)
(3.9e-06 6.5e-08 2.6e-07)
(3.965e-06 6.5e-08 2.6e-07)
(4.03e-06 6.500000000000001e-08 2.600000000000001e-07)
(4.095e-06 6.499999999999999e-08 2.6e-07)
(4.159999999999999e-06 6.5e-08 2.599999999999999e-07)
(3.315e-06 1.3e-07 2.6e-07)
(3.38e-06 1.3e-07 2.6e-07)
(3.445e-06 1.3e-07 2.6e-07)
(3.51e-06 1.3e-07 2.599999999999999e-07)
(3.575e-06 1.3e-07 2.599999999999999e-07)
(3.64e-06 1.3e-07 2.6e-07)
(3.705e-06 1.3e-07 2.6e-07)
(3.769999999999999e-06 1.3e-07 2.599999999999999e-07)
(3.835e-06 1.3e-07 2.599999999999999e-07)
(3.9e-06 1.3e-07 2.6e-07)
(3.964999999999999e-06 1.3e-07 2.6e-07)
(4.03e-06 1.3e-07 2.6e-07)
(4.095e-06 1.3e-07 2.599999999999999e-07)
(4.160000000000001e-06 1.3e-07 2.600000000000001e-07)
(3.315000000000001e-06 1.95e-07 2.6e-07)
(3.379999999999999e-06 1.95e-07 2.6e-07)
(3.445e-06 1.95e-07 2.6e-07)
(3.51e-06 1.95e-07 2.6e-07)
(3.575e-06 1.95e-07 2.6e-07)
(3.64e-06 1.95e-07 2.599999999999999e-07)
(3.705e-06 1.95e-07 2.6e-07)
(3.769999999999999e-06 1.95e-07 2.599999999999999e-07)
(3.835e-06 1.95e-07 2.6e-07)
(3.9e-06 1.95e-07 2.6e-07)
(3.965e-06 1.95e-07 2.6e-07)
(4.03e-06 1.95e-07 2.600000000000001e-07)
(4.095e-06 1.95e-07 2.6e-07)
(4.16e-06 1.95e-07 2.6e-07)
(3.315e-06 2.6e-07 2.6e-07)
(3.38e-06 2.599999999999999e-07 2.599999999999999e-07)
(3.445e-06 2.6e-07 2.6e-07)
(3.509999999999999e-06 2.6e-07 2.6e-07)
(3.575e-06 2.6e-07 2.6e-07)
(3.64e-06 2.6e-07 2.6e-07)
(3.705000000000001e-06 2.600000000000001e-07 2.6e-07)
(3.77e-06 2.6e-07 2.6e-07)
(3.835e-06 2.6e-07 2.6e-07)
(3.9e-06 2.6e-07 2.6e-07)
(3.965e-06 2.6e-07 2.6e-07)
(4.03e-06 2.600000000000001e-07 2.600000000000001e-07)
(4.095e-06 2.599999999999999e-07 2.599999999999999e-07)
(4.16e-06 2.6e-07 2.6e-07)
(3.315e-06 3.25e-07 2.600000000000001e-07)
(3.379999999999999e-06 3.25e-07 2.6e-07)
(3.445e-06 3.25e-07 2.6e-07)
(3.509999999999999e-06 3.25e-07 2.6e-07)
(3.575e-06 3.25e-07 2.6e-07)
(3.64e-06 3.25e-07 2.6e-07)
(3.705e-06 3.25e-07 2.6e-07)
(3.77e-06 3.25e-07 2.600000000000001e-07)
(3.835e-06 3.25e-07 2.599999999999999e-07)
(3.9e-06 3.25e-07 2.6e-07)
(3.964999999999999e-06 3.25e-07 2.600000000000001e-07)
(4.03e-06 3.25e-07 2.6e-07)
(4.095e-06 3.25e-07 2.6e-07)
(3.314999999999999e-06 3.899999999999999e-07 2.6e-07)
(3.38e-06 3.899999999999999e-07 2.599999999999999e-07)
(3.445e-06 3.900000000000001e-07 2.599999999999999e-07)
(3.51e-06 3.899999999999999e-07 2.600000000000001e-07)
(3.575e-06 3.900000000000001e-07 2.6e-07)
(3.64e-06 3.900000000000001e-07 2.6e-07)
(3.705e-06 3.900000000000001e-07 2.6e-07)
(3.77e-06 3.900000000000001e-07 2.6e-07)
(3.835e-06 3.900000000000001e-07 2.6e-07)
(3.9e-06 3.899999999999999e-07 2.6e-07)
(3.964999999999999e-06 3.899999999999999e-07 2.599999999999999e-07)
(4.03e-06 3.899999999999999e-07 2.6e-07)
(3.51e-06 4.55e-07 2.599999999999999e-07)
(3.575e-06 4.55e-07 2.6e-07)
(3.64e-06 4.55e-07 2.6e-07)
(3.704999999999999e-06 4.55e-07 2.599999999999999e-07)
(3.77e-06 4.55e-07 2.6e-07)
(3.835e-06 4.55e-07 2.6e-07)
(3.38e-06 0 3.25e-07)
(3.445e-06 0 3.250000000000001e-07)
(3.51e-06 0 3.25e-07)
(3.575e-06 0 3.25e-07)
(3.64e-06 0 3.25e-07)
(3.705e-06 0 3.25e-07)
(3.77e-06 0 3.250000000000001e-07)
(3.835000000000001e-06 0 3.25e-07)
(3.9e-06 0 3.25e-07)
(3.965e-06 0 3.25e-07)
(4.03e-06 0 3.25e-07)
(4.095e-06 0 3.250000000000001e-07)
(4.16e-06 0 3.25e-07)
(3.315e-06 6.500000000000001e-08 3.25e-07)
(3.379999999999999e-06 6.499999999999999e-08 3.25e-07)
(3.445e-06 6.5e-08 3.25e-07)
(3.51e-06 6.5e-08 3.25e-07)
(3.575e-06 6.5e-08 3.25e-07)
(3.64e-06 6.500000000000001e-08 3.25e-07)
(3.705e-06 6.5e-08 3.25e-07)
(3.77e-06 6.5e-08 3.25e-07)
(3.835000000000001e-06 6.5e-08 3.25e-07)
(3.9e-06 6.499999999999999e-08 3.25e-07)
(3.965e-06 6.5e-08 3.25e-07)
(4.03e-06 6.500000000000001e-08 3.25e-07)
(4.095e-06 6.499999999999999e-08 3.25e-07)
(4.159999999999999e-06 6.5e-08 3.25e-07)
(3.315e-06 1.3e-07 3.25e-07)
(3.38e-06 1.3e-07 3.25e-07)
(3.445e-06 1.3e-07 3.250000000000001e-07)
(3.51e-06 1.3e-07 3.25e-07)
(3.575e-06 1.3e-07 3.25e-07)
(3.64e-06 1.3e-07 3.25e-07)
(3.704999999999999e-06 1.3e-07 3.25e-07)
(3.77e-06 1.3e-07 3.250000000000001e-07)
(3.835000000000001e-06 1.3e-07 3.25e-07)
(3.9e-06 1.3e-07 3.25e-07)
(3.964999999999999e-06 1.3e-07 3.25e-07)
(4.03e-06 1.3e-07 3.25e-07)
(4.095e-06 1.3e-07 3.250000000000001e-07)
(4.160000000000001e-06 1.3e-07 3.25e-07)
(3.315e-06 1.95e-07 3.25e-07)
(3.379999999999999e-06 1.95e-07 3.25e-07)
(3.445e-06 1.95e-07 3.250000000000001e-07)
(3.51e-06 1.95e-07 3.25e-07)
(3.575e-06 1.95e-07 3.25e-07)
(3.64e-06 1.95e-07 3.25e-07)
(3.705e-06 1.95e-07 3.25e-07)
(3.77e-06 1.95e-07 3.250000000000001e-07)
(3.835000000000001e-06 1.95e-07 3.25e-07)
(3.9e-06 1.95e-07 3.25e-07)
(3.964999999999999e-06 1.95e-07 3.25e-07)
(4.03e-06 1.95e-07 3.25e-07)
(4.095e-06 1.95e-07 3.250000000000001e-07)
(4.16e-06 1.95e-07 3.25e-07)
(3.315e-06 2.600000000000001e-07 3.25e-07)
(3.38e-06 2.599999999999999e-07 3.25e-07)
(3.445e-06 2.6e-07 3.250000000000001e-07)
(3.509999999999999e-06 2.6e-07 3.25e-07)
(3.575e-06 2.6e-07 3.25e-07)
(3.64e-06 2.600000000000001e-07 3.25e-07)
(3.705e-06 2.6e-07 3.25e-07)
(3.77e-06 2.6e-07 3.250000000000001e-07)
(3.835000000000001e-06 2.6e-07 3.25e-07)
(3.9e-06 2.599999999999999e-07 3.25e-07)
(3.964999999999999e-06 2.6e-07 3.25e-07)
(4.03e-06 2.600000000000001e-07 3.25e-07)
(4.095e-06 2.599999999999999e-07 3.250000000000001e-07)
(3.315e-06 3.25e-07 3.25e-07)
(3.379999999999999e-06 3.25e-07 3.25e-07)
(3.445e-06 3.25e-07 3.250000000000001e-07)
(3.509999999999999e-06 3.25e-07 3.25e-07)
(3.575e-06 3.25e-07 3.25e-07)
(3.64e-06 3.25e-07 3.25e-07)
(3.705e-06 3.25e-07 3.25e-07)
(3.77e-06 3.25e-07 3.250000000000001e-07)
(3.835000000000001e-06 3.25e-07 3.25e-07)
(3.9e-06 3.25e-07 3.25e-07)
(3.964999999999999e-06 3.25e-07 3.25e-07)
(4.03e-06 3.25e-07 3.25e-07)
(4.095e-06 3.25e-07 3.250000000000001e-07)
(3.38e-06 3.899999999999999e-07 3.25e-07)
(3.445e-06 3.900000000000001e-07 3.25e-07)
(3.51e-06 3.900000000000001e-07 3.25e-07)
(3.575e-06 3.900000000000001e-07 3.25e-07)
(3.64e-06 3.899999999999999e-07 3.25e-07)
(3.705e-06 3.900000000000001e-07 3.25e-07)
(3.77e-06 3.899999999999999e-07 3.25e-07)
(3.835e-06 3.900000000000001e-07 3.25e-07)
(3.9e-06 3.900000000000001e-07 3.25e-07)
(3.964999999999999e-06 3.899999999999999e-07 3.25e-07)
(4.03e-06 3.899999999999999e-07 3.25e-07)
(3.64e-06 4.55e-07 3.25e-07)
(3.704999999999999e-06 4.55e-07 3.25e-07)
(3.38e-06 0 3.899999999999999e-07)
(3.445e-06 0 3.899999999999999e-07)
(3.51e-06 0 3.899999999999999e-07)
(3.575e-06 0 3.899999999999999e-07)
(3.64e-06 0 3.899999999999999e-07)
(3.705e-06 0 3.899999999999999e-07)
(3.77e-06 0 3.900000000000001e-07)
(3.835e-06 0 3.900000000000001e-07)
(3.9e-06 0 3.900000000000001e-07)
(3.965e-06 0 3.899999999999999e-07)
(4.03e-06 0 3.899999999999999e-07)
(4.095e-06 0 3.899999999999999e-07)
(4.16e-06 0 3.899999999999999e-07)
(3.379999999999999e-06 6.499999999999999e-08 3.900000000000001e-07)
(3.445e-06 6.5e-08 3.900000000000001e-07)
(3.51e-06 6.499999999999999e-08 3.899999999999999e-07)
(3.575e-06 6.5e-08 3.899999999999999e-07)
(3.64e-06 6.5e-08 3.899999999999999e-07)
(3.705e-06 6.5e-08 3.899999999999999e-07)
(3.77e-06 6.5e-08 3.900000000000001e-07)
(3.835000000000001e-06 6.5e-08 3.900000000000001e-07)
(3.9e-06 6.499999999999999e-08 3.900000000000001e-07)
(3.965e-06 6.499999999999999e-08 3.900000000000001e-07)
(4.03e-06 6.500000000000001e-08 3.900000000000001e-07)
(4.095000000000001e-06 6.499999999999999e-08 3.900000000000001e-07)
(4.159999999999999e-06 6.5e-08 3.900000000000001e-07)
(3.38e-06 1.3e-07 3.899999999999999e-07)
(3.445e-06 1.3e-07 3.899999999999999e-07)
(3.51e-06 1.3e-07 3.900000000000001e-07)
(3.575e-06 1.3e-07 3.899999999999999e-07)
(3.64e-06 1.3e-07 3.899999999999999e-07)
(3.705e-06 1.3e-07 3.899999999999999e-07)
(3.769999999999999e-06 1.3e-07 3.899999999999999e-07)
(3.835e-06 1.3e-07 3.900000000000001e-07)
(3.9e-06 1.3e-07 3.899999999999999e-07)
(3.964999999999999e-06 1.3e-07 3.899999999999999e-07)
(4.03e-06 1.3e-07 3.900000000000001e-07)
(4.095000000000001e-06 1.3e-07 3.899999999999999e-07)
(3.379999999999999e-06 1.95e-07 3.900000000000001e-07)
(3.445e-06 1.95e-07 3.900000000000001e-07)
(3.51e-06 1.95e-07 3.900000000000001e-07)
(3.575e-06 1.95e-07 3.899999999999999e-07)
(3.64e-06 1.95e-07 3.899999999999999e-07)
(3.705000000000001e-06 1.95e-07 3.899999999999999e-07)
(3.769999999999999e-06 1.95e-07 3.899999999999999e-07)
(3.835000000000001e-06 1.95e-07 3.900000000000001e-07)
(3.9e-06 1.95e-07 3.900000000000001e-07)
(3.964999999999999e-06 1.95e-07 3.900000000000001e-07)
(4.03e-06 1.95e-07 3.900000000000001e-07)
(4.095000000000001e-06 1.95e-07 3.900000000000001e-07)
(3.38e-06 2.599999999999999e-07 3.900000000000001e-07)
(3.445e-06 2.6e-07 3.900000000000001e-07)
(3.509999999999999e-06 2.599999999999999e-07 3.900000000000001e-07)
(3.574999999999999e-06 2.6e-07 3.899999999999999e-07)
(3.64e-06 2.6e-07 3.899999999999999e-07)
(3.705e-06 2.6e-07 3.899999999999999e-07)
(3.77e-06 2.6e-07 3.899999999999999e-07)
(3.835000000000001e-06 2.6e-07 3.900000000000001e-07)
(3.9e-06 2.599999999999999e-07 3.899999999999999e-07)
(3.965e-06 2.599999999999999e-07 3.899999999999999e-07)
(4.03e-06 2.600000000000001e-07 3.900000000000001e-07)
(4.095000000000001e-06 2.599999999999999e-07 3.900000000000001e-07)
(3.379999999999999e-06 3.250000000000001e-07 3.899999999999999e-07)
(3.445e-06 3.25e-07 3.900000000000001e-07)
(3.509999999999999e-06 3.25e-07 3.900000000000001e-07)
(3.575e-06 3.25e-07 3.899999999999999e-07)
(3.64e-06 3.25e-07 3.899999999999999e-07)
(3.705e-06 3.250000000000001e-07 3.899999999999999e-07)
(3.77e-06 3.25e-07 3.900000000000001e-07)
(3.835e-06 3.25e-07 3.900000000000001e-07)
(3.9e-06 3.25e-07 3.900000000000001e-07)
(3.965e-06 3.25e-07 3.900000000000001e-07)
(4.03e-06 3.250000000000001e-07 3.899999999999999e-07)
(3.445e-06 3.900000000000001e-07 3.900000000000001e-07)
(3.51e-06 3.900000000000001e-07 3.899999999999999e-07)
(3.575e-06 3.899999999999999e-07 3.899999999999999e-07)
(3.64e-06 3.899999999999999e-07 3.899999999999999e-07)
(3.705e-06 3.900000000000001e-07 3.899999999999999e-07)
(3.77e-06 3.899999999999999e-07 3.899999999999999e-07)
(3.835e-06 3.899999999999999e-07 3.900000000000001e-07)
(3.9e-06 3.900000000000001e-07 3.899999999999999e-07)
(3.964999999999999e-06 3.899999999999999e-07 3.900000000000001e-07)
(3.445e-06 0 4.55e-07)
(3.51e-06 0 4.549999999999999e-07)
(3.575e-06 0 4.55e-07)
(3.64e-06 0 4.55e-07)
(3.705e-06 0 4.55e-07)
(3.77e-06 0 4.55e-07)
(3.835e-06 0 4.55e-07)
(3.9e-06 0 4.55e-07)
(3.964999999999999e-06 0 4.55e-07)
(3.38e-06 6.499999999999999e-08 4.55e-07)
(3.445e-06 6.5e-08 4.55e-07)
(3.51e-06 6.5e-08 4.55e-07)
(3.575e-06 6.5e-08 4.55e-07)
(3.64e-06 6.5e-08 4.55e-07)
(3.705e-06 6.5e-08 4.550000000000001e-07)
(3.769999999999999e-06 6.5e-08 4.55e-07)
(3.835000000000001e-06 6.5e-08 4.55e-07)
(3.9e-06 6.5e-08 4.55e-07)
(3.965e-06 6.5e-08 4.55e-07)
(3.38e-06 1.3e-07 4.55e-07)
(3.445e-06 1.3e-07 4.55e-07)
(3.509999999999999e-06 1.3e-07 4.55e-07)
(3.575e-06 1.3e-07 4.55e-07)
(3.64e-06 1.3e-07 4.55e-07)
(3.705e-06 1.3e-07 4.55e-07)
(3.77e-06 1.3e-07 4.55e-07)
(3.835e-06 1.3e-07 4.55e-07)
(3.9e-06 1.3e-07 4.55e-07)
(3.964999999999999e-06 1.3e-07 4.55e-07)
(4.03e-06 1.3e-07 4.549999999999999e-07)
(3.38e-06 1.95e-07 4.55e-07)
(3.445e-06 1.95e-07 4.55e-07)
(3.509999999999999e-06 1.95e-07 4.55e-07)
(3.575e-06 1.95e-07 4.55e-07)
(3.64e-06 1.95e-07 4.55e-07)
(3.705e-06 1.95e-07 4.55e-07)
(3.77e-06 1.95e-07 4.55e-07)
(3.835000000000001e-06 1.95e-07 4.55e-07)
(3.9e-06 1.95e-07 4.55e-07)
(3.964999999999999e-06 1.95e-07 4.55e-07)
(4.03e-06 1.95e-07 4.55e-07)
(3.38e-06 2.599999999999999e-07 4.55e-07)
(3.445e-06 2.6e-07 4.55e-07)
(3.509999999999999e-06 2.6e-07 4.549999999999999e-07)
(3.575e-06 2.6e-07 4.55e-07)
(3.64e-06 2.6e-07 4.55e-07)
(3.705e-06 2.6e-07 4.55e-07)
(3.77e-06 2.6e-07 4.55e-07)
(3.835000000000001e-06 2.6e-07 4.55e-07)
(3.9e-06 2.6e-07 4.549999999999999e-07)
(3.965e-06 2.6e-07 4.55e-07)
(3.445e-06 3.25e-07 4.55e-07)
(3.509999999999999e-06 3.25e-07 4.55e-07)
(3.575e-06 3.25e-07 4.55e-07)
(3.64e-06 3.25e-07 4.55e-07)
(3.705e-06 3.250000000000001e-07 4.55e-07)
(3.77e-06 3.25e-07 4.55e-07)
(3.835e-06 3.25e-07 4.55e-07)
(3.9e-06 3.25e-07 4.55e-07)
(3.964999999999999e-06 3.25e-07 4.55e-07)
(3.51e-06 3.900000000000001e-07 4.55e-07)
(3.575e-06 3.900000000000001e-07 4.55e-07)
(3.64e-06 3.900000000000001e-07 4.55e-07)
(3.705e-06 3.900000000000001e-07 4.55e-07)
(3.77e-06 3.900000000000001e-07 4.55e-07)
(3.835e-06 3.900000000000001e-07 4.549999999999999e-07)
(3.9e-06 3.900000000000001e-07 4.55e-07)
(3.51e-06 0 5.2e-07)
(3.575e-06 0 5.2e-07)
(3.64e-06 0 5.2e-07)
(3.705e-06 0 5.2e-07)
(3.77e-06 0 5.2e-07)
(3.835000000000001e-06 0 5.2e-07)
(3.9e-06 0 5.2e-07)
(3.445e-06 6.5e-08 5.2e-07)
(3.51e-06 6.5e-08 5.2e-07)
(3.575e-06 6.5e-08 5.200000000000001e-07)
(3.64e-06 6.5e-08 5.2e-07)
(3.705e-06 6.5e-08 5.2e-07)
(3.77e-06 6.5e-08 5.2e-07)
(3.835000000000001e-06 6.5e-08 5.200000000000001e-07)
(3.9e-06 6.500000000000001e-08 5.2e-07)
(3.965e-06 6.5e-08 5.2e-07)
(3.445e-06 1.3e-07 5.2e-07)
(3.51e-06 1.3e-07 5.199999999999999e-07)
(3.575e-06 1.3e-07 5.199999999999999e-07)
(3.64e-06 1.3e-07 5.2e-07)
(3.705e-06 1.3e-07 5.2e-07)
(3.769999999999999e-06 1.3e-07 5.199999999999999e-07)
(3.835000000000001e-06 1.3e-07 5.199999999999999e-07)
(3.9e-06 1.3e-07 5.2e-07)
(3.965e-06 1.3e-07 5.2e-07)
(3.445e-06 1.95e-07 5.2e-07)
(3.51e-06 1.95e-07 5.2e-07)
(3.575e-06 1.95e-07 5.2e-07)
(3.64e-06 1.95e-07 5.199999999999999e-07)
(3.705e-06 1.95e-07 5.2e-07)
(3.769999999999999e-06 1.95e-07 5.199999999999999e-07)
(3.835000000000001e-06 1.95e-07 5.2e-07)
(3.9e-06 1.95e-07 5.2e-07)
(3.965e-06 1.95e-07 5.2e-07)
(3.445e-06 2.6e-07 5.2e-07)
(3.509999999999999e-06 2.6e-07 5.2e-07)
(3.575e-06 2.6e-07 5.2e-07)
(3.64e-06 2.6e-07 5.2e-07)
(3.705e-06 2.6e-07 5.2e-07)
(3.77e-06 2.6e-07 5.2e-07)
(3.835000000000001e-06 2.6e-07 5.2e-07)
(3.9e-06 2.600000000000001e-07 5.2e-07)
(3.965e-06 2.6e-07 5.2e-07)
(3.445e-06 3.25e-07 5.2e-07)
(3.509999999999999e-06 3.25e-07 5.2e-07)
(3.575e-06 3.25e-07 5.2e-07)
(3.64e-06 3.25e-07 5.2e-07)
(3.705e-06 3.25e-07 5.2e-07)
(3.77e-06 3.25e-07 5.200000000000001e-07)
(3.835000000000001e-06 3.25e-07 5.199999999999999e-07)
(3.9e-06 3.25e-07 5.2e-07)
(3.575e-06 3.899999999999999e-07 5.2e-07)
(3.64e-06 3.899999999999999e-07 5.2e-07)
(3.705e-06 3.900000000000001e-07 5.2e-07)
(3.77e-06 3.899999999999999e-07 5.2e-07)
(3.835000000000001e-06 3.899999999999999e-07 5.2e-07)
(3.575e-06 0 5.85e-07)
(3.64e-06 0 5.849999999999999e-07)
(3.705e-06 0 5.849999999999999e-07)
(3.77e-06 0 5.85e-07)
(3.835e-06 0 5.849999999999999e-07)
(3.9e-06 0 5.849999999999999e-07)
(3.575e-06 6.5e-08 5.85e-07)
(3.64e-06 6.5e-08 5.849999999999999e-07)
(3.705e-06 6.5e-08 5.849999999999999e-07)
(3.77e-06 6.499999999999999e-08 5.85e-07)
(3.835000000000001e-06 6.5e-08 5.85e-07)
(3.9e-06 6.5e-08 5.85e-07)
(3.51e-06 1.3e-07 5.849999999999999e-07)
(3.575e-06 1.3e-07 5.85e-07)
(3.64e-06 1.3e-07 5.849999999999999e-07)
(3.705e-06 1.3e-07 5.849999999999999e-07)
(3.769999999999999e-06 1.3e-07 5.85e-07)
(3.835e-06 1.3e-07 5.85e-07)
(3.9e-06 1.3e-07 5.85e-07)
(3.51e-06 1.95e-07 5.85e-07)
(3.575e-06 1.95e-07 5.85e-07)
(3.64e-06 1.95e-07 5.849999999999998e-07)
(3.705e-06 1.95e-07 5.849999999999999e-07)
(3.769999999999999e-06 1.95e-07 5.849999999999999e-07)
(3.835000000000001e-06 1.95e-07 5.85e-07)
(3.9e-06 1.95e-07 5.85e-07)
(3.509999999999999e-06 2.6e-07 5.849999999999998e-07)
(3.575e-06 2.6e-07 5.85e-07)
(3.64e-06 2.6e-07 5.849999999999999e-07)
(3.705e-06 2.6e-07 5.849999999999999e-07)
(3.77e-06 2.599999999999999e-07 5.85e-07)
(3.835000000000001e-06 2.6e-07 5.849999999999999e-07)
(3.9e-06 2.6e-07 5.849999999999998e-07)
(3.509999999999999e-06 3.25e-07 5.849999999999998e-07)
(3.575e-06 3.25e-07 5.85e-07)
(3.64e-06 3.25e-07 5.849999999999999e-07)
(3.705e-06 3.25e-07 5.849999999999999e-07)
(3.77e-06 3.25e-07 5.85e-07)
(3.835e-06 3.25e-07 5.849999999999998e-07)
(3.9e-06 3.25e-07 5.85e-07)
(3.705e-06 1.95e-07 6.5e-07)
(3.769999999999999e-06 1.95e-07 6.500000000000001e-07)
(3.835000000000001e-06 1.95e-07 6.5e-07)
(3.705000000000001e-06 2.599999999999999e-07 6.5e-07)
(3.77e-06 2.6e-07 6.500000000000001e-07)
(3.835000000000001e-06 2.6e-07 6.5e-07)
(3.705e-06 3.25e-07 6.5e-07)
(3.77e-06 3.25e-07 6.500000000000001e-07)
)


// ************************************************************************* //
