/*--------------------------------*- C++ -*----------------------------------*\
  =========                 |
  \\      /  F ield         | OpenFOAM: The Open Source CFD Toolbox
   \\    /   O peration     | Website:  https://openfoam.org
    \\  /    A nd           | Version:  6
     \\/     M anipulation  |
\*---------------------------------------------------------------------------*/
FoamFile
{
    version     2.0;
    format      ascii;
    class       labelList;
    location    "constant/region2/polyMesh";
    object      pointRegionAddressing;
}
// * * * * * * * * * * * * * * * * * * * * * * * * * * * * * * * * * * * * * //


864
(
53
54
55
56
57
58
59
60
61
62
63
64
118
119
120
121
122
123
124
125
126
127
128
129
183
184
185
186
187
188
189
190
191
192
193
194
247
248
249
250
251
252
253
254
255
256
257
258
259
312
313
314
315
316
317
318
319
320
321
322
323
324
377
378
379
380
381
382
383
384
385
386
387
388
389
442
443
444
445
446
447
448
449
450
451
452
453
508
509
510
511
512
513
514
515
516
575
576
577
578
4278
4279
4280
4281
4282
4283
4284
4285
4286
4287
4288
4289
4342
4343
4344
4345
4346
4347
4348
4349
4350
4351
4352
4353
4354
4407
4408
4409
4410
4411
4412
4413
4414
4415
4416
4417
4418
4419
4471
4472
4473
4474
4475
4476
4477
4478
4479
4480
4481
4482
4483
4484
4536
4537
4538
4539
4540
4541
4542
4543
4544
4545
4546
4547
4548
4549
4601
4602
4603
4604
4605
4606
4607
4608
4609
4610
4611
4612
4613
4614
4666
4667
4668
4669
4670
4671
4672
4673
4674
4675
4676
4677
4678
4733
4734
4735
4736
4737
4738
4739
4740
4741
4800
4801
4802
4803
8502
8503
8504
8505
8506
8507
8508
8509
8510
8511
8512
8513
8514
8566
8567
8568
8569
8570
8571
8572
8573
8574
8575
8576
8577
8578
8579
8631
8632
8633
8634
8635
8636
8637
8638
8639
8640
8641
8642
8643
8644
8696
8697
8698
8699
8700
8701
8702
8703
8704
8705
8706
8707
8708
8709
8761
8762
8763
8764
8765
8766
8767
8768
8769
8770
8771
8772
8773
8774
8826
8827
8828
8829
8830
8831
8832
8833
8834
8835
8836
8837
8838
8839
8891
8892
8893
8894
8895
8896
8897
8898
8899
8900
8901
8902
8903
8958
8959
8960
8961
8962
8963
8964
8965
8966
12726
12727
12728
12729
12730
12731
12732
12733
12734
12735
12736
12737
12738
12739
12791
12792
12793
12794
12795
12796
12797
12798
12799
12800
12801
12802
12803
12804
12856
12857
12858
12859
12860
12861
12862
12863
12864
12865
12866
12867
12868
12869
12921
12922
12923
12924
12925
12926
12927
12928
12929
12930
12931
12932
12933
12934
12986
12987
12988
12989
12990
12991
12992
12993
12994
12995
12996
12997
12998
12999
13051
13052
13053
13054
13055
13056
13057
13058
13059
13060
13061
13062
13063
13064
13116
13117
13118
13119
13120
13121
13122
13123
13124
13125
13126
13127
13128
13183
13184
13185
13186
13187
13188
13189
13190
16951
16952
16953
16954
16955
16956
16957
16958
16959
16960
16961
16962
16963
16964
17016
17017
17018
17019
17020
17021
17022
17023
17024
17025
17026
17027
17028
17029
17081
17082
17083
17084
17085
17086
17087
17088
17089
17090
17091
17092
17093
17094
17146
17147
17148
17149
17150
17151
17152
17153
17154
17155
17156
17157
17158
17159
17211
17212
17213
17214
17215
17216
17217
17218
17219
17220
17221
17222
17223
17224
17276
17277
17278
17279
17280
17281
17282
17283
17284
17285
17286
17287
17288
17341
17342
17343
17344
17345
17346
17347
17348
17349
17350
17351
17352
17409
17410
17411
17412
17413
17414
21177
21178
21179
21180
21181
21182
21183
21184
21185
21186
21187
21188
21189
21241
21242
21243
21244
21245
21246
21247
21248
21249
21250
21251
21252
21253
21254
21306
21307
21308
21309
21310
21311
21312
21313
21314
21315
21316
21317
21318
21319
21371
21372
21373
21374
21375
21376
21377
21378
21379
21380
21381
21382
21383
21384
21436
21437
21438
21439
21440
21441
21442
21443
21444
21445
21446
21447
21448
21501
21502
21503
21504
21505
21506
21507
21508
21509
21510
21511
21512
21513
21567
21568
21569
21570
21571
21572
21573
21574
21575
21576
21577
21636
21637
25402
25403
25404
25405
25406
25407
25408
25409
25410
25411
25412
25413
25414
25467
25468
25469
25470
25471
25472
25473
25474
25475
25476
25477
25478
25479
25532
25533
25534
25535
25536
25537
25538
25539
25540
25541
25542
25543
25597
25598
25599
25600
25601
25602
25603
25604
25605
25606
25607
25608
25662
25663
25664
25665
25666
25667
25668
25669
25670
25671
25672
25673
25727
25728
25729
25730
25731
25732
25733
25734
25735
25736
25737
25793
25794
25795
25796
25797
25798
25799
25800
25801
29628
29629
29630
29631
29632
29633
29634
29635
29636
29692
29693
29694
29695
29696
29697
29698
29699
29700
29701
29757
29758
29759
29760
29761
29762
29763
29764
29765
29766
29767
29822
29823
29824
29825
29826
29827
29828
29829
29830
29831
29832
29887
29888
29889
29890
29891
29892
29893
29894
29895
29896
29953
29954
29955
29956
29957
29958
29959
29960
29961
30019
30020
30021
30022
30023
30024
30025
33854
33855
33856
33857
33858
33859
33860
33918
33919
33920
33921
33922
33923
33924
33925
33926
33983
33984
33985
33986
33987
33988
33989
33990
33991
34048
34049
34050
34051
34052
34053
34054
34055
34056
34113
34114
34115
34116
34117
34118
34119
34120
34121
34178
34179
34180
34181
34182
34183
34184
34185
34245
34246
34247
34248
34249
38080
38081
38082
38083
38084
38085
38145
38146
38147
38148
38149
38150
38209
38210
38211
38212
38213
38214
38215
38274
38275
38276
38277
38278
38279
38280
38339
38340
38341
38342
38343
38344
38345
38404
38405
38406
38407
38408
38409
38410
42502
42503
42504
42567
42568
42569
42632
42633
)


// ************************************************************************* //
