/*--------------------------------*- C++ -*----------------------------------*\
  =========                 |
  \\      /  F ield         | OpenFOAM: The Open Source CFD Toolbox
   \\    /   O peration     | Website:  https://openfoam.org
    \\  /    A nd           | Version:  6
     \\/     M anipulation  |
\*---------------------------------------------------------------------------*/
FoamFile
{
    version     2.0;
    format      ascii;
    class       labelList;
    location    "constant/region914/polyMesh";
    object      cellRegionAddressing;
}
// * * * * * * * * * * * * * * * * * * * * * * * * * * * * * * * * * * * * * //


271
(
244515
244578
244579
244580
244641
244642
244643
244644
244645
244706
244707
244708
244709
244710
244771
244772
244773
248548
248549
248610
248611
248612
248613
248614
248673
248674
248675
248676
248677
248678
248736
248737
248738
248739
248740
248741
248742
248743
248800
248801
248802
248803
248804
248805
248806
248807
248865
248866
248867
248868
248869
248870
248931
248932
248933
252581
252643
252644
252645
252646
252705
252706
252707
252708
252709
252710
252711
252769
252770
252771
252772
252773
252774
252775
252832
252833
252834
252835
252836
252837
252838
252839
252840
252896
252897
252898
252899
252900
252901
252902
252903
252904
252960
252961
252962
252963
252964
252965
252966
252967
252968
253025
253026
253027
253028
253029
253030
253031
253091
253092
253093
253094
256677
256678
256739
256740
256741
256742
256743
256802
256803
256804
256805
256806
256807
256808
256865
256866
256867
256868
256869
256870
256871
256872
256928
256929
256930
256931
256932
256933
256934
256935
256936
256992
256993
256994
256995
256996
256997
256998
256999
257000
257056
257057
257058
257059
257060
257061
257062
257063
257064
257065
257121
257122
257123
257124
257125
257126
257127
257128
257129
257185
257186
257187
257188
257189
257190
257191
257192
257251
257252
257253
257254
257255
257316
257317
260773
260774
260775
260836
260837
260838
260839
260840
260899
260900
260901
260902
260903
260904
260962
260963
260964
260965
260966
260967
260968
260969
261025
261026
261027
261028
261029
261030
261031
261032
261033
261088
261089
261090
261091
261092
261093
261094
261095
261096
261097
261152
261153
261154
261155
261156
261157
261158
261159
261160
261161
261217
261218
261219
261220
261221
261222
261223
261224
261225
261281
261282
261283
261284
261285
261286
261287
261288
261289
261346
261347
261348
261349
261350
261351
261352
261353
261411
261412
261413
261414
261415
261416
261477
261478
)


// ************************************************************************* //
