/*--------------------------------*- C++ -*----------------------------------*\
  =========                 |
  \\      /  F ield         | OpenFOAM: The Open Source CFD Toolbox
   \\    /   O peration     | Website:  https://openfoam.org
    \\  /    A nd           | Version:  6
     \\/     M anipulation  |
\*---------------------------------------------------------------------------*/
FoamFile
{
    version     2.0;
    format      ascii;
    class       faceList;
    location    "constant/region914/polyMesh";
    object      faces;
}
// * * * * * * * * * * * * * * * * * * * * * * * * * * * * * * * * * * * * * //


990
(
4(3 40 41 4)
4(33 34 41 40)
4(3 8 48 40)
4(7 47 48 8)
4(39 40 48 47)
4(4 9 49 41)
4(8 48 49 9)
4(40 41 49 48)
4(9 49 50 10)
4(41 42 50 49)
4(7 13 56 47)
4(46 47 56 55)
4(8 14 57 48)
4(13 56 57 14)
4(47 48 57 56)
4(9 15 58 49)
4(14 57 58 15)
4(48 49 58 57)
4(10 16 59 50)
4(15 58 59 16)
4(49 50 59 58)
4(16 59 60 17)
4(50 51 60 59)
4(14 20 66 57)
4(56 57 66 65)
4(15 21 67 58)
4(20 66 67 21)
4(57 58 67 66)
4(16 22 68 59)
4(21 67 68 22)
4(58 59 68 67)
4(17 23 69 60)
4(22 68 69 23)
4(59 60 69 68)
4(60 61 70 69)
4(21 26 75 67)
4(66 67 75 74)
4(22 27 76 68)
4(67 68 76 75)
4(68 69 77 76)
4(30 35 94 87)
4(34 93 94 35)
4(86 87 94 93)
4(35 94 95 36)
4(87 88 95 94)
4(33 40 100 92)
4(39 99 100 40)
4(91 92 100 99)
4(34 41 101 93)
4(40 100 101 41)
4(92 93 101 100)
4(35 42 102 94)
4(41 101 102 42)
4(93 94 102 101)
4(36 43 103 95)
4(42 102 103 43)
4(94 95 103 102)
4(43 103 104 44)
4(95 96 104 103)
4(39 47 108 99)
4(46 107 108 47)
4(98 99 108 107)
4(40 48 109 100)
4(47 108 109 48)
4(99 100 109 108)
4(41 49 110 101)
4(48 109 110 49)
4(100 101 110 109)
4(42 50 111 102)
4(49 110 111 50)
4(101 102 111 110)
4(43 51 112 103)
4(50 111 112 51)
4(102 103 112 111)
4(51 112 113 52)
4(103 104 113 112)
4(46 55 117 107)
4(54 116 117 55)
4(106 107 117 116)
4(47 56 118 108)
4(55 117 118 56)
4(107 108 118 117)
4(48 57 119 109)
4(56 118 119 57)
4(108 109 119 118)
4(49 58 120 110)
4(57 119 120 58)
4(109 110 120 119)
4(50 59 121 111)
4(58 120 121 59)
4(110 111 121 120)
4(51 60 122 112)
4(59 121 122 60)
4(111 112 122 121)
4(52 61 123 113)
4(60 122 123 61)
4(112 113 123 122)
4(61 123 124 62)
4(113 114 124 123)
4(55 64 127 117)
4(116 117 127 126)
4(56 65 128 118)
4(64 127 128 65)
4(117 118 128 127)
4(57 66 129 119)
4(65 128 129 66)
4(118 119 129 128)
4(58 67 130 120)
4(66 129 130 67)
4(119 120 130 129)
4(59 68 131 121)
4(67 130 131 68)
4(120 121 131 130)
4(60 69 132 122)
4(68 131 132 69)
4(121 122 132 131)
4(61 70 133 123)
4(69 132 133 70)
4(122 123 133 132)
4(123 124 134 133)
4(65 73 138 128)
4(127 128 138 137)
4(66 74 139 129)
4(128 129 139 138)
4(67 75 140 130)
4(74 139 140 75)
4(129 130 140 139)
4(68 76 141 131)
4(75 140 141 76)
4(130 131 141 140)
4(69 77 142 132)
4(76 141 142 77)
4(131 132 142 141)
4(132 133 143 142)
4(75 80 149 140)
4(139 140 149 148)
4(76 81 150 141)
4(140 141 150 149)
4(141 142 151 150)
4(87 164 165 88)
4(159 160 165 164)
4(86 93 171 163)
4(92 170 171 93)
4(162 163 171 170)
4(87 94 172 164)
4(93 171 172 94)
4(163 164 172 171)
4(88 95 173 165)
4(94 172 173 95)
4(164 165 173 172)
4(95 173 174 96)
4(165 166 174 173)
4(91 99 178 169)
4(98 177 178 99)
4(92 100 179 170)
4(99 178 179 100)
4(169 170 179 178)
4(93 101 180 171)
4(100 179 180 101)
4(170 171 180 179)
4(94 102 181 172)
4(101 180 181 102)
4(171 172 181 180)
4(95 103 182 173)
4(102 181 182 103)
4(172 173 182 181)
4(96 104 183 174)
4(103 182 183 104)
4(173 174 183 182)
4(104 183 184 105)
4(174 175 184 183)
4(99 108 188 178)
4(107 187 188 108)
4(177 178 188 187)
4(100 109 189 179)
4(108 188 189 109)
4(178 179 189 188)
4(101 110 190 180)
4(109 189 190 110)
4(179 180 190 189)
4(102 111 191 181)
4(110 190 191 111)
4(180 181 191 190)
4(103 112 192 182)
4(111 191 192 112)
4(181 182 192 191)
4(104 113 193 183)
4(112 192 193 113)
4(182 183 193 192)
4(113 193 194 114)
4(183 184 194 193)
4(107 117 197 187)
4(116 196 197 117)
4(186 187 197 196)
4(108 118 198 188)
4(117 197 198 118)
4(187 188 198 197)
4(109 119 199 189)
4(118 198 199 119)
4(188 189 199 198)
4(110 120 200 190)
4(119 199 200 120)
4(189 190 200 199)
4(111 121 201 191)
4(120 200 201 121)
4(190 191 201 200)
4(112 122 202 192)
4(121 201 202 122)
4(191 192 202 201)
4(113 123 203 193)
4(122 202 203 123)
4(192 193 203 202)
4(114 124 204 194)
4(123 203 204 124)
4(193 194 204 203)
4(124 204 205 125)
4(194 195 205 204)
4(117 127 207 197)
4(126 206 207 127)
4(196 197 207 206)
4(118 128 208 198)
4(127 207 208 128)
4(197 198 208 207)
4(119 129 209 199)
4(128 208 209 129)
4(198 199 209 208)
4(120 130 210 200)
4(129 209 210 130)
4(199 200 210 209)
4(121 131 211 201)
4(130 210 211 131)
4(200 201 211 210)
4(122 132 212 202)
4(131 211 212 132)
4(201 202 212 211)
4(123 133 213 203)
4(132 212 213 133)
4(202 203 213 212)
4(124 134 214 204)
4(133 213 214 134)
4(203 204 214 213)
4(134 214 215 135)
4(204 205 215 214)
4(127 137 218 207)
4(206 207 218 217)
4(128 138 219 208)
4(137 218 219 138)
4(207 208 219 218)
4(129 139 220 209)
4(138 219 220 139)
4(208 209 220 219)
4(130 140 221 210)
4(139 220 221 140)
4(209 210 221 220)
4(131 141 222 211)
4(140 221 222 141)
4(210 211 222 221)
4(132 142 223 212)
4(141 222 223 142)
4(211 212 223 222)
4(133 143 224 213)
4(142 223 224 143)
4(212 213 224 223)
4(134 144 225 214)
4(143 224 225 144)
4(213 214 225 224)
4(214 215 226 225)
4(138 147 229 219)
4(218 219 229 228)
4(139 148 230 220)
4(219 220 230 229)
4(140 149 231 221)
4(148 230 231 149)
4(220 221 231 230)
4(141 150 232 222)
4(149 231 232 150)
4(221 222 232 231)
4(142 151 233 223)
4(150 232 233 151)
4(222 223 233 232)
4(143 152 234 224)
4(151 233 234 152)
4(223 224 234 233)
4(224 225 235 234)
4(149 155 241 231)
4(230 231 241 240)
4(150 156 242 232)
4(231 232 242 241)
4(151 157 243 233)
4(232 233 243 242)
4(233 234 244 243)
4(160 165 263 257)
4(164 262 263 165)
4(256 257 263 262)
4(165 263 264 166)
4(257 258 264 263)
4(163 171 269 261)
4(170 268 269 171)
4(164 172 270 262)
4(171 269 270 172)
4(261 262 270 269)
4(165 173 271 263)
4(172 270 271 173)
4(262 263 271 270)
4(166 174 272 264)
4(173 271 272 174)
4(263 264 272 271)
4(174 272 273 175)
4(264 265 273 272)
4(170 179 277 268)
4(178 276 277 179)
4(171 180 278 269)
4(179 277 278 180)
4(268 269 278 277)
4(172 181 279 270)
4(180 278 279 181)
4(269 270 279 278)
4(173 182 280 271)
4(181 279 280 182)
4(270 271 280 279)
4(174 183 281 272)
4(182 280 281 183)
4(271 272 281 280)
4(175 184 282 273)
4(183 281 282 184)
4(272 273 282 281)
4(184 282 283 185)
4(273 274 283 282)
4(178 188 287 276)
4(187 286 287 188)
4(179 189 288 277)
4(188 287 288 189)
4(276 277 288 287)
4(180 190 289 278)
4(189 288 289 190)
4(277 278 289 288)
4(181 191 290 279)
4(190 289 290 191)
4(278 279 290 289)
4(182 192 291 280)
4(191 290 291 192)
4(279 280 291 290)
4(183 193 292 281)
4(192 291 292 193)
4(280 281 292 291)
4(184 194 293 282)
4(193 292 293 194)
4(281 282 293 292)
4(194 293 294 195)
4(282 283 294 293)
4(187 197 297 286)
4(196 296 297 197)
4(188 198 298 287)
4(197 297 298 198)
4(286 287 298 297)
4(189 199 299 288)
4(198 298 299 199)
4(287 288 299 298)
4(190 200 300 289)
4(199 299 300 200)
4(288 289 300 299)
4(191 201 301 290)
4(200 300 301 201)
4(289 290 301 300)
4(192 202 302 291)
4(201 301 302 202)
4(290 291 302 301)
4(193 203 303 292)
4(202 302 303 203)
4(291 292 303 302)
4(194 204 304 293)
4(203 303 304 204)
4(292 293 304 303)
4(204 304 305 205)
4(293 294 305 304)
4(197 207 308 297)
4(206 307 308 207)
4(296 297 308 307)
4(198 208 309 298)
4(207 308 309 208)
4(297 298 309 308)
4(199 209 310 299)
4(208 309 310 209)
4(298 299 310 309)
4(200 210 311 300)
4(209 310 311 210)
4(299 300 311 310)
4(201 211 312 301)
4(210 311 312 211)
4(300 301 312 311)
4(202 212 313 302)
4(211 312 313 212)
4(301 302 313 312)
4(203 213 314 303)
4(212 313 314 213)
4(302 303 314 313)
4(204 214 315 304)
4(213 314 315 214)
4(303 304 315 314)
4(214 315 316 215)
4(304 305 316 315)
4(207 218 319 308)
4(307 308 319 318)
4(208 219 320 309)
4(218 319 320 219)
4(308 309 320 319)
4(209 220 321 310)
4(219 320 321 220)
4(309 310 321 320)
4(210 221 322 311)
4(220 321 322 221)
4(310 311 322 321)
4(211 222 323 312)
4(221 322 323 222)
4(311 312 323 322)
4(212 223 324 313)
4(222 323 324 223)
4(312 313 324 323)
4(213 224 325 314)
4(223 324 325 224)
4(313 314 325 324)
4(214 225 326 315)
4(224 325 326 225)
4(314 315 326 325)
4(215 226 327 316)
4(225 326 327 226)
4(315 316 327 326)
4(226 327 328 227)
4(316 317 328 327)
4(219 229 330 320)
4(228 329 330 229)
4(319 320 330 329)
4(220 230 331 321)
4(229 330 331 230)
4(320 321 331 330)
4(221 231 332 322)
4(230 331 332 231)
4(321 322 332 331)
4(222 232 333 323)
4(231 332 333 232)
4(322 323 333 332)
4(223 233 334 324)
4(232 333 334 233)
4(323 324 334 333)
4(224 234 335 325)
4(233 334 335 234)
4(324 325 335 334)
4(225 235 336 326)
4(234 335 336 235)
4(325 326 336 335)
4(226 236 337 327)
4(235 336 337 236)
4(326 327 337 336)
4(327 328 338 337)
4(229 239 340 330)
4(329 330 340 339)
4(230 240 341 331)
4(330 331 341 340)
4(231 241 342 332)
4(240 341 342 241)
4(331 332 342 341)
4(232 242 343 333)
4(241 342 343 242)
4(332 333 343 342)
4(233 243 344 334)
4(242 343 344 243)
4(333 334 344 343)
4(234 244 345 335)
4(243 344 345 244)
4(334 335 345 344)
4(235 245 346 336)
4(244 345 346 245)
4(335 336 346 345)
4(336 337 347 346)
4(241 248 351 342)
4(341 342 351 350)
4(242 249 352 343)
4(248 351 352 249)
4(342 343 352 351)
4(243 250 353 344)
4(249 352 353 250)
4(343 344 353 352)
4(244 251 354 345)
4(344 345 354 353)
4(345 346 355 354)
4(249 254 360 352)
4(351 352 360 359)
4(352 353 361 360)
4(257 263 374 369)
4(262 373 374 263)
4(258 264 375 370)
4(263 374 375 264)
4(264 375 376 265)
4(262 270 380 373)
4(269 379 380 270)
4(263 271 381 374)
4(270 380 381 271)
4(264 272 382 375)
4(271 381 382 272)
4(265 273 383 376)
4(272 382 383 273)
4(273 383 384 274)
4(269 278 387 379)
4(277 386 387 278)
4(270 279 388 380)
4(278 387 388 279)
4(271 280 389 381)
4(279 388 389 280)
4(272 281 390 382)
4(280 389 390 281)
4(273 282 391 383)
4(281 390 391 282)
4(282 391 392 283)
4(277 288 396 386)
4(287 395 396 288)
4(278 289 397 387)
4(288 396 397 289)
4(279 290 398 388)
4(289 397 398 290)
4(280 291 399 389)
4(290 398 399 291)
4(281 292 400 390)
4(291 399 400 292)
4(282 293 401 391)
4(292 400 401 293)
4(283 294 402 392)
4(293 401 402 294)
4(294 402 403 295)
4(287 298 406 395)
4(297 405 406 298)
4(288 299 407 396)
4(298 406 407 299)
4(289 300 408 397)
4(299 407 408 300)
4(290 301 409 398)
4(300 408 409 301)
4(291 302 410 399)
4(301 409 410 302)
4(292 303 411 400)
4(302 410 411 303)
4(293 304 412 401)
4(303 411 412 304)
4(294 305 413 402)
4(304 412 413 305)
4(305 413 414 306)
4(297 308 416 405)
4(307 415 416 308)
4(298 309 417 406)
4(308 416 417 309)
4(299 310 418 407)
4(309 417 418 310)
4(300 311 419 408)
4(310 418 419 311)
4(301 312 420 409)
4(311 419 420 312)
4(302 313 421 410)
4(312 420 421 313)
4(303 314 422 411)
4(313 421 422 314)
4(304 315 423 412)
4(314 422 423 315)
4(305 316 424 413)
4(315 423 424 316)
4(316 424 425 317)
4(308 319 427 416)
4(309 320 428 417)
4(319 427 428 320)
4(310 321 429 418)
4(320 428 429 321)
4(311 322 430 419)
4(321 429 430 322)
4(312 323 431 420)
4(322 430 431 323)
4(313 324 432 421)
4(323 431 432 324)
4(314 325 433 422)
4(324 432 433 325)
4(315 326 434 423)
4(325 433 434 326)
4(316 327 435 424)
4(326 434 435 327)
4(327 435 436 328)
4(320 330 438 428)
4(329 437 438 330)
4(321 331 439 429)
4(330 438 439 331)
4(322 332 440 430)
4(331 439 440 332)
4(323 333 441 431)
4(332 440 441 333)
4(324 334 442 432)
4(333 441 442 334)
4(325 335 443 433)
4(334 442 443 335)
4(326 336 444 434)
4(335 443 444 336)
4(327 337 445 435)
4(336 444 445 337)
4(337 445 446 338)
4(330 340 448 438)
4(331 341 449 439)
4(340 448 449 341)
4(332 342 450 440)
4(341 449 450 342)
4(333 343 451 441)
4(342 450 451 343)
4(334 344 452 442)
4(343 451 452 344)
4(335 345 453 443)
4(344 452 453 345)
4(336 346 454 444)
4(345 453 454 346)
4(337 347 455 445)
4(346 454 455 347)
4(347 455 456 348)
4(341 350 458 449)
4(342 351 459 450)
4(350 458 459 351)
4(343 352 460 451)
4(351 459 460 352)
4(344 353 461 452)
4(352 460 461 353)
4(345 354 462 453)
4(353 461 462 354)
4(346 355 463 454)
4(354 462 463 355)
4(347 356 464 455)
4(355 463 464 356)
4(351 359 467 459)
4(352 360 468 460)
4(353 361 469 461)
4(360 468 469 361)
4(354 362 470 462)
4(361 469 470 362)
4(355 363 471 463)
4(361 366 474 469)
4(339 447 448 340)
4(340 448 457 349)
4(359 467 468 360)
4(360 468 473 365)
4(365 473 474 366)
4(366 474 475 367)
4(0 3 4 1)
4(2 7 8 3)
4(3 8 9 4)
4(4 9 10 5)
4(6 12 13 7)
4(7 13 14 8)
4(8 14 15 9)
4(9 15 16 10)
4(10 16 17 11)
4(13 19 20 14)
4(14 20 21 15)
4(15 21 22 16)
4(16 22 23 17)
4(17 23 24 18)
4(20 25 26 21)
4(21 26 27 22)
4(30 35 36 31)
4(1 4 41 34)
4(4 5 42 41)
4(34 41 42 35)
4(35 42 43 36)
4(36 43 44 37)
4(2 39 47 7)
4(6 7 47 46)
4(38 46 47 39)
4(5 10 50 42)
4(10 11 51 50)
4(42 50 51 43)
4(43 51 52 44)
4(12 55 56 13)
4(11 17 60 51)
4(17 18 61 60)
4(51 60 61 52)
4(52 61 62 53)
4(13 56 65 19)
4(55 64 65 56)
4(19 65 66 20)
4(64 72 73 65)
4(20 66 74 25)
4(65 73 74 66)
4(31 36 95 88)
4(36 37 96 95)
4(88 95 96 89)
4(37 44 104 96)
4(96 104 105 97)
4(44 52 113 104)
4(52 53 114 113)
4(104 113 114 105)
4(53 62 124 114)
4(114 124 125 115)
4(84 88 165 160)
4(88 89 166 165)
4(160 165 166 161)
4(89 96 174 166)
4(96 97 175 174)
4(166 174 175 167)
4(97 105 184 175)
4(175 184 185 176)
4(105 114 194 184)
4(114 115 195 194)
4(184 194 195 185)
4(115 125 205 195)
4(125 135 215 205)
4(135 145 226 215)
4(215 226 227 216)
4(160 161 258 257)
4(161 166 264 258)
4(166 167 265 264)
4(258 264 265 259)
4(167 175 273 265)
4(175 176 274 273)
4(265 273 274 266)
4(176 185 283 274)
4(185 195 294 283)
4(283 294 295 284)
4(195 205 305 294)
4(294 305 306 295)
4(205 215 316 305)
4(215 216 317 316)
4(305 316 317 306)
4(216 227 328 317)
4(227 237 338 328)
4(238 339 340 239)
4(253 359 360 254)
4(258 259 371 370)
4(259 265 376 371)
4(265 266 377 376)
4(266 274 384 377)
4(274 283 392 384)
4(283 284 393 392)
4(284 295 403 393)
4(295 306 414 403)
4(306 317 425 414)
4(317 328 436 425)
4(328 338 446 436)
4(338 348 456 446)
4(349 457 458 350)
4(350 458 466 358)
4(358 466 467 359)
4(363 471 472 364)
4(239 340 341 240)
4(240 341 350 247)
4(340 349 350 341)
4(368 369 374 373)
4(369 370 375 374)
4(370 371 376 375)
4(372 373 380 379)
4(373 374 381 380)
4(374 375 382 381)
4(375 376 383 382)
4(376 377 384 383)
4(378 379 387 386)
4(379 380 388 387)
4(380 381 389 388)
4(381 382 390 389)
4(382 383 391 390)
4(383 384 392 391)
4(385 386 396 395)
4(386 387 397 396)
4(387 388 398 397)
4(388 389 399 398)
4(389 390 400 399)
4(390 391 401 400)
4(391 392 402 401)
4(392 393 403 402)
4(394 395 406 405)
4(395 396 407 406)
4(396 397 408 407)
4(397 398 409 408)
4(398 399 410 409)
4(399 400 411 410)
4(400 401 412 411)
4(401 402 413 412)
4(402 403 414 413)
4(404 405 416 415)
4(405 406 417 416)
4(406 407 418 417)
4(407 408 419 418)
4(408 409 420 419)
4(409 410 421 420)
4(410 411 422 421)
4(411 412 423 422)
4(412 413 424 423)
4(413 414 425 424)
4(415 416 427 426)
4(416 417 428 427)
4(417 418 429 428)
4(418 419 430 429)
4(419 420 431 430)
4(420 421 432 431)
4(421 422 433 432)
4(422 423 434 433)
4(423 424 435 434)
4(424 425 436 435)
4(427 428 438 437)
4(428 429 439 438)
4(429 430 440 439)
4(430 431 441 440)
4(431 432 442 441)
4(432 433 443 442)
4(433 434 444 443)
4(434 435 445 444)
4(435 436 446 445)
4(437 438 448 447)
4(438 439 449 448)
4(439 440 450 449)
4(440 441 451 450)
4(441 442 452 451)
4(442 443 453 452)
4(443 444 454 453)
4(444 445 455 454)
4(445 446 456 455)
4(448 449 458 457)
4(449 450 459 458)
4(450 451 460 459)
4(451 452 461 460)
4(452 453 462 461)
4(453 454 463 462)
4(454 455 464 463)
4(455 456 465 464)
4(458 459 467 466)
4(459 460 468 467)
4(460 461 469 468)
4(461 462 470 469)
4(462 463 471 470)
4(463 464 472 471)
4(468 469 474 473)
4(469 470 475 474)
4(247 350 351 248)
4(248 351 359 253)
4(350 358 359 351)
4(22 27 28 23)
4(0 1 34 33)
4(29 34 35 30)
4(0 33 40 3)
4(2 3 40 39)
4(32 39 40 33)
4(6 46 55 12)
4(45 54 55 46)
4(54 63 64 55)
4(18 24 70 61)
4(23 69 70 24)
4(61 70 71 62)
4(25 74 75 26)
4(26 75 76 27)
4(23 28 77 69)
4(27 76 77 28)
4(69 77 78 70)
4(74 79 80 75)
4(75 80 81 76)
4(76 81 82 77)
4(29 30 87 86)
4(30 31 88 87)
4(83 87 88 84)
4(32 33 92 91)
4(29 86 93 34)
4(33 34 93 92)
4(85 92 93 86)
4(32 91 99 39)
4(38 39 99 98)
4(90 98 99 91)
4(38 98 107 46)
4(45 46 107 106)
4(45 106 116 54)
4(54 116 126 63)
4(63 126 127 64)
4(62 71 134 124)
4(70 133 134 71)
4(124 134 135 125)
4(64 127 137 72)
4(126 136 137 127)
4(72 137 138 73)
4(73 138 139 74)
4(70 78 143 133)
4(77 142 143 78)
4(133 143 144 134)
4(134 144 145 135)
4(137 146 147 138)
4(74 139 148 79)
4(138 147 148 139)
4(79 148 149 80)
4(80 149 150 81)
4(77 82 151 142)
4(81 150 151 82)
4(142 151 152 143)
4(143 152 153 144)
4(148 154 155 149)
4(149 155 156 150)
4(150 156 157 151)
4(151 157 158 152)
4(83 84 160 159)
4(85 86 163 162)
4(83 159 164 87)
4(86 87 164 163)
4(90 91 169 168)
4(85 162 170 92)
4(91 92 170 169)
4(90 168 177 98)
4(168 169 178 177)
4(98 177 187 107)
4(106 107 187 186)
4(106 186 196 116)
4(116 196 206 126)
4(126 206 217 136)
4(136 217 218 137)
4(144 225 226 145)
4(137 218 228 146)
4(146 228 229 147)
4(147 229 230 148)
4(144 153 235 225)
4(152 234 235 153)
4(225 235 236 226)
4(226 236 237 227)
4(228 238 239 229)
4(148 230 240 154)
4(229 239 240 230)
4(154 240 241 155)
4(155 241 242 156)
4(156 242 243 157)
4(152 158 244 234)
4(157 243 244 158)
4(234 244 245 235)
4(235 245 246 236)
4(240 247 248 241)
4(241 248 249 242)
4(242 249 250 243)
4(243 250 251 244)
4(244 251 252 245)
4(248 253 254 249)
4(249 254 255 250)
4(159 160 257 256)
4(162 163 261 260)
4(159 256 262 164)
4(163 164 262 261)
4(162 260 268 170)
4(169 170 268 267)
4(260 261 269 268)
4(169 267 276 178)
4(177 178 276 275)
4(267 268 277 276)
4(177 275 286 187)
4(186 187 286 285)
4(275 276 287 286)
4(186 285 296 196)
4(285 286 297 296)
4(196 296 307 206)
4(206 307 318 217)
4(217 318 319 218)
4(218 319 329 228)
4(236 337 338 237)
4(228 329 339 238)
4(236 246 347 337)
4(245 346 347 246)
4(337 347 348 338)
4(250 353 354 251)
4(245 252 355 346)
4(251 354 355 252)
4(346 355 356 347)
4(347 356 357 348)
4(250 255 361 353)
4(254 360 361 255)
4(353 361 362 354)
4(354 362 363 355)
4(355 363 364 356)
4(360 365 366 361)
4(361 366 367 362)
4(256 257 369 368)
4(257 258 370 369)
4(256 368 373 262)
4(261 262 373 372)
4(261 372 379 269)
4(268 269 379 378)
4(268 378 386 277)
4(276 277 386 385)
4(276 385 395 287)
4(286 287 395 394)
4(286 394 405 297)
4(296 297 405 404)
4(296 404 415 307)
4(307 415 426 318)
4(318 426 427 319)
4(319 427 437 329)
4(329 437 447 339)
4(348 357 465 456)
4(356 464 465 357)
4(362 470 471 363)
4(356 364 472 464)
4(362 367 475 470)
)


// ************************************************************************* //
