/*--------------------------------*- C++ -*----------------------------------*\
  =========                 |
  \\      /  F ield         | OpenFOAM: The Open Source CFD Toolbox
   \\    /   O peration     | Website:  https://openfoam.org
    \\  /    A nd           | Version:  6
     \\/     M anipulation  |
\*---------------------------------------------------------------------------*/
FoamFile
{
    version     2.0;
    format      ascii;
    class       labelList;
    location    "constant/region914/polyMesh";
    object      faceRegionAddressing;
}
// * * * * * * * * * * * * * * * * * * * * * * * * * * * * * * * * * * * * * //


990
(
725951
725952
726138
726139
726140
726141
726142
726143
726145
726146
726326
726328
726329
726330
726331
726332
726333
726334
726335
726336
726337
726339
726340
726520
726522
726523
726524
726525
726526
726527
726528
726529
726530
726531
726534
726714
726716
726717
726719
726722
737922
737923
737924
737926
737927
738107
738108
738109
738110
738111
738112
738113
738114
738115
738116
738117
738118
738120
738121
738295
738296
738297
738298
738299
738300
738301
738302
738303
738304
738305
738306
738307
738308
738309
738311
738312
738483
738484
738485
738486
738487
738488
738489
738490
738491
738492
738493
738494
738495
738496
738497
738498
738499
738500
738501
738502
738503
738505
738506
738674
738676
738677
738678
738679
738680
738681
738682
738683
738684
738685
738686
738687
738688
738689
738690
738691
738692
738693
738694
738697
738868
738870
738871
738873
738874
738875
738876
738877
738878
738879
738880
738881
738882
738885
739065
739067
739068
739070
739073
749895
749896
750079
750080
750081
750082
750083
750084
750085
750086
750087
750089
750090
750264
750265
750267
750268
750269
750270
750271
750272
750273
750274
750275
750276
750277
750278
750279
750280
750281
750283
750284
750455
750456
750457
750458
750459
750460
750461
750462
750463
750464
750465
750466
750467
750468
750469
750470
750471
750472
750474
750475
750643
750644
750645
750646
750647
750648
750649
750650
750651
750652
750653
750654
750655
750656
750657
750658
750659
750660
750661
750662
750663
750664
750665
750666
750668
750669
750834
750835
750836
750837
750838
750839
750840
750841
750842
750843
750844
750845
750846
750847
750848
750849
750850
750851
750852
750853
750854
750855
750856
750857
750859
750860
751025
751027
751028
751029
751030
751031
751032
751033
751034
751035
751036
751037
751038
751039
751040
751041
751042
751043
751044
751045
751046
751047
751048
751051
751219
751221
751222
751224
751225
751226
751227
751228
751229
751230
751231
751232
751233
751234
751235
751236
751239
751416
751418
751419
751421
751422
751424
751427
762054
762055
762056
762058
762059
762239
762240
762242
762243
762244
762245
762246
762247
762248
762249
762250
762252
762253
762427
762428
762430
762431
762432
762433
762434
762435
762436
762437
762438
762439
762440
762441
762442
762443
762444
762446
762447
762615
762616
762618
762619
762620
762621
762622
762623
762624
762625
762626
762627
762628
762629
762630
762631
762632
762633
762634
762635
762637
762638
762803
762804
762806
762807
762808
762809
762810
762811
762812
762813
762814
762815
762816
762817
762818
762819
762820
762821
762822
762823
762824
762825
762826
762828
762829
762994
762995
762996
762997
762998
762999
763000
763001
763002
763003
763004
763005
763006
763007
763008
763009
763010
763011
763012
763013
763014
763015
763016
763017
763019
763020
763185
763187
763188
763189
763190
763191
763192
763193
763194
763195
763196
763197
763198
763199
763200
763201
763202
763203
763204
763205
763206
763207
763208
763209
763210
763211
763213
763214
763379
763380
763381
763382
763383
763384
763385
763386
763387
763388
763389
763390
763391
763392
763393
763394
763395
763396
763397
763398
763399
763400
763401
763402
763405
763570
763572
763573
763575
763576
763577
763578
763579
763580
763581
763582
763583
763584
763585
763586
763587
763588
763589
763590
763593
763767
763769
763770
763771
763772
763773
763774
763775
763776
763778
763781
763961
763963
763966
774214
774215
774217
774218
774221
774402
774403
774405
774406
774408
774409
774411
774412
774415
774590
774591
774593
774594
774596
774597
774599
774600
774602
774603
774606
774778
774779
774781
774782
774784
774785
774787
774788
774790
774791
774793
774794
774796
774797
774800
774966
774967
774969
774970
774972
774973
774975
774976
774978
774979
774981
774982
774984
774985
774987
774988
774991
775154
775155
775157
775158
775160
775161
775163
775164
775166
775167
775169
775170
775172
775173
775175
775176
775178
775179
775182
775345
775348
775349
775351
775352
775354
775355
775357
775358
775360
775361
775363
775364
775366
775367
775369
775370
775373
775539
775540
775542
775543
775545
775546
775548
775549
775551
775552
775554
775555
775557
775558
775560
775561
775564
775730
775733
775734
775736
775737
775739
775740
775742
775743
775745
775746
775748
775749
775751
775752
775755
775924
775927
775928
775930
775931
775933
775934
775936
775937
775939
775940
775942
775943
776118
776121
776124
776125
776127
776128
776130
776315
775731
-775921
776122
-776312
776316
776319
-713792
-713980
-713983
-713986
-714168
-714171
-714174
-714177
-714180
-714362
-714365
-714368
-714371
-714374
-714556
-714559
-725767
725950
-725954
-725955
-725958
-725961
-726135
-726136
-726137
726144
-726148
-726149
-726152
726327
726338
-726342
-726343
-726346
-726517
-726519
726521
-726710
-726711
-726713
737925
-737929
-737930
738119
-738124
738310
-738314
-738315
738504
-738509
749894
-749898
-749899
750088
-750092
-750093
750282
-750287
750473
-750477
-750478
750667
750858
751049
-751054
-761867
762057
-762061
-762062
762251
-762255
-762256
762445
762636
-762641
762827
-762832
763018
-763022
-763023
763212
763403
763571
763962
-774030
774220
-774224
774414
774605
-774609
774799
774990
775181
775372
775563
775754
775925
-776115
776119
776134
763574
-763764
-763766
774216
774219
774222
774404
774407
774410
774413
774416
774592
774595
774598
774601
774604
774607
774780
774783
774786
774789
774792
774795
774798
774801
774968
774971
774974
774977
774980
774983
774986
774989
774992
775156
775159
775162
775165
775168
775171
775174
775177
775180
775183
775347
775350
775353
775356
775359
775362
775365
775368
775371
775374
775541
775544
775547
775550
775553
775556
775559
775562
775565
775732
775735
775738
775741
775744
775747
775750
775753
775756
775926
775929
775932
775935
775938
775941
775944
775947
776120
776123
776126
776129
776132
776135
776317
776320
763768
-763958
-763960
-714562
-725760
-725764
-725947
-725948
-725949
-726323
-726325
-726516
726532
726533
-726537
726715
726718
726720
726721
-726725
-726907
-726910
-726913
-737732
-737735
-737736
-737917
-737919
-737920
-737921
-738104
-738105
-738106
-738292
-738293
-738480
-738671
738675
738695
738696
-738700
-738865
-738867
738869
738872
738883
738884
-738888
-738891
-739061
-739062
-739064
739066
739069
739071
739072
-739076
-739079
-739258
-739261
-739264
-739267
-749704
-749889
-749891
-749892
-750074
-750076
-750077
-750261
750266
-750452
-750453
-750640
-750831
-751022
751026
751050
-751216
751220
751223
751237
751238
-751242
-751245
-751412
-751413
-751415
751417
751420
751423
751425
751426
-751430
-751433
-751609
-751612
-751615
-751618
-751621
-751803
-751806
-761864
-762049
-762051
-762052
-762236
-762237
762241
-762424
-762425
762429
-762612
-762613
762617
-762800
762805
-762991
-763182
763186
-763376
763404
-763567
763591
763592
-763596
763777
763779
763780
-763784
-763787
763964
763965
-763969
-763972
-763975
-764157
-764160
-774024
-774027
-774211
-774212
-774399
-774400
-774587
-774588
-774775
-774776
-774963
-774964
-775151
-775342
775346
-775536
-775727
775945
775946
776131
776133
776318
)


// ************************************************************************* //
