/*--------------------------------*- C++ -*----------------------------------*\
  =========                 |
  \\      /  F ield         | OpenFOAM: The Open Source CFD Toolbox
   \\    /   O peration     | Website:  https://openfoam.org
    \\  /    A nd           | Version:  6
     \\/     M anipulation  |
\*---------------------------------------------------------------------------*/
FoamFile
{
    version     2.0;
    format      ascii;
    class       labelList;
    note        "nPoints:476  nCells:271  nFaces:990  nInternalFaces:636";
    location    "constant/region914/polyMesh";
    object      neighbour;
}
// * * * * * * * * * * * * * * * * * * * * * * * * * * * * * * * * * * * * * //


636
(
2
20
2
5
25
3
6
26
7
27
5
31
6
9
32
7
10
33
8
11
34
12
35
10
40
11
14
41
12
15
42
13
16
43
44
15
48
16
49
50
18
21
57
22
58
20
25
61
21
26
62
22
27
63
23
28
64
29
65
25
31
67
26
32
68
27
33
69
28
34
70
29
35
71
36
72
31
38
74
32
39
75
33
40
76
34
41
77
35
42
78
36
43
79
37
44
80
45
81
39
83
40
46
84
41
47
85
42
48
86
43
49
87
44
50
88
45
51
89
90
47
93
48
94
49
52
95
50
53
96
51
54
97
98
53
103
54
104
105
58
112
57
62
114
58
63
115
59
64
116
65
117
61
67
62
68
119
63
69
120
64
70
121
65
71
122
66
72
123
73
124
68
75
126
69
76
127
70
77
128
71
78
129
72
79
130
73
80
131
81
132
75
83
134
76
84
135
77
85
136
78
86
137
79
87
138
80
88
139
81
89
140
82
90
141
91
142
84
92
143
85
93
144
86
94
145
87
95
146
88
96
147
89
97
148
90
98
149
91
99
150
100
151
93
152
94
101
153
95
102
154
96
103
155
97
104
156
98
105
157
99
106
158
100
107
159
160
102
162
103
163
104
108
164
105
109
165
106
110
166
107
111
167
168
109
173
110
174
111
175
176
113
116
186
117
187
115
120
116
121
189
117
122
190
118
123
191
124
192
120
127
121
128
194
122
129
195
123
130
196
124
131
197
125
132
198
133
199
127
135
128
136
200
129
137
201
130
138
202
131
139
203
132
140
204
133
141
205
142
206
135
143
136
144
208
137
145
209
138
146
210
139
147
211
140
148
212
141
149
213
142
150
214
151
215
144
152
217
145
153
218
146
154
219
147
155
220
148
156
221
149
157
222
150
158
223
151
159
224
160
225
153
227
154
162
228
155
163
229
156
164
230
157
165
231
158
166
232
159
167
233
160
168
234
161
169
235
170
236
163
171
237
164
172
238
165
173
239
166
174
240
167
175
241
168
176
242
169
177
243
170
178
244
245
172
246
173
247
174
179
248
175
180
249
176
181
250
177
182
251
178
183
252
253
180
256
181
184
257
182
185
258
183
259
260
185
264
265
187
190
188
191
192
190
195
191
196
192
197
193
198
199
195
201
196
202
197
203
198
204
199
205
206
201
209
202
210
203
211
204
212
205
213
206
214
207
215
216
209
218
210
219
211
220
212
221
213
222
214
223
215
224
216
225
226
218
227
219
228
220
229
221
230
222
231
223
232
224
233
225
234
226
235
236
228
229
237
230
238
231
239
232
240
233
241
234
242
235
243
236
244
245
238
246
239
247
240
248
241
249
242
250
243
251
244
252
245
253
254
247
248
255
249
256
250
257
251
258
252
259
253
260
254
261
262
256
257
263
258
264
259
265
260
266
261
267
262
268
264
265
266
269
267
270
268
270
)


// ************************************************************************* //
