/*--------------------------------*- C++ -*----------------------------------*\
  =========                 |
  \\      /  F ield         | OpenFOAM: The Open Source CFD Toolbox
   \\    /   O peration     | Website:  https://openfoam.org
    \\  /    A nd           | Version:  6
     \\/     M anipulation  |
\*---------------------------------------------------------------------------*/
FoamFile
{
    version     2.0;
    format      ascii;
    class       labelList;
    note        "nPoints:476  nCells:271  nFaces:990  nInternalFaces:636";
    location    "constant/region914/polyMesh";
    object      owner;
}
// * * * * * * * * * * * * * * * * * * * * * * * * * * * * * * * * * * * * * //


990
(
0
0
1
1
1
2
2
2
3
3
4
4
5
5
5
6
6
6
7
7
7
8
8
9
9
10
10
10
11
11
11
12
12
12
13
14
14
15
15
16
17
17
17
18
18
19
19
19
20
20
20
21
21
21
22
22
22
23
23
24
24
24
25
25
25
26
26
26
27
27
27
28
28
28
29
29
30
30
30
31
31
31
32
32
32
33
33
33
34
34
34
35
35
35
36
36
36
37
37
38
38
39
39
39
40
40
40
41
41
41
42
42
42
43
43
43
44
44
44
45
46
46
47
47
48
48
48
49
49
49
50
50
50
51
52
52
53
53
54
55
55
56
56
56
57
57
57
58
58
58
59
59
60
60
61
61
61
62
62
62
63
63
63
64
64
64
65
65
65
66
66
67
67
67
68
68
68
69
69
69
70
70
70
71
71
71
72
72
72
73
73
74
74
74
75
75
75
76
76
76
77
77
77
78
78
78
79
79
79
80
80
80
81
81
81
82
82
83
83
83
84
84
84
85
85
85
86
86
86
87
87
87
88
88
88
89
89
89
90
90
90
91
91
92
92
93
93
93
94
94
94
95
95
95
96
96
96
97
97
97
98
98
98
99
99
99
100
101
101
102
102
103
103
103
104
104
104
105
105
105
106
106
106
107
108
108
109
109
110
110
111
112
112
112
113
113
114
114
115
115
115
116
116
116
117
117
117
118
118
119
119
120
120
120
121
121
121
122
122
122
123
123
123
124
124
124
125
125
126
126
127
127
127
128
128
128
129
129
129
130
130
130
131
131
131
132
132
132
133
133
134
134
135
135
135
136
136
136
137
137
137
138
138
138
139
139
139
140
140
140
141
141
141
142
142
143
143
143
144
144
144
145
145
145
146
146
146
147
147
147
148
148
148
149
149
149
150
150
150
151
151
152
152
153
153
153
154
154
154
155
155
155
156
156
156
157
157
157
158
158
158
159
159
159
160
160
160
161
161
162
162
162
163
163
163
164
164
164
165
165
165
166
166
166
167
167
167
168
168
168
169
169
169
170
171
171
172
172
173
173
173
174
174
174
175
175
175
176
176
176
177
177
177
178
179
179
180
180
180
181
181
181
182
182
183
184
184
185
186
186
187
187
188
189
189
190
190
191
191
192
192
193
194
194
195
195
196
196
197
197
198
198
199
200
200
201
201
202
202
203
203
204
204
205
205
206
206
207
208
208
209
209
210
210
211
211
212
212
213
213
214
214
215
215
216
217
217
218
218
219
219
220
220
221
221
222
222
223
223
224
224
225
225
226
227
228
228
229
229
230
230
231
231
232
232
233
233
234
234
235
235
236
237
237
238
238
239
239
240
240
241
241
242
242
243
243
244
244
245
246
247
247
248
248
249
249
250
250
251
251
252
252
253
253
254
255
256
256
257
257
258
258
259
259
260
260
261
261
263
264
265
265
266
266
267
269
246
255
264
269
269
270
0
1
2
3
4
5
6
7
8
9
10
11
12
13
14
15
18
0
3
21
22
23
1
4
24
3
8
28
29
4
8
13
36
37
9
39
9
46
14
47
18
23
59
23
66
29
37
73
37
82
55
59
113
59
66
118
66
125
73
82
133
82
91
100
161
113
113
118
188
118
125
193
125
133
207
142
216
151
161
226
161
170
171
184
188
188
193
193
199
207
207
216
226
236
245
254
255
263
263
268
172
179
255
186
187
188
189
190
191
192
193
194
195
196
197
198
199
200
201
202
203
204
205
206
207
208
209
210
211
212
213
214
215
216
217
218
219
220
221
222
223
224
225
226
227
228
229
230
231
232
233
234
235
236
237
238
239
240
241
242
243
244
245
246
247
248
249
250
251
252
253
254
255
256
257
258
259
260
261
262
263
264
265
266
267
268
269
270
179
184
263
16
0
17
0
1
19
4
30
38
13
13
45
14
15
16
16
51
52
53
54
17
18
55
19
17
20
56
19
24
60
24
30
30
38
38
45
45
91
46
92
46
47
51
51
99
100
101
52
102
52
53
54
54
106
107
108
109
110
111
55
56
55
57
60
56
61
60
60
67
74
74
83
92
92
100
101
101
102
107
107
169
170
171
108
172
108
109
110
111
111
177
178
179
180
181
182
183
184
185
112
114
112
115
114
119
114
119
126
119
126
134
126
134
134
143
152
152
162
170
171
178
178
254
182
183
183
261
262
185
185
266
267
268
269
270
186
187
186
189
189
194
194
200
200
208
208
217
217
227
227
237
246
262
262
267
268
270
)


// ************************************************************************* //
