/*--------------------------------*- C++ -*----------------------------------*\
  =========                 |
  \\      /  F ield         | OpenFOAM: The Open Source CFD Toolbox
   \\    /   O peration     | Website:  https://openfoam.org
    \\  /    A nd           | Version:  6
     \\/     M anipulation  |
\*---------------------------------------------------------------------------*/
FoamFile
{
    version     2.0;
    format      ascii;
    class       labelList;
    location    "constant/region914/polyMesh";
    object      pointRegionAddressing;
}
// * * * * * * * * * * * * * * * * * * * * * * * * * * * * * * * * * * * * * //


476
(
252170
252171
252234
252235
252236
252237
252298
252299
252300
252301
252302
252303
252363
252364
252365
252366
252367
252368
252369
252429
252430
252431
252432
252433
252434
252495
252496
252497
252498
256331
256332
256333
256394
256395
256396
256397
256398
256399
256458
256459
256460
256461
256462
256463
256464
256522
256523
256524
256525
256526
256527
256528
256529
256530
256587
256588
256589
256590
256591
256592
256593
256594
256595
256652
256653
256654
256655
256656
256657
256658
256659
256660
256718
256719
256720
256721
256722
256723
256724
256785
256786
256787
256788
260492
260493
260555
260556
260557
260558
260559
260618
260619
260620
260621
260622
260623
260624
260625
260683
260684
260685
260686
260687
260688
260689
260690
260747
260748
260749
260750
260751
260752
260753
260754
260755
260756
260812
260813
260814
260815
260816
260817
260818
260819
260820
260821
260877
260878
260879
260880
260881
260882
260883
260884
260885
260886
260942
260943
260944
260945
260946
260947
260948
260949
260950
260951
261008
261009
261010
261011
261012
261013
261014
261015
261075
261076
261077
261078
261079
264717
264718
264719
264780
264781
264782
264783
264784
264785
264843
264844
264845
264846
264847
264848
264849
264850
264851
264908
264909
264910
264911
264912
264913
264914
264915
264916
264972
264973
264974
264975
264976
264977
264978
264979
264980
264981
265037
265038
265039
265040
265041
265042
265043
265044
265045
265046
265102
265103
265104
265105
265106
265107
265108
265109
265110
265111
265112
265167
265168
265169
265170
265171
265172
265173
265174
265175
265176
265177
265233
265234
265235
265236
265237
265238
265239
265240
265241
265242
265298
265299
265300
265301
265302
265303
265304
265305
265306
265365
265366
265367
265368
265369
265370
265431
265432
265433
268942
268943
268944
268945
269005
269006
269007
269008
269009
269010
269011
269069
269070
269071
269072
269073
269074
269075
269076
269133
269134
269135
269136
269137
269138
269139
269140
269141
269142
269197
269198
269199
269200
269201
269202
269203
269204
269205
269206
269207
269262
269263
269264
269265
269266
269267
269268
269269
269270
269271
269272
269327
269328
269329
269330
269331
269332
269333
269334
269335
269336
269337
269392
269393
269394
269395
269396
269397
269398
269399
269400
269401
269402
269458
269459
269460
269461
269462
269463
269464
269465
269466
269467
269523
269524
269525
269526
269527
269528
269529
269530
269531
269532
269589
269590
269591
269592
269593
269594
269595
269596
269597
269655
269656
269657
269658
269659
269660
269661
269722
269723
269724
273167
273168
273169
273170
273231
273232
273233
273234
273235
273236
273295
273296
273297
273298
273299
273300
273301
273359
273360
273361
273362
273363
273364
273365
273366
273367
273423
273424
273425
273426
273427
273428
273429
273430
273431
273432
273487
273488
273489
273490
273491
273492
273493
273494
273495
273496
273497
273552
273553
273554
273555
273556
273557
273558
273559
273560
273561
273562
273617
273618
273619
273620
273621
273622
273623
273624
273625
273626
273627
273683
273684
273685
273686
273687
273688
273689
273690
273691
273692
273748
273749
273750
273751
273752
273753
273754
273755
273756
273757
273814
273815
273816
273817
273818
273819
273820
273821
273822
273880
273881
273882
273883
273884
273885
273886
273947
273948
273949
)


// ************************************************************************* //
