/*--------------------------------*- C++ -*----------------------------------*\
  =========                 |
  \\      /  F ield         | OpenFOAM: The Open Source CFD Toolbox
   \\    /   O peration     | Website:  https://openfoam.org
    \\  /    A nd           | Version:  6
     \\/     M anipulation  |
\*---------------------------------------------------------------------------*/
FoamFile
{
    version     2.0;
    format      ascii;
    class       faceList;
    location    "constant/region652/polyMesh";
    object      faces;
}
// * * * * * * * * * * * * * * * * * * * * * * * * * * * * * * * * * * * * * //


40
(
4(4 5 8 7)
4(7 22 23 8)
4(7 11 26 22)
4(8 12 27 23)
4(11 26 27 12)
4(12 27 28 13)
4(12 15 30 27)
4(15 30 31 16)
4(19 20 23 22)
4(21 22 26 25)
4(22 23 27 26)
4(23 24 28 27)
4(26 27 30 29)
4(27 28 31 30)
4(30 31 33 32)
4(0 1 5 4)
4(0 4 7 2)
4(4 5 20 19)
4(4 19 22 7)
4(6 7 22 21)
4(5 8 23 20)
4(8 9 24 23)
4(9 13 28 24)
4(13 16 31 28)
4(16 18 33 31)
4(17 32 33 18)
4(0 2 3 1)
4(1 3 8 5)
4(2 7 8 3)
4(6 10 11 7)
4(7 11 12 8)
4(8 12 13 9)
4(11 14 15 12)
4(12 15 16 13)
4(15 17 18 16)
4(6 21 25 10)
4(10 25 26 11)
4(11 26 29 14)
4(14 29 30 15)
4(15 30 32 17)
)


// ************************************************************************* //
