/*--------------------------------*- C++ -*----------------------------------*\
  =========                 |
  \\      /  F ield         | OpenFOAM: The Open Source CFD Toolbox
   \\    /   O peration     | Website:  https://openfoam.org
    \\  /    A nd           | Version:  6
     \\/     M anipulation  |
\*---------------------------------------------------------------------------*/
FoamFile
{
    version     2.0;
    format      ascii;
    class       labelList;
    location    "constant/region349/polyMesh";
    object      cellRegionAddressing;
}
// * * * * * * * * * * * * * * * * * * * * * * * * * * * * * * * * * * * * * //


1297
(
106424
106425
106489
110392
110393
110394
110455
110456
110457
110458
110519
110520
110521
110522
110584
110585
110586
110587
114362
114424
114425
114426
114427
114428
114487
114488
114489
114490
114491
114492
114551
114552
114553
114554
114555
114556
114615
114616
114617
114618
114619
114620
114679
114680
114681
114682
114683
114684
118456
118457
118458
118459
118460
118519
118520
118521
118522
118523
118524
118525
118582
118583
118584
118585
118586
118587
118588
118589
118590
118646
118647
118648
118649
118650
118651
118652
118653
118710
118711
118712
118713
118714
118715
118716
118717
118775
118776
118777
118778
118779
118780
118781
122550
122551
122552
122553
122554
122555
122556
122557
122612
122613
122614
122615
122616
122617
122618
122619
122620
122621
122622
122674
122675
122676
122677
122678
122679
122680
122681
122682
122683
122684
122685
122686
122738
122739
122740
122741
122742
122743
122744
122745
122746
122747
122748
122749
122750
122800
122801
122802
122803
122804
122805
122806
122807
122808
122809
122810
122811
122812
122813
122814
122863
122864
122865
122866
122867
122868
122869
122870
122871
122872
122873
122874
122875
122876
122877
122878
126644
126645
126646
126647
126648
126649
126650
126651
126652
126705
126706
126707
126708
126709
126710
126711
126712
126713
126714
126715
126716
126717
126768
126769
126770
126771
126772
126773
126774
126775
126776
126777
126778
126779
126780
126781
126782
126830
126831
126832
126833
126834
126835
126836
126837
126838
126839
126840
126841
126842
126843
126844
126845
126846
126894
126895
126896
126897
126898
126899
126900
126901
126902
126903
126904
126905
126906
126907
126908
126909
126910
126957
126958
126959
126960
126961
126962
126963
126964
126965
126966
126967
126968
126969
126970
126971
126972
126973
130679
130680
130681
130682
130683
130741
130742
130743
130744
130745
130746
130747
130748
130793
130794
130795
130796
130799
130800
130801
130802
130803
130804
130805
130806
130807
130808
130809
130810
130811
130812
130813
130857
130858
130859
130860
130861
130862
130863
130864
130865
130866
130867
130868
130869
130870
130871
130872
130873
130874
130875
130876
130877
130921
130922
130923
130924
130925
130926
130927
130928
130929
130930
130931
130932
130933
130934
130935
130936
130937
130938
130939
130940
130941
130985
130986
130987
130988
130989
130990
130991
130992
130993
130994
130995
130996
130997
130998
130999
131000
131001
131002
131003
131004
131005
131048
131049
131050
131051
131052
131053
131054
131055
131056
131057
131058
131059
131060
131061
131062
131063
131064
131065
131066
131067
131068
131069
134697
134698
134699
134760
134761
134762
134763
134764
134775
134776
134777
134778
134779
134780
134823
134824
134825
134826
134827
134828
134829
134830
134838
134839
134840
134841
134842
134843
134844
134845
134886
134887
134888
134889
134890
134891
134892
134893
134894
134895
134896
134897
134900
134901
134902
134903
134904
134905
134906
134907
134908
134909
134950
134951
134952
134953
134954
134955
134956
134957
134958
134959
134960
134961
134962
134963
134964
134965
134966
134967
134968
134969
134970
134971
134972
134973
135014
135015
135016
135017
135018
135019
135020
135021
135022
135023
135024
135025
135026
135027
135028
135029
135030
135031
135032
135033
135034
135035
135036
135037
135077
135078
135079
135080
135081
135082
135083
135084
135085
135086
135087
135088
135089
135090
135091
135092
135093
135094
135095
135096
135097
135098
135099
135100
135101
135140
135141
135142
135143
135144
135145
135146
135147
135148
135149
135150
135151
135152
135153
135154
135155
135156
135157
135158
135159
135160
135161
135162
135163
135164
138729
138730
138792
138793
138794
138795
138796
138855
138856
138857
138858
138859
138860
138861
138871
138872
138873
138874
138875
138876
138918
138919
138920
138921
138922
138923
138924
138925
138926
138934
138935
138936
138937
138938
138939
138940
138941
138981
138982
138983
138984
138985
138986
138987
138988
138989
138990
138991
138998
138999
139000
139001
139002
139003
139004
139005
139044
139045
139046
139047
139048
139049
139050
139051
139052
139053
139054
139055
139056
139057
139058
139059
139060
139061
139062
139063
139064
139065
139066
139067
139068
139069
139108
139109
139110
139111
139112
139113
139114
139115
139116
139117
139118
139119
139120
139121
139122
139123
139124
139125
139126
139127
139128
139129
139130
139131
139132
139133
139171
139172
139173
139174
139175
139176
139177
139178
139179
139180
139181
139182
139183
139184
139185
139186
139187
139188
139189
139190
139191
139192
139193
139194
139195
139196
139234
139235
139236
139237
139238
139239
139240
139241
139242
139243
139244
139245
139246
139247
139248
139249
139250
139251
139252
139253
139254
139255
139256
139257
139258
139259
142887
142888
142889
142890
142891
142950
142951
142952
142953
142954
142955
142956
142957
143013
143014
143015
143016
143017
143018
143019
143020
143021
143022
143032
143033
143034
143035
143077
143078
143079
143080
143081
143082
143083
143084
143085
143086
143087
143095
143096
143097
143098
143099
143140
143141
143142
143143
143144
143145
143146
143147
143148
143149
143150
143151
143152
143153
143158
143159
143160
143161
143162
143163
143203
143204
143205
143206
143207
143208
143209
143210
143211
143212
143213
143214
143215
143216
143217
143218
143219
143220
143221
143222
143223
143224
143225
143226
143227
143266
143267
143268
143269
143270
143271
143272
143273
143274
143275
143276
143277
143278
143279
143280
143281
143282
143283
143284
143285
143286
143288
143289
143290
143291
143329
143330
143331
143332
143333
143334
143335
143336
143337
143338
143339
143340
143341
143342
143343
143344
143345
143346
143347
143348
143349
143350
146983
146984
146985
146986
146987
147046
147047
147048
147049
147050
147051
147052
147109
147110
147111
147112
147113
147114
147115
147116
147117
147118
147173
147174
147175
147176
147177
147178
147179
147180
147181
147182
147183
147236
147237
147238
147239
147240
147241
147242
147243
147244
147245
147246
147247
147248
147299
147300
147301
147302
147303
147304
147305
147306
147307
147308
147309
147310
147311
147312
147313
147314
147362
147363
147364
147365
147366
147367
147368
147369
147370
147371
147372
147373
147374
147375
147376
147377
147378
147379
147425
147426
147427
147428
147429
147430
147431
147432
147433
147434
147435
147436
147437
147438
147439
147440
147441
147442
147443
147444
151080
151081
151082
151142
151143
151144
151145
151146
151147
151148
151206
151207
151208
151209
151210
151211
151212
151213
151269
151270
151271
151272
151273
151274
151275
151276
151277
151278
151332
151333
151334
151335
151336
151337
151338
151339
151340
151341
151342
151343
151395
151396
151397
151398
151399
151400
151401
151402
151403
151404
151405
151406
151407
151408
151409
151458
151459
151460
151461
151462
151463
151464
151465
151466
151467
151468
151469
151470
151471
151472
151473
151474
151521
151522
151523
151524
151525
151526
151527
151528
151529
151530
151531
151532
151533
151534
151535
151536
151537
151538
151539
155176
155177
155178
155239
155240
155241
155242
155243
155302
155303
155304
155305
155306
155307
155308
155309
155365
155366
155367
155368
155369
155370
155371
155372
155373
155374
155428
155429
155430
155431
155432
155433
155434
155435
155436
155437
155438
155491
155492
155493
155494
155495
155496
155497
155498
155499
155500
155501
155502
155503
155554
155555
155556
155557
155558
155559
155560
155561
155562
155563
155564
155565
155566
155567
155568
155617
155618
155619
155620
155621
155622
155623
155624
155625
155626
155627
155628
155629
155630
155631
155632
155633
159335
159336
159337
159338
159398
159399
159400
159401
159402
159403
159461
159462
159463
159464
159465
159466
159467
159468
159469
159524
159525
159526
159527
159528
159529
159530
159531
159532
159533
159587
159588
159589
159590
159591
159592
159593
159594
159595
159596
159597
159598
159650
159651
159652
159653
159654
159655
159656
159657
159658
159659
159660
159661
159662
159713
159714
159715
159716
159717
159718
159719
159720
159721
159722
159723
159724
159725
159726
163431
163432
163494
163495
163496
163497
163498
163557
163558
163559
163560
163561
163562
163563
163564
163620
163621
163622
163623
163624
163625
163626
163627
163628
163683
163684
163685
163686
163687
163688
163689
163690
163691
163692
163746
163747
163748
163749
163750
163751
163752
163753
163754
163755
163756
163810
163811
163812
163813
163814
163815
163816
163817
163818
163819
163820
167591
167592
167593
167654
167655
167656
167657
167658
167716
167717
167718
167719
167720
167721
167722
167723
167779
167780
167781
167782
167783
167784
167785
167786
167787
167842
167843
167844
167845
167846
167847
167848
167849
167850
167851
167906
167907
167908
167909
167910
167911
167912
167913
167914
167915
171813
171814
171815
171816
171817
171876
171877
171878
171879
171880
171881
171939
171940
171941
171942
171943
171944
171945
171946
172002
172003
172004
172005
172006
172007
172008
172009
175976
176037
176038
176039
176040
176100
176101
176102
176103
176104
)


// ************************************************************************* //
