/*--------------------------------*- C++ -*----------------------------------*\
  =========                 |
  \\      /  F ield         | OpenFOAM: The Open Source CFD Toolbox
   \\    /   O peration     | Website:  https://openfoam.org
    \\  /    A nd           | Version:  6
     \\/     M anipulation  |
\*---------------------------------------------------------------------------*/
FoamFile
{
    version     2.0;
    format      ascii;
    class       labelList;
    location    "constant/region349/polyMesh";
    object      faceRegionAddressing;
}
// * * * * * * * * * * * * * * * * * * * * * * * * * * * * * * * * * * * * * //


4462
(
316011
316013
316015
316016
316149
327789
327790
327791
327792
327793
327794
327796
327797
327977
327978
327979
327980
327981
327982
327983
327984
327985
327987
327988
328168
328170
328171
328172
328173
328174
328175
328176
328178
328179
328306
328307
328308
328309
328310
328311
328313
339574
339575
339758
339759
339760
339761
339762
339763
339764
339765
339766
339767
339768
339769
339771
339772
339946
339947
339948
339949
339950
339951
339952
339953
339954
339955
339956
339957
339958
339959
339960
339962
339963
340137
340138
340139
340140
340141
340142
340143
340144
340145
340146
340147
340148
340149
340150
340151
340153
340154
340328
340329
340330
340331
340332
340333
340334
340335
340336
340337
340338
340339
340340
340341
340342
340344
340345
340464
340465
340466
340467
340468
340469
340470
340471
340472
340473
340475
351727
351728
351729
351730
351731
351732
351733
351734
351735
351736
351737
351738
351740
351741
351915
351916
351917
351918
351919
351920
351921
351922
351923
351924
351925
351926
351927
351928
351929
351930
351931
351932
351934
351935
352103
352104
352105
352106
352107
352108
352109
352110
352111
352112
352113
352114
352115
352116
352117
352118
352119
352120
352121
352122
352123
352124
352125
352126
352129
352294
352295
352296
352297
352298
352299
352300
352301
352302
352303
352304
352305
352306
352307
352308
352309
352310
352311
352312
352313
352314
352316
352317
352485
352487
352488
352489
352490
352491
352492
352493
352494
352495
352496
352497
352498
352499
352500
352501
352502
352503
352504
352505
352507
352508
352624
352625
352626
352627
352628
352629
352630
352631
352632
352633
352634
352635
352637
363881
363882
363883
363884
363885
363886
363887
363888
363889
363890
363891
363892
363893
363894
363895
363896
363897
363898
363899
363900
363901
363903
364066
364067
364068
364069
364070
364071
364072
364073
364074
364075
364076
364077
364078
364079
364080
364081
364082
364083
364084
364085
364086
364087
364088
364089
364090
364091
364092
364093
364094
364095
364097
364251
364252
364253
364254
364255
364256
364257
364258
364259
364260
364261
364262
364263
364264
364265
364266
364267
364268
364269
364270
364271
364272
364273
364274
364275
364276
364277
364278
364279
364280
364281
364282
364283
364284
364285
364286
364288
364289
364442
364443
364444
364445
364446
364447
364448
364449
364450
364451
364452
364453
364454
364455
364456
364457
364458
364459
364460
364461
364462
364463
364464
364465
364466
364467
364468
364469
364470
364471
364472
364473
364474
364475
364476
364477
364479
364480
364627
364628
364629
364630
364631
364632
364633
364634
364635
364636
364637
364638
364639
364640
364641
364642
364643
364644
364645
364646
364647
364648
364649
364650
364651
364652
364653
364654
364655
364656
364657
364658
364659
364660
364661
364662
364663
364664
364665
364666
364667
364668
364670
364671
364768
364769
364770
364771
364772
364773
364774
364775
364776
364777
364778
364779
364780
364781
364782
364783
364784
364785
364786
364787
364788
364789
364790
364791
364792
364793
364794
364795
364796
364797
376035
376036
376038
376039
376040
376041
376042
376043
376044
376045
376046
376047
376048
376049
376050
376051
376052
376053
376054
376055
376056
376057
376058
376060
376061
376217
376218
376219
376220
376221
376222
376223
376224
376225
376226
376227
376228
376229
376230
376231
376232
376233
376234
376235
376236
376237
376238
376239
376240
376241
376242
376243
376244
376245
376246
376247
376248
376249
376250
376251
376252
376254
376255
376405
376406
376407
376408
376409
376410
376411
376412
376413
376414
376415
376416
376417
376418
376419
376420
376421
376422
376423
376424
376425
376426
376427
376428
376429
376430
376431
376432
376433
376434
376435
376436
376437
376438
376439
376440
376441
376442
376443
376444
376445
376446
376448
376590
376591
376592
376593
376594
376595
376596
376597
376598
376599
376600
376601
376602
376603
376604
376605
376606
376607
376608
376609
376610
376611
376612
376613
376614
376615
376616
376617
376618
376619
376620
376621
376622
376623
376624
376625
376626
376627
376628
376629
376630
376631
376632
376633
376634
376635
376636
376637
376639
376781
376782
376783
376784
376785
376786
376787
376788
376789
376790
376791
376792
376793
376794
376795
376796
376797
376798
376799
376800
376801
376802
376803
376804
376805
376806
376807
376808
376809
376810
376811
376812
376813
376814
376815
376816
376817
376818
376819
376820
376821
376822
376823
376824
376825
376826
376827
376828
376924
376925
376926
376927
376928
376929
376930
376931
376932
376933
376934
376935
376936
376937
376938
376939
376940
376941
376942
376943
376944
376945
376946
376947
376948
376949
376950
376951
376952
376953
376954
376955
376957
388013
388014
388015
388016
388017
388018
388019
388020
388021
388022
388023
388024
388026
388027
388198
388199
388201
388202
388203
388204
388205
388206
388207
388208
388209
388210
388211
388212
388213
388214
388215
388216
388217
388218
388220
388221
388353
388354
388355
388356
388357
388358
388359
388360
388361
388363
388364
388371
388372
388373
388374
388375
388376
388377
388378
388379
388380
388381
388383
388384
388386
388387
388388
388389
388390
388391
388392
388393
388394
388395
388396
388397
388398
388399
388400
388401
388402
388403
388404
388405
388406
388407
388408
388409
388410
388411
388412
388414
388415
388544
388545
388546
388547
388548
388549
388550
388551
388552
388553
388554
388555
388556
388557
388558
388559
388560
388561
388562
388563
388564
388565
388566
388567
388568
388569
388570
388571
388572
388573
388574
388575
388576
388577
388578
388579
388580
388581
388582
388583
388584
388585
388586
388587
388588
388589
388590
388591
388592
388593
388594
388595
388596
388597
388598
388599
388600
388601
388602
388603
388605
388606
388735
388736
388737
388738
388739
388740
388741
388742
388743
388744
388745
388746
388747
388748
388749
388750
388751
388752
388753
388754
388755
388756
388757
388758
388759
388760
388761
388762
388763
388764
388765
388766
388767
388768
388769
388770
388771
388772
388773
388774
388775
388776
388777
388778
388779
388780
388781
388782
388783
388784
388785
388786
388787
388788
388789
388790
388791
388792
388793
388794
388796
388797
388926
388927
388928
388929
388930
388931
388932
388933
388934
388935
388936
388937
388938
388939
388940
388941
388942
388943
388944
388945
388946
388947
388948
388949
388950
388951
388952
388953
388954
388955
388956
388957
388958
388959
388960
388961
388962
388963
388964
388965
388966
388967
388968
388969
388970
388971
388972
388973
388974
388975
388976
388977
388978
388979
388980
388981
388982
388983
388984
388985
388987
388988
389074
389075
389076
389077
389078
389079
389080
389081
389082
389083
389084
389085
389086
389087
389088
389089
389090
389091
389092
389093
389094
389095
389096
389097
389098
389099
389100
389101
389102
389103
389104
389105
389106
389107
389108
389109
389110
389111
389112
389113
389114
389115
399940
399941
399942
399943
399944
399945
399947
399948
400128
400129
400130
400131
400132
400133
400134
400135
400136
400137
400138
400139
400141
400142
400173
400174
400175
400176
400177
400178
400179
400180
400181
400182
400183
400184
400185
400186
400187
400189
400190
400316
400317
400318
400319
400320
400321
400322
400323
400324
400325
400326
400327
400328
400329
400330
400331
400332
400333
400334
400335
400336
400338
400339
400361
400362
400363
400364
400365
400366
400367
400368
400369
400370
400371
400372
400373
400374
400375
400376
400377
400378
400379
400380
400381
400383
400384
400504
400505
400506
400507
400508
400509
400510
400511
400512
400513
400514
400515
400516
400517
400518
400519
400520
400521
400522
400523
400524
400525
400526
400527
400528
400529
400530
400531
400532
400533
400534
400535
400538
400546
400547
400549
400550
400552
400553
400554
400555
400556
400557
400558
400559
400560
400561
400562
400563
400564
400565
400566
400567
400568
400569
400570
400571
400572
400574
400575
400695
400696
400697
400698
400699
400700
400701
400702
400703
400704
400705
400706
400707
400708
400709
400710
400711
400712
400713
400714
400715
400716
400717
400718
400719
400720
400721
400722
400723
400724
400725
400726
400727
400728
400729
400730
400731
400732
400733
400734
400735
400736
400737
400738
400739
400740
400741
400742
400743
400744
400745
400746
400747
400748
400749
400750
400751
400752
400753
400754
400755
400756
400757
400758
400759
400760
400761
400762
400763
400765
400766
400886
400887
400888
400889
400890
400891
400892
400893
400894
400895
400896
400897
400898
400899
400900
400901
400902
400903
400904
400905
400906
400907
400908
400909
400910
400911
400912
400913
400914
400915
400916
400917
400918
400919
400920
400921
400922
400923
400924
400925
400926
400927
400928
400929
400930
400931
400932
400933
400934
400935
400936
400937
400938
400939
400940
400941
400942
400943
400944
400945
400946
400947
400948
400949
400950
400951
400952
400953
400954
400956
400957
401074
401075
401076
401077
401078
401079
401080
401081
401082
401083
401084
401085
401086
401087
401088
401089
401090
401091
401092
401093
401094
401095
401096
401097
401098
401099
401100
401101
401102
401103
401104
401105
401106
401107
401108
401109
401110
401111
401112
401113
401114
401115
401116
401117
401118
401119
401120
401121
401122
401123
401124
401125
401126
401127
401128
401129
401130
401131
401132
401133
401134
401135
401136
401137
401138
401139
401140
401141
401142
401143
401144
401145
401226
401227
401228
401229
401230
401231
401232
401233
401234
401235
401236
401237
401238
401239
401240
401241
401242
401243
401244
401245
401246
401247
401248
401249
401250
401251
401252
401253
401254
401255
401256
401257
401258
401259
401260
401261
401262
401263
401264
401265
401266
401267
401268
401269
401270
401271
401272
401273
411909
411910
411913
412097
412098
412099
412100
412101
412102
412103
412104
412105
412106
412107
412108
412110
412285
412286
412287
412288
412289
412290
412291
412292
412293
412294
412295
412296
412297
412298
412299
412300
412301
412302
412304
412305
412333
412334
412336
412337
412339
412340
412342
412343
412345
412346
412349
412473
412474
412475
412476
412477
412478
412479
412480
412481
412482
412483
412484
412485
412486
412487
412488
412489
412490
412491
412492
412493
412494
412495
412496
412498
412499
412521
412522
412524
412525
412527
412528
412529
412530
412531
412532
412533
412534
412535
412536
412537
412538
412539
412540
412543
412661
412662
412663
412664
412665
412666
412667
412668
412669
412670
412671
412672
412673
412674
412675
412676
412677
412678
412679
412680
412681
412682
412683
412684
412685
412686
412687
412688
412689
412690
412692
412693
412712
412713
412715
412716
412717
412718
412719
412720
412721
412722
412723
412724
412725
412726
412727
412728
412729
412730
412731
412734
412849
412850
412851
412852
412853
412854
412855
412856
412857
412858
412859
412860
412861
412862
412863
412864
412865
412866
412867
412868
412869
412870
412871
412872
412873
412874
412875
412876
412877
412878
412879
412880
412881
412882
412883
412884
412885
412886
412887
412888
412889
412890
412891
412892
412894
412895
412897
412898
412900
412901
412903
412904
412905
412906
412907
412908
412909
412910
412911
412912
412913
412914
412915
412916
412917
412918
412919
412920
412921
412922
412925
413040
413041
413042
413043
413044
413045
413046
413047
413048
413049
413050
413051
413052
413053
413054
413055
413056
413057
413058
413059
413060
413061
413062
413063
413064
413065
413066
413067
413068
413069
413070
413071
413072
413073
413074
413075
413076
413077
413078
413079
413080
413081
413082
413083
413084
413085
413086
413087
413088
413089
413090
413091
413092
413093
413094
413095
413096
413097
413098
413099
413100
413101
413102
413103
413104
413105
413106
413107
413108
413109
413110
413111
413112
413113
413228
413229
413230
413231
413232
413233
413234
413235
413236
413237
413238
413239
413240
413241
413242
413243
413244
413245
413246
413247
413248
413249
413250
413251
413252
413253
413254
413255
413256
413257
413258
413259
413260
413261
413262
413263
413264
413265
413266
413267
413268
413269
413270
413271
413272
413273
413274
413275
413276
413277
413278
413279
413280
413281
413282
413283
413284
413285
413286
413287
413288
413289
413291
413292
413293
413294
413295
413296
413297
413298
413299
413300
413301
413302
413382
413383
413384
413385
413386
413387
413388
413389
413390
413391
413392
413393
413394
413395
413396
413397
413398
413399
413400
413401
413402
413403
413404
413405
413406
413407
413408
413409
413410
413411
413412
413413
413414
413415
413416
413417
413418
413419
413420
413421
413422
413423
413424
413426
413428
413430
424254
424255
424256
424257
424258
424259
424260
424261
424262
424263
424264
424265
424267
424268
424442
424443
424444
424445
424446
424447
424448
424449
424450
424451
424452
424453
424454
424455
424456
424457
424458
424459
424460
424461
424462
424464
424630
424631
424632
424633
424634
424635
424636
424637
424638
424639
424640
424641
424642
424643
424644
424645
424646
424647
424648
424649
424650
424651
424652
424653
424654
424655
424656
424658
424659
424687
424688
424690
424691
424693
424694
424697
424821
424822
424823
424824
424825
424826
424827
424828
424829
424830
424831
424832
424833
424834
424835
424836
424837
424838
424839
424840
424841
424842
424843
424844
424845
424846
424847
424848
424849
424850
424852
424853
424875
424876
424878
424879
424881
424882
424884
424885
424888
425009
425010
425011
425012
425013
425014
425015
425016
425017
425018
425019
425020
425021
425022
425023
425024
425025
425026
425027
425028
425029
425030
425031
425032
425033
425034
425035
425036
425037
425038
425039
425040
425041
425042
425043
425044
425045
425046
425047
425049
425063
425064
425066
425067
425069
425070
425072
425073
425075
425076
425079
425197
425198
425199
425200
425201
425202
425203
425204
425205
425206
425207
425208
425209
425210
425211
425212
425213
425214
425215
425216
425217
425218
425219
425220
425221
425222
425223
425224
425225
425226
425227
425228
425229
425230
425231
425232
425233
425234
425235
425236
425237
425238
425239
425240
425241
425242
425243
425244
425245
425246
425248
425249
425251
425252
425254
425255
425257
425260
425261
425263
425264
425266
425267
425270
425385
425386
425387
425388
425389
425390
425391
425392
425393
425394
425395
425396
425397
425398
425399
425400
425401
425402
425403
425404
425405
425406
425407
425408
425409
425410
425411
425412
425413
425414
425415
425416
425417
425418
425419
425420
425421
425422
425423
425424
425425
425426
425427
425428
425429
425430
425431
425432
425433
425434
425435
425436
425437
425438
425439
425440
425442
425443
425446
425451
425454
425457
425540
425541
425542
425543
425544
425545
425546
425547
425548
425549
425550
425551
425552
425553
425554
425555
425556
425557
425558
425559
425560
425561
425562
425563
425564
425565
425566
425567
425568
425569
425570
425571
425572
425573
425574
425575
425576
425577
425578
425579
425580
436414
436415
436417
436418
436419
436420
436421
436422
436423
436424
436425
436427
436602
436603
436604
436605
436606
436607
436608
436609
436610
436611
436612
436613
436614
436615
436616
436617
436618
436619
436621
436622
436790
436791
436793
436794
436795
436796
436797
436798
436799
436800
436801
436802
436803
436804
436805
436806
436807
436808
436809
436810
436811
436812
436813
436814
436815
436816
436818
436981
436982
436983
436984
436985
436986
436987
436988
436989
436990
436991
436992
436993
436994
436995
436996
436997
436998
436999
437000
437001
437002
437003
437004
437005
437006
437007
437008
437009
437010
437012
437169
437170
437171
437172
437173
437174
437175
437176
437177
437178
437179
437180
437181
437182
437183
437184
437185
437186
437187
437188
437189
437190
437191
437192
437193
437194
437195
437196
437197
437198
437199
437200
437201
437202
437203
437204
437206
437357
437358
437359
437360
437361
437362
437363
437364
437365
437366
437367
437368
437369
437370
437371
437372
437373
437374
437375
437376
437377
437378
437379
437380
437381
437382
437383
437384
437385
437386
437387
437388
437389
437390
437391
437392
437393
437394
437395
437396
437397
437398
437399
437400
437401
437403
437545
437546
437547
437548
437549
437550
437551
437552
437553
437554
437555
437556
437557
437558
437559
437560
437561
437562
437563
437564
437565
437566
437567
437568
437569
437570
437571
437572
437573
437574
437575
437576
437577
437578
437579
437580
437581
437582
437583
437584
437585
437586
437587
437588
437589
437590
437591
437592
437593
437594
437595
437597
437700
437701
437702
437703
437704
437705
437706
437707
437708
437709
437710
437711
437712
437713
437714
437715
437716
437717
437718
437719
437720
437721
437722
437723
437724
437725
437726
437727
437728
437729
437730
437731
437732
437733
437734
437735
437736
437737
448577
448578
448579
448580
448581
448582
448584
448585
448762
448763
448765
448766
448767
448768
448769
448770
448771
448772
448773
448774
448775
448776
448777
448778
448779
448781
448953
448954
448955
448956
448957
448958
448959
448960
448961
448962
448963
448964
448965
448966
448967
448968
448969
448970
448971
448972
448973
448975
448976
449141
449142
449143
449144
449145
449146
449147
449148
449149
449150
449151
449152
449153
449154
449155
449156
449157
449158
449159
449160
449161
449162
449163
449164
449165
449166
449167
449169
449170
449329
449330
449331
449332
449333
449334
449335
449336
449337
449338
449339
449340
449341
449342
449343
449344
449345
449346
449347
449348
449349
449350
449351
449352
449353
449354
449355
449356
449357
449358
449359
449360
449361
449363
449517
449518
449519
449520
449521
449522
449523
449524
449525
449526
449527
449528
449529
449530
449531
449532
449533
449534
449535
449536
449537
449538
449539
449540
449541
449542
449543
449544
449545
449546
449547
449548
449549
449550
449551
449552
449553
449554
449555
449556
449557
449560
449705
449706
449707
449708
449709
449710
449711
449712
449713
449714
449715
449716
449717
449718
449719
449720
449721
449722
449723
449724
449725
449726
449727
449728
449729
449730
449731
449732
449733
449734
449735
449736
449737
449738
449739
449740
449741
449742
449743
449744
449745
449746
449747
449748
449749
449750
449751
449754
449860
449861
449862
449863
449864
449865
449866
449867
449868
449869
449870
449871
449872
449873
449874
449875
449876
449877
449878
449879
449880
449881
449882
449883
449884
449885
449886
449887
449888
449889
449890
449891
449892
449893
449894
460737
460738
460740
460741
460744
460925
460926
460927
460928
460929
460930
460931
460932
460933
460934
460935
460936
460938
461113
461114
461115
461116
461117
461118
461119
461120
461121
461122
461123
461124
461125
461126
461127
461128
461129
461130
461131
461132
461135
461301
461302
461303
461304
461305
461306
461307
461308
461309
461310
461311
461312
461313
461314
461315
461316
461317
461318
461319
461320
461321
461322
461323
461324
461325
461326
461327
461329
461489
461490
461491
461492
461493
461494
461495
461496
461497
461498
461499
461500
461501
461502
461503
461504
461505
461506
461507
461508
461509
461510
461511
461512
461513
461514
461515
461516
461517
461518
461520
461677
461678
461679
461680
461681
461682
461683
461684
461685
461686
461687
461688
461689
461690
461691
461692
461693
461694
461695
461696
461697
461698
461699
461700
461701
461702
461703
461704
461705
461706
461707
461708
461709
461710
461711
461712
461714
461865
461866
461867
461868
461869
461870
461871
461872
461873
461874
461875
461876
461877
461878
461879
461880
461881
461882
461883
461884
461885
461886
461887
461888
461889
461890
461891
461892
461893
461894
461895
461896
461897
461898
461899
461900
461901
461902
461903
461904
461905
461908
462020
462021
462022
462023
462024
462025
462026
462027
462028
462029
462030
462031
462032
462033
462034
462035
462036
462037
462038
462039
462040
462041
462042
462043
462044
462045
462046
462047
462048
462050
473085
473086
473087
473088
473089
473090
473091
473092
473095
473273
473274
473275
473276
473277
473278
473279
473280
473281
473282
473283
473284
473285
473286
473287
473289
473461
473462
473463
473464
473465
473466
473467
473468
473469
473470
473471
473472
473473
473474
473475
473476
473477
473478
473479
473480
473481
473482
473483
473484
473486
473649
473650
473651
473652
473653
473654
473655
473656
473657
473658
473659
473660
473661
473662
473663
473664
473665
473666
473667
473668
473669
473670
473671
473672
473673
473674
473675
473677
473837
473838
473839
473840
473841
473842
473843
473844
473845
473846
473847
473848
473849
473850
473851
473852
473853
473854
473855
473856
473857
473858
473859
473860
473861
473862
473863
473864
473865
473866
473867
473868
473871
474025
474026
474027
474028
474029
474030
474031
474032
474033
474034
474035
474036
474037
474038
474039
474040
474041
474042
474043
474044
474045
474046
474047
474048
474049
474050
474051
474052
474053
474054
474055
474056
474057
474058
474059
474062
474180
474182
474183
474184
474185
474186
474187
474188
474189
474190
474191
474192
474193
474194
474195
474196
474197
474198
474199
474200
474201
474202
474203
474204
485245
485246
485249
485433
485434
485436
485437
485438
485439
485440
485441
485442
485443
485444
485446
485621
485622
485624
485625
485626
485627
485628
485629
485630
485631
485632
485633
485634
485635
485636
485637
485638
485639
485640
485643
485809
485810
485811
485812
485813
485814
485815
485816
485817
485818
485819
485820
485821
485822
485823
485824
485825
485826
485827
485828
485829
485830
485831
485832
485834
485997
485998
485999
486000
486001
486002
486003
486004
486005
486006
486007
486008
486009
486010
486011
486012
486013
486014
486015
486016
486017
486018
486019
486020
486021
486022
486023
486025
486185
486186
486187
486188
486189
486190
486191
486192
486193
486194
486195
486196
486197
486198
486199
486200
486201
486202
486203
486204
486205
486206
486207
486208
486209
486210
486211
486212
486213
486214
486216
486342
486343
486344
486345
486346
486347
486348
486349
486350
486351
486352
486353
486354
486355
486356
486357
486358
486359
486360
486361
497596
497597
497599
497600
497603
497784
497785
497787
497788
497790
497791
497793
497794
497797
497969
497970
497972
497973
497974
497975
497976
497977
497978
497979
497980
497981
497982
497983
497984
497985
497986
497987
497988
497991
498157
498158
498160
498161
498162
498163
498164
498165
498166
498167
498168
498169
498170
498171
498172
498173
498174
498175
498176
498177
498178
498179
498182
498345
498346
498348
498349
498350
498351
498352
498353
498354
498355
498356
498357
498358
498359
498360
498361
498362
498363
498364
498365
498366
498367
498368
498369
498370
498371
498373
498502
498503
498504
498505
498506
498507
498508
498509
498510
498511
498512
498513
498514
498515
498516
498517
498518
510132
510133
510135
510136
510138
510139
510141
510142
510145
510320
510321
510323
510324
510326
510327
510329
510330
510332
510333
510334
510336
510508
510509
510511
510512
510514
510515
510516
510517
510518
510519
510520
510521
510522
510523
510524
510525
510526
510527
510662
510664
510666
510667
510668
510669
510670
510671
510672
510673
510674
510675
522493
522674
522675
522677
522678
522680
522681
522684
522826
522828
522830
522832
902627
902628
902629
902630
902631
902690
902691
902692
902693
902694
902695
902696
902697
902698
902754
902755
902756
902757
902758
902759
902760
902761
902762
902817
902818
902819
902820
902821
902822
902823
902824
902825
902826
902827
902881
902882
902883
902884
902885
902886
902887
902888
902889
902890
902891
902945
902946
902947
902948
902949
902950
902951
902952
902953
902954
902955
903009
903010
903011
903012
903013
903014
903015
903016
903017
903018
903019
903072
903073
903074
903075
903076
903077
903078
903079
903080
903081
903082
903083
903136
903137
903138
903139
903140
903141
903142
903143
903144
903145
903146
903200
903201
903202
903203
903204
903205
903206
903207
903208
903209
903264
903265
903266
903267
903268
903269
903270
903271
903272
903273
903328
903329
903330
903331
903332
903333
903334
903335
903336
903391
903392
903393
903394
903395
903396
903397
903398
903399
903455
903456
903457
903458
903459
903460
903461
903462
903463
903518
903519
903520
903521
903522
903523
903524
903525
903526
903582
903583
903584
903585
903586
903587
903588
903589
903590
903646
903647
903648
903649
903650
903651
903652
903653
903654
903710
903711
903712
903713
903714
903715
903716
903717
903774
903775
903776
903777
903778
903779
903780
903781
903838
903839
903840
903841
903842
903843
903844
903902
903903
903904
903905
903906
903907
903966
903967
903968
903969
903970
903971
904028
904029
904030
904031
904032
904033
904034
904091
904092
904093
904094
904095
904096
904097
904098
904154
904155
904156
904157
904158
904159
904160
904161
904162
904219
904220
904221
904222
904223
904224
904225
904226
904283
904284
904285
904286
904287
904288
904289
904290
904348
904349
904350
904351
904352
904353
904413
904414
904415
904416
904478
-303856
-315631
-315634
-315637
-315821
-315822
-315824
-315825
-315828
316014
-316019
316148
-316151
-316153
-327599
-327600
-327602
-327603
-327605
-327606
-327609
-327612
-327786
-327787
-327788
327795
-327800
-327803
-327974
327986
-327991
-327994
-328165
328169
328177
-328181
-328182
-328185
-328304
-328305
328312
-328315
-339568
-339569
-339570
-339571
-339572
-339755
-339756
-339757
339770
-339775
-339943
-339945
339961
-339966
-339969
-340134
-340136
340152
-340157
-340325
-340327
340343
-340348
-340462
340474
-340477
-351537
-351540
-351543
-351723
-351724
-351725
-351726
-351908
-351911
-352093
-352096
-352099
-352100
-352102
352128
-352284
-352287
-352290
-352291
-352293
352315
-352320
-352469
-352472
-352475
-352478
-352481
-352482
-352484
352486
352506
-352511
-352609
-352611
-352613
-352615
-352617
-352619
-352621
-352622
-352623
352636
-352639
-363691
-363694
-363697
-363700
-363703
-363706
-363876
-363877
-363878
-363879
-363880
363902
-363906
-364063
-364064
-364065
364096
364098
-364432
-364435
-364437
-364438
-364439
-364440
-364441
-364623
-364624
-364625
-364626
-364765
-364766
-364767
-375854
-375855
-375857
-375858
-375860
-375861
-375863
-375864
-375866
-375867
-375869
-376195
-376198
376253
-376257
-376386
-376389
-376392
-376395
376447
376449
-376577
-376580
-376583
-376586
-376587
-376589
376640
-376768
-376771
-376774
-376777
-376778
-376779
-376780
376831
-376915
-376917
-376919
-376921
-376922
-376923
-387823
-387826
-387829
-387832
-387835
-388008
388025
-388029
-388030
-388158
-388161
-388187
-388190
-388346
-388349
-388350
-388352
388382
388385
388413
-388537
-388540
-388541
-388543
388604
-388728
-388731
-388732
-388734
388795
-388916
-388919
-388922
-388923
-388924
-388925
388986
-389067
-389069
-389071
-389072
-389073
389117
-399983
-399986
-399989
-399992
-399995
-399998
-400147
-400170
-400171
400188
-400192
-400313
-400314
-400315
400337
-400341
-400344
-400347
-400356
400382
-400501
-400503
400536
400537
400539
-400541
-400543
-400544
400573
-400691
-400692
-400694
400764
-400882
-400883
-400884
-400885
400955
-401070
-401071
-401072
-401073
401146
401147
401148
-401224
-401225
401274
401275
411911
411912
411914
-411916
-411919
412109
412111
-412113
412303
-412307
-412470
-412471
-412472
412497
-412501
412542
-412658
-412659
412691
-412695
-412698
-412701
-412704
412733
-412846
412893
412896
412899
412902
412924
-413037
-413038
-413039
413116
-413225
-413226
-413227
413290
413303
413304
413425
413427
413429
413431
413432
413433
-424064
-424067
-424070
-424073
-424076
-424251
-424252
424266
-424270
-424273
-424439
-424440
424463
424465
-424467
424657
-424661
-424818
-424819
424851
-424855
-424858
424877
-425006
-425007
425048
425050
-425052
-425055
-425058
-425060
-425061
425065
-425194
-425195
425247
425250
425253
425256
425258
425259
425262
425441
425444
425445
425447
-425448
425452
425453
425455
425456
425458
425459
425461
425462
425581
425582
425583
-436224
-436227
-436230
-436233
-436236
436416
436426
436428
-436430
-436599
-436600
436620
-436624
-436627
-436787
436792
436817
436819
-436821
-436978
-436979
437011
437013
-437015
-437166
-437167
437205
437207
-437209
-437212
-437354
-437355
437402
-437406
-437542
-437543
437596
-437600
437738
-448387
-448390
-448393
-448572
-448574
-448575
448583
-448587
-448590
-448759
448764
448780
448782
-448784
-448950
-448951
448974
-448978
-449138
-449139
449168
-449172
449362
-449366
-449369
-460547
-460550
-460553
-460734
-460735
460739
460742
460743
460745
-460747
-460922
-460923
460937
460939
-460941
-460944
-461110
-461111
461133
461134
-461138
-461298
-461299
-461486
-461487
-461674
-461675
-461862
-461863
-472895
-472898
-472901
-472904
-473082
-473083
473093
473094
473096
-473098
-473270
-473271
473288
473290
-473292
-473458
-473459
-473646
-473647
-473834
-473835
-474022
-474023
-485055
-485058
-485242
-485243
485248
485250
-485252
-485255
-485430
-485431
485435
485445
485447
-485449
-485452
-485618
-485619
485623
485641
-485806
-485807
-485994
-485995
-497409
-497412
-497593
-497594
497598
497601
497602
497604
-497606
-497779
-497781
-497782
497786
497789
497792
497795
497796
497798
-497800
-497966
-497967
497971
-498154
-498155
498159
-509942
-509945
-509948
-509951
-509954
-510129
-510130
510134
510137
-510317
-510318
510328
510331
510513
510663
510665
-522487
-522489
-522490
522494
-522671
-522672
522676
522679
522682
522685
-522824
522827
522829
522831
-449702
-449703
-412282
-412283
-412284
413115
-436411
-436412
-424627
-351912
-351913
-351914
-449514
-449515
510322
510325
-522484
461136
-473295
363904
376059
-376063
388219
-388223
-388224
437739
449896
485247
-497406
-303853
-303989
-315819
-316008
-316010
316012
-316146
-316147
-327415
-339383
339573
-339577
-339578
-339580
-339581
-351546
-351549
351739
-351743
-351744
351933
-351937
-351938
352127
-363709
-363712
-364059
-364061
-364062
-364247
-364248
-364250
364287
364478
364669
364798
364799
-375845
-375848
-375851
-376027
-376030
-376032
-376033
376037
-376201
-376204
-376213
-376214
-376215
-376216
-376398
-376400
-376401
-376402
-376403
-376404
376638
376829
376830
376956
-387782
-387785
-387788
-387970
-387973
-387976
-387979
-387982
-388010
-388011
-388163
-388164
-388166
-388167
-388169
-388170
-388172
-388173
-388176
-388179
-388181
-388184
-388193
-388195
-388196
388200
388362
-388366
-388367
-388368
-388369
-388370
389116
-399750
-399751
-399753
-399754
-399756
-399937
-399938
-399939
399946
-399950
-399951
400140
-400144
-400145
-400358
-400359
400548
400551
-411719
-411722
-411906
-411907
-412094
-412095
-412096
-412143
-412146
-412149
-412152
-412155
-412158
-412330
-412331
412335
412338
412341
412344
412347
412348
412350
-412352
-412518
412523
412526
412541
412544
-412707
-412709
-412710
412714
412732
412735
412923
412926
413114
413117
413305
-424497
-424500
-424503
-424506
-424684
-424685
424689
424692
424695
424696
424698
-424872
-424873
424880
424883
424886
424887
424889
425068
425071
425074
425077
425078
425080
425265
425268
425269
425271
425460
-425538
437404
437598
-437698
449364
449558
449559
449561
-449563
449752
449753
449755
-449757
-449858
449895
449897
461328
461330
461519
461521
-461523
461713
461715
-461717
461906
461907
461909
-461911
-462018
462049
462051
462052
462053
473485
473487
473676
473678
-473680
473869
473870
473872
474060
474061
474063
-474178
474181
474205
474206
474207
485642
485644
485833
485835
486024
486026
-486182
486215
486217
-486340
486362
486363
497989
497990
497992
498180
498181
498183
-498342
498347
498372
498374
-498500
498519
498520
498521
510140
510143
510144
510146
510335
510337
-510339
-510505
-510506
510510
510528
510529
510530
510531
-510660
510676
510677
-522302
522492
522683
522833
522834
522835
-400125
-400126
-400127
-449326
-449327
-413380
-413381
-425382
-425383
-401223
)


// ************************************************************************* //
