/*--------------------------------*- C++ -*----------------------------------*\
  =========                 |
  \\      /  F ield         | OpenFOAM: The Open Source CFD Toolbox
   \\    /   O peration     | Website:  https://openfoam.org
    \\  /    A nd           | Version:  6
     \\/     M anipulation  |
\*---------------------------------------------------------------------------*/
FoamFile
{
    version     2.0;
    format      ascii;
    class       faceList;
    location    "constant/region349/polyMesh";
    object      faces;
}
// * * * * * * * * * * * * * * * * * * * * * * * * * * * * * * * * * * * * * //


4462
(
4(1 4 24 19)
4(18 19 24 23)
4(4 24 25 5)
4(19 20 25 24)
4(24 25 30 29)
4(9 14 50 43)
4(13 49 50 14)
4(42 43 50 49)
4(10 15 51 44)
4(14 50 51 15)
4(43 44 51 50)
4(15 51 52 16)
4(44 45 52 51)
4(13 18 56 49)
4(17 55 56 18)
4(48 49 56 55)
4(14 19 57 50)
4(18 56 57 19)
4(49 50 57 56)
4(15 20 58 51)
4(19 57 58 20)
4(50 51 58 57)
4(20 58 59 21)
4(51 52 59 58)
4(18 23 63 56)
4(55 56 63 62)
4(19 24 64 57)
4(23 63 64 24)
4(56 57 64 63)
4(20 25 65 58)
4(24 64 65 25)
4(57 58 65 64)
4(25 65 66 26)
4(58 59 66 65)
4(24 29 71 64)
4(63 64 71 70)
4(25 30 72 65)
4(64 65 72 71)
4(26 31 73 66)
4(65 66 73 72)
4(66 67 74 73)
4(37 85 86 38)
4(78 79 86 85)
4(36 43 93 84)
4(42 92 93 43)
4(83 84 93 92)
4(37 44 94 85)
4(43 93 94 44)
4(84 85 94 93)
4(38 45 95 86)
4(44 94 95 45)
4(85 86 95 94)
4(39 46 96 87)
4(45 95 96 46)
4(86 87 96 95)
4(46 96 97 47)
4(87 88 97 96)
4(42 49 102 92)
4(48 101 102 49)
4(91 92 102 101)
4(43 50 103 93)
4(49 102 103 50)
4(92 93 103 102)
4(44 51 104 94)
4(50 103 104 51)
4(93 94 104 103)
4(45 52 105 95)
4(51 104 105 52)
4(94 95 105 104)
4(46 53 106 96)
4(52 105 106 53)
4(95 96 106 105)
4(53 106 107 54)
4(96 97 107 106)
4(49 56 112 102)
4(55 111 112 56)
4(101 102 112 111)
4(50 57 113 103)
4(56 112 113 57)
4(102 103 113 112)
4(51 58 114 104)
4(57 113 114 58)
4(103 104 114 113)
4(52 59 115 105)
4(58 114 115 59)
4(104 105 115 114)
4(53 60 116 106)
4(59 115 116 60)
4(105 106 116 115)
4(60 116 117 61)
4(106 107 117 116)
4(56 63 121 112)
4(62 120 121 63)
4(111 112 121 120)
4(57 64 122 113)
4(63 121 122 64)
4(112 113 122 121)
4(58 65 123 114)
4(64 122 123 65)
4(113 114 123 122)
4(59 66 124 115)
4(65 123 124 66)
4(114 115 124 123)
4(60 67 125 116)
4(66 124 125 67)
4(115 116 125 124)
4(67 125 126 68)
4(116 117 126 125)
4(63 70 129 121)
4(120 121 129 128)
4(64 71 130 122)
4(121 122 130 129)
4(65 72 131 123)
4(122 123 131 130)
4(66 73 132 124)
4(123 124 132 131)
4(67 74 133 125)
4(124 125 133 132)
4(125 126 134 133)
4(77 84 150 139)
4(83 149 150 84)
4(138 139 150 149)
4(78 85 151 140)
4(84 150 151 85)
4(139 140 151 150)
4(79 86 152 141)
4(85 151 152 86)
4(140 141 152 151)
4(80 87 153 142)
4(86 152 153 87)
4(141 142 153 152)
4(87 153 154 88)
4(142 143 154 153)
4(83 92 163 149)
4(91 162 163 92)
4(148 149 163 162)
4(84 93 164 150)
4(92 163 164 93)
4(149 150 164 163)
4(85 94 165 151)
4(93 164 165 94)
4(150 151 165 164)
4(86 95 166 152)
4(94 165 166 95)
4(151 152 166 165)
4(87 96 167 153)
4(95 166 167 96)
4(152 153 167 166)
4(88 97 168 154)
4(96 167 168 97)
4(153 154 168 167)
4(97 168 169 98)
4(154 155 169 168)
4(91 101 176 162)
4(100 175 176 101)
4(161 162 176 175)
4(92 102 177 163)
4(101 176 177 102)
4(162 163 177 176)
4(93 103 178 164)
4(102 177 178 103)
4(163 164 178 177)
4(94 104 179 165)
4(103 178 179 104)
4(164 165 179 178)
4(95 105 180 166)
4(104 179 180 105)
4(165 166 180 179)
4(96 106 181 167)
4(105 180 181 106)
4(166 167 181 180)
4(97 107 182 168)
4(106 181 182 107)
4(167 168 182 181)
4(98 108 183 169)
4(107 182 183 108)
4(168 169 183 182)
4(169 170 184 183)
4(101 111 192 176)
4(110 191 192 111)
4(175 176 192 191)
4(102 112 193 177)
4(111 192 193 112)
4(176 177 193 192)
4(103 113 194 178)
4(112 193 194 113)
4(177 178 194 193)
4(104 114 195 179)
4(113 194 195 114)
4(178 179 195 194)
4(105 115 196 180)
4(114 195 196 115)
4(179 180 196 195)
4(106 116 197 181)
4(115 196 197 116)
4(180 181 197 196)
4(107 117 198 182)
4(116 197 198 117)
4(181 182 198 197)
4(117 198 199 118)
4(182 183 199 198)
4(111 120 209 192)
4(191 192 209 208)
4(112 121 210 193)
4(120 209 210 121)
4(192 193 210 209)
4(113 122 211 194)
4(121 210 211 122)
4(193 194 211 210)
4(114 123 212 195)
4(122 211 212 123)
4(194 195 212 211)
4(115 124 213 196)
4(123 212 213 124)
4(195 196 213 212)
4(116 125 214 197)
4(124 213 214 125)
4(196 197 214 213)
4(117 126 215 198)
4(125 214 215 126)
4(197 198 215 214)
4(126 215 216 127)
4(198 199 216 215)
4(121 129 227 210)
4(209 210 227 226)
4(122 130 228 211)
4(210 211 228 227)
4(123 131 229 212)
4(211 212 229 228)
4(124 132 230 213)
4(212 213 230 229)
4(125 133 231 214)
4(213 214 231 230)
4(126 134 232 215)
4(214 215 232 231)
4(215 216 233 232)
4(137 148 252 238)
4(147 251 252 148)
4(237 238 252 251)
4(138 149 253 239)
4(148 252 253 149)
4(238 239 253 252)
4(139 150 254 240)
4(149 253 254 150)
4(239 240 254 253)
4(140 151 255 241)
4(150 254 255 151)
4(240 241 255 254)
4(141 152 256 242)
4(151 255 256 152)
4(241 242 256 255)
4(142 153 257 243)
4(152 256 257 153)
4(242 243 257 256)
4(143 154 258 244)
4(153 257 258 154)
4(243 244 258 257)
4(154 258 259 155)
4(146 160 266 250)
4(159 265 266 160)
4(249 250 266 265)
4(147 161 267 251)
4(160 266 267 161)
4(250 251 267 266)
4(148 162 268 252)
4(161 267 268 162)
4(251 252 268 267)
4(149 163 269 253)
4(162 268 269 163)
4(252 253 269 268)
4(150 164 270 254)
4(163 269 270 164)
4(253 254 270 269)
4(151 165 271 255)
4(164 270 271 165)
4(254 255 271 270)
4(152 166 272 256)
4(165 271 272 166)
4(255 256 272 271)
4(153 167 273 257)
4(166 272 273 167)
4(256 257 273 272)
4(154 168 274 258)
4(167 273 274 168)
4(257 258 274 273)
4(155 169 275 259)
4(168 274 275 169)
4(258 259 275 274)
4(169 275 276 170)
4(158 172 282 264)
4(171 281 282 172)
4(263 264 282 281)
4(159 173 283 265)
4(172 282 283 173)
4(264 265 283 282)
4(160 174 284 266)
4(173 283 284 174)
4(265 266 284 283)
4(161 175 285 267)
4(174 284 285 175)
4(266 267 285 284)
4(162 176 286 268)
4(175 285 286 176)
4(267 268 286 285)
4(163 177 287 269)
4(176 286 287 177)
4(268 269 287 286)
4(164 178 288 270)
4(177 287 288 178)
4(269 270 288 287)
4(165 179 289 271)
4(178 288 289 179)
4(270 271 289 288)
4(166 180 290 272)
4(179 289 290 180)
4(271 272 290 289)
4(167 181 291 273)
4(180 290 291 181)
4(272 273 291 290)
4(168 182 292 274)
4(181 291 292 182)
4(273 274 292 291)
4(169 183 293 275)
4(182 292 293 183)
4(274 275 293 292)
4(183 293 294 184)
4(275 276 294 293)
4(172 188 300 282)
4(187 299 300 188)
4(281 282 300 299)
4(173 189 301 283)
4(188 300 301 189)
4(282 283 301 300)
4(174 190 302 284)
4(189 301 302 190)
4(283 284 302 301)
4(175 191 303 285)
4(190 302 303 191)
4(284 285 303 302)
4(176 192 304 286)
4(191 303 304 192)
4(285 286 304 303)
4(177 193 305 287)
4(192 304 305 193)
4(286 287 305 304)
4(178 194 306 288)
4(193 305 306 194)
4(287 288 306 305)
4(179 195 307 289)
4(194 306 307 195)
4(288 289 307 306)
4(180 196 308 290)
4(195 307 308 196)
4(289 290 308 307)
4(181 197 309 291)
4(196 308 309 197)
4(290 291 309 308)
4(182 198 310 292)
4(197 309 310 198)
4(291 292 310 309)
4(183 199 311 293)
4(198 310 311 199)
4(292 293 311 310)
4(199 311 312 200)
4(293 294 312 311)
4(186 203 317 298)
4(202 316 317 203)
4(297 298 317 316)
4(187 204 318 299)
4(203 317 318 204)
4(298 299 318 317)
4(188 205 319 300)
4(204 318 319 205)
4(299 300 319 318)
4(189 206 320 301)
4(205 319 320 206)
4(300 301 320 319)
4(190 207 321 302)
4(206 320 321 207)
4(301 302 321 320)
4(191 208 322 303)
4(207 321 322 208)
4(302 303 322 321)
4(192 209 323 304)
4(208 322 323 209)
4(303 304 323 322)
4(193 210 324 305)
4(209 323 324 210)
4(304 305 324 323)
4(194 211 325 306)
4(210 324 325 211)
4(305 306 325 324)
4(195 212 326 307)
4(211 325 326 212)
4(306 307 326 325)
4(196 213 327 308)
4(212 326 327 213)
4(307 308 327 326)
4(197 214 328 309)
4(213 327 328 214)
4(308 309 328 327)
4(198 215 329 310)
4(214 328 329 215)
4(309 310 329 328)
4(199 216 330 311)
4(215 329 330 216)
4(310 311 330 329)
4(216 330 331 217)
4(311 312 331 330)
4(202 219 335 316)
4(315 316 335 334)
4(203 220 336 317)
4(316 317 336 335)
4(204 221 337 318)
4(317 318 337 336)
4(205 222 338 319)
4(318 319 338 337)
4(206 223 339 320)
4(319 320 339 338)
4(207 224 340 321)
4(320 321 340 339)
4(208 225 341 322)
4(321 322 341 340)
4(209 226 342 323)
4(322 323 342 341)
4(210 227 343 324)
4(323 324 343 342)
4(211 228 344 325)
4(324 325 344 343)
4(212 229 345 326)
4(325 326 345 344)
4(213 230 346 327)
4(326 327 346 345)
4(214 231 347 328)
4(327 328 347 346)
4(215 232 348 329)
4(328 329 348 347)
4(216 233 349 330)
4(329 330 349 348)
4(236 250 378 358)
4(249 377 378 250)
4(237 251 379 359)
4(250 378 379 251)
4(358 359 379 378)
4(238 252 380 360)
4(251 379 380 252)
4(359 360 380 379)
4(239 253 381 361)
4(252 380 381 253)
4(360 361 381 380)
4(240 254 382 362)
4(253 381 382 254)
4(361 362 382 381)
4(241 255 383 363)
4(254 382 383 255)
4(362 363 383 382)
4(242 256 384 364)
4(255 383 384 256)
4(363 364 384 383)
4(243 257 385 365)
4(256 384 385 257)
4(364 365 385 384)
4(257 385 386 258)
4(365 366 386 385)
4(247 263 397 375)
4(262 396 397 263)
4(374 375 397 396)
4(248 264 398 376)
4(263 397 398 264)
4(375 376 398 397)
4(249 265 399 377)
4(264 398 399 265)
4(376 377 399 398)
4(250 266 400 378)
4(265 399 400 266)
4(377 378 400 399)
4(251 267 401 379)
4(266 400 401 267)
4(378 379 401 400)
4(252 268 402 380)
4(267 401 402 268)
4(379 380 402 401)
4(253 269 403 381)
4(268 402 403 269)
4(380 381 403 402)
4(254 270 404 382)
4(269 403 404 270)
4(381 382 404 403)
4(255 271 405 383)
4(270 404 405 271)
4(382 383 405 404)
4(256 272 406 384)
4(271 405 406 272)
4(383 384 406 405)
4(257 273 407 385)
4(272 406 407 273)
4(384 385 407 406)
4(258 274 408 386)
4(273 407 408 274)
4(385 386 408 407)
4(274 408 409 275)
4(386 387 409 408)
4(262 280 419 396)
4(279 418 419 280)
4(395 396 419 418)
4(263 281 420 397)
4(280 419 420 281)
4(396 397 420 419)
4(264 282 421 398)
4(281 420 421 282)
4(397 398 421 420)
4(265 283 422 399)
4(282 421 422 283)
4(398 399 422 421)
4(266 284 423 400)
4(283 422 423 284)
4(399 400 423 422)
4(267 285 424 401)
4(284 423 424 285)
4(400 401 424 423)
4(268 286 425 402)
4(285 424 425 286)
4(401 402 425 424)
4(269 287 426 403)
4(286 425 426 287)
4(402 403 426 425)
4(270 288 427 404)
4(287 426 427 288)
4(403 404 427 426)
4(271 289 428 405)
4(288 427 428 289)
4(404 405 428 427)
4(272 290 429 406)
4(289 428 429 290)
4(405 406 429 428)
4(273 291 430 407)
4(290 429 430 291)
4(406 407 430 429)
4(274 292 431 408)
4(291 430 431 292)
4(407 408 431 430)
4(275 293 432 409)
4(292 431 432 293)
4(408 409 432 431)
4(293 432 433 294)
4(278 296 440 417)
4(295 439 440 296)
4(416 417 440 439)
4(279 297 441 418)
4(296 440 441 297)
4(417 418 441 440)
4(280 298 442 419)
4(297 441 442 298)
4(418 419 442 441)
4(281 299 443 420)
4(298 442 443 299)
4(419 420 443 442)
4(282 300 444 421)
4(299 443 444 300)
4(420 421 444 443)
4(283 301 445 422)
4(300 444 445 301)
4(421 422 445 444)
4(284 302 446 423)
4(301 445 446 302)
4(422 423 446 445)
4(285 303 447 424)
4(302 446 447 303)
4(423 424 447 446)
4(286 304 448 425)
4(303 447 448 304)
4(424 425 448 447)
4(287 305 449 426)
4(304 448 449 305)
4(425 426 449 448)
4(288 306 450 427)
4(305 449 450 306)
4(426 427 450 449)
4(289 307 451 428)
4(306 450 451 307)
4(427 428 451 450)
4(290 308 452 429)
4(307 451 452 308)
4(428 429 452 451)
4(291 309 453 430)
4(308 452 453 309)
4(429 430 453 452)
4(292 310 454 431)
4(309 453 454 310)
4(430 431 454 453)
4(293 311 455 432)
4(310 454 455 311)
4(431 432 455 454)
4(311 455 456 312)
4(296 315 464 440)
4(314 463 464 315)
4(439 440 464 463)
4(297 316 465 441)
4(315 464 465 316)
4(440 441 465 464)
4(298 317 466 442)
4(316 465 466 317)
4(441 442 466 465)
4(299 318 467 443)
4(317 466 467 318)
4(442 443 467 466)
4(300 319 468 444)
4(318 467 468 319)
4(443 444 468 467)
4(301 320 469 445)
4(319 468 469 320)
4(444 445 469 468)
4(302 321 470 446)
4(320 469 470 321)
4(445 446 470 469)
4(303 322 471 447)
4(321 470 471 322)
4(446 447 471 470)
4(304 323 472 448)
4(322 471 472 323)
4(447 448 472 471)
4(305 324 473 449)
4(323 472 473 324)
4(448 449 473 472)
4(306 325 474 450)
4(324 473 474 325)
4(449 450 474 473)
4(307 326 475 451)
4(325 474 475 326)
4(450 451 475 474)
4(308 327 476 452)
4(326 475 476 327)
4(451 452 476 475)
4(309 328 477 453)
4(327 476 477 328)
4(452 453 477 476)
4(310 329 478 454)
4(328 477 478 329)
4(453 454 478 477)
4(311 330 479 455)
4(329 478 479 330)
4(454 455 479 478)
4(314 333 487 463)
4(462 463 487 486)
4(315 334 488 464)
4(463 464 488 487)
4(316 335 489 465)
4(464 465 489 488)
4(317 336 490 466)
4(465 466 490 489)
4(318 337 491 467)
4(466 467 491 490)
4(319 338 492 468)
4(467 468 492 491)
4(320 339 493 469)
4(468 469 493 492)
4(321 340 494 470)
4(469 470 494 493)
4(322 341 495 471)
4(470 471 495 494)
4(323 342 496 472)
4(471 472 496 495)
4(324 343 497 473)
4(472 473 497 496)
4(325 344 498 474)
4(473 474 498 497)
4(326 345 499 475)
4(474 475 499 498)
4(327 346 500 476)
4(475 476 500 499)
4(328 347 501 477)
4(476 477 501 500)
4(329 348 502 478)
4(477 478 502 501)
4(478 479 503 502)
4(352 361 533 515)
4(360 532 533 361)
4(514 515 533 532)
4(353 362 534 516)
4(361 533 534 362)
4(515 516 534 533)
4(354 363 535 517)
4(362 534 535 363)
4(516 517 535 534)
4(355 364 536 518)
4(363 535 536 364)
4(517 518 536 535)
4(364 536 537 365)
4(518 519 537 536)
4(359 379 556 531)
4(378 555 556 379)
4(360 380 557 532)
4(379 556 557 380)
4(531 532 557 556)
4(361 381 558 533)
4(380 557 558 381)
4(532 533 558 557)
4(362 382 559 534)
4(381 558 559 382)
4(533 534 559 558)
4(363 383 560 535)
4(382 559 560 383)
4(534 535 560 559)
4(364 384 561 536)
4(383 560 561 384)
4(535 536 561 560)
4(365 385 562 537)
4(384 561 562 385)
4(536 537 562 561)
4(385 562 563 386)
4(537 538 563 562)
4(368 389 569 544)
4(388 568 569 389)
4(543 544 569 568)
4(369 390 570 545)
4(389 569 570 390)
4(544 545 570 569)
4(370 391 571 546)
4(390 570 571 391)
4(545 546 571 570)
4(391 571 572 392)
4(546 547 572 571)
4(373 395 575 550)
4(394 574 575 395)
4(549 550 575 574)
4(374 396 576 551)
4(395 575 576 396)
4(550 551 576 575)
4(375 397 577 552)
4(396 576 577 397)
4(551 552 577 576)
4(376 398 578 553)
4(397 577 578 398)
4(377 399 579 554)
4(398 578 579 399)
4(378 400 580 555)
4(399 579 580 400)
4(554 555 580 579)
4(379 401 581 556)
4(400 580 581 401)
4(555 556 581 580)
4(380 402 582 557)
4(401 581 582 402)
4(556 557 582 581)
4(381 403 583 558)
4(402 582 583 403)
4(557 558 583 582)
4(382 404 584 559)
4(403 583 584 404)
4(558 559 584 583)
4(383 405 585 560)
4(404 584 585 405)
4(559 560 585 584)
4(384 406 586 561)
4(405 585 586 406)
4(560 561 586 585)
4(385 407 587 562)
4(406 586 587 407)
4(561 562 587 586)
4(386 408 588 563)
4(407 587 588 408)
4(562 563 588 587)
4(408 588 589 409)
4(563 564 589 588)
4(389 412 594 569)
4(411 593 594 412)
4(568 569 594 593)
4(390 413 595 570)
4(412 594 595 413)
4(569 570 595 594)
4(391 414 596 571)
4(413 595 596 414)
4(570 571 596 595)
4(392 415 597 572)
4(414 596 597 415)
4(571 572 597 596)
4(393 416 598 573)
4(415 597 598 416)
4(572 573 598 597)
4(394 417 599 574)
4(416 598 599 417)
4(573 574 599 598)
4(395 418 600 575)
4(417 599 600 418)
4(574 575 600 599)
4(396 419 601 576)
4(418 600 601 419)
4(575 576 601 600)
4(397 420 602 577)
4(419 601 602 420)
4(576 577 602 601)
4(398 421 603 578)
4(420 602 603 421)
4(577 578 603 602)
4(399 422 604 579)
4(421 603 604 422)
4(578 579 604 603)
4(400 423 605 580)
4(422 604 605 423)
4(579 580 605 604)
4(401 424 606 581)
4(423 605 606 424)
4(580 581 606 605)
4(402 425 607 582)
4(424 606 607 425)
4(581 582 607 606)
4(403 426 608 583)
4(425 607 608 426)
4(582 583 608 607)
4(404 427 609 584)
4(426 608 609 427)
4(583 584 609 608)
4(405 428 610 585)
4(427 609 610 428)
4(584 585 610 609)
4(406 429 611 586)
4(428 610 611 429)
4(585 586 611 610)
4(407 430 612 587)
4(429 611 612 430)
4(586 587 612 611)
4(408 431 613 588)
4(430 612 613 431)
4(587 588 613 612)
4(431 613 614 432)
4(588 589 614 613)
4(412 435 620 594)
4(434 619 620 435)
4(593 594 620 619)
4(413 436 621 595)
4(435 620 621 436)
4(594 595 621 620)
4(414 437 622 596)
4(436 621 622 437)
4(595 596 622 621)
4(415 438 623 597)
4(437 622 623 438)
4(596 597 623 622)
4(416 439 624 598)
4(438 623 624 439)
4(597 598 624 623)
4(417 440 625 599)
4(439 624 625 440)
4(598 599 625 624)
4(418 441 626 600)
4(440 625 626 441)
4(599 600 626 625)
4(419 442 627 601)
4(441 626 627 442)
4(600 601 627 626)
4(420 443 628 602)
4(442 627 628 443)
4(601 602 628 627)
4(421 444 629 603)
4(443 628 629 444)
4(602 603 629 628)
4(422 445 630 604)
4(444 629 630 445)
4(603 604 630 629)
4(423 446 631 605)
4(445 630 631 446)
4(604 605 631 630)
4(424 447 632 606)
4(446 631 632 447)
4(605 606 632 631)
4(425 448 633 607)
4(447 632 633 448)
4(606 607 633 632)
4(426 449 634 608)
4(448 633 634 449)
4(607 608 634 633)
4(427 450 635 609)
4(449 634 635 450)
4(608 609 635 634)
4(428 451 636 610)
4(450 635 636 451)
4(609 610 636 635)
4(429 452 637 611)
4(451 636 637 452)
4(610 611 637 636)
4(430 453 638 612)
4(452 637 638 453)
4(611 612 638 637)
4(431 454 639 613)
4(453 638 639 454)
4(612 613 639 638)
4(454 639 640 455)
4(613 614 640 639)
4(435 459 647 620)
4(458 646 647 459)
4(619 620 647 646)
4(436 460 648 621)
4(459 647 648 460)
4(620 621 648 647)
4(437 461 649 622)
4(460 648 649 461)
4(621 622 649 648)
4(438 462 650 623)
4(461 649 650 462)
4(622 623 650 649)
4(439 463 651 624)
4(462 650 651 463)
4(623 624 651 650)
4(440 464 652 625)
4(463 651 652 464)
4(624 625 652 651)
4(441 465 653 626)
4(464 652 653 465)
4(625 626 653 652)
4(442 466 654 627)
4(465 653 654 466)
4(626 627 654 653)
4(443 467 655 628)
4(466 654 655 467)
4(627 628 655 654)
4(444 468 656 629)
4(467 655 656 468)
4(628 629 656 655)
4(445 469 657 630)
4(468 656 657 469)
4(629 630 657 656)
4(446 470 658 631)
4(469 657 658 470)
4(630 631 658 657)
4(447 471 659 632)
4(470 658 659 471)
4(631 632 659 658)
4(448 472 660 633)
4(471 659 660 472)
4(632 633 660 659)
4(449 473 661 634)
4(472 660 661 473)
4(633 634 661 660)
4(450 474 662 635)
4(473 661 662 474)
4(634 635 662 661)
4(451 475 663 636)
4(474 662 663 475)
4(635 636 663 662)
4(452 476 664 637)
4(475 663 664 476)
4(636 637 664 663)
4(453 477 665 638)
4(476 664 665 477)
4(637 638 665 664)
4(454 478 666 639)
4(477 665 666 478)
4(638 639 666 665)
4(478 666 667 479)
4(639 640 667 666)
4(458 482 673 646)
4(645 646 673 672)
4(459 483 674 647)
4(646 647 674 673)
4(460 484 675 648)
4(647 648 675 674)
4(461 485 676 649)
4(648 649 676 675)
4(462 486 677 650)
4(649 650 677 676)
4(463 487 678 651)
4(650 651 678 677)
4(464 488 679 652)
4(651 652 679 678)
4(465 489 680 653)
4(652 653 680 679)
4(466 490 681 654)
4(653 654 681 680)
4(467 491 682 655)
4(654 655 682 681)
4(468 492 683 656)
4(655 656 683 682)
4(469 493 684 657)
4(656 657 684 683)
4(470 494 685 658)
4(657 658 685 684)
4(471 495 686 659)
4(658 659 686 685)
4(472 496 687 660)
4(659 660 687 686)
4(473 497 688 661)
4(660 661 688 687)
4(474 498 689 662)
4(661 662 689 688)
4(475 499 690 663)
4(662 663 690 689)
4(476 500 691 664)
4(663 664 691 690)
4(477 501 692 665)
4(664 665 692 691)
4(478 502 693 666)
4(665 666 693 692)
4(505 510 707 700)
4(509 706 707 510)
4(699 700 707 706)
4(506 511 708 701)
4(510 707 708 511)
4(700 701 708 707)
4(511 708 709 512)
4(701 702 709 708)
4(509 523 722 706)
4(522 721 722 523)
4(705 706 722 721)
4(510 524 723 707)
4(523 722 723 524)
4(706 707 723 722)
4(511 525 724 708)
4(524 723 724 525)
4(707 708 724 723)
4(512 526 725 709)
4(525 724 725 526)
4(708 709 725 724)
4(526 725 726 527)
4(709 710 726 725)
4(515 533 731 713)
4(532 730 731 533)
4(712 713 731 730)
4(516 534 732 714)
4(533 731 732 534)
4(713 714 732 731)
4(517 535 733 715)
4(534 732 733 535)
4(714 715 733 732)
4(518 536 734 716)
4(535 733 734 536)
4(715 716 734 733)
4(519 537 735 717)
4(536 734 735 537)
4(716 717 735 734)
4(537 735 736 538)
4(717 718 736 735)
4(522 542 741 721)
4(541 740 741 542)
4(720 721 741 740)
4(523 543 742 722)
4(542 741 742 543)
4(721 722 742 741)
4(524 544 743 723)
4(543 742 743 544)
4(722 723 743 742)
4(525 545 744 724)
4(544 743 744 545)
4(723 724 744 743)
4(526 546 745 725)
4(545 744 745 546)
4(724 725 745 744)
4(527 547 746 726)
4(546 745 746 547)
4(725 726 746 745)
4(528 548 747 727)
4(547 746 747 548)
4(726 727 747 746)
4(548 747 748 549)
4(727 728 748 747)
4(532 557 755 730)
4(556 754 755 557)
4(729 730 755 754)
4(533 558 756 731)
4(557 755 756 558)
4(730 731 756 755)
4(534 559 757 732)
4(558 756 757 559)
4(731 732 757 756)
4(535 560 758 733)
4(559 757 758 560)
4(732 733 758 757)
4(536 561 759 734)
4(560 758 759 561)
4(733 734 759 758)
4(537 562 760 735)
4(561 759 760 562)
4(734 735 760 759)
4(538 563 761 736)
4(562 760 761 563)
4(735 736 761 760)
4(563 761 762 564)
4(736 737 762 761)
4(541 566 766 740)
4(565 765 766 566)
4(739 740 766 765)
4(542 567 767 741)
4(566 766 767 567)
4(740 741 767 766)
4(543 568 768 742)
4(567 767 768 568)
4(741 742 768 767)
4(544 569 769 743)
4(568 768 769 569)
4(742 743 769 768)
4(545 570 770 744)
4(569 769 770 570)
4(743 744 770 769)
4(546 571 771 745)
4(570 770 771 571)
4(744 745 771 770)
4(547 572 772 746)
4(571 771 772 572)
4(745 746 772 771)
4(548 573 773 747)
4(572 772 773 573)
4(746 747 773 772)
4(549 574 774 748)
4(573 773 774 574)
4(747 748 774 773)
4(550 575 775 749)
4(574 774 775 575)
4(748 749 775 774)
4(551 576 776 750)
4(575 775 776 576)
4(576 776 777 577)
4(555 580 780 753)
4(579 779 780 580)
4(556 581 781 754)
4(580 780 781 581)
4(557 582 782 755)
4(581 781 782 582)
4(754 755 782 781)
4(558 583 783 756)
4(582 782 783 583)
4(755 756 783 782)
4(559 584 784 757)
4(583 783 784 584)
4(756 757 784 783)
4(560 585 785 758)
4(584 784 785 585)
4(757 758 785 784)
4(561 586 786 759)
4(585 785 786 586)
4(758 759 786 785)
4(562 587 787 760)
4(586 786 787 587)
4(759 760 787 786)
4(563 588 788 761)
4(587 787 788 588)
4(760 761 788 787)
4(588 788 789 589)
4(761 762 789 788)
4(566 591 793 766)
4(590 792 793 591)
4(765 766 793 792)
4(567 592 794 767)
4(591 793 794 592)
4(766 767 794 793)
4(568 593 795 768)
4(592 794 795 593)
4(767 768 795 794)
4(569 594 796 769)
4(593 795 796 594)
4(768 769 796 795)
4(570 595 797 770)
4(594 796 797 595)
4(769 770 797 796)
4(571 596 798 771)
4(595 797 798 596)
4(770 771 798 797)
4(572 597 799 772)
4(596 798 799 597)
4(771 772 799 798)
4(573 598 800 773)
4(597 799 800 598)
4(772 773 800 799)
4(574 599 801 774)
4(598 800 801 599)
4(773 774 801 800)
4(575 600 802 775)
4(599 801 802 600)
4(774 775 802 801)
4(576 601 803 776)
4(600 802 803 601)
4(775 776 803 802)
4(577 602 804 777)
4(601 803 804 602)
4(776 777 804 803)
4(578 603 805 778)
4(602 804 805 603)
4(777 778 805 804)
4(579 604 806 779)
4(603 805 806 604)
4(778 779 806 805)
4(580 605 807 780)
4(604 806 807 605)
4(779 780 807 806)
4(581 606 808 781)
4(605 807 808 606)
4(780 781 808 807)
4(582 607 809 782)
4(606 808 809 607)
4(781 782 809 808)
4(583 608 810 783)
4(607 809 810 608)
4(782 783 810 809)
4(584 609 811 784)
4(608 810 811 609)
4(783 784 811 810)
4(585 610 812 785)
4(609 811 812 610)
4(784 785 812 811)
4(586 611 813 786)
4(610 812 813 611)
4(785 786 813 812)
4(587 612 814 787)
4(611 813 814 612)
4(786 787 814 813)
4(588 613 815 788)
4(612 814 815 613)
4(787 788 815 814)
4(613 815 816 614)
4(788 789 816 815)
4(591 617 821 793)
4(616 820 821 617)
4(792 793 821 820)
4(592 618 822 794)
4(617 821 822 618)
4(793 794 822 821)
4(593 619 823 795)
4(618 822 823 619)
4(794 795 823 822)
4(594 620 824 796)
4(619 823 824 620)
4(795 796 824 823)
4(595 621 825 797)
4(620 824 825 621)
4(796 797 825 824)
4(596 622 826 798)
4(621 825 826 622)
4(797 798 826 825)
4(597 623 827 799)
4(622 826 827 623)
4(798 799 827 826)
4(598 624 828 800)
4(623 827 828 624)
4(799 800 828 827)
4(599 625 829 801)
4(624 828 829 625)
4(800 801 829 828)
4(600 626 830 802)
4(625 829 830 626)
4(801 802 830 829)
4(601 627 831 803)
4(626 830 831 627)
4(802 803 831 830)
4(602 628 832 804)
4(627 831 832 628)
4(803 804 832 831)
4(603 629 833 805)
4(628 832 833 629)
4(804 805 833 832)
4(604 630 834 806)
4(629 833 834 630)
4(805 806 834 833)
4(605 631 835 807)
4(630 834 835 631)
4(806 807 835 834)
4(606 632 836 808)
4(631 835 836 632)
4(807 808 836 835)
4(607 633 837 809)
4(632 836 837 633)
4(808 809 837 836)
4(608 634 838 810)
4(633 837 838 634)
4(809 810 838 837)
4(609 635 839 811)
4(634 838 839 635)
4(810 811 839 838)
4(610 636 840 812)
4(635 839 840 636)
4(811 812 840 839)
4(611 637 841 813)
4(636 840 841 637)
4(812 813 841 840)
4(612 638 842 814)
4(637 841 842 638)
4(813 814 842 841)
4(613 639 843 815)
4(638 842 843 639)
4(814 815 843 842)
4(639 843 844 640)
4(815 816 844 843)
4(616 643 849 820)
4(642 848 849 643)
4(819 820 849 848)
4(617 644 850 821)
4(643 849 850 644)
4(820 821 850 849)
4(618 645 851 822)
4(644 850 851 645)
4(821 822 851 850)
4(619 646 852 823)
4(645 851 852 646)
4(822 823 852 851)
4(620 647 853 824)
4(646 852 853 647)
4(823 824 853 852)
4(621 648 854 825)
4(647 853 854 648)
4(824 825 854 853)
4(622 649 855 826)
4(648 854 855 649)
4(825 826 855 854)
4(623 650 856 827)
4(649 855 856 650)
4(826 827 856 855)
4(624 651 857 828)
4(650 856 857 651)
4(827 828 857 856)
4(625 652 858 829)
4(651 857 858 652)
4(828 829 858 857)
4(626 653 859 830)
4(652 858 859 653)
4(829 830 859 858)
4(627 654 860 831)
4(653 859 860 654)
4(830 831 860 859)
4(628 655 861 832)
4(654 860 861 655)
4(831 832 861 860)
4(629 656 862 833)
4(655 861 862 656)
4(832 833 862 861)
4(630 657 863 834)
4(656 862 863 657)
4(833 834 863 862)
4(631 658 864 835)
4(657 863 864 658)
4(834 835 864 863)
4(632 659 865 836)
4(658 864 865 659)
4(835 836 865 864)
4(633 660 866 837)
4(659 865 866 660)
4(836 837 866 865)
4(634 661 867 838)
4(660 866 867 661)
4(837 838 867 866)
4(635 662 868 839)
4(661 867 868 662)
4(838 839 868 867)
4(636 663 869 840)
4(662 868 869 663)
4(839 840 869 868)
4(637 664 870 841)
4(663 869 870 664)
4(840 841 870 869)
4(638 665 871 842)
4(664 870 871 665)
4(841 842 871 870)
4(639 666 872 843)
4(665 871 872 666)
4(842 843 872 871)
4(642 669 877 848)
4(847 848 877 876)
4(643 670 878 849)
4(848 849 878 877)
4(644 671 879 850)
4(849 850 879 878)
4(645 672 880 851)
4(850 851 880 879)
4(646 673 881 852)
4(851 852 881 880)
4(647 674 882 853)
4(852 853 882 881)
4(648 675 883 854)
4(853 854 883 882)
4(649 676 884 855)
4(854 855 884 883)
4(650 677 885 856)
4(855 856 885 884)
4(651 678 886 857)
4(856 857 886 885)
4(652 679 887 858)
4(857 858 887 886)
4(653 680 888 859)
4(858 859 888 887)
4(654 681 889 860)
4(859 860 889 888)
4(655 682 890 861)
4(860 861 890 889)
4(656 683 891 862)
4(861 862 891 890)
4(657 684 892 863)
4(862 863 892 891)
4(658 685 893 864)
4(863 864 893 892)
4(659 686 894 865)
4(864 865 894 893)
4(660 687 895 866)
4(865 866 895 894)
4(661 688 896 867)
4(866 867 896 895)
4(662 689 897 868)
4(867 868 897 896)
4(663 690 898 869)
4(868 869 898 897)
4(664 691 899 870)
4(869 870 899 898)
4(665 692 900 871)
4(870 871 900 899)
4(696 700 908 903)
4(699 907 908 700)
4(700 908 909 701)
4(699 706 915 907)
4(705 914 915 706)
4(906 907 915 914)
4(700 707 916 908)
4(706 915 916 707)
4(907 908 916 915)
4(701 708 917 909)
4(707 916 917 708)
4(908 909 917 916)
4(702 709 918 910)
4(708 917 918 709)
4(909 910 918 917)
4(709 918 919 710)
4(705 721 931 914)
4(720 930 931 721)
4(913 914 931 930)
4(706 722 932 915)
4(721 931 932 722)
4(914 915 932 931)
4(707 723 933 916)
4(722 932 933 723)
4(915 916 933 932)
4(708 724 934 917)
4(723 933 934 724)
4(916 917 934 933)
4(709 725 935 918)
4(724 934 935 725)
4(917 918 935 934)
4(710 726 936 919)
4(725 935 936 726)
4(918 919 936 935)
4(726 936 937 727)
4(919 920 937 936)
4(713 731 941 922)
4(730 940 941 731)
4(714 732 942 923)
4(731 941 942 732)
4(715 733 943 924)
4(732 942 943 733)
4(716 734 944 925)
4(733 943 944 734)
4(717 735 945 926)
4(734 944 945 735)
4(735 945 946 736)
4(720 740 950 930)
4(739 949 950 740)
4(929 930 950 949)
4(721 741 951 931)
4(740 950 951 741)
4(930 931 951 950)
4(722 742 952 932)
4(741 951 952 742)
4(931 932 952 951)
4(723 743 953 933)
4(742 952 953 743)
4(932 933 953 952)
4(724 744 954 934)
4(743 953 954 744)
4(933 934 954 953)
4(725 745 955 935)
4(744 954 955 745)
4(934 935 955 954)
4(726 746 956 936)
4(745 955 956 746)
4(935 936 956 955)
4(727 747 957 937)
4(746 956 957 747)
4(936 937 957 956)
4(747 957 958 748)
4(937 938 958 957)
4(730 755 961 940)
4(754 960 961 755)
4(731 756 962 941)
4(755 961 962 756)
4(732 757 963 942)
4(756 962 963 757)
4(941 942 963 962)
4(733 758 964 943)
4(757 963 964 758)
4(942 943 964 963)
4(734 759 965 944)
4(758 964 965 759)
4(943 944 965 964)
4(735 760 966 945)
4(759 965 966 760)
4(944 945 966 965)
4(736 761 967 946)
4(760 966 967 761)
4(761 967 968 762)
4(739 765 971 949)
4(764 970 971 765)
4(948 949 971 970)
4(740 766 972 950)
4(765 971 972 766)
4(949 950 972 971)
4(741 767 973 951)
4(766 972 973 767)
4(950 951 973 972)
4(742 768 974 952)
4(767 973 974 768)
4(951 952 974 973)
4(743 769 975 953)
4(768 974 975 769)
4(952 953 975 974)
4(744 770 976 954)
4(769 975 976 770)
4(953 954 976 975)
4(745 771 977 955)
4(770 976 977 771)
4(954 955 977 976)
4(746 772 978 956)
4(771 977 978 772)
4(955 956 978 977)
4(747 773 979 957)
4(772 978 979 773)
4(956 957 979 978)
4(748 774 980 958)
4(773 979 980 774)
4(957 958 980 979)
4(774 980 981 775)
4(958 959 981 980)
4(755 782 988 961)
4(781 987 988 782)
4(756 783 989 962)
4(782 988 989 783)
4(961 962 989 988)
4(757 784 990 963)
4(783 989 990 784)
4(962 963 990 989)
4(758 785 991 964)
4(784 990 991 785)
4(963 964 991 990)
4(759 786 992 965)
4(785 991 992 786)
4(964 965 992 991)
4(760 787 993 966)
4(786 992 993 787)
4(965 966 993 992)
4(761 788 994 967)
4(787 993 994 788)
4(788 994 995 789)
4(764 791 998 970)
4(790 997 998 791)
4(969 970 998 997)
4(765 792 999 971)
4(791 998 999 792)
4(970 971 999 998)
4(766 793 1000 972)
4(792 999 1000 793)
4(971 972 1000 999)
4(767 794 1001 973)
4(793 1000 1001 794)
4(972 973 1001 1000)
4(768 795 1002 974)
4(794 1001 1002 795)
4(973 974 1002 1001)
4(769 796 1003 975)
4(795 1002 1003 796)
4(974 975 1003 1002)
4(770 797 1004 976)
4(796 1003 1004 797)
4(975 976 1004 1003)
4(771 798 1005 977)
4(797 1004 1005 798)
4(976 977 1005 1004)
4(772 799 1006 978)
4(798 1005 1006 799)
4(977 978 1006 1005)
4(773 800 1007 979)
4(799 1006 1007 800)
4(978 979 1007 1006)
4(774 801 1008 980)
4(800 1007 1008 801)
4(979 980 1008 1007)
4(775 802 1009 981)
4(801 1008 1009 802)
4(980 981 1009 1008)
4(776 803 1010 982)
4(802 1009 1010 803)
4(981 982 1010 1009)
4(777 804 1011 983)
4(803 1010 1011 804)
4(982 983 1011 1010)
4(778 805 1012 984)
4(804 1011 1012 805)
4(779 806 1013 985)
4(805 1012 1013 806)
4(780 807 1014 986)
4(806 1013 1014 807)
4(781 808 1015 987)
4(807 1014 1015 808)
4(782 809 1016 988)
4(808 1015 1016 809)
4(987 988 1016 1015)
4(783 810 1017 989)
4(809 1016 1017 810)
4(988 989 1017 1016)
4(784 811 1018 990)
4(810 1017 1018 811)
4(989 990 1018 1017)
4(785 812 1019 991)
4(811 1018 1019 812)
4(990 991 1019 1018)
4(786 813 1020 992)
4(812 1019 1020 813)
4(991 992 1020 1019)
4(787 814 1021 993)
4(813 1020 1021 814)
4(992 993 1021 1020)
4(788 815 1022 994)
4(814 1021 1022 815)
4(815 1022 1023 816)
4(791 819 1027 998)
4(818 1026 1027 819)
4(997 998 1027 1026)
4(792 820 1028 999)
4(819 1027 1028 820)
4(998 999 1028 1027)
4(793 821 1029 1000)
4(820 1028 1029 821)
4(999 1000 1029 1028)
4(794 822 1030 1001)
4(821 1029 1030 822)
4(1000 1001 1030 1029)
4(795 823 1031 1002)
4(822 1030 1031 823)
4(1001 1002 1031 1030)
4(796 824 1032 1003)
4(823 1031 1032 824)
4(1002 1003 1032 1031)
4(797 825 1033 1004)
4(824 1032 1033 825)
4(1003 1004 1033 1032)
4(798 826 1034 1005)
4(825 1033 1034 826)
4(1004 1005 1034 1033)
4(799 827 1035 1006)
4(826 1034 1035 827)
4(1005 1006 1035 1034)
4(800 828 1036 1007)
4(827 1035 1036 828)
4(1006 1007 1036 1035)
4(801 829 1037 1008)
4(828 1036 1037 829)
4(1007 1008 1037 1036)
4(802 830 1038 1009)
4(829 1037 1038 830)
4(1008 1009 1038 1037)
4(803 831 1039 1010)
4(830 1038 1039 831)
4(1009 1010 1039 1038)
4(804 832 1040 1011)
4(831 1039 1040 832)
4(1010 1011 1040 1039)
4(805 833 1041 1012)
4(832 1040 1041 833)
4(1011 1012 1041 1040)
4(806 834 1042 1013)
4(833 1041 1042 834)
4(1012 1013 1042 1041)
4(807 835 1043 1014)
4(834 1042 1043 835)
4(1013 1014 1043 1042)
4(808 836 1044 1015)
4(835 1043 1044 836)
4(1014 1015 1044 1043)
4(809 837 1045 1016)
4(836 1044 1045 837)
4(1015 1016 1045 1044)
4(810 838 1046 1017)
4(837 1045 1046 838)
4(1016 1017 1046 1045)
4(811 839 1047 1018)
4(838 1046 1047 839)
4(1017 1018 1047 1046)
4(812 840 1048 1019)
4(839 1047 1048 840)
4(1018 1019 1048 1047)
4(813 841 1049 1020)
4(840 1048 1049 841)
4(1019 1020 1049 1048)
4(814 842 1050 1021)
4(841 1049 1050 842)
4(1020 1021 1050 1049)
4(815 843 1051 1022)
4(842 1050 1051 843)
4(818 847 1056 1026)
4(846 1055 1056 847)
4(1025 1026 1056 1055)
4(819 848 1057 1027)
4(847 1056 1057 848)
4(1026 1027 1057 1056)
4(820 849 1058 1028)
4(848 1057 1058 849)
4(1027 1028 1058 1057)
4(821 850 1059 1029)
4(849 1058 1059 850)
4(1028 1029 1059 1058)
4(822 851 1060 1030)
4(850 1059 1060 851)
4(1029 1030 1060 1059)
4(823 852 1061 1031)
4(851 1060 1061 852)
4(1030 1031 1061 1060)
4(824 853 1062 1032)
4(852 1061 1062 853)
4(1031 1032 1062 1061)
4(825 854 1063 1033)
4(853 1062 1063 854)
4(1032 1033 1063 1062)
4(826 855 1064 1034)
4(854 1063 1064 855)
4(1033 1034 1064 1063)
4(827 856 1065 1035)
4(855 1064 1065 856)
4(1034 1035 1065 1064)
4(828 857 1066 1036)
4(856 1065 1066 857)
4(1035 1036 1066 1065)
4(829 858 1067 1037)
4(857 1066 1067 858)
4(1036 1037 1067 1066)
4(830 859 1068 1038)
4(858 1067 1068 859)
4(1037 1038 1068 1067)
4(831 860 1069 1039)
4(859 1068 1069 860)
4(1038 1039 1069 1068)
4(832 861 1070 1040)
4(860 1069 1070 861)
4(1039 1040 1070 1069)
4(833 862 1071 1041)
4(861 1070 1071 862)
4(1040 1041 1071 1070)
4(834 863 1072 1042)
4(862 1071 1072 863)
4(1041 1042 1072 1071)
4(835 864 1073 1043)
4(863 1072 1073 864)
4(1042 1043 1073 1072)
4(836 865 1074 1044)
4(864 1073 1074 865)
4(1043 1044 1074 1073)
4(837 866 1075 1045)
4(865 1074 1075 866)
4(1044 1045 1075 1074)
4(838 867 1076 1046)
4(866 1075 1076 867)
4(839 868 1077 1047)
4(867 1076 1077 868)
4(1046 1047 1077 1076)
4(840 869 1078 1048)
4(868 1077 1078 869)
4(1047 1048 1078 1077)
4(841 870 1079 1049)
4(869 1078 1079 870)
4(1048 1049 1079 1078)
4(842 871 1080 1050)
4(870 1079 1080 871)
4(1049 1050 1080 1079)
4(846 875 1084 1055)
4(1054 1055 1084 1083)
4(847 876 1085 1056)
4(1055 1056 1085 1084)
4(848 877 1086 1057)
4(1056 1057 1086 1085)
4(849 878 1087 1058)
4(1057 1058 1087 1086)
4(850 879 1088 1059)
4(1058 1059 1088 1087)
4(851 880 1089 1060)
4(1059 1060 1089 1088)
4(852 881 1090 1061)
4(1060 1061 1090 1089)
4(853 882 1091 1062)
4(1061 1062 1091 1090)
4(854 883 1092 1063)
4(1062 1063 1092 1091)
4(855 884 1093 1064)
4(1063 1064 1093 1092)
4(856 885 1094 1065)
4(1064 1065 1094 1093)
4(857 886 1095 1066)
4(1065 1066 1095 1094)
4(858 887 1096 1067)
4(1066 1067 1096 1095)
4(859 888 1097 1068)
4(1067 1068 1097 1096)
4(860 889 1098 1069)
4(1068 1069 1098 1097)
4(861 890 1099 1070)
4(1069 1070 1099 1098)
4(862 891 1100 1071)
4(1070 1071 1100 1099)
4(863 892 1101 1072)
4(1071 1072 1101 1100)
4(864 893 1102 1073)
4(1072 1073 1102 1101)
4(865 894 1103 1074)
4(1073 1074 1103 1102)
4(866 895 1104 1075)
4(1074 1075 1104 1103)
4(867 896 1105 1076)
4(868 897 1106 1077)
4(869 898 1107 1078)
4(870 899 1108 1079)
4(906 914 1118 1111)
4(913 1117 1118 914)
4(1110 1111 1118 1117)
4(907 915 1119 1112)
4(914 1118 1119 915)
4(1111 1112 1119 1118)
4(908 916 1120 1113)
4(915 1119 1120 916)
4(1112 1113 1120 1119)
4(909 917 1121 1114)
4(916 1120 1121 917)
4(1113 1114 1121 1120)
4(917 1121 1122 918)
4(1114 1115 1122 1121)
4(913 930 1127 1117)
4(929 1126 1127 930)
4(1116 1117 1127 1126)
4(914 931 1128 1118)
4(930 1127 1128 931)
4(1117 1118 1128 1127)
4(915 932 1129 1119)
4(931 1128 1129 932)
4(1118 1119 1129 1128)
4(916 933 1130 1120)
4(932 1129 1130 933)
4(1119 1120 1130 1129)
4(917 934 1131 1121)
4(933 1130 1131 934)
4(1120 1121 1131 1130)
4(918 935 1132 1122)
4(934 1131 1132 935)
4(1121 1122 1132 1131)
4(919 936 1133 1123)
4(935 1132 1133 936)
4(1122 1123 1133 1132)
4(936 1133 1134 937)
4(929 949 1142 1126)
4(948 1141 1142 949)
4(1125 1126 1142 1141)
4(930 950 1143 1127)
4(949 1142 1143 950)
4(1126 1127 1143 1142)
4(931 951 1144 1128)
4(950 1143 1144 951)
4(1127 1128 1144 1143)
4(932 952 1145 1129)
4(951 1144 1145 952)
4(1128 1129 1145 1144)
4(933 953 1146 1130)
4(952 1145 1146 953)
4(1129 1130 1146 1145)
4(934 954 1147 1131)
4(953 1146 1147 954)
4(1130 1131 1147 1146)
4(935 955 1148 1132)
4(954 1147 1148 955)
4(1131 1132 1148 1147)
4(936 956 1149 1133)
4(955 1148 1149 956)
4(1132 1133 1149 1148)
4(937 957 1150 1134)
4(956 1149 1150 957)
4(1133 1134 1150 1149)
4(957 1150 1151 958)
4(1134 1135 1151 1150)
4(942 963 1155 1137)
4(962 1154 1155 963)
4(943 964 1156 1138)
4(963 1155 1156 964)
4(944 965 1157 1139)
4(964 1156 1157 965)
4(965 1157 1158 966)
4(949 971 1161 1142)
4(970 1160 1161 971)
4(1141 1142 1161 1160)
4(950 972 1162 1143)
4(971 1161 1162 972)
4(1142 1143 1162 1161)
4(951 973 1163 1144)
4(972 1162 1163 973)
4(1143 1144 1163 1162)
4(952 974 1164 1145)
4(973 1163 1164 974)
4(1144 1145 1164 1163)
4(953 975 1165 1146)
4(974 1164 1165 975)
4(1145 1146 1165 1164)
4(954 976 1166 1147)
4(975 1165 1166 976)
4(1146 1147 1166 1165)
4(955 977 1167 1148)
4(976 1166 1167 977)
4(1147 1148 1167 1166)
4(956 978 1168 1149)
4(977 1167 1168 978)
4(1148 1149 1168 1167)
4(957 979 1169 1150)
4(978 1168 1169 979)
4(1149 1150 1169 1168)
4(958 980 1170 1151)
4(979 1169 1170 980)
4(1150 1151 1170 1169)
4(980 1170 1171 981)
4(1151 1152 1171 1170)
4(962 989 1176 1154)
4(988 1175 1176 989)
4(963 990 1177 1155)
4(989 1176 1177 990)
4(964 991 1178 1156)
4(990 1177 1178 991)
4(965 992 1179 1157)
4(991 1178 1179 992)
4(992 1179 1180 993)
4(970 998 1183 1160)
4(997 1182 1183 998)
4(1159 1160 1183 1182)
4(971 999 1184 1161)
4(998 1183 1184 999)
4(1160 1161 1184 1183)
4(972 1000 1185 1162)
4(999 1184 1185 1000)
4(1161 1162 1185 1184)
4(973 1001 1186 1163)
4(1000 1185 1186 1001)
4(1162 1163 1186 1185)
4(974 1002 1187 1164)
4(1001 1186 1187 1002)
4(1163 1164 1187 1186)
4(975 1003 1188 1165)
4(1002 1187 1188 1003)
4(1164 1165 1188 1187)
4(976 1004 1189 1166)
4(1003 1188 1189 1004)
4(1165 1166 1189 1188)
4(977 1005 1190 1167)
4(1004 1189 1190 1005)
4(1166 1167 1190 1189)
4(978 1006 1191 1168)
4(1005 1190 1191 1006)
4(1167 1168 1191 1190)
4(979 1007 1192 1169)
4(1006 1191 1192 1007)
4(1168 1169 1192 1191)
4(980 1008 1193 1170)
4(1007 1192 1193 1008)
4(1169 1170 1193 1192)
4(981 1009 1194 1171)
4(1008 1193 1194 1009)
4(1170 1171 1194 1193)
4(982 1010 1195 1172)
4(1009 1194 1195 1010)
4(1171 1172 1195 1194)
4(1010 1195 1196 1011)
4(988 1016 1201 1175)
4(1015 1200 1201 1016)
4(989 1017 1202 1176)
4(1016 1201 1202 1017)
4(990 1018 1203 1177)
4(1017 1202 1203 1018)
4(991 1019 1204 1178)
4(1018 1203 1204 1019)
4(992 1020 1205 1179)
4(1019 1204 1205 1020)
4(1020 1205 1206 1021)
4(997 1026 1209 1182)
4(1025 1208 1209 1026)
4(1181 1182 1209 1208)
4(998 1027 1210 1183)
4(1026 1209 1210 1027)
4(1182 1183 1210 1209)
4(999 1028 1211 1184)
4(1027 1210 1211 1028)
4(1183 1184 1211 1210)
4(1000 1029 1212 1185)
4(1028 1211 1212 1029)
4(1184 1185 1212 1211)
4(1001 1030 1213 1186)
4(1029 1212 1213 1030)
4(1185 1186 1213 1212)
4(1002 1031 1214 1187)
4(1030 1213 1214 1031)
4(1186 1187 1214 1213)
4(1003 1032 1215 1188)
4(1031 1214 1215 1032)
4(1187 1188 1215 1214)
4(1004 1033 1216 1189)
4(1032 1215 1216 1033)
4(1188 1189 1216 1215)
4(1005 1034 1217 1190)
4(1033 1216 1217 1034)
4(1189 1190 1217 1216)
4(1006 1035 1218 1191)
4(1034 1217 1218 1035)
4(1190 1191 1218 1217)
4(1007 1036 1219 1192)
4(1035 1218 1219 1036)
4(1191 1192 1219 1218)
4(1008 1037 1220 1193)
4(1036 1219 1220 1037)
4(1192 1193 1220 1219)
4(1009 1038 1221 1194)
4(1037 1220 1221 1038)
4(1193 1194 1221 1220)
4(1010 1039 1222 1195)
4(1038 1221 1222 1039)
4(1194 1195 1222 1221)
4(1011 1040 1223 1196)
4(1039 1222 1223 1040)
4(1195 1196 1223 1222)
4(1012 1041 1224 1197)
4(1040 1223 1224 1041)
4(1196 1197 1224 1223)
4(1013 1042 1225 1198)
4(1041 1224 1225 1042)
4(1014 1043 1226 1199)
4(1042 1225 1226 1043)
4(1015 1044 1227 1200)
4(1043 1226 1227 1044)
4(1016 1045 1228 1201)
4(1044 1227 1228 1045)
4(1017 1046 1229 1202)
4(1018 1047 1230 1203)
4(1046 1229 1230 1047)
4(1019 1048 1231 1204)
4(1047 1230 1231 1048)
4(1020 1049 1232 1205)
4(1048 1231 1232 1049)
4(1049 1232 1233 1050)
4(1025 1055 1236 1208)
4(1054 1235 1236 1055)
4(1207 1208 1236 1235)
4(1026 1056 1237 1209)
4(1055 1236 1237 1056)
4(1208 1209 1237 1236)
4(1027 1057 1238 1210)
4(1056 1237 1238 1057)
4(1209 1210 1238 1237)
4(1028 1058 1239 1211)
4(1057 1238 1239 1058)
4(1210 1211 1239 1238)
4(1029 1059 1240 1212)
4(1058 1239 1240 1059)
4(1211 1212 1240 1239)
4(1030 1060 1241 1213)
4(1059 1240 1241 1060)
4(1212 1213 1241 1240)
4(1031 1061 1242 1214)
4(1060 1241 1242 1061)
4(1213 1214 1242 1241)
4(1032 1062 1243 1215)
4(1061 1242 1243 1062)
4(1214 1215 1243 1242)
4(1033 1063 1244 1216)
4(1062 1243 1244 1063)
4(1215 1216 1244 1243)
4(1034 1064 1245 1217)
4(1063 1244 1245 1064)
4(1216 1217 1245 1244)
4(1035 1065 1246 1218)
4(1064 1245 1246 1065)
4(1217 1218 1246 1245)
4(1036 1066 1247 1219)
4(1065 1246 1247 1066)
4(1218 1219 1247 1246)
4(1037 1067 1248 1220)
4(1066 1247 1248 1067)
4(1219 1220 1248 1247)
4(1038 1068 1249 1221)
4(1067 1248 1249 1068)
4(1220 1221 1249 1248)
4(1039 1069 1250 1222)
4(1068 1249 1250 1069)
4(1221 1222 1250 1249)
4(1040 1070 1251 1223)
4(1069 1250 1251 1070)
4(1222 1223 1251 1250)
4(1041 1071 1252 1224)
4(1070 1251 1252 1071)
4(1223 1224 1252 1251)
4(1042 1072 1253 1225)
4(1071 1252 1253 1072)
4(1224 1225 1253 1252)
4(1043 1073 1254 1226)
4(1072 1253 1254 1073)
4(1044 1074 1255 1227)
4(1073 1254 1255 1074)
4(1074 1255 1256 1075)
4(1047 1077 1258 1230)
4(1048 1078 1259 1231)
4(1049 1079 1260 1232)
4(1054 1083 1263 1235)
4(1234 1235 1263 1262)
4(1055 1084 1264 1236)
4(1235 1236 1264 1263)
4(1056 1085 1265 1237)
4(1236 1237 1265 1264)
4(1057 1086 1266 1238)
4(1237 1238 1266 1265)
4(1058 1087 1267 1239)
4(1238 1239 1267 1266)
4(1059 1088 1268 1240)
4(1239 1240 1268 1267)
4(1060 1089 1269 1241)
4(1240 1241 1269 1268)
4(1061 1090 1270 1242)
4(1241 1242 1270 1269)
4(1062 1091 1271 1243)
4(1242 1243 1271 1270)
4(1063 1092 1272 1244)
4(1243 1244 1272 1271)
4(1064 1093 1273 1245)
4(1244 1245 1273 1272)
4(1065 1094 1274 1246)
4(1245 1246 1274 1273)
4(1066 1095 1275 1247)
4(1246 1247 1275 1274)
4(1067 1096 1276 1248)
4(1247 1248 1276 1275)
4(1068 1097 1277 1249)
4(1248 1249 1277 1276)
4(1069 1098 1278 1250)
4(1249 1250 1278 1277)
4(1070 1099 1279 1251)
4(1250 1251 1279 1278)
4(1071 1100 1280 1252)
4(1251 1252 1280 1279)
4(1072 1101 1281 1253)
4(1252 1253 1281 1280)
4(1073 1102 1282 1254)
4(1253 1254 1282 1281)
4(1074 1103 1283 1255)
4(1111 1118 1293 1286)
4(1117 1292 1293 1118)
4(1112 1119 1294 1287)
4(1118 1293 1294 1119)
4(1286 1287 1294 1293)
4(1113 1120 1295 1288)
4(1119 1294 1295 1120)
4(1287 1288 1295 1294)
4(1114 1121 1296 1289)
4(1120 1295 1296 1121)
4(1288 1289 1296 1295)
4(1121 1296 1297 1122)
4(1117 1127 1301 1292)
4(1126 1300 1301 1127)
4(1291 1292 1301 1300)
4(1118 1128 1302 1293)
4(1127 1301 1302 1128)
4(1292 1293 1302 1301)
4(1119 1129 1303 1294)
4(1128 1302 1303 1129)
4(1293 1294 1303 1302)
4(1120 1130 1304 1295)
4(1129 1303 1304 1130)
4(1294 1295 1304 1303)
4(1121 1131 1305 1296)
4(1130 1304 1305 1131)
4(1295 1296 1305 1304)
4(1122 1132 1306 1297)
4(1131 1305 1306 1132)
4(1296 1297 1306 1305)
4(1132 1306 1307 1133)
4(1297 1298 1307 1306)
4(1126 1142 1311 1300)
4(1141 1310 1311 1142)
4(1127 1143 1312 1301)
4(1142 1311 1312 1143)
4(1300 1301 1312 1311)
4(1128 1144 1313 1302)
4(1143 1312 1313 1144)
4(1301 1302 1313 1312)
4(1129 1145 1314 1303)
4(1144 1313 1314 1145)
4(1302 1303 1314 1313)
4(1130 1146 1315 1304)
4(1145 1314 1315 1146)
4(1303 1304 1315 1314)
4(1131 1147 1316 1305)
4(1146 1315 1316 1147)
4(1304 1305 1316 1315)
4(1132 1148 1317 1306)
4(1147 1316 1317 1148)
4(1305 1306 1317 1316)
4(1133 1149 1318 1307)
4(1148 1317 1318 1149)
4(1306 1307 1318 1317)
4(1134 1150 1319 1308)
4(1149 1318 1319 1150)
4(1307 1308 1319 1318)
4(1150 1319 1320 1151)
4(1142 1161 1324 1311)
4(1160 1323 1324 1161)
4(1310 1311 1324 1323)
4(1143 1162 1325 1312)
4(1161 1324 1325 1162)
4(1311 1312 1325 1324)
4(1144 1163 1326 1313)
4(1162 1325 1326 1163)
4(1312 1313 1326 1325)
4(1145 1164 1327 1314)
4(1163 1326 1327 1164)
4(1313 1314 1327 1326)
4(1146 1165 1328 1315)
4(1164 1327 1328 1165)
4(1314 1315 1328 1327)
4(1147 1166 1329 1316)
4(1165 1328 1329 1166)
4(1315 1316 1329 1328)
4(1148 1167 1330 1317)
4(1166 1329 1330 1167)
4(1316 1317 1330 1329)
4(1149 1168 1331 1318)
4(1167 1330 1331 1168)
4(1317 1318 1331 1330)
4(1150 1169 1332 1319)
4(1168 1331 1332 1169)
4(1318 1319 1332 1331)
4(1151 1170 1333 1320)
4(1169 1332 1333 1170)
4(1319 1320 1333 1332)
4(1170 1333 1334 1171)
4(1160 1183 1338 1323)
4(1182 1337 1338 1183)
4(1322 1323 1338 1337)
4(1161 1184 1339 1324)
4(1183 1338 1339 1184)
4(1323 1324 1339 1338)
4(1162 1185 1340 1325)
4(1184 1339 1340 1185)
4(1324 1325 1340 1339)
4(1163 1186 1341 1326)
4(1185 1340 1341 1186)
4(1325 1326 1341 1340)
4(1164 1187 1342 1327)
4(1186 1341 1342 1187)
4(1326 1327 1342 1341)
4(1165 1188 1343 1328)
4(1187 1342 1343 1188)
4(1327 1328 1343 1342)
4(1166 1189 1344 1329)
4(1188 1343 1344 1189)
4(1328 1329 1344 1343)
4(1167 1190 1345 1330)
4(1189 1344 1345 1190)
4(1329 1330 1345 1344)
4(1168 1191 1346 1331)
4(1190 1345 1346 1191)
4(1330 1331 1346 1345)
4(1169 1192 1347 1332)
4(1191 1346 1347 1192)
4(1331 1332 1347 1346)
4(1170 1193 1348 1333)
4(1192 1347 1348 1193)
4(1332 1333 1348 1347)
4(1171 1194 1349 1334)
4(1193 1348 1349 1194)
4(1333 1334 1349 1348)
4(1194 1349 1350 1195)
4(1182 1209 1355 1337)
4(1208 1354 1355 1209)
4(1336 1337 1355 1354)
4(1183 1210 1356 1338)
4(1209 1355 1356 1210)
4(1337 1338 1356 1355)
4(1184 1211 1357 1339)
4(1210 1356 1357 1211)
4(1338 1339 1357 1356)
4(1185 1212 1358 1340)
4(1211 1357 1358 1212)
4(1339 1340 1358 1357)
4(1186 1213 1359 1341)
4(1212 1358 1359 1213)
4(1340 1341 1359 1358)
4(1187 1214 1360 1342)
4(1213 1359 1360 1214)
4(1341 1342 1360 1359)
4(1188 1215 1361 1343)
4(1214 1360 1361 1215)
4(1342 1343 1361 1360)
4(1189 1216 1362 1344)
4(1215 1361 1362 1216)
4(1343 1344 1362 1361)
4(1190 1217 1363 1345)
4(1216 1362 1363 1217)
4(1344 1345 1363 1362)
4(1191 1218 1364 1346)
4(1217 1363 1364 1218)
4(1345 1346 1364 1363)
4(1192 1219 1365 1347)
4(1218 1364 1365 1219)
4(1346 1347 1365 1364)
4(1193 1220 1366 1348)
4(1219 1365 1366 1220)
4(1347 1348 1366 1365)
4(1194 1221 1367 1349)
4(1220 1366 1367 1221)
4(1348 1349 1367 1366)
4(1195 1222 1368 1350)
4(1221 1367 1368 1222)
4(1349 1350 1368 1367)
4(1196 1223 1369 1351)
4(1222 1368 1369 1223)
4(1350 1351 1369 1368)
4(1223 1369 1370 1224)
4(1208 1236 1374 1354)
4(1235 1373 1374 1236)
4(1353 1354 1374 1373)
4(1209 1237 1375 1355)
4(1236 1374 1375 1237)
4(1354 1355 1375 1374)
4(1210 1238 1376 1356)
4(1237 1375 1376 1238)
4(1355 1356 1376 1375)
4(1211 1239 1377 1357)
4(1238 1376 1377 1239)
4(1356 1357 1377 1376)
4(1212 1240 1378 1358)
4(1239 1377 1378 1240)
4(1357 1358 1378 1377)
4(1213 1241 1379 1359)
4(1240 1378 1379 1241)
4(1358 1359 1379 1378)
4(1214 1242 1380 1360)
4(1241 1379 1380 1242)
4(1359 1360 1380 1379)
4(1215 1243 1381 1361)
4(1242 1380 1381 1243)
4(1360 1361 1381 1380)
4(1216 1244 1382 1362)
4(1243 1381 1382 1244)
4(1361 1362 1382 1381)
4(1217 1245 1383 1363)
4(1244 1382 1383 1245)
4(1362 1363 1383 1382)
4(1218 1246 1384 1364)
4(1245 1383 1384 1246)
4(1363 1364 1384 1383)
4(1219 1247 1385 1365)
4(1246 1384 1385 1247)
4(1364 1365 1385 1384)
4(1220 1248 1386 1366)
4(1247 1385 1386 1248)
4(1365 1366 1386 1385)
4(1221 1249 1387 1367)
4(1248 1386 1387 1249)
4(1366 1367 1387 1386)
4(1222 1250 1388 1368)
4(1249 1387 1388 1250)
4(1367 1368 1388 1387)
4(1223 1251 1389 1369)
4(1250 1388 1389 1251)
4(1368 1369 1389 1388)
4(1224 1252 1390 1370)
4(1251 1389 1390 1252)
4(1369 1370 1390 1389)
4(1252 1390 1391 1253)
4(1235 1263 1394 1373)
4(1372 1373 1394 1393)
4(1236 1264 1395 1374)
4(1373 1374 1395 1394)
4(1237 1265 1396 1375)
4(1374 1375 1396 1395)
4(1238 1266 1397 1376)
4(1375 1376 1397 1396)
4(1239 1267 1398 1377)
4(1376 1377 1398 1397)
4(1240 1268 1399 1378)
4(1377 1378 1399 1398)
4(1241 1269 1400 1379)
4(1378 1379 1400 1399)
4(1242 1270 1401 1380)
4(1379 1380 1401 1400)
4(1243 1271 1402 1381)
4(1380 1381 1402 1401)
4(1244 1272 1403 1382)
4(1381 1382 1403 1402)
4(1245 1273 1404 1383)
4(1382 1383 1404 1403)
4(1246 1274 1405 1384)
4(1383 1384 1405 1404)
4(1247 1275 1406 1385)
4(1384 1385 1406 1405)
4(1248 1276 1407 1386)
4(1385 1386 1407 1406)
4(1249 1277 1408 1387)
4(1386 1387 1408 1407)
4(1250 1278 1409 1388)
4(1387 1388 1409 1408)
4(1251 1279 1410 1389)
4(1388 1389 1410 1409)
4(1252 1280 1411 1390)
4(1389 1390 1411 1410)
4(1253 1281 1412 1391)
4(1390 1391 1412 1411)
4(1287 1294 1421 1415)
4(1293 1420 1421 1294)
4(1414 1415 1421 1420)
4(1288 1295 1422 1416)
4(1294 1421 1422 1295)
4(1415 1416 1422 1421)
4(1295 1422 1423 1296)
4(1416 1417 1423 1422)
4(1292 1301 1427 1419)
4(1300 1426 1427 1301)
4(1293 1302 1428 1420)
4(1301 1427 1428 1302)
4(1419 1420 1428 1427)
4(1294 1303 1429 1421)
4(1302 1428 1429 1303)
4(1420 1421 1429 1428)
4(1295 1304 1430 1422)
4(1303 1429 1430 1304)
4(1421 1422 1430 1429)
4(1296 1305 1431 1423)
4(1304 1430 1431 1305)
4(1422 1423 1431 1430)
4(1297 1306 1432 1424)
4(1305 1431 1432 1306)
4(1423 1424 1432 1431)
4(1306 1432 1433 1307)
4(1301 1312 1437 1427)
4(1311 1436 1437 1312)
4(1426 1427 1437 1436)
4(1302 1313 1438 1428)
4(1312 1437 1438 1313)
4(1427 1428 1438 1437)
4(1303 1314 1439 1429)
4(1313 1438 1439 1314)
4(1428 1429 1439 1438)
4(1304 1315 1440 1430)
4(1314 1439 1440 1315)
4(1429 1430 1440 1439)
4(1305 1316 1441 1431)
4(1315 1440 1441 1316)
4(1430 1431 1441 1440)
4(1306 1317 1442 1432)
4(1316 1441 1442 1317)
4(1431 1432 1442 1441)
4(1307 1318 1443 1433)
4(1317 1442 1443 1318)
4(1432 1433 1443 1442)
4(1318 1443 1444 1319)
4(1433 1434 1444 1443)
4(1311 1324 1448 1436)
4(1323 1447 1448 1324)
4(1435 1436 1448 1447)
4(1312 1325 1449 1437)
4(1324 1448 1449 1325)
4(1436 1437 1449 1448)
4(1313 1326 1450 1438)
4(1325 1449 1450 1326)
4(1437 1438 1450 1449)
4(1314 1327 1451 1439)
4(1326 1450 1451 1327)
4(1438 1439 1451 1450)
4(1315 1328 1452 1440)
4(1327 1451 1452 1328)
4(1439 1440 1452 1451)
4(1316 1329 1453 1441)
4(1328 1452 1453 1329)
4(1440 1441 1453 1452)
4(1317 1330 1454 1442)
4(1329 1453 1454 1330)
4(1441 1442 1454 1453)
4(1318 1331 1455 1443)
4(1330 1454 1455 1331)
4(1442 1443 1455 1454)
4(1319 1332 1456 1444)
4(1331 1455 1456 1332)
4(1443 1444 1456 1455)
4(1332 1456 1457 1333)
4(1444 1445 1457 1456)
4(1323 1338 1461 1447)
4(1337 1460 1461 1338)
4(1446 1447 1461 1460)
4(1324 1339 1462 1448)
4(1338 1461 1462 1339)
4(1447 1448 1462 1461)
4(1325 1340 1463 1449)
4(1339 1462 1463 1340)
4(1448 1449 1463 1462)
4(1326 1341 1464 1450)
4(1340 1463 1464 1341)
4(1449 1450 1464 1463)
4(1327 1342 1465 1451)
4(1341 1464 1465 1342)
4(1450 1451 1465 1464)
4(1328 1343 1466 1452)
4(1342 1465 1466 1343)
4(1451 1452 1466 1465)
4(1329 1344 1467 1453)
4(1343 1466 1467 1344)
4(1452 1453 1467 1466)
4(1330 1345 1468 1454)
4(1344 1467 1468 1345)
4(1453 1454 1468 1467)
4(1331 1346 1469 1455)
4(1345 1468 1469 1346)
4(1454 1455 1469 1468)
4(1332 1347 1470 1456)
4(1346 1469 1470 1347)
4(1455 1456 1470 1469)
4(1333 1348 1471 1457)
4(1347 1470 1471 1348)
4(1456 1457 1471 1470)
4(1348 1471 1472 1349)
4(1337 1355 1477 1460)
4(1354 1476 1477 1355)
4(1459 1460 1477 1476)
4(1338 1356 1478 1461)
4(1355 1477 1478 1356)
4(1460 1461 1478 1477)
4(1339 1357 1479 1462)
4(1356 1478 1479 1357)
4(1461 1462 1479 1478)
4(1340 1358 1480 1463)
4(1357 1479 1480 1358)
4(1462 1463 1480 1479)
4(1341 1359 1481 1464)
4(1358 1480 1481 1359)
4(1463 1464 1481 1480)
4(1342 1360 1482 1465)
4(1359 1481 1482 1360)
4(1464 1465 1482 1481)
4(1343 1361 1483 1466)
4(1360 1482 1483 1361)
4(1465 1466 1483 1482)
4(1344 1362 1484 1467)
4(1361 1483 1484 1362)
4(1466 1467 1484 1483)
4(1345 1363 1485 1468)
4(1362 1484 1485 1363)
4(1467 1468 1485 1484)
4(1346 1364 1486 1469)
4(1363 1485 1486 1364)
4(1468 1469 1486 1485)
4(1347 1365 1487 1470)
4(1364 1486 1487 1365)
4(1469 1470 1487 1486)
4(1348 1366 1488 1471)
4(1365 1487 1488 1366)
4(1470 1471 1488 1487)
4(1349 1367 1489 1472)
4(1366 1488 1489 1367)
4(1471 1472 1489 1488)
4(1350 1368 1490 1473)
4(1367 1489 1490 1368)
4(1368 1490 1491 1369)
4(1354 1374 1495 1476)
4(1373 1494 1495 1374)
4(1475 1476 1495 1494)
4(1355 1375 1496 1477)
4(1374 1495 1496 1375)
4(1476 1477 1496 1495)
4(1356 1376 1497 1478)
4(1375 1496 1497 1376)
4(1477 1478 1497 1496)
4(1357 1377 1498 1479)
4(1376 1497 1498 1377)
4(1478 1479 1498 1497)
4(1358 1378 1499 1480)
4(1377 1498 1499 1378)
4(1479 1480 1499 1498)
4(1359 1379 1500 1481)
4(1378 1499 1500 1379)
4(1480 1481 1500 1499)
4(1360 1380 1501 1482)
4(1379 1500 1501 1380)
4(1481 1482 1501 1500)
4(1361 1381 1502 1483)
4(1380 1501 1502 1381)
4(1482 1483 1502 1501)
4(1362 1382 1503 1484)
4(1381 1502 1503 1382)
4(1483 1484 1503 1502)
4(1363 1383 1504 1485)
4(1382 1503 1504 1383)
4(1484 1485 1504 1503)
4(1364 1384 1505 1486)
4(1383 1504 1505 1384)
4(1485 1486 1505 1504)
4(1365 1385 1506 1487)
4(1384 1505 1506 1385)
4(1486 1487 1506 1505)
4(1366 1386 1507 1488)
4(1385 1506 1507 1386)
4(1487 1488 1507 1506)
4(1367 1387 1508 1489)
4(1386 1507 1508 1387)
4(1488 1489 1508 1507)
4(1368 1388 1509 1490)
4(1387 1508 1509 1388)
4(1489 1490 1509 1508)
4(1369 1389 1510 1491)
4(1388 1509 1510 1389)
4(1389 1510 1511 1390)
4(1373 1394 1514 1494)
4(1493 1494 1514 1513)
4(1374 1395 1515 1495)
4(1494 1495 1515 1514)
4(1375 1396 1516 1496)
4(1495 1496 1516 1515)
4(1376 1397 1517 1497)
4(1496 1497 1517 1516)
4(1377 1398 1518 1498)
4(1497 1498 1518 1517)
4(1378 1399 1519 1499)
4(1498 1499 1519 1518)
4(1379 1400 1520 1500)
4(1499 1500 1520 1519)
4(1380 1401 1521 1501)
4(1500 1501 1521 1520)
4(1381 1402 1522 1502)
4(1501 1502 1522 1521)
4(1382 1403 1523 1503)
4(1502 1503 1523 1522)
4(1383 1404 1524 1504)
4(1503 1504 1524 1523)
4(1384 1405 1525 1505)
4(1504 1505 1525 1524)
4(1385 1406 1526 1506)
4(1505 1506 1526 1525)
4(1386 1407 1527 1507)
4(1506 1507 1527 1526)
4(1387 1408 1528 1508)
4(1507 1508 1528 1527)
4(1388 1409 1529 1509)
4(1508 1509 1529 1528)
4(1389 1410 1530 1510)
4(1509 1510 1530 1529)
4(1390 1411 1531 1511)
4(1415 1421 1539 1534)
4(1420 1538 1539 1421)
4(1416 1422 1540 1535)
4(1421 1539 1540 1422)
4(1422 1540 1541 1423)
4(1420 1428 1545 1538)
4(1427 1544 1545 1428)
4(1537 1538 1545 1544)
4(1421 1429 1546 1539)
4(1428 1545 1546 1429)
4(1538 1539 1546 1545)
4(1422 1430 1547 1540)
4(1429 1546 1547 1430)
4(1539 1540 1547 1546)
4(1423 1431 1548 1541)
4(1430 1547 1548 1431)
4(1540 1541 1548 1547)
4(1431 1548 1549 1432)
4(1427 1437 1554 1544)
4(1436 1553 1554 1437)
4(1543 1544 1554 1553)
4(1428 1438 1555 1545)
4(1437 1554 1555 1438)
4(1544 1545 1555 1554)
4(1429 1439 1556 1546)
4(1438 1555 1556 1439)
4(1545 1546 1556 1555)
4(1430 1440 1557 1547)
4(1439 1556 1557 1440)
4(1546 1547 1557 1556)
4(1431 1441 1558 1548)
4(1440 1557 1558 1441)
4(1547 1548 1558 1557)
4(1432 1442 1559 1549)
4(1441 1558 1559 1442)
4(1548 1549 1559 1558)
4(1433 1443 1560 1550)
4(1442 1559 1560 1443)
4(1443 1560 1561 1444)
4(1436 1448 1565 1553)
4(1447 1564 1565 1448)
4(1552 1553 1565 1564)
4(1437 1449 1566 1554)
4(1448 1565 1566 1449)
4(1553 1554 1566 1565)
4(1438 1450 1567 1555)
4(1449 1566 1567 1450)
4(1554 1555 1567 1566)
4(1439 1451 1568 1556)
4(1450 1567 1568 1451)
4(1555 1556 1568 1567)
4(1440 1452 1569 1557)
4(1451 1568 1569 1452)
4(1556 1557 1569 1568)
4(1441 1453 1570 1558)
4(1452 1569 1570 1453)
4(1557 1558 1570 1569)
4(1442 1454 1571 1559)
4(1453 1570 1571 1454)
4(1558 1559 1571 1570)
4(1443 1455 1572 1560)
4(1454 1571 1572 1455)
4(1559 1560 1572 1571)
4(1444 1456 1573 1561)
4(1455 1572 1573 1456)
4(1560 1561 1573 1572)
4(1456 1573 1574 1457)
4(1447 1461 1577 1564)
4(1460 1576 1577 1461)
4(1563 1564 1577 1576)
4(1448 1462 1578 1565)
4(1461 1577 1578 1462)
4(1564 1565 1578 1577)
4(1449 1463 1579 1566)
4(1462 1578 1579 1463)
4(1565 1566 1579 1578)
4(1450 1464 1580 1567)
4(1463 1579 1580 1464)
4(1566 1567 1580 1579)
4(1451 1465 1581 1568)
4(1464 1580 1581 1465)
4(1567 1568 1581 1580)
4(1452 1466 1582 1569)
4(1465 1581 1582 1466)
4(1568 1569 1582 1581)
4(1453 1467 1583 1570)
4(1466 1582 1583 1467)
4(1569 1570 1583 1582)
4(1454 1468 1584 1571)
4(1467 1583 1584 1468)
4(1570 1571 1584 1583)
4(1455 1469 1585 1572)
4(1468 1584 1585 1469)
4(1571 1572 1585 1584)
4(1456 1470 1586 1573)
4(1469 1585 1586 1470)
4(1572 1573 1586 1585)
4(1470 1586 1587 1471)
4(1460 1477 1591 1576)
4(1476 1590 1591 1477)
4(1575 1576 1591 1590)
4(1461 1478 1592 1577)
4(1477 1591 1592 1478)
4(1576 1577 1592 1591)
4(1462 1479 1593 1578)
4(1478 1592 1593 1479)
4(1577 1578 1593 1592)
4(1463 1480 1594 1579)
4(1479 1593 1594 1480)
4(1578 1579 1594 1593)
4(1464 1481 1595 1580)
4(1480 1594 1595 1481)
4(1579 1580 1595 1594)
4(1465 1482 1596 1581)
4(1481 1595 1596 1482)
4(1580 1581 1596 1595)
4(1466 1483 1597 1582)
4(1482 1596 1597 1483)
4(1581 1582 1597 1596)
4(1467 1484 1598 1583)
4(1483 1597 1598 1484)
4(1582 1583 1598 1597)
4(1468 1485 1599 1584)
4(1484 1598 1599 1485)
4(1583 1584 1599 1598)
4(1469 1486 1600 1585)
4(1485 1599 1600 1486)
4(1584 1585 1600 1599)
4(1470 1487 1601 1586)
4(1486 1600 1601 1487)
4(1585 1586 1601 1600)
4(1471 1488 1602 1587)
4(1487 1601 1602 1488)
4(1586 1587 1602 1601)
4(1488 1602 1603 1489)
4(1476 1495 1607 1590)
4(1494 1606 1607 1495)
4(1589 1590 1607 1606)
4(1477 1496 1608 1591)
4(1495 1607 1608 1496)
4(1590 1591 1608 1607)
4(1478 1497 1609 1592)
4(1496 1608 1609 1497)
4(1591 1592 1609 1608)
4(1479 1498 1610 1593)
4(1497 1609 1610 1498)
4(1592 1593 1610 1609)
4(1480 1499 1611 1594)
4(1498 1610 1611 1499)
4(1593 1594 1611 1610)
4(1481 1500 1612 1595)
4(1499 1611 1612 1500)
4(1594 1595 1612 1611)
4(1482 1501 1613 1596)
4(1500 1612 1613 1501)
4(1595 1596 1613 1612)
4(1483 1502 1614 1597)
4(1501 1613 1614 1502)
4(1596 1597 1614 1613)
4(1484 1503 1615 1598)
4(1502 1614 1615 1503)
4(1597 1598 1615 1614)
4(1485 1504 1616 1599)
4(1503 1615 1616 1504)
4(1598 1599 1616 1615)
4(1486 1505 1617 1600)
4(1504 1616 1617 1505)
4(1599 1600 1617 1616)
4(1487 1506 1618 1601)
4(1505 1617 1618 1506)
4(1600 1601 1618 1617)
4(1488 1507 1619 1602)
4(1506 1618 1619 1507)
4(1601 1602 1619 1618)
4(1489 1508 1620 1603)
4(1507 1619 1620 1508)
4(1508 1620 1621 1509)
4(1494 1514 1624 1606)
4(1605 1606 1624 1623)
4(1495 1515 1625 1607)
4(1606 1607 1625 1624)
4(1496 1516 1626 1608)
4(1607 1608 1626 1625)
4(1497 1517 1627 1609)
4(1608 1609 1627 1626)
4(1498 1518 1628 1610)
4(1609 1610 1628 1627)
4(1499 1519 1629 1611)
4(1610 1611 1629 1628)
4(1500 1520 1630 1612)
4(1611 1612 1630 1629)
4(1501 1521 1631 1613)
4(1612 1613 1631 1630)
4(1502 1522 1632 1614)
4(1613 1614 1632 1631)
4(1503 1523 1633 1615)
4(1614 1615 1633 1632)
4(1504 1524 1634 1616)
4(1615 1616 1634 1633)
4(1505 1525 1635 1617)
4(1616 1617 1635 1634)
4(1506 1526 1636 1618)
4(1617 1618 1636 1635)
4(1507 1527 1637 1619)
4(1618 1619 1637 1636)
4(1508 1528 1638 1620)
4(1509 1529 1639 1621)
4(1538 1545 1648 1642)
4(1544 1647 1648 1545)
4(1641 1642 1648 1647)
4(1539 1546 1649 1643)
4(1545 1648 1649 1546)
4(1642 1643 1649 1648)
4(1540 1547 1650 1644)
4(1546 1649 1650 1547)
4(1547 1650 1651 1548)
4(1544 1554 1655 1647)
4(1553 1654 1655 1554)
4(1646 1647 1655 1654)
4(1545 1555 1656 1648)
4(1554 1655 1656 1555)
4(1647 1648 1656 1655)
4(1546 1556 1657 1649)
4(1555 1656 1657 1556)
4(1648 1649 1657 1656)
4(1547 1557 1658 1650)
4(1556 1657 1658 1557)
4(1649 1650 1658 1657)
4(1548 1558 1659 1651)
4(1557 1658 1659 1558)
4(1650 1651 1659 1658)
4(1558 1659 1660 1559)
4(1553 1565 1665 1654)
4(1564 1664 1665 1565)
4(1653 1654 1665 1664)
4(1554 1566 1666 1655)
4(1565 1665 1666 1566)
4(1654 1655 1666 1665)
4(1555 1567 1667 1656)
4(1566 1666 1667 1567)
4(1655 1656 1667 1666)
4(1556 1568 1668 1657)
4(1567 1667 1668 1568)
4(1656 1657 1668 1667)
4(1557 1569 1669 1658)
4(1568 1668 1669 1569)
4(1657 1658 1669 1668)
4(1558 1570 1670 1659)
4(1569 1669 1670 1570)
4(1658 1659 1670 1669)
4(1559 1571 1671 1660)
4(1570 1670 1671 1571)
4(1659 1660 1671 1670)
4(1560 1572 1672 1661)
4(1571 1671 1672 1572)
4(1660 1661 1672 1671)
4(1572 1672 1673 1573)
4(1564 1577 1676 1664)
4(1576 1675 1676 1577)
4(1663 1664 1676 1675)
4(1565 1578 1677 1665)
4(1577 1676 1677 1578)
4(1664 1665 1677 1676)
4(1566 1579 1678 1666)
4(1578 1677 1678 1579)
4(1665 1666 1678 1677)
4(1567 1580 1679 1667)
4(1579 1678 1679 1580)
4(1666 1667 1679 1678)
4(1568 1581 1680 1668)
4(1580 1679 1680 1581)
4(1667 1668 1680 1679)
4(1569 1582 1681 1669)
4(1581 1680 1681 1582)
4(1668 1669 1681 1680)
4(1570 1583 1682 1670)
4(1582 1681 1682 1583)
4(1669 1670 1682 1681)
4(1571 1584 1683 1671)
4(1583 1682 1683 1584)
4(1670 1671 1683 1682)
4(1572 1585 1684 1672)
4(1584 1683 1684 1585)
4(1671 1672 1684 1683)
4(1585 1684 1685 1586)
4(1576 1591 1689 1675)
4(1590 1688 1689 1591)
4(1674 1675 1689 1688)
4(1577 1592 1690 1676)
4(1591 1689 1690 1592)
4(1675 1676 1690 1689)
4(1578 1593 1691 1677)
4(1592 1690 1691 1593)
4(1676 1677 1691 1690)
4(1579 1594 1692 1678)
4(1593 1691 1692 1594)
4(1677 1678 1692 1691)
4(1580 1595 1693 1679)
4(1594 1692 1693 1595)
4(1678 1679 1693 1692)
4(1581 1596 1694 1680)
4(1595 1693 1694 1596)
4(1679 1680 1694 1693)
4(1582 1597 1695 1681)
4(1596 1694 1695 1597)
4(1680 1681 1695 1694)
4(1583 1598 1696 1682)
4(1597 1695 1696 1598)
4(1681 1682 1696 1695)
4(1584 1599 1697 1683)
4(1598 1696 1697 1599)
4(1682 1683 1697 1696)
4(1585 1600 1698 1684)
4(1599 1697 1698 1600)
4(1683 1684 1698 1697)
4(1586 1601 1699 1685)
4(1600 1698 1699 1601)
4(1601 1699 1700 1602)
4(1590 1607 1703 1688)
4(1606 1702 1703 1607)
4(1687 1688 1703 1702)
4(1591 1608 1704 1689)
4(1607 1703 1704 1608)
4(1688 1689 1704 1703)
4(1592 1609 1705 1690)
4(1608 1704 1705 1609)
4(1689 1690 1705 1704)
4(1593 1610 1706 1691)
4(1609 1705 1706 1610)
4(1690 1691 1706 1705)
4(1594 1611 1707 1692)
4(1610 1706 1707 1611)
4(1691 1692 1707 1706)
4(1595 1612 1708 1693)
4(1611 1707 1708 1612)
4(1692 1693 1708 1707)
4(1596 1613 1709 1694)
4(1612 1708 1709 1613)
4(1693 1694 1709 1708)
4(1597 1614 1710 1695)
4(1613 1709 1710 1614)
4(1694 1695 1710 1709)
4(1598 1615 1711 1696)
4(1614 1710 1711 1615)
4(1695 1696 1711 1710)
4(1599 1616 1712 1697)
4(1615 1711 1712 1616)
4(1696 1697 1712 1711)
4(1600 1617 1713 1698)
4(1616 1712 1713 1617)
4(1697 1698 1713 1712)
4(1601 1618 1714 1699)
4(1617 1713 1714 1618)
4(1618 1714 1715 1619)
4(1606 1624 1717 1702)
4(1607 1625 1718 1703)
4(1702 1703 1718 1717)
4(1608 1626 1719 1704)
4(1703 1704 1719 1718)
4(1609 1627 1720 1705)
4(1704 1705 1720 1719)
4(1610 1628 1721 1706)
4(1705 1706 1721 1720)
4(1611 1629 1722 1707)
4(1706 1707 1722 1721)
4(1612 1630 1723 1708)
4(1707 1708 1723 1722)
4(1613 1631 1724 1709)
4(1708 1709 1724 1723)
4(1614 1632 1725 1710)
4(1709 1710 1725 1724)
4(1615 1633 1726 1711)
4(1710 1711 1726 1725)
4(1616 1634 1727 1712)
4(1711 1712 1727 1726)
4(1617 1635 1728 1713)
4(1712 1713 1728 1727)
4(1618 1636 1729 1714)
4(1642 1648 1736 1732)
4(1647 1735 1736 1648)
4(1648 1736 1737 1649)
4(1647 1655 1742 1735)
4(1654 1741 1742 1655)
4(1648 1656 1743 1736)
4(1655 1742 1743 1656)
4(1735 1736 1743 1742)
4(1649 1657 1744 1737)
4(1656 1743 1744 1657)
4(1736 1737 1744 1743)
4(1650 1658 1745 1738)
4(1657 1744 1745 1658)
4(1737 1738 1745 1744)
4(1658 1745 1746 1659)
4(1654 1665 1751 1741)
4(1664 1750 1751 1665)
4(1655 1666 1752 1742)
4(1665 1751 1752 1666)
4(1741 1742 1752 1751)
4(1656 1667 1753 1743)
4(1666 1752 1753 1667)
4(1742 1743 1753 1752)
4(1657 1668 1754 1744)
4(1667 1753 1754 1668)
4(1743 1744 1754 1753)
4(1658 1669 1755 1745)
4(1668 1754 1755 1669)
4(1744 1745 1755 1754)
4(1659 1670 1756 1746)
4(1669 1755 1756 1670)
4(1745 1746 1756 1755)
4(1660 1671 1757 1747)
4(1670 1756 1757 1671)
4(1671 1757 1758 1672)
4(1664 1676 1761 1750)
4(1675 1760 1761 1676)
4(1749 1750 1761 1760)
4(1665 1677 1762 1751)
4(1676 1761 1762 1677)
4(1750 1751 1762 1761)
4(1666 1678 1763 1752)
4(1677 1762 1763 1678)
4(1751 1752 1763 1762)
4(1667 1679 1764 1753)
4(1678 1763 1764 1679)
4(1752 1753 1764 1763)
4(1668 1680 1765 1754)
4(1679 1764 1765 1680)
4(1753 1754 1765 1764)
4(1669 1681 1766 1755)
4(1680 1765 1766 1681)
4(1754 1755 1766 1765)
4(1670 1682 1767 1756)
4(1681 1766 1767 1682)
4(1755 1756 1767 1766)
4(1671 1683 1768 1757)
4(1682 1767 1768 1683)
4(1756 1757 1768 1767)
4(1683 1768 1769 1684)
4(1675 1689 1772 1760)
4(1688 1771 1772 1689)
4(1759 1760 1772 1771)
4(1676 1690 1773 1761)
4(1689 1772 1773 1690)
4(1760 1761 1773 1772)
4(1677 1691 1774 1762)
4(1690 1773 1774 1691)
4(1761 1762 1774 1773)
4(1678 1692 1775 1763)
4(1691 1774 1775 1692)
4(1762 1763 1775 1774)
4(1679 1693 1776 1764)
4(1692 1775 1776 1693)
4(1763 1764 1776 1775)
4(1680 1694 1777 1765)
4(1693 1776 1777 1694)
4(1764 1765 1777 1776)
4(1681 1695 1778 1766)
4(1694 1777 1778 1695)
4(1765 1766 1778 1777)
4(1682 1696 1779 1767)
4(1695 1778 1779 1696)
4(1766 1767 1779 1778)
4(1683 1697 1780 1768)
4(1696 1779 1780 1697)
4(1767 1768 1780 1779)
4(1697 1780 1781 1698)
4(1688 1703 1783 1771)
4(1702 1782 1783 1703)
4(1770 1771 1783 1782)
4(1689 1704 1784 1772)
4(1703 1783 1784 1704)
4(1771 1772 1784 1783)
4(1690 1705 1785 1773)
4(1704 1784 1785 1705)
4(1772 1773 1785 1784)
4(1691 1706 1786 1774)
4(1705 1785 1786 1706)
4(1773 1774 1786 1785)
4(1692 1707 1787 1775)
4(1706 1786 1787 1707)
4(1774 1775 1787 1786)
4(1693 1708 1788 1776)
4(1707 1787 1788 1708)
4(1775 1776 1788 1787)
4(1694 1709 1789 1777)
4(1708 1788 1789 1709)
4(1776 1777 1789 1788)
4(1695 1710 1790 1778)
4(1709 1789 1790 1710)
4(1777 1778 1790 1789)
4(1696 1711 1791 1779)
4(1710 1790 1791 1711)
4(1778 1779 1791 1790)
4(1697 1712 1792 1780)
4(1711 1791 1792 1712)
4(1779 1780 1792 1791)
4(1712 1792 1793 1713)
4(1703 1718 1795 1783)
4(1782 1783 1795 1794)
4(1704 1719 1796 1784)
4(1783 1784 1796 1795)
4(1705 1720 1797 1785)
4(1784 1785 1797 1796)
4(1706 1721 1798 1786)
4(1785 1786 1798 1797)
4(1707 1722 1799 1787)
4(1786 1787 1799 1798)
4(1708 1723 1800 1788)
4(1787 1788 1800 1799)
4(1709 1724 1801 1789)
4(1788 1789 1801 1800)
4(1710 1725 1802 1790)
4(1789 1790 1802 1801)
4(1711 1726 1803 1791)
4(1790 1791 1803 1802)
4(1712 1727 1804 1792)
4(1791 1792 1804 1803)
4(1736 1743 1812 1807)
4(1742 1811 1812 1743)
4(1737 1744 1813 1808)
4(1743 1812 1813 1744)
4(1744 1813 1814 1745)
4(1742 1752 1819 1811)
4(1751 1818 1819 1752)
4(1743 1753 1820 1812)
4(1752 1819 1820 1753)
4(1744 1754 1821 1813)
4(1753 1820 1821 1754)
4(1745 1755 1822 1814)
4(1754 1821 1822 1755)
4(1755 1822 1823 1756)
4(1750 1761 1827 1817)
4(1760 1826 1827 1761)
4(1751 1762 1828 1818)
4(1761 1827 1828 1762)
4(1817 1818 1828 1827)
4(1752 1763 1829 1819)
4(1762 1828 1829 1763)
4(1818 1819 1829 1828)
4(1753 1764 1830 1820)
4(1763 1829 1830 1764)
4(1819 1820 1830 1829)
4(1754 1765 1831 1821)
4(1764 1830 1831 1765)
4(1820 1821 1831 1830)
4(1755 1766 1832 1822)
4(1765 1831 1832 1766)
4(1821 1822 1832 1831)
4(1756 1767 1833 1823)
4(1766 1832 1833 1767)
4(1767 1833 1834 1768)
4(1760 1772 1837 1826)
4(1771 1836 1837 1772)
4(1761 1773 1838 1827)
4(1772 1837 1838 1773)
4(1826 1827 1838 1837)
4(1762 1774 1839 1828)
4(1773 1838 1839 1774)
4(1827 1828 1839 1838)
4(1763 1775 1840 1829)
4(1774 1839 1840 1775)
4(1828 1829 1840 1839)
4(1764 1776 1841 1830)
4(1775 1840 1841 1776)
4(1829 1830 1841 1840)
4(1765 1777 1842 1831)
4(1776 1841 1842 1777)
4(1830 1831 1842 1841)
4(1766 1778 1843 1832)
4(1777 1842 1843 1778)
4(1831 1832 1843 1842)
4(1767 1779 1844 1833)
4(1778 1843 1844 1779)
4(1779 1844 1845 1780)
4(1771 1783 1847 1836)
4(1782 1846 1847 1783)
4(1772 1784 1848 1837)
4(1783 1847 1848 1784)
4(1836 1837 1848 1847)
4(1773 1785 1849 1838)
4(1784 1848 1849 1785)
4(1837 1838 1849 1848)
4(1774 1786 1850 1839)
4(1785 1849 1850 1786)
4(1838 1839 1850 1849)
4(1775 1787 1851 1840)
4(1786 1850 1851 1787)
4(1839 1840 1851 1850)
4(1776 1788 1852 1841)
4(1787 1851 1852 1788)
4(1840 1841 1852 1851)
4(1777 1789 1853 1842)
4(1788 1852 1853 1789)
4(1841 1842 1853 1852)
4(1778 1790 1854 1843)
4(1789 1853 1854 1790)
4(1842 1843 1854 1853)
4(1779 1791 1855 1844)
4(1790 1854 1855 1791)
4(1843 1844 1855 1854)
4(1791 1855 1856 1792)
4(1783 1795 1858 1847)
4(1846 1847 1858 1857)
4(1784 1796 1859 1848)
4(1847 1848 1859 1858)
4(1785 1797 1860 1849)
4(1848 1849 1860 1859)
4(1786 1798 1861 1850)
4(1849 1850 1861 1860)
4(1787 1799 1862 1851)
4(1850 1851 1862 1861)
4(1788 1800 1863 1852)
4(1851 1852 1863 1862)
4(1789 1801 1864 1853)
4(1852 1853 1864 1863)
4(1790 1802 1865 1854)
4(1853 1854 1865 1864)
4(1791 1803 1866 1855)
4(1818 1828 1876 1869)
4(1827 1875 1876 1828)
4(1819 1829 1877 1870)
4(1828 1876 1877 1829)
4(1820 1830 1878 1871)
4(1829 1877 1878 1830)
4(1821 1831 1879 1872)
4(1830 1878 1879 1831)
4(1831 1879 1880 1832)
4(1827 1838 1883 1875)
4(1837 1882 1883 1838)
4(1828 1839 1884 1876)
4(1838 1883 1884 1839)
4(1829 1840 1885 1877)
4(1839 1884 1885 1840)
4(1830 1841 1886 1878)
4(1840 1885 1886 1841)
4(1831 1842 1887 1879)
4(1841 1886 1887 1842)
4(1878 1879 1887 1886)
4(1842 1887 1888 1843)
4(1837 1848 1892 1882)
4(1847 1891 1892 1848)
4(1838 1849 1893 1883)
4(1848 1892 1893 1849)
4(1839 1850 1894 1884)
4(1849 1893 1894 1850)
4(1883 1884 1894 1893)
4(1840 1851 1895 1885)
4(1850 1894 1895 1851)
4(1884 1885 1895 1894)
4(1841 1852 1896 1886)
4(1851 1895 1896 1852)
4(1885 1886 1896 1895)
4(1842 1853 1897 1887)
4(1852 1896 1897 1853)
4(1886 1887 1897 1896)
4(1843 1854 1898 1888)
4(1853 1897 1898 1854)
4(1847 1858 1901 1891)
4(1848 1859 1902 1892)
4(1849 1860 1903 1893)
4(1892 1893 1903 1902)
4(1850 1861 1904 1894)
4(1893 1894 1904 1903)
4(1851 1862 1905 1895)
4(1894 1895 1905 1904)
4(1852 1863 1906 1896)
4(1895 1896 1906 1905)
4(1853 1864 1907 1897)
4(1896 1897 1907 1906)
4(1886 1914 1915 1887)
4(1884 1894 1918 1912)
4(1893 1917 1918 1894)
4(1885 1895 1919 1913)
4(1894 1918 1919 1895)
4(1886 1896 1920 1914)
4(1895 1919 1920 1896)
4(1896 1920 1921 1897)
4(1893 1903 1923 1917)
4(1894 1904 1924 1918)
4(1895 1905 1925 1919)
4(1896 1906 1926 1920)
4(1082 1262 1263 1083)
4(1262 1393 1394 1263)
4(1393 1513 1514 1394)
4(1513 1623 1624 1514)
4(1623 1716 1717 1624)
4(874 1083 1084 875)
4(1083 1263 1264 1084)
4(1263 1394 1395 1264)
4(1394 1514 1515 1395)
4(1514 1624 1625 1515)
4(1624 1717 1718 1625)
4(1717 1794 1795 1718)
4(1794 1857 1858 1795)
4(1857 1900 1901 1858)
4(875 1084 1085 876)
4(1084 1264 1265 1085)
4(1264 1395 1396 1265)
4(1395 1515 1516 1396)
4(1515 1625 1626 1516)
4(1625 1718 1719 1626)
4(1718 1795 1796 1719)
4(1795 1858 1859 1796)
4(1858 1901 1902 1859)
4(668 876 877 669)
4(876 1085 1086 877)
4(1085 1265 1266 1086)
4(1265 1396 1397 1266)
4(1396 1516 1517 1397)
4(1516 1626 1627 1517)
4(1626 1719 1720 1627)
4(1719 1796 1797 1720)
4(1796 1859 1860 1797)
4(1859 1902 1903 1860)
4(1902 1922 1923 1903)
4(669 877 878 670)
4(877 1086 1087 878)
4(1086 1266 1267 1087)
4(1266 1397 1398 1267)
4(1397 1517 1518 1398)
4(1517 1627 1628 1518)
4(1627 1720 1721 1628)
4(1720 1797 1798 1721)
4(1797 1860 1861 1798)
4(1860 1903 1904 1861)
4(1903 1923 1924 1904)
4(670 878 879 671)
4(878 1087 1088 879)
4(1087 1267 1268 1088)
4(1267 1398 1399 1268)
4(1398 1518 1519 1399)
4(1518 1628 1629 1519)
4(1628 1721 1722 1629)
4(1721 1798 1799 1722)
4(1798 1861 1862 1799)
4(1861 1904 1905 1862)
4(1904 1924 1925 1905)
4(671 879 880 672)
4(879 1088 1089 880)
4(1088 1268 1269 1089)
4(1268 1399 1400 1269)
4(1399 1519 1520 1400)
4(1519 1629 1630 1520)
4(1629 1722 1723 1630)
4(1722 1799 1800 1723)
4(1799 1862 1863 1800)
4(1862 1905 1906 1863)
4(1905 1925 1926 1906)
4(481 672 673 482)
4(672 880 881 673)
4(880 1089 1090 881)
4(1089 1269 1270 1090)
4(1269 1400 1401 1270)
4(1400 1520 1521 1401)
4(1520 1630 1631 1521)
4(1630 1723 1724 1631)
4(1723 1800 1801 1724)
4(1800 1863 1864 1801)
4(1863 1906 1907 1864)
4(1906 1926 1927 1907)
4(482 673 674 483)
4(673 881 882 674)
4(881 1090 1091 882)
4(1090 1270 1271 1091)
4(1270 1401 1402 1271)
4(1401 1521 1522 1402)
4(1521 1631 1632 1522)
4(1631 1724 1725 1632)
4(1724 1801 1802 1725)
4(1801 1864 1865 1802)
4(1864 1907 1908 1865)
4(483 674 675 484)
4(674 882 883 675)
4(882 1091 1092 883)
4(1091 1271 1272 1092)
4(1271 1402 1403 1272)
4(1402 1522 1523 1403)
4(1522 1632 1633 1523)
4(1632 1725 1726 1633)
4(1725 1802 1803 1726)
4(1802 1865 1866 1803)
4(484 675 676 485)
4(675 883 884 676)
4(883 1092 1093 884)
4(1092 1272 1273 1093)
4(1272 1403 1404 1273)
4(1403 1523 1524 1404)
4(1523 1633 1634 1524)
4(1633 1726 1727 1634)
4(1726 1803 1804 1727)
4(1803 1866 1867 1804)
4(485 676 677 486)
4(676 884 885 677)
4(884 1093 1094 885)
4(1093 1273 1274 1094)
4(1273 1404 1405 1274)
4(1404 1524 1525 1405)
4(1524 1634 1635 1525)
4(1634 1727 1728 1635)
4(1727 1804 1805 1728)
4(332 486 487 333)
4(486 677 678 487)
4(677 885 886 678)
4(885 1094 1095 886)
4(1094 1274 1275 1095)
4(1274 1405 1406 1275)
4(1405 1525 1526 1406)
4(1525 1635 1636 1526)
4(1635 1728 1729 1636)
4(333 487 488 334)
4(487 678 679 488)
4(678 886 887 679)
4(886 1095 1096 887)
4(1095 1275 1276 1096)
4(1275 1406 1407 1276)
4(1406 1526 1527 1407)
4(1526 1636 1637 1527)
4(1636 1729 1730 1637)
4(218 334 335 219)
4(334 488 489 335)
4(488 679 680 489)
4(679 887 888 680)
4(887 1096 1097 888)
4(1096 1276 1277 1097)
4(1276 1407 1408 1277)
4(1407 1527 1528 1408)
4(1527 1637 1638 1528)
4(219 335 336 220)
4(335 489 490 336)
4(489 680 681 490)
4(680 888 889 681)
4(888 1097 1098 889)
4(1097 1277 1278 1098)
4(1277 1408 1409 1278)
4(1408 1528 1529 1409)
4(1528 1638 1639 1529)
4(220 336 337 221)
4(336 490 491 337)
4(490 681 682 491)
4(681 889 890 682)
4(889 1098 1099 890)
4(1098 1278 1279 1099)
4(1278 1409 1410 1279)
4(1409 1529 1530 1410)
4(1529 1639 1640 1530)
4(221 337 338 222)
4(337 491 492 338)
4(491 682 683 492)
4(682 890 891 683)
4(890 1099 1100 891)
4(1099 1279 1280 1100)
4(1279 1410 1411 1280)
4(1410 1530 1531 1411)
4(222 338 339 223)
4(338 492 493 339)
4(492 683 684 493)
4(683 891 892 684)
4(891 1100 1101 892)
4(1100 1280 1281 1101)
4(1280 1411 1412 1281)
4(1411 1531 1532 1412)
4(223 339 340 224)
4(339 493 494 340)
4(493 684 685 494)
4(684 892 893 685)
4(892 1101 1102 893)
4(1101 1281 1282 1102)
4(1281 1412 1413 1282)
4(224 340 341 225)
4(340 494 495 341)
4(494 685 686 495)
4(685 893 894 686)
4(893 1102 1103 894)
4(1102 1282 1283 1103)
4(225 341 342 226)
4(341 495 496 342)
4(495 686 687 496)
4(686 894 895 687)
4(894 1103 1104 895)
4(1103 1283 1284 1104)
4(69 128 129 70)
4(128 226 227 129)
4(226 342 343 227)
4(342 496 497 343)
4(496 687 688 497)
4(687 895 896 688)
4(895 1104 1105 896)
4(28 70 71 29)
4(70 129 130 71)
4(129 227 228 130)
4(227 343 344 228)
4(343 497 498 344)
4(497 688 689 498)
4(688 896 897 689)
4(896 1105 1106 897)
4(6 29 30 7)
4(29 71 72 30)
4(71 130 131 72)
4(130 228 229 131)
4(228 344 345 229)
4(344 498 499 345)
4(498 689 690 499)
4(689 897 898 690)
4(897 1106 1107 898)
4(30 72 73 31)
4(72 131 132 73)
4(131 229 230 132)
4(229 345 346 230)
4(345 499 500 346)
4(499 690 691 500)
4(690 898 899 691)
4(898 1107 1108 899)
4(31 73 74 32)
4(73 132 133 74)
4(132 230 231 133)
4(230 346 347 231)
4(346 500 501 347)
4(500 691 692 501)
4(691 899 900 692)
4(899 1108 1109 900)
4(74 133 134 75)
4(133 231 232 134)
4(231 347 348 232)
4(347 501 502 348)
4(501 692 693 502)
4(692 900 901 693)
4(134 232 233 135)
4(232 348 349 233)
4(348 502 503 349)
4(502 693 694 503)
4(233 349 350 234)
4(1 4 5 2)
4(8 13 14 9)
4(9 14 15 10)
4(10 15 16 11)
4(0 1 19 18)
4(13 18 19 14)
4(1 2 20 19)
4(14 19 20 15)
4(15 20 21 16)
4(2 5 25 20)
4(20 25 26 21)
4(5 7 30 25)
4(25 30 31 26)
4(26 31 32 27)
4(8 9 43 42)
4(35 42 43 36)
4(9 10 44 43)
4(36 43 44 37)
4(10 11 45 44)
4(37 44 45 38)
4(38 45 46 39)
4(39 46 47 40)
4(8 42 49 13)
4(12 13 49 48)
4(41 48 49 42)
4(11 16 52 45)
4(45 52 53 46)
4(46 53 54 47)
4(12 48 55 17)
4(16 21 59 52)
4(52 59 60 53)
4(53 60 61 54)
4(17 55 62 22)
4(22 62 63 23)
4(21 26 66 59)
4(26 27 67 66)
4(59 66 67 60)
4(60 67 68 61)
4(23 63 70 28)
4(62 69 70 63)
4(27 32 74 67)
4(67 74 75 68)
4(35 36 84 83)
4(76 83 84 77)
4(33 78 85 37)
4(36 37 85 84)
4(77 84 85 78)
4(35 83 92 42)
4(41 42 92 91)
4(82 91 92 83)
4(40 47 97 88)
4(88 97 98 89)
4(41 91 101 48)
4(90 100 101 91)
4(47 54 107 97)
4(97 107 108 98)
4(98 108 109 99)
4(48 101 111 55)
4(100 110 111 101)
4(54 61 117 107)
4(107 117 118 108)
4(55 111 120 62)
4(110 119 120 111)
4(61 68 126 117)
4(117 126 127 118)
4(62 120 128 69)
4(68 75 134 126)
4(126 134 135 127)
4(76 77 139 138)
4(77 78 140 139)
4(78 79 141 140)
4(136 147 148 137)
4(76 138 149 83)
4(82 83 149 148)
4(137 148 149 138)
4(145 159 160 146)
4(146 160 161 147)
4(157 171 172 158)
4(158 172 173 159)
4(159 173 174 160)
4(90 161 175 100)
4(160 174 175 161)
4(108 183 184 109)
4(171 187 188 172)
4(172 188 189 173)
4(173 189 190 174)
4(100 175 191 110)
4(174 190 191 175)
4(108 118 199 183)
4(183 199 200 184)
4(185 202 203 186)
4(186 203 204 187)
4(187 204 205 188)
4(188 205 206 189)
4(189 206 207 190)
4(110 191 208 119)
4(190 207 208 191)
4(119 208 209 120)
4(118 127 216 199)
4(199 216 217 200)
4(201 218 219 202)
4(202 219 220 203)
4(203 220 221 204)
4(204 221 222 205)
4(205 222 223 206)
4(206 223 224 207)
4(207 224 225 208)
4(120 209 226 128)
4(208 225 226 209)
4(127 135 233 216)
4(216 233 234 217)
4(136 137 238 237)
4(137 138 239 238)
4(138 139 240 239)
4(139 140 241 240)
4(140 141 242 241)
4(141 142 243 242)
4(145 146 250 249)
4(235 249 250 236)
4(136 237 251 147)
4(146 147 251 250)
4(236 250 251 237)
4(144 155 259 245)
4(155 156 260 259)
4(145 249 265 159)
4(158 159 265 264)
4(248 264 265 249)
4(156 170 276 260)
4(259 260 276 275)
4(277 295 296 278)
4(278 296 297 279)
4(185 186 298 297)
4(279 297 298 280)
4(171 281 299 187)
4(186 187 299 298)
4(280 298 299 281)
4(295 314 315 296)
4(185 297 316 202)
4(201 202 316 315)
4(296 315 316 297)
4(313 332 333 314)
4(201 315 334 218)
4(314 333 334 315)
4(238 239 361 360)
4(351 360 361 352)
4(239 240 362 361)
4(352 361 362 353)
4(240 241 363 362)
4(353 362 363 354)
4(241 242 364 363)
4(354 363 364 355)
4(242 243 365 364)
4(355 364 365 356)
4(243 244 366 365)
4(367 388 389 368)
4(368 389 390 369)
4(259 275 409 387)
4(275 276 410 409)
4(388 411 412 389)
4(389 412 413 390)
4(390 413 414 391)
4(391 414 415 392)
4(276 294 433 410)
4(409 410 433 432)
4(411 434 435 412)
4(412 435 436 413)
4(413 436 437 414)
4(414 437 438 415)
4(277 416 439 295)
4(415 438 439 416)
4(432 433 456 455)
4(434 458 459 435)
4(435 459 460 436)
4(436 460 461 437)
4(437 461 462 438)
4(295 439 463 314)
4(313 314 463 462)
4(438 462 463 439)
4(455 456 480 479)
4(457 481 482 458)
4(458 482 483 459)
4(459 483 484 460)
4(460 484 485 461)
4(313 462 486 332)
4(461 485 486 462)
4(351 352 515 514)
4(352 353 516 515)
4(353 354 517 516)
4(354 355 518 517)
4(355 356 519 518)
4(358 359 531 530)
4(356 365 537 519)
4(365 366 538 537)
4(519 537 538 520)
4(521 541 542 522)
4(522 542 543 523)
4(374 375 552 551)
4(375 376 553 552)
4(540 565 566 541)
4(541 566 567 542)
4(367 543 568 388)
4(542 567 568 543)
4(552 553 578 577)
4(553 554 579 578)
4(387 409 589 564)
4(565 590 591 566)
4(566 591 592 567)
4(388 568 593 411)
4(567 592 593 568)
4(409 432 614 589)
4(590 616 617 591)
4(591 617 618 592)
4(411 593 619 434)
4(592 618 619 593)
4(432 455 640 614)
4(615 642 643 616)
4(616 643 644 617)
4(617 644 645 618)
4(434 619 646 458)
4(457 458 646 645)
4(618 645 646 619)
4(455 479 667 640)
4(641 668 669 642)
4(642 669 670 643)
4(643 670 671 644)
4(457 645 672 481)
4(644 671 672 645)
4(666 667 694 693)
4(514 515 713 712)
4(515 516 714 713)
4(516 517 715 714)
4(517 518 716 715)
4(518 519 717 716)
4(519 520 718 717)
4(528 529 728 727)
4(514 712 730 532)
4(531 532 730 729)
4(520 538 736 718)
4(538 539 737 736)
4(521 720 740 541)
4(540 541 740 739)
4(719 739 740 720)
4(529 549 748 728)
4(549 550 749 748)
4(550 551 750 749)
4(551 552 751 750)
4(554 555 753 752)
4(539 564 762 737)
4(540 739 765 565)
4(738 764 765 739)
4(749 750 776 775)
4(552 577 777 751)
4(750 751 777 776)
4(577 578 778 777)
4(554 752 779 579)
4(578 579 779 778)
4(564 589 789 762)
4(763 790 791 764)
4(565 765 792 590)
4(764 791 792 765)
4(589 614 816 789)
4(790 818 819 791)
4(590 792 820 616)
4(615 616 820 819)
4(791 819 820 792)
4(614 640 844 816)
4(817 846 847 818)
4(615 819 848 642)
4(641 642 848 847)
4(818 847 848 819)
4(640 667 873 844)
4(666 872 873 667)
4(843 844 873 872)
4(641 847 876 668)
4(846 875 876 847)
4(666 693 901 872)
4(871 872 901 900)
4(902 903 908 907)
4(697 701 909 904)
4(903 904 909 908)
4(701 702 910 909)
4(702 703 911 910)
4(703 710 919 911)
4(910 911 919 918)
4(710 711 920 919)
4(711 727 937 920)
4(727 728 938 937)
4(719 929 949 739)
4(738 739 949 948)
4(928 948 949 929)
4(728 748 958 938)
4(748 749 959 958)
4(737 762 968 947)
4(738 948 970 764)
4(763 764 970 969)
4(749 775 981 959)
4(775 776 982 981)
4(776 777 983 982)
4(777 778 984 983)
4(778 779 985 984)
4(762 789 995 968)
4(763 969 997 790)
4(983 984 1012 1011)
4(984 985 1013 1012)
4(985 986 1014 1013)
4(986 987 1015 1014)
4(789 816 1023 995)
4(790 997 1026 818)
4(817 818 1026 1025)
4(996 1025 1026 997)
4(843 1051 1052 844)
4(817 1025 1055 846)
4(845 846 1055 1054)
4(1024 1054 1055 1025)
4(1045 1046 1076 1075)
4(843 872 1081 1051)
4(871 1080 1081 872)
4(1075 1076 1105 1104)
4(1076 1077 1106 1105)
4(1077 1078 1107 1106)
4(1078 1079 1108 1107)
4(871 900 1109 1080)
4(1079 1080 1109 1108)
4(905 906 1111 1110)
4(906 907 1112 1111)
4(907 908 1113 1112)
4(908 909 1114 1113)
4(909 910 1115 1114)
4(905 1110 1117 913)
4(912 913 1117 1116)
4(910 918 1122 1115)
4(918 919 1123 1122)
4(919 920 1124 1123)
4(912 1116 1126 929)
4(928 929 1126 1125)
4(920 937 1134 1124)
4(1123 1124 1134 1133)
4(937 938 1135 1134)
4(938 958 1151 1135)
4(958 959 1152 1151)
4(948 1141 1160 970)
4(969 970 1160 1159)
4(959 981 1171 1152)
4(981 982 1172 1171)
4(982 983 1173 1172)
4(1153 1154 1176 1175)
4(969 1159 1182 997)
4(996 997 1182 1181)
4(983 1011 1196 1173)
4(1172 1173 1196 1195)
4(1011 1012 1197 1196)
4(1012 1013 1198 1197)
4(1013 1014 1199 1198)
4(987 1174 1200 1015)
4(1014 1015 1200 1199)
4(1174 1175 1201 1200)
4(996 1181 1208 1025)
4(1024 1025 1208 1207)
4(1197 1198 1225 1224)
4(1198 1199 1226 1225)
4(1199 1200 1227 1226)
4(1200 1201 1228 1227)
4(1045 1228 1229 1046)
4(1201 1202 1229 1228)
4(1202 1203 1230 1229)
4(1225 1226 1254 1253)
4(1226 1227 1255 1254)
4(1045 1075 1256 1228)
4(1227 1228 1256 1255)
4(1046 1229 1257 1076)
4(1076 1257 1258 1077)
4(1229 1230 1258 1257)
4(1077 1258 1259 1078)
4(1230 1231 1259 1258)
4(1078 1259 1260 1079)
4(1231 1232 1260 1259)
4(1079 1260 1261 1080)
4(1232 1233 1261 1260)
4(1254 1255 1283 1282)
4(1075 1104 1284 1256)
4(1255 1256 1284 1283)
4(1110 1111 1286 1285)
4(1111 1112 1287 1286)
4(1112 1113 1288 1287)
4(1113 1114 1289 1288)
4(1114 1115 1290 1289)
4(1285 1286 1293 1292)
4(1115 1122 1297 1290)
4(1289 1290 1297 1296)
4(1122 1123 1298 1297)
4(1116 1291 1300 1126)
4(1125 1126 1300 1299)
4(1123 1133 1307 1298)
4(1133 1134 1308 1307)
4(1134 1135 1309 1308)
4(1125 1299 1310 1141)
4(1299 1300 1311 1310)
4(1135 1151 1320 1309)
4(1308 1309 1320 1319)
4(1151 1152 1321 1320)
4(1141 1310 1323 1160)
4(1159 1160 1323 1322)
4(1152 1171 1334 1321)
4(1320 1321 1334 1333)
4(1171 1172 1335 1334)
4(1159 1322 1337 1182)
4(1181 1182 1337 1336)
4(1172 1195 1350 1335)
4(1334 1335 1350 1349)
4(1195 1196 1351 1350)
4(1196 1197 1352 1351)
4(1181 1336 1354 1208)
4(1207 1208 1354 1353)
4(1197 1224 1370 1352)
4(1224 1225 1371 1370)
4(1207 1353 1373 1235)
4(1234 1235 1373 1372)
4(1225 1253 1391 1371)
4(1253 1254 1392 1391)
4(1254 1282 1413 1392)
4(1286 1287 1415 1414)
4(1287 1288 1416 1415)
4(1288 1289 1417 1416)
4(1291 1292 1419 1418)
4(1286 1414 1420 1293)
4(1292 1293 1420 1419)
4(1289 1296 1423 1417)
4(1296 1297 1424 1423)
4(1297 1298 1425 1424)
4(1291 1418 1426 1300)
4(1418 1419 1427 1426)
4(1298 1307 1433 1425)
4(1424 1425 1433 1432)
4(1307 1308 1434 1433)
4(1300 1426 1436 1311)
4(1310 1311 1436 1435)
4(1308 1319 1444 1434)
4(1319 1320 1445 1444)
4(1310 1435 1447 1323)
4(1322 1323 1447 1446)
4(1320 1333 1457 1445)
4(1333 1334 1458 1457)
4(1334 1349 1472 1458)
4(1349 1350 1473 1472)
4(1350 1351 1474 1473)
4(1414 1415 1534 1533)
4(1415 1416 1535 1534)
4(1416 1417 1536 1535)
4(1414 1533 1538 1420)
4(1419 1420 1538 1537)
4(1533 1534 1539 1538)
4(1534 1535 1540 1539)
4(1417 1423 1541 1536)
4(1535 1536 1541 1540)
4(1423 1424 1542 1541)
4(1419 1537 1544 1427)
4(1426 1427 1544 1543)
4(1424 1432 1549 1542)
4(1541 1542 1549 1548)
4(1432 1433 1550 1549)
4(1433 1434 1551 1550)
4(1426 1543 1553 1436)
4(1435 1436 1553 1552)
4(1549 1550 1560 1559)
4(1434 1444 1561 1551)
4(1444 1445 1562 1561)
4(1435 1552 1564 1447)
4(1446 1447 1564 1563)
4(1446 1563 1576 1460)
4(1459 1460 1576 1575)
4(1459 1575 1590 1476)
4(1475 1476 1590 1589)
4(1475 1589 1606 1494)
4(1493 1494 1606 1605)
4(1537 1538 1642 1641)
4(1538 1539 1643 1642)
4(1539 1540 1644 1643)
4(1540 1541 1645 1644)
4(1537 1641 1647 1544)
4(1543 1544 1647 1646)
4(1643 1644 1650 1649)
4(1541 1548 1651 1645)
4(1644 1645 1651 1650)
4(1548 1549 1652 1651)
4(1543 1646 1654 1553)
4(1552 1553 1654 1653)
4(1549 1559 1660 1652)
4(1651 1652 1660 1659)
4(1559 1560 1661 1660)
4(1552 1653 1664 1564)
4(1563 1564 1664 1663)
4(1563 1663 1675 1576)
4(1575 1576 1675 1674)
4(1575 1674 1688 1590)
4(1589 1590 1688 1687)
4(1589 1687 1702 1606)
4(1605 1606 1702 1701)
4(1641 1642 1732 1731)
4(1642 1643 1733 1732)
4(1641 1731 1735 1647)
4(1646 1647 1735 1734)
4(1643 1649 1737 1733)
4(1732 1733 1737 1736)
4(1649 1650 1738 1737)
4(1650 1651 1739 1738)
4(1646 1734 1741 1654)
4(1653 1654 1741 1740)
4(1734 1735 1742 1741)
4(1651 1659 1746 1739)
4(1738 1739 1746 1745)
4(1659 1660 1747 1746)
4(1660 1661 1748 1747)
4(1653 1740 1750 1664)
4(1663 1664 1750 1749)
4(1740 1741 1751 1750)
4(1746 1747 1757 1756)
4(1663 1749 1760 1675)
4(1674 1675 1760 1759)
4(1674 1759 1771 1688)
4(1687 1688 1771 1770)
4(1736 1737 1808 1807)
4(1737 1738 1809 1808)
4(1735 1806 1811 1742)
4(1741 1742 1811 1810)
4(1806 1807 1812 1811)
4(1807 1808 1813 1812)
4(1738 1745 1814 1809)
4(1808 1809 1814 1813)
4(1745 1746 1815 1814)
4(1749 1750 1817 1816)
4(1741 1810 1818 1751)
4(1750 1751 1818 1817)
4(1810 1811 1819 1818)
4(1811 1812 1820 1819)
4(1812 1813 1821 1820)
4(1813 1814 1822 1821)
4(1746 1756 1823 1815)
4(1814 1815 1823 1822)
4(1756 1757 1824 1823)
4(1749 1816 1826 1760)
4(1759 1760 1826 1825)
4(1816 1817 1827 1826)
4(1759 1825 1836 1771)
4(1770 1771 1836 1835)
4(1825 1826 1837 1836)
4(1817 1818 1869 1868)
4(1818 1819 1870 1869)
4(1819 1820 1871 1870)
4(1820 1821 1872 1871)
4(1821 1822 1873 1872)
4(1817 1868 1875 1827)
4(1826 1827 1875 1874)
4(1868 1869 1876 1875)
4(1869 1870 1877 1876)
4(1826 1874 1882 1837)
4(1836 1837 1882 1881)
4(1876 1877 1885 1884)
4(1877 1878 1886 1885)
4(1882 1883 1893 1892)
4(1890 1891 1901 1900)
4(1891 1892 1902 1901)
4(1884 1885 1913 1912)
4(1878 1909 1914 1886)
4(1885 1886 1914 1913)
4(1909 1910 1915 1914)
4(1883 1911 1917 1893)
4(1892 1893 1917 1916)
4(1911 1912 1918 1917)
4(1912 1913 1919 1918)
4(1913 1914 1920 1919)
4(1914 1915 1921 1920)
4(1892 1916 1922 1902)
4(1916 1917 1923 1922)
4(1917 1918 1924 1923)
4(1918 1919 1925 1924)
4(1353 1475 1494 1373)
4(1372 1373 1494 1493)
4(704 913 930 720)
4(719 720 930 929)
4(912 929 930 913)
4(816 844 1052 1023)
4(1110 1285 1292 1117)
4(1116 1117 1292 1291)
4(928 1125 1141 948)
4(82 148 162 91)
4(90 91 162 161)
4(147 161 162 148)
4(1336 1459 1476 1354)
4(1353 1354 1476 1475)
4(1874 1875 1883 1882)
4(1875 1876 1884 1883)
4(1883 1884 1912 1911)
4(1550 1551 1561 1560)
4(1560 1561 1662 1661)
4(244 245 259 258)
4(244 258 386 366)
4(258 259 387 386)
4(366 386 563 538)
4(386 387 564 563)
4(538 563 564 539)
4(1391 1392 1413 1412)
4(1391 1412 1532 1512)
4(1731 1732 1736 1735)
4(1735 1736 1807 1806)
4(0 3 4 1)
4(4 6 7 5)
4(12 17 18 13)
4(0 18 23 3)
4(17 22 23 18)
4(3 23 24 4)
4(4 24 29 6)
4(23 28 29 24)
4(33 37 38 34)
4(33 34 79 78)
4(34 38 86 79)
4(38 39 87 86)
4(79 86 87 80)
4(39 40 88 87)
4(80 87 88 81)
4(79 80 142 141)
4(80 81 143 142)
4(81 88 154 143)
4(88 89 155 154)
4(143 154 155 144)
4(89 98 169 155)
4(98 99 170 169)
4(155 169 170 156)
4(99 109 184 170)
4(142 143 244 243)
4(143 144 245 244)
4(246 262 263 247)
4(157 158 264 263)
4(247 263 264 248)
4(261 279 280 262)
4(157 263 281 171)
4(262 280 281 263)
4(170 184 294 276)
4(184 200 312 294)
4(200 217 331 312)
4(217 234 350 331)
4(330 331 350 349)
4(235 236 358 357)
4(236 237 359 358)
4(237 238 360 359)
4(246 247 375 374)
4(247 248 376 375)
4(235 357 377 249)
4(248 249 377 376)
4(357 358 378 377)
4(369 390 391 370)
4(370 391 392 371)
4(372 394 395 373)
4(246 374 396 262)
4(261 262 396 395)
4(373 395 396 374)
4(392 415 416 393)
4(277 278 417 416)
4(393 416 417 394)
4(261 395 418 279)
4(278 279 418 417)
4(394 417 418 395)
4(294 312 456 433)
4(312 331 480 456)
4(330 479 480 331)
4(330 349 503 479)
4(504 509 510 505)
4(505 510 511 506)
4(506 511 512 507)
4(508 522 523 509)
4(509 523 524 510)
4(510 524 525 511)
4(511 525 526 512)
4(512 526 527 513)
4(351 514 532 360)
4(359 360 532 531)
4(367 368 544 543)
4(523 543 544 524)
4(368 369 545 544)
4(524 544 545 525)
4(369 370 546 545)
4(525 545 546 526)
4(370 371 547 546)
4(526 546 547 527)
4(527 547 548 528)
4(528 548 549 529)
4(372 373 550 549)
4(373 374 551 550)
4(376 377 554 553)
4(358 530 555 378)
4(377 378 555 554)
4(530 531 556 555)
4(371 392 572 547)
4(392 393 573 572)
4(547 572 573 548)
4(372 549 574 394)
4(393 394 574 573)
4(548 573 574 549)
4(479 503 694 667)
4(504 505 700 699)
4(695 699 700 696)
4(505 506 701 700)
4(696 700 701 697)
4(506 507 702 701)
4(504 699 706 509)
4(508 509 706 705)
4(698 705 706 699)
4(507 512 709 702)
4(512 513 710 709)
4(702 709 710 703)
4(513 527 726 710)
4(527 528 727 726)
4(710 726 727 711)
4(531 729 754 556)
4(555 556 754 753)
4(752 753 780 779)
4(753 754 781 780)
4(695 696 903 902)
4(696 697 904 903)
4(695 902 907 699)
4(698 699 907 906)
4(698 906 914 705)
4(704 705 914 913)
4(905 913 914 906)
4(712 713 922 921)
4(713 714 923 922)
4(714 715 924 923)
4(715 716 925 924)
4(716 717 926 925)
4(717 718 927 926)
4(712 921 940 730)
4(729 730 940 939)
4(921 922 941 940)
4(922 923 942 941)
4(923 924 943 942)
4(924 925 944 943)
4(925 926 945 944)
4(718 736 946 927)
4(926 927 946 945)
4(736 737 947 946)
4(729 939 960 754)
4(939 940 961 960)
4(940 941 962 961)
4(945 946 967 966)
4(946 947 968 967)
4(779 780 986 985)
4(754 960 987 781)
4(780 781 987 986)
4(960 961 988 987)
4(966 967 994 993)
4(967 968 995 994)
4(993 994 1022 1021)
4(994 995 1023 1022)
4(1021 1022 1051 1050)
4(1022 1023 1052 1051)
4(1050 1051 1081 1080)
4(941 942 1137 1136)
4(942 943 1138 1137)
4(943 944 1139 1138)
4(944 945 1140 1139)
4(941 1136 1154 962)
4(961 962 1154 1153)
4(1136 1137 1155 1154)
4(1137 1138 1156 1155)
4(1138 1139 1157 1156)
4(945 966 1158 1140)
4(1139 1140 1158 1157)
4(961 1153 1175 988)
4(987 988 1175 1174)
4(1154 1155 1177 1176)
4(1155 1156 1178 1177)
4(1156 1157 1179 1178)
4(966 993 1180 1158)
4(1157 1158 1180 1179)
4(1175 1176 1202 1201)
4(1176 1177 1203 1202)
4(1177 1178 1204 1203)
4(1178 1179 1205 1204)
4(993 1021 1206 1180)
4(1179 1180 1206 1205)
4(1203 1204 1231 1230)
4(1204 1205 1232 1231)
4(1021 1050 1233 1206)
4(1205 1206 1233 1232)
4(1050 1080 1261 1233)
4(1053 1234 1262 1082)
4(1351 1352 1370 1369)
4(1370 1371 1391 1390)
4(1234 1372 1393 1262)
4(1457 1458 1472 1471)
4(1472 1473 1490 1489)
4(1351 1369 1491 1474)
4(1473 1474 1491 1490)
4(1369 1370 1492 1491)
4(1490 1491 1510 1509)
4(1370 1390 1511 1492)
4(1491 1492 1511 1510)
4(1390 1391 1512 1511)
4(1372 1493 1513 1393)
4(1510 1511 1531 1530)
4(1511 1512 1532 1531)
4(1445 1457 1574 1562)
4(1561 1562 1574 1573)
4(1457 1471 1587 1574)
4(1573 1574 1587 1586)
4(1471 1472 1588 1587)
4(1472 1489 1603 1588)
4(1587 1588 1603 1602)
4(1489 1490 1604 1603)
4(1602 1603 1620 1619)
4(1490 1509 1621 1604)
4(1603 1604 1621 1620)
4(1509 1510 1622 1621)
4(1493 1605 1623 1513)
4(1619 1620 1638 1637)
4(1620 1621 1639 1638)
4(1510 1530 1640 1622)
4(1621 1622 1640 1639)
4(1561 1573 1673 1662)
4(1661 1662 1673 1672)
4(1573 1586 1685 1673)
4(1672 1673 1685 1684)
4(1586 1587 1686 1685)
4(1684 1685 1699 1698)
4(1587 1602 1700 1686)
4(1685 1686 1700 1699)
4(1698 1699 1714 1713)
4(1602 1619 1715 1700)
4(1699 1700 1715 1714)
4(1605 1701 1716 1623)
4(1701 1702 1717 1716)
4(1713 1714 1729 1728)
4(1619 1637 1730 1715)
4(1714 1715 1730 1729)
4(1661 1672 1758 1748)
4(1747 1748 1758 1757)
4(1672 1684 1769 1758)
4(1757 1758 1769 1768)
4(1684 1698 1781 1769)
4(1768 1769 1781 1780)
4(1687 1770 1782 1702)
4(1698 1713 1793 1781)
4(1780 1781 1793 1792)
4(1702 1782 1794 1717)
4(1713 1728 1805 1793)
4(1792 1793 1805 1804)
4(1822 1823 1833 1832)
4(1757 1768 1834 1824)
4(1823 1824 1834 1833)
4(1832 1833 1844 1843)
4(1768 1780 1845 1834)
4(1833 1834 1845 1844)
4(1770 1835 1846 1782)
4(1835 1836 1847 1846)
4(1780 1792 1856 1845)
4(1844 1845 1856 1855)
4(1782 1846 1857 1794)
4(1854 1855 1866 1865)
4(1792 1804 1867 1856)
4(1855 1856 1867 1866)
4(1870 1871 1878 1877)
4(1871 1872 1879 1878)
4(1822 1832 1880 1873)
4(1872 1873 1880 1879)
4(1832 1843 1888 1880)
4(1879 1880 1888 1887)
4(1843 1844 1889 1888)
4(1836 1881 1891 1847)
4(1846 1847 1891 1890)
4(1881 1882 1892 1891)
4(1887 1888 1898 1897)
4(1844 1855 1899 1889)
4(1854 1898 1899 1855)
4(1888 1889 1899 1898)
4(1846 1890 1900 1857)
4(1854 1865 1908 1898)
4(1897 1898 1908 1907)
4(1878 1879 1910 1909)
4(1879 1887 1915 1910)
4(1887 1897 1921 1915)
4(1919 1920 1926 1925)
4(1897 1907 1927 1921)
4(1920 1921 1927 1926)
4(508 705 721 522)
4(521 522 721 720)
4(704 720 721 705)
4(1322 1446 1460 1337)
4(1336 1337 1460 1459)
4(845 1054 1083 874)
4(1053 1082 1083 1054)
4(1024 1207 1235 1054)
4(1053 1054 1235 1234)
4(845 874 875 846)
)


// ************************************************************************* //
