/*--------------------------------*- C++ -*----------------------------------*\
  =========                 |
  \\      /  F ield         | OpenFOAM: The Open Source CFD Toolbox
   \\    /   O peration     | Website:  https://openfoam.org
    \\  /    A nd           | Version:  6
     \\/     M anipulation  |
\*---------------------------------------------------------------------------*/
FoamFile
{
    version     2.0;
    format      ascii;
    class       labelList;
    note        "nPoints:1928  nCells:1297  nFaces:4462  nInternalFaces:3320";
    location    "constant/region349/polyMesh";
    object      neighbour;
}
// * * * * * * * * * * * * * * * * * * * * * * * * * * * * * * * * * * * * * //


3320
(
1
11
2
12
15
4
7
25
5
8
26
9
27
7
10
30
8
11
31
9
12
32
13
33
11
36
12
14
37
13
15
38
16
39
15
43
16
44
17
45
46
21
50
20
25
54
21
26
55
22
27
56
23
28
57
29
58
25
30
61
26
31
62
27
32
63
28
33
64
29
34
65
35
66
31
36
70
32
37
71
33
38
72
34
39
73
35
40
74
41
75
37
42
78
38
43
79
39
44
80
40
45
81
41
46
82
47
83
43
85
44
86
45
87
46
88
47
89
90
49
54
94
50
55
95
51
56
96
52
57
97
58
98
54
61
103
55
62
104
56
63
105
57
64
106
58
65
107
59
66
108
67
109
61
69
115
62
70
116
63
71
117
64
72
118
65
73
119
66
74
120
67
75
121
68
76
122
123
70
77
128
71
78
129
72
79
130
73
80
131
74
81
132
75
82
133
76
83
134
84
135
78
143
79
85
144
80
86
145
81
87
146
82
88
147
83
89
148
84
90
149
91
150
86
160
87
161
88
162
89
163
90
164
91
165
166
93
102
170
94
103
171
95
104
172
96
105
173
97
106
174
98
107
175
99
108
176
109
101
113
180
102
114
181
103
115
182
104
116
183
105
117
184
106
118
185
107
119
186
108
120
187
109
121
188
110
122
189
123
112
124
192
113
125
193
114
126
194
115
127
195
116
128
196
117
129
197
118
130
198
119
131
199
120
132
200
121
133
201
122
134
202
123
135
203
136
204
125
139
209
126
140
210
127
141
211
128
142
212
129
143
213
130
144
214
131
145
215
132
146
216
133
147
217
134
148
218
135
149
219
136
150
220
151
221
138
153
224
139
154
225
140
155
226
141
156
227
142
157
228
143
158
229
144
159
230
145
160
231
146
161
232
147
162
233
148
163
234
149
164
235
150
165
236
151
166
237
167
238
153
241
154
242
155
243
156
244
157
245
158
246
159
247
160
248
161
249
162
250
163
251
164
252
165
253
166
254
167
255
169
180
170
181
261
171
182
262
172
183
263
173
184
264
174
185
265
175
186
266
176
187
267
188
268
178
191
275
179
192
276
180
193
277
181
194
278
182
195
279
183
196
280
184
197
281
185
198
282
186
199
283
187
200
284
188
201
285
189
202
286
203
287
191
207
295
192
208
296
193
209
297
194
210
298
195
211
299
196
212
300
197
213
301
198
214
302
199
215
303
200
216
304
201
217
305
202
218
306
203
219
307
204
220
308
221
206
222
314
207
223
315
208
224
316
209
225
317
210
226
318
211
227
319
212
228
320
213
229
321
214
230
322
215
231
323
216
232
324
217
233
325
218
234
326
219
235
327
220
236
328
221
237
329
238
223
240
335
224
241
336
225
242
337
226
243
338
227
244
339
228
245
340
229
246
341
230
247
342
231
248
343
232
249
344
233
250
345
234
251
346
235
252
347
236
253
348
237
254
349
238
255
350
240
356
241
357
242
358
243
359
244
360
245
361
246
362
247
363
248
364
249
365
250
366
251
367
252
368
253
369
254
370
255
371
372
257
263
381
258
264
382
259
265
383
260
266
384
267
385
262
279
263
280
395
264
281
396
265
282
397
266
283
398
267
284
399
268
285
400
286
401
270
288
406
271
289
407
272
290
408
291
409
274
294
412
275
295
413
276
296
414
277
297
278
298
279
299
415
280
300
416
281
301
417
282
302
418
283
303
419
284
304
420
285
305
421
286
306
422
287
307
423
308
424
289
309
428
290
310
429
291
311
430
292
312
431
293
313
432
294
314
433
295
315
434
296
316
435
297
317
436
298
318
437
299
319
438
300
320
439
301
321
440
302
322
441
303
323
442
304
324
443
305
325
444
306
326
445
307
327
446
308
328
447
329
448
310
330
452
311
331
453
312
332
454
313
333
455
314
334
456
315
335
457
316
336
458
317
337
459
318
338
460
319
339
461
320
340
462
321
341
463
322
342
464
323
343
465
324
344
466
325
345
467
326
346
468
327
347
469
328
348
470
329
349
471
350
472
331
352
477
332
353
478
333
354
479
334
355
480
335
356
481
336
357
482
337
358
483
338
359
484
339
360
485
340
361
486
341
362
487
342
363
488
343
364
489
344
365
490
345
366
491
346
367
492
347
368
493
348
369
494
349
370
495
350
371
496
372
497
352
502
353
503
354
504
355
505
356
506
357
507
358
508
359
509
360
510
361
511
362
512
363
513
364
514
365
515
366
516
367
517
368
518
369
519
370
520
371
521
372
522
374
377
526
375
378
527
379
528
377
388
531
378
389
532
379
390
533
380
391
534
392
535
382
396
537
383
397
538
384
398
539
385
399
540
386
400
541
401
542
388
404
544
389
405
545
390
406
546
391
407
547
392
408
548
393
409
549
394
410
550
411
551
396
417
552
397
418
553
398
419
554
399
420
555
400
421
556
401
422
557
402
423
558
424
559
404
425
561
405
426
562
406
427
563
407
428
564
408
429
565
409
430
566
410
431
567
411
432
568
412
433
569
413
434
570
414
435
436
416
439
417
440
418
441
571
419
442
572
420
443
573
421
444
574
422
445
575
423
446
576
424
447
577
448
578
426
449
581
427
450
582
428
451
583
429
452
584
430
453
585
431
454
586
432
455
587
433
456
588
434
457
589
435
458
590
436
459
591
437
460
592
438
461
593
439
462
594
440
463
595
441
464
596
442
465
597
443
466
598
444
467
599
445
468
600
446
469
601
447
470
602
448
471
603
472
604
450
474
607
451
475
608
452
476
609
453
477
610
454
478
611
455
479
612
456
480
613
457
481
614
458
482
615
459
483
616
460
484
617
461
485
618
462
486
619
463
487
620
464
488
621
465
489
622
466
490
623
467
491
624
468
492
625
469
493
626
470
494
627
471
495
628
472
496
629
497
630
474
499
633
475
500
634
476
501
635
477
502
636
478
503
637
479
504
638
480
505
639
481
506
640
482
507
641
483
508
642
484
509
643
485
510
644
486
511
645
487
512
646
488
513
647
489
514
648
490
515
649
491
516
650
492
517
651
493
518
652
494
519
653
495
520
654
496
521
655
497
522
656
499
659
500
660
501
661
502
662
503
663
504
664
505
665
506
666
507
667
508
668
509
669
510
670
511
671
512
672
513
673
514
674
515
675
516
676
517
677
518
678
519
679
520
680
521
681
522
682
524
526
527
526
531
684
527
532
685
528
533
686
529
534
687
535
531
544
689
532
545
690
533
546
691
534
547
692
535
548
693
536
549
694
550
695
538
553
539
554
540
555
541
556
542
557
558
544
561
697
545
562
698
546
563
699
547
564
700
548
565
701
549
566
702
550
567
703
551
568
704
569
705
553
571
554
572
555
573
706
556
574
707
557
575
708
558
576
709
559
577
578
561
580
710
562
581
711
563
582
712
564
583
713
565
584
714
566
585
715
567
586
716
568
587
717
569
588
718
570
589
719
590
720
572
597
573
598
721
574
599
722
575
600
723
576
601
724
577
602
725
578
603
604
580
605
726
581
606
727
582
607
728
583
608
729
584
609
730
585
610
731
586
611
732
587
612
733
588
613
734
589
614
735
590
615
736
591
616
737
592
617
738
593
618
739
594
619
595
620
596
621
597
622
598
623
740
599
624
741
600
625
742
601
626
743
602
627
744
603
628
745
604
629
630
606
632
747
607
633
748
608
634
749
609
635
750
610
636
751
611
637
752
612
638
753
613
639
754
614
640
755
615
641
756
616
642
757
617
643
758
618
644
759
619
645
760
620
646
761
621
647
762
622
648
763
623
649
764
624
650
765
625
651
766
626
652
767
627
653
768
628
654
769
629
655
770
630
656
632
658
772
633
659
773
634
660
774
635
661
775
636
662
776
637
663
777
638
664
778
639
665
779
640
666
780
641
667
781
642
668
782
643
669
783
644
670
784
645
671
785
646
672
786
647
673
787
648
674
788
649
675
789
650
676
790
651
677
791
652
678
653
679
792
654
680
793
655
681
794
656
682
795
658
797
659
798
660
799
661
800
662
801
663
802
664
803
665
804
666
805
667
806
668
807
669
808
670
809
671
810
672
811
673
812
674
813
675
814
676
815
677
816
678
817
679
680
681
682
684
689
818
685
690
819
686
691
820
687
692
821
693
822
689
697
823
690
698
824
691
699
825
692
700
826
693
701
827
694
702
828
695
703
829
704
697
710
830
698
711
831
699
712
832
700
713
833
701
714
834
702
715
835
703
716
836
704
717
837
705
718
838
719
839
707
722
708
723
709
724
725
711
727
840
712
728
841
713
729
842
714
730
843
715
731
844
716
732
845
717
733
846
718
734
847
719
735
848
720
736
849
737
850
722
741
723
742
724
743
725
744
745
727
747
851
728
748
852
729
749
853
730
750
854
731
751
855
732
752
856
733
753
857
734
754
858
735
755
859
736
756
860
737
757
861
738
758
862
739
759
863
760
741
765
742
766
743
767
744
768
745
769
770
747
772
864
748
773
865
749
774
866
750
775
867
751
776
868
752
777
869
753
778
870
754
779
871
755
780
872
756
781
873
757
782
874
758
783
875
759
784
876
760
785
877
761
786
878
762
787
879
763
788
764
789
765
790
766
791
767
768
792
769
793
770
794
795
772
797
880
773
798
881
774
799
882
775
800
883
776
801
884
777
802
885
778
803
886
779
804
887
780
805
888
781
806
889
782
807
890
783
808
891
784
809
892
785
810
893
786
811
894
787
812
895
788
813
896
789
814
897
790
815
791
816
817
793
794
795
797
898
798
899
799
900
800
901
801
902
802
903
803
904
804
905
805
906
806
907
807
908
808
909
809
910
810
911
811
912
812
913
813
914
814
915
815
916
816
917
817
819
824
820
825
918
821
826
919
822
827
920
828
824
831
921
825
832
922
826
833
923
827
834
924
828
835
925
829
836
926
837
927
831
840
832
841
928
833
842
929
834
843
930
835
844
931
836
845
932
837
846
933
838
847
934
839
848
935
849
841
852
936
842
853
937
843
854
938
844
855
939
845
856
940
846
857
941
847
858
942
848
859
943
849
860
944
850
861
945
862
852
865
946
853
866
947
854
867
948
855
868
949
856
869
950
857
870
951
858
871
952
859
872
953
860
873
954
861
874
955
862
875
956
863
876
957
877
865
881
958
866
882
959
867
883
960
868
884
961
869
885
962
870
886
963
871
887
964
872
888
965
873
889
966
874
890
967
875
891
968
876
892
969
877
893
970
878
894
971
879
895
972
896
881
899
973
882
900
974
883
901
975
884
902
976
885
903
977
886
904
978
887
905
979
888
906
980
889
907
981
890
908
982
891
909
983
892
910
984
893
911
985
894
912
986
895
913
987
896
914
988
897
915
989
916
899
990
900
991
901
992
902
993
903
994
904
995
905
996
906
997
907
998
908
999
909
1000
910
1001
911
1002
912
1003
913
1004
914
1005
915
1006
916
1007
917
1008
919
923
1009
920
924
1010
925
1011
922
928
923
929
1012
924
930
1013
925
931
1014
926
932
1015
927
933
1016
934
929
937
1017
930
938
1018
931
939
1019
932
940
1020
933
941
1021
934
942
1022
935
943
1023
944
1024
937
947
1025
938
948
1026
939
949
1027
940
950
1028
941
951
1029
942
952
1030
943
953
1031
944
954
1032
945
955
1033
956
1034
947
959
1035
948
960
1036
949
961
1037
950
962
1038
951
963
1039
952
964
1040
953
965
1041
954
966
1042
955
967
1043
956
968
1044
957
969
1045
970
959
974
1046
960
975
1047
961
976
1048
962
977
1049
963
978
1050
964
979
1051
965
980
1052
966
981
1053
967
982
1054
968
983
1055
969
984
1056
970
985
1057
971
986
1058
972
987
988
974
991
1059
975
992
1060
976
993
1061
977
994
1062
978
995
1063
979
996
1064
980
997
1065
981
998
1066
982
999
1067
983
1000
1068
984
1001
1069
985
1002
1070
986
1003
1071
987
1004
1072
988
1005
1073
989
1006
1007
991
1074
992
1075
993
1076
994
1077
995
1078
996
1079
997
1080
998
1081
999
1082
1000
1083
1001
1084
1002
1085
1003
1086
1004
1087
1005
1088
1006
1089
1007
1090
1008
1010
1013
1011
1014
1015
1013
1018
1091
1014
1019
1092
1015
1020
1093
1016
1021
1094
1022
1018
1026
1095
1019
1027
1096
1020
1028
1097
1021
1029
1098
1022
1030
1099
1023
1031
1100
1024
1032
1033
1026
1036
1101
1027
1037
1102
1028
1038
1103
1029
1039
1104
1030
1040
1105
1031
1041
1106
1032
1042
1107
1033
1043
1108
1034
1044
1109
1045
1036
1047
1110
1037
1048
1111
1038
1049
1112
1039
1050
1113
1040
1051
1114
1041
1052
1115
1042
1053
1116
1043
1054
1117
1044
1055
1118
1045
1056
1119
1057
1047
1060
1120
1048
1061
1121
1049
1062
1122
1050
1063
1123
1051
1064
1124
1052
1065
1125
1053
1066
1126
1054
1067
1127
1055
1068
1128
1056
1069
1129
1057
1070
1130
1058
1071
1131
1072
1060
1075
1132
1061
1076
1133
1062
1077
1134
1063
1078
1135
1064
1079
1136
1065
1080
1137
1066
1081
1138
1067
1082
1139
1068
1083
1140
1069
1084
1141
1070
1085
1142
1071
1086
1143
1072
1087
1144
1073
1088
1089
1075
1145
1076
1146
1077
1147
1078
1148
1079
1149
1080
1150
1081
1151
1082
1152
1083
1153
1084
1154
1085
1155
1086
1156
1087
1157
1088
1158
1089
1090
1092
1096
1159
1093
1097
1160
1094
1098
1099
1096
1102
1161
1097
1103
1162
1098
1104
1163
1099
1105
1164
1100
1106
1165
1107
1102
1111
1166
1103
1112
1167
1104
1113
1168
1105
1114
1169
1106
1115
1170
1107
1116
1171
1108
1117
1172
1109
1118
1173
1119
1111
1121
1174
1112
1122
1175
1113
1123
1176
1114
1124
1177
1115
1125
1178
1116
1126
1179
1117
1127
1180
1118
1128
1181
1119
1129
1182
1130
1121
1133
1183
1122
1134
1184
1123
1135
1185
1124
1136
1186
1125
1137
1187
1126
1138
1188
1127
1139
1189
1128
1140
1190
1129
1141
1191
1130
1142
1192
1131
1143
1144
1133
1146
1193
1134
1147
1194
1135
1148
1195
1136
1149
1196
1137
1150
1197
1138
1151
1198
1139
1152
1199
1140
1153
1200
1141
1154
1201
1142
1155
1202
1143
1156
1203
1144
1157
1158
1146
1147
1204
1148
1205
1149
1206
1150
1207
1151
1208
1152
1209
1153
1210
1154
1211
1155
1212
1156
1213
1157
1214
1158
1160
1162
1163
1162
1167
1163
1168
1215
1164
1169
1216
1165
1170
1217
1171
1167
1175
1168
1176
1218
1169
1177
1219
1170
1178
1220
1171
1179
1221
1172
1180
1222
1173
1181
1182
1175
1184
1223
1176
1185
1224
1177
1186
1225
1178
1187
1226
1179
1188
1227
1180
1189
1228
1181
1190
1229
1182
1191
1230
1192
1184
1194
1231
1185
1195
1232
1186
1196
1233
1187
1197
1234
1188
1198
1235
1189
1199
1236
1190
1200
1237
1191
1201
1238
1192
1202
1239
1203
1194
1204
1240
1195
1205
1241
1196
1206
1242
1197
1207
1243
1198
1208
1244
1199
1209
1245
1200
1210
1246
1201
1211
1247
1202
1212
1248
1203
1213
1249
1214
1205
1250
1206
1251
1207
1252
1208
1253
1209
1254
1210
1255
1211
1256
1212
1257
1213
1258
1214
1259
1216
1219
1217
1220
1221
1219
1225
1220
1226
1221
1227
1222
1228
1229
1224
1232
1225
1233
1260
1226
1234
1261
1227
1235
1262
1228
1236
1263
1229
1237
1264
1230
1238
1239
1232
1241
1233
1242
1265
1234
1243
1266
1235
1244
1267
1236
1245
1268
1237
1246
1269
1238
1247
1270
1239
1248
1249
1241
1250
1242
1251
1271
1243
1252
1272
1244
1253
1273
1245
1254
1274
1246
1255
1275
1247
1256
1276
1248
1257
1277
1249
1258
1278
1259
1251
1279
1252
1280
1253
1281
1254
1282
1255
1283
1256
1284
1257
1285
1258
1286
1259
1261
1266
1262
1267
1263
1268
1264
1269
1270
1266
1272
1267
1273
1268
1274
1269
1275
1270
1276
1287
1277
1272
1280
1273
1281
1274
1282
1288
1275
1283
1289
1276
1284
1290
1277
1285
1291
1278
1286
1280
1281
1282
1292
1283
1293
1284
1294
1285
1295
1286
1296
1291
1289
1293
1290
1294
1291
1295
1296
1293
1294
1295
1296
)


// ************************************************************************* //
