/*--------------------------------*- C++ -*----------------------------------*\
  =========                 |
  \\      /  F ield         | OpenFOAM: The Open Source CFD Toolbox
   \\    /   O peration     | Website:  https://openfoam.org
    \\  /    A nd           | Version:  6
     \\/     M anipulation  |
\*---------------------------------------------------------------------------*/
FoamFile
{
    version     2.0;
    format      ascii;
    class       labelList;
    note        "nPoints:1928  nCells:1297  nFaces:4462  nInternalFaces:3320";
    location    "constant/region349/polyMesh";
    object      owner;
}
// * * * * * * * * * * * * * * * * * * * * * * * * * * * * * * * * * * * * * //


4462
(
0
0
1
1
2
3
3
3
4
4
4
5
5
6
6
6
7
7
7
8
8
8
9
9
10
10
11
11
11
12
12
12
13
13
14
14
15
15
16
16
17
18
18
19
19
19
20
20
20
21
21
21
22
22
22
23
23
24
24
24
25
25
25
26
26
26
27
27
27
28
28
28
29
29
30
30
30
31
31
31
32
32
32
33
33
33
34
34
34
35
35
36
36
36
37
37
37
38
38
38
39
39
39
40
40
40
41
41
42
42
43
43
44
44
45
45
46
46
47
48
48
48
49
49
49
50
50
50
51
51
51
52
52
53
53
53
54
54
54
55
55
55
56
56
56
57
57
57
58
58
58
59
59
60
60
60
61
61
61
62
62
62
63
63
63
64
64
64
65
65
65
66
66
66
67
67
67
68
69
69
69
70
70
70
71
71
71
72
72
72
73
73
73
74
74
74
75
75
75
76
76
77
77
78
78
78
79
79
79
80
80
80
81
81
81
82
82
82
83
83
83
84
84
85
85
86
86
87
87
88
88
89
89
90
90
91
92
92
92
93
93
93
94
94
94
95
95
95
96
96
96
97
97
97
98
98
98
99
100
100
100
101
101
101
102
102
102
103
103
103
104
104
104
105
105
105
106
106
106
107
107
107
108
108
108
109
109
109
110
111
111
111
112
112
112
113
113
113
114
114
114
115
115
115
116
116
116
117
117
117
118
118
118
119
119
119
120
120
120
121
121
121
122
122
122
123
123
124
124
124
125
125
125
126
126
126
127
127
127
128
128
128
129
129
129
130
130
130
131
131
131
132
132
132
133
133
133
134
134
134
135
135
135
136
136
137
137
137
138
138
138
139
139
139
140
140
140
141
141
141
142
142
142
143
143
143
144
144
144
145
145
145
146
146
146
147
147
147
148
148
148
149
149
149
150
150
150
151
151
152
152
153
153
154
154
155
155
156
156
157
157
158
158
159
159
160
160
161
161
162
162
163
163
164
164
165
165
166
166
168
168
169
169
169
170
170
170
171
171
171
172
172
172
173
173
173
174
174
174
175
175
175
176
176
177
177
177
178
178
178
179
179
179
180
180
180
181
181
181
182
182
182
183
183
183
184
184
184
185
185
185
186
186
186
187
187
187
188
188
188
189
189
190
190
190
191
191
191
192
192
192
193
193
193
194
194
194
195
195
195
196
196
196
197
197
197
198
198
198
199
199
199
200
200
200
201
201
201
202
202
202
203
203
203
204
205
205
205
206
206
206
207
207
207
208
208
208
209
209
209
210
210
210
211
211
211
212
212
212
213
213
213
214
214
214
215
215
215
216
216
216
217
217
217
218
218
218
219
219
219
220
220
220
221
222
222
222
223
223
223
224
224
224
225
225
225
226
226
226
227
227
227
228
228
228
229
229
229
230
230
230
231
231
231
232
232
232
233
233
233
234
234
234
235
235
235
236
236
236
237
237
237
239
239
240
240
241
241
242
242
243
243
244
244
245
245
246
246
247
247
248
248
249
249
250
250
251
251
252
252
253
253
254
254
255
256
256
256
257
257
257
258
258
258
259
259
259
260
260
261
261
262
262
262
263
263
263
264
264
264
265
265
265
266
266
266
267
267
267
268
268
269
269
269
270
270
270
271
271
271
272
272
273
273
273
274
274
274
275
275
275
276
276
277
277
278
278
278
279
279
279
280
280
280
281
281
281
282
282
282
283
283
283
284
284
284
285
285
285
286
286
286
287
287
288
288
288
289
289
289
290
290
290
291
291
291
292
292
292
293
293
293
294
294
294
295
295
295
296
296
296
297
297
297
298
298
298
299
299
299
300
300
300
301
301
301
302
302
302
303
303
303
304
304
304
305
305
305
306
306
306
307
307
307
308
308
309
309
309
310
310
310
311
311
311
312
312
312
313
313
313
314
314
314
315
315
315
316
316
316
317
317
317
318
318
318
319
319
319
320
320
320
321
321
321
322
322
322
323
323
323
324
324
324
325
325
325
326
326
326
327
327
327
328
328
328
329
329
330
330
330
331
331
331
332
332
332
333
333
333
334
334
334
335
335
335
336
336
336
337
337
337
338
338
338
339
339
339
340
340
340
341
341
341
342
342
342
343
343
343
344
344
344
345
345
345
346
346
346
347
347
347
348
348
348
349
349
349
350
350
351
351
352
352
353
353
354
354
355
355
356
356
357
357
358
358
359
359
360
360
361
361
362
362
363
363
364
364
365
365
366
366
367
367
368
368
369
369
370
370
371
371
373
373
373
374
374
374
375
375
376
376
376
377
377
377
378
378
378
379
379
379
380
380
381
381
381
382
382
382
383
383
383
384
384
384
385
385
385
386
386
387
387
387
388
388
388
389
389
389
390
390
390
391
391
391
392
392
392
393
393
393
394
394
395
395
395
396
396
396
397
397
397
398
398
398
399
399
399
400
400
400
401
401
401
402
402
403
403
403
404
404
404
405
405
405
406
406
406
407
407
407
408
408
408
409
409
409
410
410
410
411
411
411
412
412
412
413
413
414
415
415
416
416
417
417
417
418
418
418
419
419
419
420
420
420
421
421
421
422
422
422
423
423
423
424
424
425
425
425
426
426
426
427
427
427
428
428
428
429
429
429
430
430
430
431
431
431
432
432
432
433
433
433
434
434
434
435
435
435
436
436
436
437
437
437
438
438
438
439
439
439
440
440
440
441
441
441
442
442
442
443
443
443
444
444
444
445
445
445
446
446
446
447
447
447
448
448
449
449
449
450
450
450
451
451
451
452
452
452
453
453
453
454
454
454
455
455
455
456
456
456
457
457
457
458
458
458
459
459
459
460
460
460
461
461
461
462
462
462
463
463
463
464
464
464
465
465
465
466
466
466
467
467
467
468
468
468
469
469
469
470
470
470
471
471
471
472
472
473
473
473
474
474
474
475
475
475
476
476
476
477
477
477
478
478
478
479
479
479
480
480
480
481
481
481
482
482
482
483
483
483
484
484
484
485
485
485
486
486
486
487
487
487
488
488
488
489
489
489
490
490
490
491
491
491
492
492
492
493
493
493
494
494
494
495
495
495
496
496
496
498
498
499
499
500
500
501
501
502
502
503
503
504
504
505
505
506
506
507
507
508
508
509
509
510
510
511
511
512
512
513
513
514
514
515
515
516
516
517
517
518
518
519
519
520
520
521
521
523
523
524
525
525
525
526
526
526
527
527
527
528
528
528
529
530
530
530
531
531
531
532
532
532
533
533
533
534
534
534
535
535
535
536
536
537
537
538
538
539
539
540
540
541
541
542
543
543
543
544
544
544
545
545
545
546
546
546
547
547
547
548
548
548
549
549
549
550
550
550
551
551
552
552
553
553
554
554
554
555
555
555
556
556
556
557
557
557
558
558
559
560
560
560
561
561
561
562
562
562
563
563
563
564
564
564
565
565
565
566
566
566
567
567
567
568
568
568
569
569
569
570
570
571
571
572
572
572
573
573
573
574
574
574
575
575
575
576
576
576
577
577
578
579
579
579
580
580
580
581
581
581
582
582
582
583
583
583
584
584
584
585
585
585
586
586
586
587
587
587
588
588
588
589
589
589
590
590
590
591
591
591
592
592
592
593
593
594
594
595
595
596
596
597
597
597
598
598
598
599
599
599
600
600
600
601
601
601
602
602
602
603
603
604
605
605
605
606
606
606
607
607
607
608
608
608
609
609
609
610
610
610
611
611
611
612
612
612
613
613
613
614
614
614
615
615
615
616
616
616
617
617
617
618
618
618
619
619
619
620
620
620
621
621
621
622
622
622
623
623
623
624
624
624
625
625
625
626
626
626
627
627
627
628
628
628
629
629
631
631
631
632
632
632
633
633
633
634
634
634
635
635
635
636
636
636
637
637
637
638
638
638
639
639
639
640
640
640
641
641
641
642
642
642
643
643
643
644
644
644
645
645
645
646
646
646
647
647
647
648
648
648
649
649
649
650
650
650
651
651
652
652
652
653
653
653
654
654
654
655
655
655
657
657
658
658
659
659
660
660
661
661
662
662
663
663
664
664
665
665
666
666
667
667
668
668
669
669
670
670
671
671
672
672
673
673
674
674
675
675
676
676
677
677
678
679
680
681
683
683
683
684
684
684
685
685
685
686
686
686
687
687
688
688
688
689
689
689
690
690
690
691
691
691
692
692
692
693
693
693
694
694
694
695
696
696
696
697
697
697
698
698
698
699
699
699
700
700
700
701
701
701
702
702
702
703
703
703
704
704
704
705
705
706
706
707
707
708
708
709
710
710
710
711
711
711
712
712
712
713
713
713
714
714
714
715
715
715
716
716
716
717
717
717
718
718
718
719
719
719
720
720
721
721
722
722
723
723
724
724
725
726
726
726
727
727
727
728
728
728
729
729
729
730
730
730
731
731
731
732
732
732
733
733
733
734
734
734
735
735
735
736
736
736
737
737
737
738
738
738
739
740
740
741
741
742
742
743
743
744
744
745
746
746
746
747
747
747
748
748
748
749
749
749
750
750
750
751
751
751
752
752
752
753
753
753
754
754
754
755
755
755
756
756
756
757
757
757
758
758
758
759
759
759
760
760
760
761
761
761
762
762
763
763
764
764
765
765
766
767
767
768
768
769
769
770
771
771
771
772
772
772
773
773
773
774
774
774
775
775
775
776
776
776
777
777
777
778
778
778
779
779
779
780
780
780
781
781
781
782
782
782
783
783
783
784
784
784
785
785
785
786
786
786
787
787
787
788
788
788
789
789
790
790
791
792
793
794
796
796
797
797
798
798
799
799
800
800
801
801
802
802
803
803
804
804
805
805
806
806
807
807
808
808
809
809
810
810
811
811
812
812
813
813
814
814
815
815
816
818
818
819
819
819
820
820
820
821
821
821
822
823
823
823
824
824
824
825
825
825
826
826
826
827
827
827
828
828
828
829
829
830
830
831
831
831
832
832
832
833
833
833
834
834
834
835
835
835
836
836
836
837
837
837
838
838
838
839
840
840
840
841
841
841
842
842
842
843
843
843
844
844
844
845
845
845
846
846
846
847
847
847
848
848
848
849
849
849
850
851
851
851
852
852
852
853
853
853
854
854
854
855
855
855
856
856
856
857
857
857
858
858
858
859
859
859
860
860
860
861
861
861
862
862
862
863
864
864
864
865
865
865
866
866
866
867
867
867
868
868
868
869
869
869
870
870
870
871
871
871
872
872
872
873
873
873
874
874
874
875
875
875
876
876
876
877
877
877
878
878
878
879
880
880
880
881
881
881
882
882
882
883
883
883
884
884
884
885
885
885
886
886
886
887
887
887
888
888
888
889
889
889
890
890
890
891
891
891
892
892
892
893
893
893
894
894
894
895
895
895
896
896
896
897
898
898
899
899
900
900
901
901
902
902
903
903
904
904
905
905
906
906
907
907
908
908
909
909
910
910
911
911
912
912
913
913
914
914
915
915
916
916
918
918
918
919
919
919
920
920
921
921
922
922
922
923
923
923
924
924
924
925
925
925
926
926
926
927
928
928
928
929
929
929
930
930
930
931
931
931
932
932
932
933
933
933
934
934
934
935
935
936
936
936
937
937
937
938
938
938
939
939
939
940
940
940
941
941
941
942
942
942
943
943
943
944
944
944
945
945
946
946
946
947
947
947
948
948
948
949
949
949
950
950
950
951
951
951
952
952
952
953
953
953
954
954
954
955
955
955
956
956
956
957
958
958
958
959
959
959
960
960
960
961
961
961
962
962
962
963
963
963
964
964
964
965
965
965
966
966
966
967
967
967
968
968
968
969
969
969
970
970
970
971
971
972
973
973
973
974
974
974
975
975
975
976
976
976
977
977
977
978
978
978
979
979
979
980
980
980
981
981
981
982
982
982
983
983
983
984
984
984
985
985
985
986
986
986
987
987
987
988
988
989
990
990
991
991
992
992
993
993
994
994
995
995
996
996
997
997
998
998
999
999
1000
1000
1001
1001
1002
1002
1003
1003
1004
1004
1005
1005
1006
1006
1007
1009
1009
1010
1010
1011
1012
1012
1012
1013
1013
1013
1014
1014
1014
1015
1015
1015
1016
1017
1017
1017
1018
1018
1018
1019
1019
1019
1020
1020
1020
1021
1021
1021
1022
1022
1022
1023
1023
1024
1025
1025
1025
1026
1026
1026
1027
1027
1027
1028
1028
1028
1029
1029
1029
1030
1030
1030
1031
1031
1031
1032
1032
1032
1033
1033
1033
1034
1035
1035
1035
1036
1036
1036
1037
1037
1037
1038
1038
1038
1039
1039
1039
1040
1040
1040
1041
1041
1041
1042
1042
1042
1043
1043
1043
1044
1044
1044
1045
1046
1046
1046
1047
1047
1047
1048
1048
1048
1049
1049
1049
1050
1050
1050
1051
1051
1051
1052
1052
1052
1053
1053
1053
1054
1054
1054
1055
1055
1055
1056
1056
1056
1057
1057
1057
1058
1059
1059
1059
1060
1060
1060
1061
1061
1061
1062
1062
1062
1063
1063
1063
1064
1064
1064
1065
1065
1065
1066
1066
1066
1067
1067
1067
1068
1068
1068
1069
1069
1069
1070
1070
1070
1071
1071
1071
1072
1072
1073
1074
1074
1075
1075
1076
1076
1077
1077
1078
1078
1079
1079
1080
1080
1081
1081
1082
1082
1083
1083
1084
1084
1085
1085
1086
1086
1087
1087
1088
1089
1091
1091
1091
1092
1092
1092
1093
1093
1094
1095
1095
1095
1096
1096
1096
1097
1097
1097
1098
1098
1098
1099
1099
1099
1100
1101
1101
1101
1102
1102
1102
1103
1103
1103
1104
1104
1104
1105
1105
1105
1106
1106
1106
1107
1107
1107
1108
1108
1108
1109
1110
1110
1110
1111
1111
1111
1112
1112
1112
1113
1113
1113
1114
1114
1114
1115
1115
1115
1116
1116
1116
1117
1117
1117
1118
1118
1118
1119
1120
1120
1120
1121
1121
1121
1122
1122
1122
1123
1123
1123
1124
1124
1124
1125
1125
1125
1126
1126
1126
1127
1127
1127
1128
1128
1128
1129
1129
1129
1130
1130
1131
1132
1132
1132
1133
1133
1133
1134
1134
1134
1135
1135
1135
1136
1136
1136
1137
1137
1137
1138
1138
1138
1139
1139
1139
1140
1140
1140
1141
1141
1141
1142
1142
1142
1143
1143
1144
1145
1146
1146
1147
1147
1148
1148
1149
1149
1150
1150
1151
1151
1152
1152
1153
1153
1154
1154
1155
1155
1156
1156
1157
1159
1159
1160
1161
1161
1162
1162
1162
1163
1163
1163
1164
1164
1164
1165
1166
1166
1167
1167
1167
1168
1168
1168
1169
1169
1169
1170
1170
1170
1171
1171
1171
1172
1172
1173
1174
1174
1174
1175
1175
1175
1176
1176
1176
1177
1177
1177
1178
1178
1178
1179
1179
1179
1180
1180
1180
1181
1181
1181
1182
1183
1183
1183
1184
1184
1184
1185
1185
1185
1186
1186
1186
1187
1187
1187
1188
1188
1188
1189
1189
1189
1190
1190
1190
1191
1191
1191
1192
1193
1193
1193
1194
1194
1194
1195
1195
1195
1196
1196
1196
1197
1197
1197
1198
1198
1198
1199
1199
1199
1200
1200
1200
1201
1201
1201
1202
1202
1202
1203
1204
1204
1205
1205
1206
1206
1207
1207
1208
1208
1209
1209
1210
1210
1211
1211
1212
1212
1213
1213
1215
1215
1216
1216
1217
1218
1218
1219
1219
1220
1220
1221
1221
1222
1223
1223
1224
1224
1224
1225
1225
1225
1226
1226
1226
1227
1227
1227
1228
1228
1228
1229
1229
1230
1231
1231
1232
1232
1232
1233
1233
1233
1234
1234
1234
1235
1235
1235
1236
1236
1236
1237
1237
1237
1238
1238
1239
1240
1240
1241
1241
1241
1242
1242
1242
1243
1243
1243
1244
1244
1244
1245
1245
1245
1246
1246
1246
1247
1247
1247
1248
1248
1248
1249
1250
1250
1251
1251
1252
1252
1253
1253
1254
1254
1255
1255
1256
1256
1257
1257
1258
1260
1260
1261
1261
1262
1262
1263
1263
1264
1265
1265
1266
1266
1267
1267
1268
1268
1269
1269
1269
1270
1271
1271
1272
1272
1273
1273
1273
1274
1274
1274
1275
1275
1275
1276
1276
1276
1277
1277
1279
1280
1281
1281
1282
1282
1283
1283
1284
1284
1285
1285
1287
1288
1288
1289
1289
1290
1290
1291
1292
1293
1294
1295
796
898
990
1074
1145
657
797
899
991
1075
1146
1204
1250
1279
658
798
900
992
1076
1147
1205
1251
1280
498
659
799
901
993
1077
1148
1206
1252
1281
1292
499
660
800
902
994
1078
1149
1207
1253
1282
1293
500
661
801
903
995
1079
1150
1208
1254
1283
1294
501
662
802
904
996
1080
1151
1209
1255
1284
1295
351
502
663
803
905
997
1081
1152
1210
1256
1285
1296
352
503
664
804
906
998
1082
1153
1211
1257
1286
353
504
665
805
907
999
1083
1154
1212
1258
354
505
666
806
908
1000
1084
1155
1213
1259
355
506
667
807
909
1001
1085
1156
1214
239
356
507
668
808
910
1002
1086
1157
240
357
508
669
809
911
1003
1087
1158
152
241
358
509
670
810
912
1004
1088
153
242
359
510
671
811
913
1005
1089
154
243
360
511
672
812
914
1006
1090
155
244
361
512
673
813
915
1007
156
245
362
513
674
814
916
1008
157
246
363
514
675
815
917
158
247
364
515
676
816
159
248
365
516
677
817
42
85
160
249
366
517
678
14
43
86
161
250
367
518
679
2
15
44
87
162
251
368
519
680
16
45
88
163
252
369
520
681
17
46
89
164
253
370
521
682
47
90
165
254
371
522
91
166
255
372
167
1
3
4
5
0
7
1
8
9
1
13
2
16
17
3
19
4
20
5
21
22
23
3
6
24
5
28
29
6
9
34
35
10
10
13
17
40
41
14
42
17
47
19
48
18
20
49
19
24
53
23
59
24
60
29
67
68
30
69
35
76
36
77
41
84
42
47
91
48
49
50
92
48
53
93
100
101
111
112
113
60
114
68
124
125
126
69
127
76
136
137
138
139
140
141
77
142
77
84
151
152
153
154
155
156
157
158
85
159
91
167
92
93
94
95
96
97
100
168
92
101
169
99
110
100
112
179
110
110
205
206
137
207
124
138
208
222
137
152
223
239
152
240
171
256
172
257
173
258
174
259
175
260
176
269
270
189
204
288
289
290
291
204
204
309
310
311
312
205
313
221
330
331
332
333
222
239
334
238
351
352
353
354
239
355
256
257
258
259
260
261
260
268
386
387
388
275
276
403
404
269
405
276
277
287
425
426
288
427
308
449
450
309
451
329
473
474
475
330
351
476
350
498
499
500
351
501
372
381
382
383
384
385
386
394
381
395
386
402
387
403
543
394
412
413
414
415
402
403
560
413
414
414
437
415
438
424
579
425
580
448
605
449
473
606
472
631
473
498
632
497
497
497
498
658
522
522
523
524
524
528
529
529
529
536
536
551
543
560
696
551
570
559
560
579
570
591
592
593
594
578
579
593
594
595
596
604
605
631
746
630
631
657
771
651
656
656
678
679
680
681
682
682
683
684
685
686
687
683
688
687
694
695
688
696
695
695
705
705
720
710
726
720
738
739
721
726
746
739
739
761
762
763
740
764
740
746
771
762
763
764
765
766
766
767
789
790
791
791
792
792
792
793
793
794
794
795
795
816
817
817
818
819
820
821
822
818
822
822
829
823
830
829
838
839
830
830
839
839
850
840
851
850
850
863
851
864
863
863
878
879
864
880
879
897
880
898
897
917
917
918
919
920
921
918
922
920
926
927
921
921
927
927
935
928
936
935
945
936
946
945
957
957
971
972
1009
1010
1011
1009
1012
1009
1010
1011
1011
1016
1012
1017
1016
1016
1023
1024
1017
1025
1023
1024
1034
1025
1035
1035
1046
1046
1059
1059
1074
1091
1092
1093
1094
1091
1095
1093
1094
1094
1100
1095
1101
1100
1100
1108
1101
1110
1110
1120
1120
1132
1132
1145
1159
1160
1159
1161
1160
1160
1164
1165
1161
1166
1161
1165
1165
1172
1173
1166
1174
1166
1172
1174
1183
1183
1193
1216
1217
1215
1218
1215
1216
1217
1217
1222
1223
1218
1224
1218
1219
1220
1221
1222
1222
1230
1223
1231
1223
1231
1240
1231
1260
1261
1262
1263
1264
1260
1265
1260
1261
1265
1271
1267
1268
1272
1279
1280
1289
1287
1290
1287
1288
1292
1288
1289
1290
1291
1292
1292
1293
1294
973
990
530
543
688
630
818
823
696
53
60
102
958
973
1265
1266
1288
1024
1109
99
176
189
268
287
402
917
1008
1159
1215
0
2
6
0
10
0
2
14
18
18
18
22
51
23
52
51
52
52
59
99
59
68
110
68
98
99
177
111
178
190
111
191
123
136
151
167
167
168
169
170
177
178
168
179
168
271
272
273
177
190
274
292
205
293
190
206
294
221
238
238
255
373
374
375
376
377
378
379
380
256
262
269
389
270
390
271
391
272
392
393
394
273
274
277
261
278
261
272
292
410
273
293
411
372
373
523
374
524
375
373
376
525
375
380
529
380
393
536
395
416
415
416
523
524
523
525
525
530
683
537
538
539
540
541
542
537
552
537
538
539
540
541
542
542
559
552
552
553
558
559
595
571
596
571
577
578
603
604
629
630
656
706
707
708
709
706
721
706
707
708
709
709
721
740
722
723
724
725
725
741
742
743
744
745
745
768
769
770
770
795
796
879
897
898
957
971
972
972
989
988
989
989
1008
990
1007
1008
1034
1034
1045
1045
1058
1058
1058
1073
1072
1073
1073
1090
1074
1088
1089
1090
1090
1109
1109
1119
1119
1131
1130
1131
1131
1143
1144
1144
1145
1145
1157
1158
1158
1173
1173
1182
1182
1192
1192
1193
1203
1203
1204
1214
1214
1229
1230
1230
1238
1239
1239
1240
1240
1249
1249
1250
1258
1259
1259
1262
1263
1264
1264
1270
1270
1278
1271
1279
1271
1277
1278
1278
1278
1279
1286
1286
1287
1287
1291
1295
1296
1296
376
387
530
946
958
657
796
771
796
657
)


// ************************************************************************* //
