/*--------------------------------*- C++ -*----------------------------------*\
  =========                 |
  \\      /  F ield         | OpenFOAM: The Open Source CFD Toolbox
   \\    /   O peration     | Website:  https://openfoam.org
    \\  /    A nd           | Version:  6
     \\/     M anipulation  |
\*---------------------------------------------------------------------------*/
FoamFile
{
    version     2.0;
    format      ascii;
    class       labelList;
    location    "constant/region349/polyMesh";
    object      pointRegionAddressing;
}
// * * * * * * * * * * * * * * * * * * * * * * * * * * * * * * * * * * * * * //


1928
(
109711
109712
109713
109776
109777
109778
109842
109843
113806
113807
113808
113809
113870
113871
113872
113873
113874
113935
113936
113937
113938
113939
114000
114001
114002
114003
114004
114005
114066
114067
114068
114069
114070
117903
117904
117966
117967
117968
117969
117970
117971
118030
118031
118032
118033
118034
118035
118036
118095
118096
118097
118098
118099
118100
118101
118160
118161
118162
118163
118164
118165
118166
118225
118226
118227
118228
118229
118230
118231
118290
118291
118292
118293
118294
118295
118296
122126
122127
122128
122129
122130
122131
122190
122191
122192
122193
122194
122195
122196
122197
122254
122255
122256
122257
122258
122259
122260
122261
122262
122263
122319
122320
122321
122322
122323
122324
122325
122326
122327
122328
122384
122385
122386
122387
122388
122389
122390
122391
122392
122449
122450
122451
122452
122453
122454
122455
122456
122457
122515
122516
122517
122518
122519
122520
122521
122522
126349
126350
126351
126352
126353
126354
126355
126356
126357
126412
126413
126414
126415
126416
126417
126418
126419
126420
126421
126422
126423
126475
126476
126477
126478
126479
126480
126481
126482
126483
126484
126485
126486
126487
126488
126540
126541
126542
126543
126544
126545
126546
126547
126548
126549
126550
126551
126552
126553
126603
126604
126605
126606
126607
126608
126609
126610
126611
126612
126613
126614
126615
126616
126617
126618
126667
126668
126669
126670
126671
126672
126673
126674
126675
126676
126677
126678
126679
126680
126681
126682
126683
126732
126733
126734
126735
126736
126737
126738
126739
126740
126741
126742
126743
126744
126745
126746
126747
126748
130572
130573
130574
130575
130576
130577
130578
130579
130580
130581
130582
130634
130635
130636
130637
130638
130639
130640
130641
130642
130643
130644
130645
130646
130647
130648
130698
130699
130700
130701
130702
130703
130704
130705
130706
130707
130708
130709
130710
130711
130712
130713
130761
130762
130763
130764
130765
130766
130767
130768
130769
130770
130771
130772
130773
130774
130775
130776
130777
130778
130826
130827
130828
130829
130830
130831
130832
130833
130834
130835
130836
130837
130838
130839
130840
130841
130842
130843
130890
130891
130892
130893
130894
130895
130896
130897
130898
130899
130900
130901
130902
130903
130904
130905
130906
130907
130908
130955
130956
130957
130958
130959
130960
130961
130962
130963
130964
130965
130966
130967
130968
130969
130970
130971
130972
130973
134735
134736
134737
134738
134739
134740
134797
134798
134799
134800
134801
134802
134803
134804
134805
134806
134851
134852
134853
134854
134855
134857
134858
134859
134860
134861
134862
134863
134864
134865
134866
134867
134868
134869
134870
134871
134872
134916
134917
134918
134919
134920
134921
134922
134923
134924
134925
134926
134927
134928
134929
134930
134931
134932
134933
134934
134935
134936
134937
134938
134981
134982
134983
134984
134985
134986
134987
134988
134989
134990
134991
134992
134993
134994
134995
134996
134997
134998
134999
135000
135001
135002
135003
135046
135047
135048
135049
135050
135051
135052
135053
135054
135055
135056
135057
135058
135059
135060
135061
135062
135063
135064
135065
135066
135067
135068
135110
135111
135112
135113
135114
135115
135116
135117
135118
135119
135120
135121
135122
135123
135124
135125
135126
135127
135128
135129
135130
135131
135132
135133
135175
135176
135177
135178
135179
135180
135181
135182
135183
135184
135185
135186
135187
135188
135189
135190
135191
135192
135193
135194
135195
135196
135197
138881
138882
138883
138884
138945
138946
138947
138948
138949
138950
138960
138961
138962
138963
138964
138965
138966
139009
139010
139011
139012
139013
139014
139015
139016
139017
139023
139024
139025
139026
139027
139028
139029
139030
139031
139032
139073
139074
139075
139076
139077
139078
139079
139080
139081
139082
139083
139084
139085
139086
139087
139088
139089
139090
139091
139092
139093
139094
139095
139096
139097
139138
139139
139140
139141
139142
139143
139144
139145
139146
139147
139148
139149
139150
139151
139152
139153
139154
139155
139156
139157
139158
139159
139160
139161
139162
139203
139204
139205
139206
139207
139208
139209
139210
139211
139212
139213
139214
139215
139216
139217
139218
139219
139220
139221
139222
139223
139224
139225
139226
139227
139267
139268
139269
139270
139271
139272
139273
139274
139275
139276
139277
139278
139279
139280
139281
139282
139283
139284
139285
139286
139287
139288
139289
139290
139291
139292
139331
139332
139333
139334
139335
139336
139337
139338
139339
139340
139341
139342
139343
139344
139345
139346
139347
139348
139349
139350
139351
139352
139353
139354
139355
139356
139357
139396
139397
139398
139399
139400
139401
139402
139403
139404
139405
139406
139407
139408
139409
139410
139411
139412
139413
139414
139415
139416
139417
139418
139419
139420
139421
139422
143041
143042
143043
143105
143106
143107
143108
143109
143110
143169
143170
143171
143172
143173
143174
143175
143176
143185
143186
143187
143188
143189
143190
143191
143233
143234
143235
143236
143237
143238
143239
143240
143241
143242
143249
143250
143251
143252
143253
143254
143255
143256
143257
143297
143298
143299
143300
143301
143302
143303
143304
143305
143306
143307
143308
143309
143310
143312
143313
143314
143315
143316
143317
143318
143319
143320
143321
143322
143361
143362
143363
143364
143365
143366
143367
143368
143369
143370
143371
143372
143373
143374
143375
143376
143377
143378
143379
143380
143381
143382
143383
143384
143385
143386
143387
143426
143427
143428
143429
143430
143431
143432
143433
143434
143435
143436
143437
143438
143439
143440
143441
143442
143443
143444
143445
143446
143447
143448
143449
143450
143451
143452
143490
143491
143492
143493
143494
143495
143496
143497
143498
143499
143500
143501
143502
143503
143504
143505
143506
143507
143508
143509
143510
143511
143512
143513
143514
143515
143516
143517
143554
143555
143556
143557
143558
143559
143560
143561
143562
143563
143564
143565
143566
143567
143568
143569
143570
143571
143572
143573
143574
143575
143576
143577
143578
143579
143580
143581
143582
143619
143620
143621
143622
143623
143624
143625
143626
143627
143628
143629
143630
143631
143632
143633
143634
143635
143636
143637
143638
143639
143640
143641
143642
143643
143644
143645
143646
147266
147267
147268
147329
147330
147331
147332
147333
147334
147335
147393
147394
147395
147396
147397
147398
147399
147400
147401
147410
147411
147412
147413
147414
147415
147416
147457
147458
147459
147460
147461
147462
147463
147464
147465
147466
147467
147474
147475
147476
147477
147478
147479
147480
147481
147482
147522
147523
147524
147525
147526
147527
147528
147529
147530
147531
147532
147533
147539
147540
147541
147542
147543
147544
147545
147546
147547
147586
147587
147588
147589
147590
147591
147592
147593
147594
147595
147596
147597
147598
147599
147600
147601
147602
147603
147604
147605
147606
147607
147608
147609
147610
147611
147612
147650
147651
147652
147653
147654
147655
147656
147657
147658
147659
147660
147661
147662
147663
147664
147665
147666
147667
147668
147669
147670
147671
147672
147673
147674
147675
147676
147677
147714
147715
147716
147717
147718
147719
147720
147721
147722
147723
147724
147725
147726
147727
147728
147729
147730
147731
147732
147733
147734
147735
147736
147737
147738
147739
147740
147741
147742
147778
147779
147780
147781
147782
147783
147784
147785
147786
147787
147788
147789
147790
147791
147792
147793
147794
147795
147796
147797
147798
147799
147800
147801
147802
147803
147804
147805
147806
147843
147844
147845
147846
147847
147848
147849
147850
147851
147852
147853
147854
147855
147856
147857
147858
147859
147860
147861
147862
147863
147864
147865
147866
147867
147868
147869
147870
151554
151555
151556
151557
151558
151559
151618
151619
151620
151621
151622
151623
151624
151625
151626
151682
151683
151684
151685
151686
151687
151688
151689
151690
151691
151692
151701
151702
151703
151704
151705
151747
151748
151749
151750
151751
151752
151753
151754
151755
151756
151757
151758
151765
151766
151767
151768
151769
151770
151811
151812
151813
151814
151815
151816
151817
151818
151819
151820
151821
151822
151823
151824
151825
151829
151830
151831
151832
151833
151834
151835
151875
151876
151877
151878
151879
151880
151881
151882
151883
151884
151885
151886
151887
151888
151889
151890
151891
151892
151893
151894
151895
151896
151897
151898
151899
151900
151939
151940
151941
151942
151943
151944
151945
151946
151947
151948
151949
151950
151951
151952
151953
151954
151955
151956
151957
151958
151959
151960
151961
151962
151963
151964
151965
152003
152004
152005
152006
152007
152008
152009
152010
152011
152012
152013
152014
152015
152016
152017
152018
152019
152020
152021
152022
152023
152024
152025
152026
152027
152028
152029
152030
152068
152069
152070
152071
152072
152073
152074
152075
152076
152077
152078
152079
152080
152081
152082
152083
152084
152085
152086
152087
152088
152089
152090
155779
155780
155781
155782
155783
155784
155843
155844
155845
155846
155847
155848
155849
155850
155907
155908
155909
155910
155911
155912
155913
155914
155915
155916
155917
155972
155973
155974
155975
155976
155977
155978
155979
155980
155981
155982
155983
156036
156037
156038
156039
156040
156041
156042
156043
156044
156045
156046
156047
156048
156049
156100
156101
156102
156103
156104
156105
156106
156107
156108
156109
156110
156111
156112
156113
156114
156115
156116
156164
156165
156166
156167
156168
156169
156170
156171
156172
156173
156174
156175
156176
156177
156178
156179
156180
156181
156182
156228
156229
156230
156231
156232
156233
156234
156235
156236
156237
156238
156239
156240
156241
156242
156243
156244
156245
156246
156247
156248
156293
156294
156295
156296
156297
156298
156299
156300
156301
156302
156303
156304
156305
156306
156307
156308
156309
156310
156311
156312
156313
160005
160006
160007
160008
160068
160069
160070
160071
160072
160073
160074
160075
160133
160134
160135
160136
160137
160138
160139
160140
160141
160197
160198
160199
160200
160201
160202
160203
160204
160205
160206
160207
160261
160262
160263
160264
160265
160266
160267
160268
160269
160270
160271
160272
160273
160325
160326
160327
160328
160329
160330
160331
160332
160333
160334
160335
160336
160337
160338
160339
160340
160389
160390
160391
160392
160393
160394
160395
160396
160397
160398
160399
160400
160401
160402
160403
160404
160405
160406
160453
160454
160455
160456
160457
160458
160459
160460
160461
160462
160463
160464
160465
160466
160467
160468
160469
160470
160471
160472
160518
160519
160520
160521
160522
160523
160524
160525
160526
160527
160528
160529
160530
160531
160532
160533
160534
160535
160536
160537
164230
164231
164232
164233
164294
164295
164296
164297
164298
164299
164358
164359
164360
164361
164362
164363
164364
164365
164366
164422
164423
164424
164425
164426
164427
164428
164429
164430
164431
164432
164486
164487
164488
164489
164490
164491
164492
164493
164494
164495
164496
164497
164550
164551
164552
164553
164554
164555
164556
164557
164558
164559
164560
164561
164562
164563
164614
164615
164616
164617
164618
164619
164620
164621
164622
164623
164624
164625
164626
164627
164628
164629
164678
164679
164680
164681
164682
164683
164684
164685
164686
164687
164688
164689
164690
164691
164692
164693
164694
164695
164743
164744
164745
164746
164747
164748
164749
164750
164751
164752
164753
164754
164755
164756
164757
164758
164759
164760
168519
168520
168521
168522
168523
168583
168584
168585
168586
168587
168588
168589
168647
168648
168649
168650
168651
168652
168653
168654
168655
168656
168711
168712
168713
168714
168715
168716
168717
168718
168719
168720
168721
168775
168776
168777
168778
168779
168780
168781
168782
168783
168784
168785
168786
168787
168839
168840
168841
168842
168843
168844
168845
168846
168847
168848
168849
168850
168851
168852
168903
168904
168905
168906
168907
168908
168909
168910
168911
168912
168913
168914
168915
168916
168917
168968
168969
168970
168971
168972
168973
168974
168975
168976
168977
168978
168979
168980
168981
168982
172744
172745
172746
172808
172809
172810
172811
172812
172813
172872
172873
172874
172875
172876
172877
172878
172879
172880
172936
172937
172938
172939
172940
172941
172942
172943
172944
172945
173000
173001
173002
173003
173004
173005
173006
173007
173008
173009
173010
173064
173065
173066
173067
173068
173069
173070
173071
173072
173073
173074
173075
173129
173130
173131
173132
173133
173134
173135
173136
173137
173138
173139
173140
173194
173195
173196
173197
173198
173199
173200
173201
173202
173203
173204
173205
177034
177035
177036
177037
177098
177099
177100
177101
177102
177103
177161
177162
177163
177164
177165
177166
177167
177168
177169
177225
177226
177227
177228
177229
177230
177231
177232
177233
177234
177289
177290
177291
177292
177293
177294
177295
177296
177297
177298
177299
177354
177355
177356
177357
177358
177359
177360
177361
177362
177363
177364
177419
177420
177421
177422
177423
177424
177425
177426
177427
177428
177429
181387
181388
181389
181390
181391
181392
181451
181452
181453
181454
181455
181456
181457
181515
181516
181517
181518
181519
181520
181521
181522
181523
181579
181580
181581
181582
181583
181584
181585
181586
181587
181588
181644
181645
181646
181647
181648
181649
181650
181651
181652
185680
185681
185742
185743
185744
185745
185746
185806
185807
185808
185809
185810
185811
185871
185872
185873
185874
185875
185876
)


// ************************************************************************* //
