/*--------------------------------*- C++ -*----------------------------------*\
  =========                 |
  \\      /  F ield         | OpenFOAM: The Open Source CFD Toolbox
   \\    /   O peration     | Website:  https://openfoam.org
    \\  /    A nd           | Version:  6
     \\/     M anipulation  |
\*---------------------------------------------------------------------------*/
FoamFile
{
    version     2.0;
    format      ascii;
    class       labelList;
    location    "constant/region176/polyMesh";
    object      faceRegionAddressing;
}
// * * * * * * * * * * * * * * * * * * * * * * * * * * * * * * * * * * * * * //


207
(
155285
155473
167256
167257
167443
167444
167445
167446
167448
167451
167631
167632
167633
167636
167824
179037
179224
179225
179228
179229
179412
179413
179415
179416
179417
179419
179420
179600
179601
179602
179603
179604
179605
179606
179607
179608
179611
179791
179792
179793
179794
179796
179799
179984
191388
191575
191576
191579
191760
191761
191763
191764
191766
191767
191769
191951
191952
191954
191955
191956
192142
192143
192144
192147
192335
204115
204302
204303
204304
204495
216463
216653
216658
228817
228818
906035
906099
906100
906162
906163
906164
906226
906227
906228
906229
906292
906293
906356
906357
-143125
-143313
-155093
-155097
-155280
-155281
155283
-155288
-155291
-166878
-167065
-167066
-167069
-167252
-167253
-167254
167255
-167259
-167260
-167440
-167441
-167442
167449
-178846
-179033
-179034
179036
-179221
-179222
179227
-179409
-179410
179418
179609
-179614
191387
191578
-191582
191772
216654
216655
-228813
-229004
229008
229009
-240973
240977
155284
155471
155472
-155476
-155664
167447
167450
167634
167635
-167639
167822
167823
179038
179226
179414
179610
179795
179797
179798
179982
179983
-179987
-180175
-191197
-191384
-191385
191389
-191570
-191572
-191573
191577
191580
191762
191765
191768
191770
191771
191773
191774
191953
191957
191958
191959
192145
192146
192333
192334
-203924
-204111
-204112
204114
204116
204305
204306
204307
204493
204494
-204498
-216272
216462
216464
-216466
216656
216657
-216849
-228626
228816
229007
-240786
240976
240978
)


// ************************************************************************* //
