/*--------------------------------*- C++ -*----------------------------------*\
  =========                 |
  \\      /  F ield         | OpenFOAM: The Open Source CFD Toolbox
   \\    /   O peration     | Website:  https://openfoam.org
    \\  /    A nd           | Version:  6
     \\/     M anipulation  |
\*---------------------------------------------------------------------------*/
FoamFile
{
    version     2.0;
    format      ascii;
    class       faceList;
    location    "constant/region176/polyMesh";
    object      faces;
}
// * * * * * * * * * * * * * * * * * * * * * * * * * * * * * * * * * * * * * //


207
(
4(9 10 15 14)
4(13 14 19 18)
4(10 34 35 11)
4(29 30 35 34)
4(10 15 39 34)
4(14 38 39 15)
4(33 34 39 38)
4(11 16 40 35)
4(34 35 40 39)
4(35 36 41 40)
4(14 19 43 38)
4(18 42 43 19)
4(37 38 43 42)
4(38 39 44 43)
4(42 43 47 46)
4(26 51 52 27)
4(26 30 55 51)
4(29 54 55 30)
4(30 55 56 31)
4(51 52 56 55)
4(29 34 59 54)
4(33 58 59 34)
4(30 35 60 55)
4(34 59 60 35)
4(54 55 60 59)
4(35 60 61 36)
4(55 56 61 60)
4(33 38 64 58)
4(37 63 64 38)
4(57 58 64 63)
4(34 39 65 59)
4(38 64 65 39)
4(58 59 65 64)
4(35 40 66 60)
4(39 65 66 40)
4(59 60 66 65)
4(60 61 67 66)
4(38 43 70 64)
4(42 69 70 43)
4(63 64 70 69)
4(39 44 71 65)
4(64 65 71 70)
4(65 66 72 71)
4(69 70 74 73)
4(55 81 82 56)
4(55 60 86 81)
4(59 85 86 60)
4(60 86 87 61)
4(58 64 90 84)
4(63 89 90 64)
4(59 65 91 85)
4(64 90 91 65)
4(60 66 92 86)
4(65 91 92 66)
4(61 67 93 87)
4(64 70 96 90)
4(69 95 96 70)
4(65 71 97 91)
4(70 96 97 71)
4(90 91 97 96)
4(70 74 100 96)
4(73 99 100 74)
4(95 96 100 99)
4(96 97 101 100)
4(99 100 103 102)
4(96 107 108 97)
4(96 100 110 107)
4(99 109 110 100)
4(106 107 110 109)
4(109 110 113 112)
4(109 117 118 110)
4(110 113 121 118)
4(118 119 122 121)
4(121 127 128 122)
4(125 126 128 127)
4(2 13 18 5)
4(13 37 42 18)
4(18 42 46 21)
4(32 57 63 37)
4(37 63 69 42)
4(42 69 73 46)
4(57 83 89 63)
4(63 89 95 69)
4(69 95 99 73)
4(73 99 102 76)
4(95 106 109 99)
4(99 109 112 102)
4(106 115 117 109)
4(109 117 120 112)
4(0 3 4 1)
4(2 5 6 3)
4(0 1 10 9)
4(7 10 11 8)
4(0 9 14 3)
4(2 3 14 13)
4(1 4 15 10)
4(10 15 16 11)
4(11 16 17 12)
4(23 26 27 24)
4(7 8 30 29)
4(25 29 30 26)
4(26 30 31 27)
4(7 29 34 10)
4(9 10 34 33)
4(28 33 34 29)
4(8 11 35 30)
4(11 12 36 35)
4(30 35 36 31)
4(9 33 38 14)
4(13 14 38 37)
4(32 37 38 33)
4(12 17 41 36)
4(23 24 49 48)
4(23 48 51 26)
4(25 26 51 50)
4(24 27 52 49)
4(25 50 54 29)
4(28 29 54 53)
4(27 31 56 52)
4(28 53 58 33)
4(32 33 58 57)
4(31 36 61 56)
4(36 41 67 61)
4(61 67 68 62)
4(52 56 82 79)
4(56 61 87 82)
4(61 62 88 87)
4(62 68 94 88)
4(112 120 121 113)
4(117 118 121 120)
4(118 125 127 121)
4(121 127 129 123)
4(123 129 130 124)
4(127 128 130 129)
4(125 131 133 127)
4(127 133 134 128)
4(3 14 15 4)
4(3 6 19 14)
4(5 18 19 6)
4(14 19 20 15)
4(18 21 22 19)
4(15 39 40 16)
4(16 40 41 17)
4(15 20 44 39)
4(19 43 44 20)
4(39 44 45 40)
4(19 22 47 43)
4(21 46 47 22)
4(48 49 52 51)
4(50 51 55 54)
4(53 54 59 58)
4(40 66 67 41)
4(43 70 71 44)
4(40 45 72 66)
4(44 71 72 45)
4(43 47 74 70)
4(46 73 74 47)
4(70 74 75 71)
4(73 76 77 74)
4(51 52 79 78)
4(51 78 81 55)
4(54 55 81 80)
4(78 79 82 81)
4(57 58 84 83)
4(54 80 85 59)
4(58 59 85 84)
4(80 81 86 85)
4(81 82 87 86)
4(83 84 90 89)
4(84 85 91 90)
4(85 86 92 91)
4(66 92 93 67)
4(86 87 93 92)
4(67 93 94 68)
4(87 88 94 93)
4(89 90 96 95)
4(66 72 98 92)
4(71 97 98 72)
4(91 92 98 97)
4(71 75 101 97)
4(74 100 101 75)
4(74 77 103 100)
4(76 102 103 77)
4(90 91 105 104)
4(90 104 107 96)
4(95 96 107 106)
4(91 97 108 105)
4(104 105 108 107)
4(97 101 111 108)
4(100 110 111 101)
4(107 108 111 110)
4(100 103 113 110)
4(102 112 113 103)
4(110 113 114 111)
4(106 107 116 115)
4(107 110 118 116)
4(115 116 118 117)
4(110 111 119 118)
4(111 114 122 119)
4(113 121 122 114)
4(121 123 124 122)
4(118 119 126 125)
4(119 122 128 126)
4(122 124 130 128)
4(125 126 132 131)
4(126 128 134 132)
4(131 132 134 133)
)


// ************************************************************************* //
