/*--------------------------------*- C++ -*----------------------------------*\
  =========                 |
  \\      /  F ield         | OpenFOAM: The Open Source CFD Toolbox
   \\    /   O peration     | Website:  https://openfoam.org
    \\  /    A nd           | Version:  6
     \\/     M anipulation  |
\*---------------------------------------------------------------------------*/
FoamFile
{
    version     2.0;
    format      ascii;
    class       labelList;
    note        "nPoints:135  nCells:47  nFaces:207  nInternalFaces:75";
    location    "constant/region176/polyMesh";
    object      owner;
}
// * * * * * * * * * * * * * * * * * * * * * * * * * * * * * * * * * * * * * //


207
(
0
1
2
2
3
3
3
4
4
5
6
6
6
7
8
9
10
10
11
11
12
12
13
13
13
14
14
15
15
15
16
16
16
17
17
17
18
19
19
19
20
20
21
22
23
24
24
25
26
26
27
27
28
28
29
31
31
32
32
32
34
34
34
35
36
37
38
38
38
40
41
42
43
44
44
1
6
8
15
19
22
26
31
34
36
38
40
41
42
0
1
0
2
0
1
0
4
5
9
2
10
11
2
3
12
2
5
14
3
6
15
5
9
9
10
9
10
12
11
12
15
14
18
30
23
25
30
30
42
42
44
45
45
45
46
46
0
1
1
7
8
4
5
7
7
21
8
8
9
10
12
18
20
21
21
22
22
35
36
23
23
24
23
26
24
27
24
25
26
27
28
29
29
30
30
31
33
33
33
35
35
36
36
37
37
38
37
37
39
39
39
40
40
43
41
41
41
43
43
43
45
44
44
45
46
46
46
)


// ************************************************************************* //
