/*--------------------------------*- C++ -*----------------------------------*\
  =========                 |
  \\      /  F ield         | OpenFOAM: The Open Source CFD Toolbox
   \\    /   O peration     | Website:  https://openfoam.org
    \\  /    A nd           | Version:  6
     \\/     M anipulation  |
\*---------------------------------------------------------------------------*/
FoamFile
{
    version     2.0;
    format      ascii;
    class       vectorField;
    location    "constant/region176/polyMesh";
    object      points;
}
// * * * * * * * * * * * * * * * * * * * * * * * * * * * * * * * * * * * * * //


135
(
(6.5e-08 3.185e-06 7.800000000000002e-07)
(1.3e-07 3.185e-06 7.799999999999998e-07)
(0 3.25e-06 7.799999999999998e-07)
(6.5e-08 3.25e-06 7.799999999999998e-07)
(1.3e-07 3.25e-06 7.799999999999998e-07)
(0 3.314999999999999e-06 7.799999999999998e-07)
(6.5e-08 3.315e-06 7.799999999999998e-07)
(1.3e-07 3.119999999999999e-06 8.449999999999999e-07)
(1.95e-07 3.119999999999999e-06 8.450000000000001e-07)
(6.5e-08 3.185e-06 8.449999999999999e-07)
(1.3e-07 3.185e-06 8.450000000000001e-07)
(1.95e-07 3.185e-06 8.450000000000001e-07)
(2.6e-07 3.185e-06 8.449999999999999e-07)
(0 3.25e-06 8.450000000000001e-07)
(6.5e-08 3.25e-06 8.450000000000001e-07)
(1.3e-07 3.25e-06 8.450000000000001e-07)
(1.95e-07 3.25e-06 8.450000000000001e-07)
(2.6e-07 3.25e-06 8.450000000000001e-07)
(0 3.315e-06 8.450000000000001e-07)
(6.5e-08 3.315e-06 8.450000000000001e-07)
(1.3e-07 3.315e-06 8.449999999999999e-07)
(0 3.38e-06 8.450000000000001e-07)
(6.5e-08 3.38e-06 8.449999999999999e-07)
(1.95e-07 2.99e-06 9.099999999999998e-07)
(2.6e-07 2.99e-06 9.1e-07)
(1.3e-07 3.055e-06 9.100000000000001e-07)
(1.95e-07 3.055e-06 9.099999999999998e-07)
(2.6e-07 3.055e-06 9.1e-07)
(6.5e-08 3.119999999999999e-06 9.1e-07)
(1.3e-07 3.119999999999999e-06 9.100000000000001e-07)
(1.95e-07 3.119999999999999e-06 9.100000000000001e-07)
(2.6e-07 3.120000000000001e-06 9.099999999999998e-07)
(0 3.185e-06 9.1e-07)
(6.5e-08 3.185e-06 9.1e-07)
(1.3e-07 3.185e-06 9.1e-07)
(1.95e-07 3.185e-06 9.100000000000001e-07)
(2.6e-07 3.185e-06 9.100000000000001e-07)
(0 3.25e-06 9.1e-07)
(6.5e-08 3.25e-06 9.1e-07)
(1.3e-07 3.25e-06 9.1e-07)
(1.95e-07 3.25e-06 9.1e-07)
(2.6e-07 3.25e-06 9.1e-07)
(0 3.314999999999999e-06 9.1e-07)
(6.5e-08 3.314999999999999e-06 9.1e-07)
(1.3e-07 3.314999999999999e-06 9.1e-07)
(1.95e-07 3.314999999999999e-06 9.1e-07)
(0 3.38e-06 9.1e-07)
(6.5e-08 3.38e-06 9.1e-07)
(1.95e-07 2.99e-06 9.75e-07)
(2.6e-07 2.99e-06 9.75e-07)
(1.3e-07 3.055e-06 9.75e-07)
(1.95e-07 3.055e-06 9.750000000000002e-07)
(2.6e-07 3.055e-06 9.75e-07)
(6.5e-08 3.119999999999999e-06 9.75e-07)
(1.3e-07 3.119999999999999e-06 9.750000000000002e-07)
(1.95e-07 3.119999999999999e-06 9.75e-07)
(2.6e-07 3.120000000000001e-06 9.75e-07)
(0 3.185e-06 9.75e-07)
(6.5e-08 3.185e-06 9.75e-07)
(1.3e-07 3.185e-06 9.75e-07)
(1.95e-07 3.185e-06 9.75e-07)
(2.6e-07 3.185e-06 9.75e-07)
(3.25e-07 3.185e-06 9.75e-07)
(0 3.25e-06 9.75e-07)
(6.5e-08 3.25e-06 9.75e-07)
(1.3e-07 3.25e-06 9.75e-07)
(1.95e-07 3.25e-06 9.75e-07)
(2.6e-07 3.25e-06 9.75e-07)
(3.25e-07 3.25e-06 9.75e-07)
(0 3.315e-06 9.75e-07)
(6.5e-08 3.315e-06 9.75e-07)
(1.3e-07 3.315e-06 9.750000000000002e-07)
(1.95e-07 3.315e-06 9.75e-07)
(0 3.38e-06 9.75e-07)
(6.5e-08 3.38e-06 9.750000000000002e-07)
(1.3e-07 3.38e-06 9.75e-07)
(0 3.445e-06 9.75e-07)
(6.5e-08 3.445e-06 9.75e-07)
(1.95e-07 3.055e-06 1.04e-06)
(2.6e-07 3.055e-06 1.04e-06)
(1.3e-07 3.119999999999999e-06 1.04e-06)
(1.95e-07 3.119999999999999e-06 1.04e-06)
(2.6e-07 3.120000000000001e-06 1.04e-06)
(0 3.185e-06 1.04e-06)
(6.5e-08 3.185e-06 1.04e-06)
(1.3e-07 3.185e-06 1.04e-06)
(1.95e-07 3.185e-06 1.04e-06)
(2.6e-07 3.185e-06 1.04e-06)
(3.25e-07 3.185e-06 1.04e-06)
(0 3.25e-06 1.04e-06)
(6.5e-08 3.25e-06 1.04e-06)
(1.3e-07 3.25e-06 1.04e-06)
(1.95e-07 3.25e-06 1.04e-06)
(2.6e-07 3.25e-06 1.04e-06)
(3.25e-07 3.25e-06 1.04e-06)
(0 3.315e-06 1.04e-06)
(6.5e-08 3.315e-06 1.04e-06)
(1.3e-07 3.315e-06 1.04e-06)
(1.95e-07 3.314999999999999e-06 1.04e-06)
(0 3.38e-06 1.04e-06)
(6.5e-08 3.38e-06 1.04e-06)
(1.3e-07 3.38e-06 1.04e-06)
(0 3.445e-06 1.04e-06)
(6.5e-08 3.445e-06 1.04e-06)
(6.5e-08 3.25e-06 1.105e-06)
(1.3e-07 3.25e-06 1.105e-06)
(0 3.315e-06 1.105e-06)
(6.5e-08 3.315e-06 1.105e-06)
(1.3e-07 3.315e-06 1.105e-06)
(0 3.38e-06 1.105e-06)
(6.5e-08 3.38e-06 1.105e-06)
(1.3e-07 3.38e-06 1.105e-06)
(0 3.445e-06 1.105e-06)
(6.5e-08 3.445e-06 1.105e-06)
(1.3e-07 3.445e-06 1.105e-06)
(0 3.315e-06 1.17e-06)
(6.5e-08 3.315e-06 1.17e-06)
(0 3.38e-06 1.17e-06)
(6.5e-08 3.38e-06 1.17e-06)
(1.3e-07 3.38e-06 1.17e-06)
(0 3.445e-06 1.17e-06)
(6.5e-08 3.445e-06 1.17e-06)
(1.3e-07 3.445e-06 1.17e-06)
(6.5e-08 3.51e-06 1.17e-06)
(1.3e-07 3.51e-06 1.17e-06)
(6.5e-08 3.38e-06 1.235e-06)
(1.3e-07 3.38e-06 1.235e-06)
(6.5e-08 3.445e-06 1.235e-06)
(1.3e-07 3.445e-06 1.235e-06)
(6.5e-08 3.51e-06 1.235e-06)
(1.3e-07 3.51e-06 1.235e-06)
(6.5e-08 3.38e-06 1.3e-06)
(1.3e-07 3.38e-06 1.3e-06)
(6.5e-08 3.445e-06 1.3e-06)
(1.3e-07 3.445e-06 1.3e-06)
)


// ************************************************************************* //
