/*--------------------------------*- C++ -*----------------------------------*\
  =========                 |
  \\      /  F ield         | OpenFOAM: The Open Source CFD Toolbox
   \\    /   O peration     | Website:  https://openfoam.org
    \\  /    A nd           | Version:  6
     \\/     M anipulation  |
\*---------------------------------------------------------------------------*/
FoamFile
{
    version     2.0;
    format      ascii;
    class       labelList;
    location    "constant/region500/polyMesh";
    object      cellRegionAddressing;
}
// * * * * * * * * * * * * * * * * * * * * * * * * * * * * * * * * * * * * * //


462
(
225188
229156
229157
229220
229221
229284
229285
229286
229347
229348
229349
229350
233124
233125
233188
233189
233251
233252
233253
233254
233315
233316
233317
233318
233379
233380
233381
233382
233383
233443
233444
233445
233446
233447
237220
237221
237283
237284
237285
237286
237347
237348
237349
237350
237411
237412
237413
237414
237415
237465
237466
237475
237476
237477
237478
237479
237528
237529
237530
237539
237540
237541
237542
237543
241252
241253
241315
241316
241317
241318
241379
241380
241381
241382
241443
241444
241445
241446
241447
241498
241499
241507
241508
241509
241510
241511
241560
241561
241562
241563
241571
241572
241573
241574
241575
241623
241624
241625
241626
241627
241634
241635
241636
241637
241638
241639
245348
245411
245412
245413
245414
245475
245476
245477
245478
245538
245539
245540
245541
245542
245543
245594
245595
245596
245602
245603
245604
245605
245606
245607
245656
245657
245658
245659
245660
245661
245666
245667
245668
245669
245670
245671
245719
245720
245721
245722
245723
245724
245725
245726
245729
245730
245731
245732
245733
245734
245735
245736
249443
249444
249445
249506
249507
249508
249509
249510
249570
249571
249572
249573
249574
249626
249627
249628
249634
249635
249636
249637
249638
249689
249690
249691
249692
249693
249698
249699
249700
249701
249702
249703
249752
249753
249754
249755
249756
249757
249758
249759
249760
249761
249762
249763
249764
249765
249766
249767
249816
249817
249818
249819
249820
249821
249822
249823
249824
249825
249826
249827
249828
249829
249830
249831
249832
253411
253474
253475
253476
253537
253538
253539
253540
253541
253601
253602
253603
253604
253605
253606
253665
253666
253667
253668
253669
253670
253722
253723
253724
253725
253729
253730
253731
253732
253733
253734
253784
253785
253786
253787
253788
253789
253790
253791
253792
253793
253794
253795
253796
253797
253798
253848
253849
253850
253851
253852
253853
253854
253855
253856
253857
253858
253859
253860
253861
253862
253863
253912
253913
253914
253915
253916
253917
253918
253919
253920
253921
253922
253923
253924
253925
253926
253927
257506
257507
257508
257569
257570
257571
257572
257573
257633
257634
257635
257636
257637
257638
257696
257697
257698
257699
257700
257701
257702
257760
257761
257762
257763
257764
257765
257817
257818
257819
257820
257821
257822
257823
257824
257825
257826
257827
257828
257829
257880
257881
257882
257883
257884
257885
257886
257887
257888
257889
257890
257891
257892
257944
257945
257946
257947
257948
257949
257950
257951
257952
257953
257954
257955
257956
257957
258008
258009
258010
258011
258012
258013
258014
258015
258016
258017
258018
258019
258020
258021
261538
261539
261601
261602
261603
261604
261605
261664
261665
261666
261667
261668
261669
261670
261728
261729
261730
261731
261732
261733
261734
261792
261793
261794
261795
261796
261797
261854
261855
261856
261857
261858
261859
261860
261913
261914
261915
261916
261917
261918
261919
261920
261921
261922
261923
261976
261977
261978
261979
261980
261981
261982
261983
261984
261985
261986
262040
262041
262042
262043
262044
262045
262046
262047
262048
262049
262050
262051
262104
262105
262106
262107
262108
262109
262110
262111
262112
262113
262114
262115
)


// ************************************************************************* //
