/*--------------------------------*- C++ -*----------------------------------*\
  =========                 |
  \\      /  F ield         | OpenFOAM: The Open Source CFD Toolbox
   \\    /   O peration     | Website:  https://openfoam.org
    \\  /    A nd           | Version:  6
     \\/     M anipulation  |
\*---------------------------------------------------------------------------*/
FoamFile
{
    version     2.0;
    format      ascii;
    class       faceList;
    location    "constant/region500/polyMesh";
    object      faces;
}
// * * * * * * * * * * * * * * * * * * * * * * * * * * * * * * * * * * * * * //


1676
(
4(10 11 16 15)
4(5 8 37 32)
4(7 36 37 8)
4(31 32 37 36)
4(8 37 38 9)
4(32 33 38 37)
4(8 11 42 37)
4(10 41 42 11)
4(36 37 42 41)
4(11 42 43 12)
4(37 38 43 42)
4(11 16 48 42)
4(15 47 48 16)
4(41 42 48 47)
4(12 17 49 43)
4(16 48 49 17)
4(42 43 49 48)
4(17 49 50 18)
4(43 44 50 49)
4(15 20 53 47)
4(46 47 53 52)
4(16 21 54 48)
4(47 48 54 53)
4(17 22 55 49)
4(48 49 55 54)
4(49 50 56 55)
4(25 28 63 59)
4(27 62 63 28)
4(58 59 63 62)
4(28 63 64 29)
4(59 60 64 63)
4(28 32 68 63)
4(31 67 68 32)
4(62 63 68 67)
4(32 68 69 33)
4(63 64 69 68)
4(31 36 72 67)
4(35 71 72 36)
4(66 67 72 71)
4(32 37 73 68)
4(36 72 73 37)
4(67 68 73 72)
4(33 38 74 69)
4(37 73 74 38)
4(68 69 74 73)
4(38 74 75 39)
4(69 70 75 74)
4(36 41 81 72)
4(40 80 81 41)
4(71 72 81 80)
4(37 42 82 73)
4(41 81 82 42)
4(72 73 82 81)
4(38 43 83 74)
4(42 82 83 43)
4(73 74 83 82)
4(43 83 84 44)
4(74 75 84 83)
4(41 47 91 81)
4(46 90 91 47)
4(80 81 91 90)
4(42 48 92 82)
4(47 91 92 48)
4(81 82 92 91)
4(43 49 93 83)
4(48 92 93 49)
4(82 83 93 92)
4(44 50 94 84)
4(49 93 94 50)
4(83 84 94 93)
4(50 94 95 51)
4(84 85 95 94)
4(47 53 101 91)
4(90 91 101 100)
4(48 54 102 92)
4(91 92 102 101)
4(49 55 103 93)
4(92 93 103 102)
4(50 56 104 94)
4(93 94 104 103)
4(94 95 105 104)
4(59 63 116 111)
4(62 115 116 63)
4(110 111 116 115)
4(63 116 117 64)
4(111 112 117 116)
4(62 67 120 115)
4(66 119 120 67)
4(114 115 120 119)
4(63 68 121 116)
4(67 120 121 68)
4(115 116 121 120)
4(64 69 122 117)
4(68 121 122 69)
4(116 117 122 121)
4(69 122 123 70)
4(117 118 123 122)
4(67 72 129 120)
4(71 128 129 72)
4(119 120 129 128)
4(68 73 130 121)
4(72 129 130 73)
4(120 121 130 129)
4(69 74 131 122)
4(73 130 131 74)
4(121 122 131 130)
4(74 131 132 75)
4(122 123 132 131)
4(72 81 140 129)
4(80 139 140 81)
4(128 129 140 139)
4(73 82 141 130)
4(81 140 141 82)
4(129 130 141 140)
4(74 83 142 131)
4(82 141 142 83)
4(130 131 142 141)
4(75 84 143 132)
4(83 142 143 84)
4(131 132 143 142)
4(84 143 144 85)
4(132 133 144 143)
4(78 88 148 136)
4(87 147 148 88)
4(135 136 148 147)
4(88 148 149 89)
4(136 137 149 148)
4(81 91 153 140)
4(90 152 153 91)
4(139 140 153 152)
4(82 92 154 141)
4(91 153 154 92)
4(140 141 154 153)
4(83 93 155 142)
4(92 154 155 93)
4(141 142 155 154)
4(84 94 156 143)
4(93 155 156 94)
4(142 143 156 155)
4(94 156 157 95)
4(143 144 157 156)
4(87 97 160 147)
4(146 147 160 159)
4(88 98 161 148)
4(147 148 161 160)
4(148 149 162 161)
4(91 101 166 153)
4(152 153 166 165)
4(92 102 167 154)
4(153 154 167 166)
4(93 103 168 155)
4(154 155 168 167)
4(94 104 169 156)
4(155 156 169 168)
4(156 157 170 169)
4(107 111 176 172)
4(110 175 176 111)
4(171 172 176 175)
4(111 176 177 112)
4(110 115 180 175)
4(114 179 180 115)
4(174 175 180 179)
4(111 116 181 176)
4(115 180 181 116)
4(175 176 181 180)
4(112 117 182 177)
4(116 181 182 117)
4(176 177 182 181)
4(117 182 183 118)
4(177 178 183 182)
4(115 120 186 180)
4(119 185 186 120)
4(179 180 186 185)
4(116 121 187 181)
4(120 186 187 121)
4(180 181 187 186)
4(117 122 188 182)
4(121 187 188 122)
4(181 182 188 187)
4(122 188 189 123)
4(182 183 189 188)
4(120 129 197 186)
4(128 196 197 129)
4(185 186 197 196)
4(121 130 198 187)
4(129 197 198 130)
4(186 187 198 197)
4(122 131 199 188)
4(130 198 199 131)
4(187 188 199 198)
4(123 132 200 189)
4(131 199 200 132)
4(188 189 200 199)
4(132 200 201 133)
4(189 190 201 200)
4(126 137 205 192)
4(136 204 205 137)
4(191 192 205 204)
4(137 205 206 138)
4(192 193 206 205)
4(129 140 211 197)
4(139 210 211 140)
4(196 197 211 210)
4(130 141 212 198)
4(140 211 212 141)
4(197 198 212 211)
4(131 142 213 199)
4(141 212 213 142)
4(198 199 213 212)
4(132 143 214 200)
4(142 213 214 143)
4(199 200 214 213)
4(143 214 215 144)
4(200 201 215 214)
4(135 147 218 203)
4(146 217 218 147)
4(202 203 218 217)
4(136 148 219 204)
4(147 218 219 148)
4(203 204 219 218)
4(137 149 220 205)
4(148 219 220 149)
4(204 205 220 219)
4(149 220 221 150)
4(205 206 221 220)
4(140 153 228 211)
4(152 227 228 153)
4(210 211 228 227)
4(141 154 229 212)
4(153 228 229 154)
4(211 212 229 228)
4(142 155 230 213)
4(154 229 230 155)
4(212 213 230 229)
4(143 156 231 214)
4(155 230 231 156)
4(213 214 231 230)
4(156 231 232 157)
4(214 215 232 231)
4(146 159 235 217)
4(216 217 235 234)
4(147 160 236 218)
4(217 218 236 235)
4(148 161 237 219)
4(218 219 237 236)
4(149 162 238 220)
4(219 220 238 237)
4(220 221 239 238)
4(152 165 245 227)
4(226 227 245 244)
4(153 166 246 228)
4(227 228 246 245)
4(154 167 247 229)
4(228 229 247 246)
4(155 168 248 230)
4(229 230 248 247)
4(156 169 249 231)
4(230 231 249 248)
4(231 232 250 249)
4(175 258 259 176)
4(253 254 259 258)
4(175 180 264 258)
4(179 263 264 180)
4(257 258 264 263)
4(176 181 265 259)
4(180 264 265 181)
4(258 259 265 264)
4(177 182 266 260)
4(181 265 266 182)
4(259 260 266 265)
4(182 266 267 183)
4(260 261 267 266)
4(180 186 274 264)
4(185 273 274 186)
4(263 264 274 273)
4(181 187 275 265)
4(186 274 275 187)
4(264 265 275 274)
4(182 188 276 266)
4(187 275 276 188)
4(265 266 276 275)
4(188 276 277 189)
4(266 267 277 276)
4(185 196 286 273)
4(195 285 286 196)
4(272 273 286 285)
4(186 197 287 274)
4(196 286 287 197)
4(273 274 287 286)
4(187 198 288 275)
4(197 287 288 198)
4(274 275 288 287)
4(188 199 289 276)
4(198 288 289 199)
4(275 276 289 288)
4(189 200 290 277)
4(199 289 290 200)
4(276 277 290 289)
4(200 290 291 201)
4(192 205 295 281)
4(204 294 295 205)
4(280 281 295 294)
4(193 206 296 282)
4(205 295 296 206)
4(281 282 296 295)
4(206 296 297 207)
4(282 283 297 296)
4(196 210 303 286)
4(209 302 303 210)
4(285 286 303 302)
4(197 211 304 287)
4(210 303 304 211)
4(286 287 304 303)
4(198 212 305 288)
4(211 304 305 212)
4(287 288 305 304)
4(199 213 306 289)
4(212 305 306 213)
4(288 289 306 305)
4(200 214 307 290)
4(213 306 307 214)
4(289 290 307 306)
4(214 307 308 215)
4(290 291 308 307)
4(203 218 311 293)
4(217 310 311 218)
4(292 293 311 310)
4(204 219 312 294)
4(218 311 312 219)
4(293 294 312 311)
4(205 220 313 295)
4(219 312 313 220)
4(294 295 313 312)
4(206 221 314 296)
4(220 313 314 221)
4(295 296 314 313)
4(207 222 315 297)
4(221 314 315 222)
4(296 297 315 314)
4(222 315 316 223)
4(297 298 316 315)
4(210 227 321 303)
4(226 320 321 227)
4(302 303 321 320)
4(211 228 322 304)
4(227 321 322 228)
4(303 304 322 321)
4(212 229 323 305)
4(228 322 323 229)
4(304 305 323 322)
4(213 230 324 306)
4(229 323 324 230)
4(305 306 324 323)
4(214 231 325 307)
4(230 324 325 231)
4(306 307 325 324)
4(231 325 326 232)
4(307 308 326 325)
4(217 235 329 310)
4(218 236 330 311)
4(310 311 330 329)
4(219 237 331 312)
4(311 312 331 330)
4(220 238 332 313)
4(312 313 332 331)
4(221 239 333 314)
4(313 314 333 332)
4(222 240 334 315)
4(314 315 334 333)
4(223 241 335 316)
4(315 316 335 334)
4(316 317 336 335)
4(226 244 339 320)
4(319 320 339 338)
4(227 245 340 321)
4(320 321 340 339)
4(228 246 341 322)
4(321 322 341 340)
4(229 247 342 323)
4(322 323 342 341)
4(230 248 343 324)
4(323 324 343 342)
4(231 249 344 325)
4(324 325 344 343)
4(232 250 345 326)
4(325 326 345 344)
4(326 327 346 345)
4(253 258 362 356)
4(257 361 362 258)
4(355 356 362 361)
4(254 259 363 357)
4(258 362 363 259)
4(356 357 363 362)
4(259 363 364 260)
4(357 358 364 363)
4(257 263 368 361)
4(262 367 368 263)
4(360 361 368 367)
4(258 264 369 362)
4(263 368 369 264)
4(361 362 369 368)
4(259 265 370 363)
4(264 369 370 265)
4(362 363 370 369)
4(260 266 371 364)
4(265 370 371 266)
4(363 364 371 370)
4(266 371 372 267)
4(364 365 372 371)
4(263 273 380 368)
4(272 379 380 273)
4(367 368 380 379)
4(264 274 381 369)
4(273 380 381 274)
4(368 369 381 380)
4(265 275 382 370)
4(274 381 382 275)
4(369 370 382 381)
4(266 276 383 371)
4(275 382 383 276)
4(370 371 383 382)
4(276 383 384 277)
4(371 372 384 383)
4(269 281 388 374)
4(280 387 388 281)
4(373 374 388 387)
4(270 282 389 375)
4(281 388 389 282)
4(374 375 389 388)
4(282 389 390 283)
4(375 376 390 389)
4(273 286 396 380)
4(285 395 396 286)
4(379 380 396 395)
4(274 287 397 381)
4(286 396 397 287)
4(380 381 397 396)
4(275 288 398 382)
4(287 397 398 288)
4(381 382 398 397)
4(276 289 399 383)
4(288 398 399 289)
4(382 383 399 398)
4(289 399 400 290)
4(383 384 400 399)
4(280 294 404 387)
4(293 403 404 294)
4(386 387 404 403)
4(281 295 405 388)
4(294 404 405 295)
4(387 388 405 404)
4(282 296 406 389)
4(295 405 406 296)
4(388 389 406 405)
4(283 297 407 390)
4(296 406 407 297)
4(389 390 407 406)
4(297 407 408 298)
4(390 391 408 407)
4(286 303 413 396)
4(302 412 413 303)
4(395 396 413 412)
4(287 304 414 397)
4(303 413 414 304)
4(396 397 414 413)
4(288 305 415 398)
4(304 414 415 305)
4(397 398 415 414)
4(289 306 416 399)
4(305 415 416 306)
4(398 399 416 415)
4(290 307 417 400)
4(306 416 417 307)
4(399 400 417 416)
4(307 417 418 308)
4(293 311 420 403)
4(310 419 420 311)
4(402 403 420 419)
4(294 312 421 404)
4(311 420 421 312)
4(403 404 421 420)
4(295 313 422 405)
4(312 421 422 313)
4(404 405 422 421)
4(296 314 423 406)
4(313 422 423 314)
4(405 406 423 422)
4(297 315 424 407)
4(314 423 424 315)
4(406 407 424 423)
4(298 316 425 408)
4(315 424 425 316)
4(407 408 425 424)
4(299 317 426 409)
4(316 425 426 317)
4(408 409 426 425)
4(300 318 427 410)
4(317 426 427 318)
4(409 410 427 426)
4(301 319 428 411)
4(318 427 428 319)
4(410 411 428 427)
4(302 320 429 412)
4(319 428 429 320)
4(411 412 429 428)
4(303 321 430 413)
4(320 429 430 321)
4(412 413 430 429)
4(304 322 431 414)
4(321 430 431 322)
4(413 414 431 430)
4(305 323 432 415)
4(322 431 432 323)
4(414 415 432 431)
4(306 324 433 416)
4(323 432 433 324)
4(415 416 433 432)
4(307 325 434 417)
4(324 433 434 325)
4(416 417 434 433)
4(325 434 435 326)
4(417 418 435 434)
4(311 330 438 420)
4(419 420 438 437)
4(312 331 439 421)
4(420 421 439 438)
4(313 332 440 422)
4(421 422 440 439)
4(314 333 441 423)
4(422 423 441 440)
4(315 334 442 424)
4(423 424 442 441)
4(316 335 443 425)
4(424 425 443 442)
4(317 336 444 426)
4(425 426 444 443)
4(318 337 445 427)
4(426 427 445 444)
4(319 338 446 428)
4(427 428 446 445)
4(320 339 447 429)
4(428 429 447 446)
4(321 340 448 430)
4(429 430 448 447)
4(322 341 449 431)
4(430 431 449 448)
4(323 342 450 432)
4(431 432 450 449)
4(324 343 451 433)
4(432 433 451 450)
4(325 344 452 434)
4(433 434 452 451)
4(326 345 453 435)
4(434 435 453 452)
4(350 461 462 351)
4(456 457 462 461)
4(350 355 467 461)
4(354 466 467 355)
4(460 461 467 466)
4(351 356 468 462)
4(355 467 468 356)
4(461 462 468 467)
4(356 468 469 357)
4(462 463 469 468)
4(354 360 474 466)
4(359 473 474 360)
4(465 466 474 473)
4(355 361 475 467)
4(360 474 475 361)
4(466 467 475 474)
4(356 362 476 468)
4(361 475 476 362)
4(467 468 476 475)
4(357 363 477 469)
4(362 476 477 363)
4(468 469 477 476)
4(363 477 478 364)
4(469 470 478 477)
4(360 367 482 474)
4(366 481 482 367)
4(473 474 482 481)
4(361 368 483 475)
4(367 482 483 368)
4(474 475 483 482)
4(362 369 484 476)
4(368 483 484 369)
4(475 476 484 483)
4(363 370 485 477)
4(369 484 485 370)
4(476 477 485 484)
4(364 371 486 478)
4(370 485 486 371)
4(477 478 486 485)
4(371 486 487 372)
4(478 479 487 486)
4(367 379 497 482)
4(378 496 497 379)
4(481 482 497 496)
4(368 380 498 483)
4(379 497 498 380)
4(482 483 498 497)
4(369 381 499 484)
4(380 498 499 381)
4(483 484 499 498)
4(370 382 500 485)
4(381 499 500 382)
4(484 485 500 499)
4(371 383 501 486)
4(382 500 501 383)
4(485 486 501 500)
4(383 501 502 384)
4(374 388 506 490)
4(387 505 506 388)
4(489 490 506 505)
4(375 389 507 491)
4(388 506 507 389)
4(490 491 507 506)
4(376 390 508 492)
4(389 507 508 390)
4(491 492 508 507)
4(390 508 509 391)
4(492 493 509 508)
4(379 395 513 497)
4(394 512 513 395)
4(496 497 513 512)
4(380 396 514 498)
4(395 513 514 396)
4(497 498 514 513)
4(381 397 515 499)
4(396 514 515 397)
4(498 499 515 514)
4(382 398 516 500)
4(397 515 516 398)
4(499 500 516 515)
4(383 399 517 501)
4(398 516 517 399)
4(500 501 517 516)
4(399 517 518 400)
4(386 403 520 504)
4(402 519 520 403)
4(503 504 520 519)
4(387 404 521 505)
4(403 520 521 404)
4(504 505 521 520)
4(388 405 522 506)
4(404 521 522 405)
4(505 506 522 521)
4(389 406 523 507)
4(405 522 523 406)
4(506 507 523 522)
4(390 407 524 508)
4(406 523 524 407)
4(507 508 524 523)
4(391 408 525 509)
4(407 524 525 408)
4(508 509 525 524)
4(392 409 526 510)
4(408 525 526 409)
4(509 510 526 525)
4(393 410 527 511)
4(409 526 527 410)
4(510 511 527 526)
4(394 411 528 512)
4(410 527 528 411)
4(511 512 528 527)
4(395 412 529 513)
4(411 528 529 412)
4(512 513 529 528)
4(396 413 530 514)
4(412 529 530 413)
4(513 514 530 529)
4(397 414 531 515)
4(413 530 531 414)
4(514 515 531 530)
4(398 415 532 516)
4(414 531 532 415)
4(515 516 532 531)
4(399 416 533 517)
4(415 532 533 416)
4(416 533 534 417)
4(403 420 537 520)
4(419 536 537 420)
4(519 520 537 536)
4(404 421 538 521)
4(420 537 538 421)
4(520 521 538 537)
4(405 422 539 522)
4(421 538 539 422)
4(521 522 539 538)
4(406 423 540 523)
4(422 539 540 423)
4(522 523 540 539)
4(407 424 541 524)
4(423 540 541 424)
4(523 524 541 540)
4(408 425 542 525)
4(424 541 542 425)
4(524 525 542 541)
4(409 426 543 526)
4(425 542 543 426)
4(525 526 543 542)
4(410 427 544 527)
4(426 543 544 427)
4(526 527 544 543)
4(411 428 545 528)
4(427 544 545 428)
4(527 528 545 544)
4(412 429 546 529)
4(428 545 546 429)
4(528 529 546 545)
4(413 430 547 530)
4(429 546 547 430)
4(529 530 547 546)
4(414 431 548 531)
4(430 547 548 431)
4(530 531 548 547)
4(415 432 549 532)
4(431 548 549 432)
4(531 532 549 548)
4(416 433 550 533)
4(432 549 550 433)
4(532 533 550 549)
4(417 434 551 534)
4(433 550 551 434)
4(434 551 552 435)
4(420 438 554 537)
4(536 537 554 553)
4(421 439 555 538)
4(537 538 555 554)
4(422 440 556 539)
4(538 539 556 555)
4(423 441 557 540)
4(539 540 557 556)
4(424 442 558 541)
4(540 541 558 557)
4(425 443 559 542)
4(541 542 559 558)
4(426 444 560 543)
4(542 543 560 559)
4(427 445 561 544)
4(543 544 561 560)
4(428 446 562 545)
4(544 545 562 561)
4(429 447 563 546)
4(545 546 563 562)
4(430 448 564 547)
4(546 547 564 563)
4(431 449 565 548)
4(547 548 565 564)
4(432 450 566 549)
4(548 549 566 565)
4(433 451 567 550)
4(549 550 567 566)
4(434 452 568 551)
4(456 461 582 575)
4(460 581 582 461)
4(574 575 582 581)
4(457 462 583 576)
4(461 582 583 462)
4(575 576 583 582)
4(462 583 584 463)
4(576 577 584 583)
4(460 466 589 581)
4(465 588 589 466)
4(580 581 589 588)
4(461 467 590 582)
4(466 589 590 467)
4(581 582 590 589)
4(462 468 591 583)
4(467 590 591 468)
4(582 583 591 590)
4(463 469 592 584)
4(468 591 592 469)
4(583 584 592 591)
4(469 592 593 470)
4(584 585 593 592)
4(466 474 597 589)
4(473 596 597 474)
4(588 589 597 596)
4(467 475 598 590)
4(474 597 598 475)
4(589 590 598 597)
4(468 476 599 591)
4(475 598 599 476)
4(590 591 599 598)
4(469 477 600 592)
4(476 599 600 477)
4(591 592 600 599)
4(470 478 601 593)
4(477 600 601 478)
4(592 593 601 600)
4(478 601 602 479)
4(593 594 602 601)
4(473 481 606 596)
4(480 605 606 481)
4(595 596 606 605)
4(474 482 607 597)
4(481 606 607 482)
4(596 597 607 606)
4(475 483 608 598)
4(482 607 608 483)
4(597 598 608 607)
4(476 484 609 599)
4(483 608 609 484)
4(598 599 609 608)
4(477 485 610 600)
4(484 609 610 485)
4(599 600 610 609)
4(478 486 611 601)
4(485 610 611 486)
4(600 601 611 610)
4(481 496 621 606)
4(495 620 621 496)
4(605 606 621 620)
4(482 497 622 607)
4(496 621 622 497)
4(606 607 622 621)
4(483 498 623 608)
4(497 622 623 498)
4(607 608 623 622)
4(484 499 624 609)
4(498 623 624 499)
4(608 609 624 623)
4(485 500 625 610)
4(499 624 625 500)
4(609 610 625 624)
4(500 625 626 501)
4(489 505 629 614)
4(504 628 629 505)
4(613 614 629 628)
4(490 506 630 615)
4(505 629 630 506)
4(614 615 630 629)
4(491 507 631 616)
4(506 630 631 507)
4(615 616 631 630)
4(492 508 632 617)
4(507 631 632 508)
4(616 617 632 631)
4(493 509 633 618)
4(508 632 633 509)
4(617 618 633 632)
4(494 510 634 619)
4(509 633 634 510)
4(618 619 634 633)
4(495 511 635 620)
4(510 634 635 511)
4(619 620 635 634)
4(496 512 636 621)
4(511 635 636 512)
4(620 621 636 635)
4(497 513 637 622)
4(512 636 637 513)
4(621 622 637 636)
4(498 514 638 623)
4(513 637 638 514)
4(622 623 638 637)
4(499 515 639 624)
4(514 638 639 515)
4(623 624 639 638)
4(500 516 640 625)
4(515 639 640 516)
4(504 520 643 628)
4(519 642 643 520)
4(627 628 643 642)
4(505 521 644 629)
4(520 643 644 521)
4(628 629 644 643)
4(506 522 645 630)
4(521 644 645 522)
4(629 630 645 644)
4(507 523 646 631)
4(522 645 646 523)
4(630 631 646 645)
4(508 524 647 632)
4(523 646 647 524)
4(631 632 647 646)
4(509 525 648 633)
4(524 647 648 525)
4(632 633 648 647)
4(510 526 649 634)
4(525 648 649 526)
4(633 634 649 648)
4(511 527 650 635)
4(526 649 650 527)
4(634 635 650 649)
4(512 528 651 636)
4(527 650 651 528)
4(635 636 651 650)
4(513 529 652 637)
4(528 651 652 529)
4(636 637 652 651)
4(514 530 653 638)
4(529 652 653 530)
4(637 638 653 652)
4(515 531 654 639)
4(530 653 654 531)
4(531 654 655 532)
4(520 537 658 643)
4(536 657 658 537)
4(642 643 658 657)
4(521 538 659 644)
4(537 658 659 538)
4(643 644 659 658)
4(522 539 660 645)
4(538 659 660 539)
4(644 645 660 659)
4(523 540 661 646)
4(539 660 661 540)
4(645 646 661 660)
4(524 541 662 647)
4(540 661 662 541)
4(646 647 662 661)
4(525 542 663 648)
4(541 662 663 542)
4(647 648 663 662)
4(526 543 664 649)
4(542 663 664 543)
4(648 649 664 663)
4(527 544 665 650)
4(543 664 665 544)
4(649 650 665 664)
4(528 545 666 651)
4(544 665 666 545)
4(650 651 666 665)
4(529 546 667 652)
4(545 666 667 546)
4(651 652 667 666)
4(530 547 668 653)
4(546 667 668 547)
4(652 653 668 667)
4(531 548 669 654)
4(547 668 669 548)
4(653 654 669 668)
4(532 549 670 655)
4(548 669 670 549)
4(549 670 671 550)
4(537 554 673 658)
4(657 658 673 672)
4(538 555 674 659)
4(658 659 674 673)
4(539 556 675 660)
4(659 660 675 674)
4(540 557 676 661)
4(660 661 676 675)
4(541 558 677 662)
4(661 662 677 676)
4(542 559 678 663)
4(662 663 678 677)
4(543 560 679 664)
4(663 664 679 678)
4(544 561 680 665)
4(664 665 680 679)
4(545 562 681 666)
4(665 666 681 680)
4(546 563 682 667)
4(666 667 682 681)
4(547 564 683 668)
4(667 668 683 682)
4(548 565 684 669)
4(668 669 684 683)
4(549 566 685 670)
4(571 575 692 688)
4(574 691 692 575)
4(575 692 693 576)
4(574 581 698 691)
4(580 697 698 581)
4(575 582 699 692)
4(581 698 699 582)
4(576 583 700 693)
4(582 699 700 583)
4(577 584 701 694)
4(583 700 701 584)
4(584 701 702 585)
4(580 588 705 697)
4(587 704 705 588)
4(581 589 706 698)
4(588 705 706 589)
4(582 590 707 699)
4(589 706 707 590)
4(583 591 708 700)
4(590 707 708 591)
4(584 592 709 701)
4(591 708 709 592)
4(585 593 710 702)
4(592 709 710 593)
4(593 710 711 594)
4(588 596 713 705)
4(595 712 713 596)
4(589 597 714 706)
4(596 713 714 597)
4(590 598 715 707)
4(597 714 715 598)
4(591 599 716 708)
4(598 715 716 599)
4(592 600 717 709)
4(599 716 717 600)
4(593 601 718 710)
4(600 717 718 601)
4(596 606 723 713)
4(605 722 723 606)
4(597 607 724 714)
4(606 723 724 607)
4(598 608 725 715)
4(607 724 725 608)
4(599 609 726 716)
4(608 725 726 609)
4(600 610 727 717)
4(609 726 727 610)
4(604 619 735 721)
4(618 734 735 619)
4(605 620 736 722)
4(619 735 736 620)
4(606 621 737 723)
4(620 736 737 621)
4(607 622 738 724)
4(621 737 738 622)
4(608 623 739 725)
4(622 738 739 623)
4(609 624 740 726)
4(623 739 740 624)
4(614 629 744 730)
4(628 743 744 629)
4(615 630 745 731)
4(629 744 745 630)
4(616 631 746 732)
4(630 745 746 631)
4(617 632 747 733)
4(631 746 747 632)
4(618 633 748 734)
4(632 747 748 633)
4(619 634 749 735)
4(633 748 749 634)
4(620 635 750 736)
4(634 749 750 635)
4(621 636 751 737)
4(635 750 751 636)
4(622 637 752 738)
4(636 751 752 637)
4(623 638 753 739)
4(637 752 753 638)
4(628 643 756 743)
4(642 755 756 643)
4(629 644 757 744)
4(643 756 757 644)
4(630 645 758 745)
4(644 757 758 645)
4(631 646 759 746)
4(645 758 759 646)
4(632 647 760 747)
4(646 759 760 647)
4(633 648 761 748)
4(647 760 761 648)
4(634 649 762 749)
4(648 761 762 649)
4(635 650 763 750)
4(649 762 763 650)
4(636 651 764 751)
4(650 763 764 651)
4(637 652 765 752)
4(651 764 765 652)
4(652 765 766 653)
4(643 658 769 756)
4(657 768 769 658)
4(644 659 770 757)
4(658 769 770 659)
4(645 660 771 758)
4(659 770 771 660)
4(646 661 772 759)
4(660 771 772 661)
4(647 662 773 760)
4(661 772 773 662)
4(648 663 774 761)
4(662 773 774 663)
4(649 664 775 762)
4(663 774 775 664)
4(650 665 776 763)
4(664 775 776 665)
4(651 666 777 764)
4(665 776 777 666)
4(652 667 778 765)
4(666 777 778 667)
4(653 668 779 766)
4(667 778 779 668)
4(668 779 780 669)
4(658 673 782 769)
4(659 674 783 770)
4(660 675 784 771)
4(661 676 785 772)
4(662 677 786 773)
4(663 678 787 774)
4(664 679 788 775)
4(665 680 789 776)
4(666 681 790 777)
4(667 682 791 778)
4(668 683 792 779)
4(158 234 235 159)
4(234 328 329 235)
4(96 159 160 97)
4(159 235 236 160)
4(235 329 330 236)
4(329 437 438 330)
4(437 553 554 438)
4(553 672 673 554)
4(672 781 782 673)
4(97 160 161 98)
4(160 236 237 161)
4(236 330 331 237)
4(330 438 439 331)
4(438 554 555 439)
4(554 673 674 555)
4(673 782 783 674)
4(98 161 162 99)
4(161 237 238 162)
4(237 331 332 238)
4(331 439 440 332)
4(439 555 556 440)
4(555 674 675 556)
4(674 783 784 675)
4(162 238 239 163)
4(238 332 333 239)
4(332 440 441 333)
4(440 556 557 441)
4(556 675 676 557)
4(675 784 785 676)
4(239 333 334 240)
4(333 441 442 334)
4(441 557 558 442)
4(557 676 677 558)
4(676 785 786 677)
4(240 334 335 241)
4(334 442 443 335)
4(442 558 559 443)
4(558 677 678 559)
4(677 786 787 678)
4(241 335 336 242)
4(335 443 444 336)
4(443 559 560 444)
4(559 678 679 560)
4(678 787 788 679)
4(336 444 445 337)
4(444 560 561 445)
4(560 679 680 561)
4(679 788 789 680)
4(337 445 446 338)
4(445 561 562 446)
4(561 680 681 562)
4(680 789 790 681)
4(243 338 339 244)
4(338 446 447 339)
4(446 562 563 447)
4(562 681 682 563)
4(681 790 791 682)
4(164 244 245 165)
4(244 339 340 245)
4(339 447 448 340)
4(447 563 564 448)
4(563 682 683 564)
4(682 791 792 683)
4(19 52 53 20)
4(52 100 101 53)
4(100 165 166 101)
4(165 245 246 166)
4(245 340 341 246)
4(340 448 449 341)
4(448 564 565 449)
4(564 683 684 565)
4(683 792 793 684)
4(20 53 54 21)
4(53 101 102 54)
4(101 166 167 102)
4(166 246 247 167)
4(246 341 342 247)
4(341 449 450 342)
4(449 565 566 450)
4(565 684 685 566)
4(21 54 55 22)
4(54 102 103 55)
4(102 167 168 103)
4(167 247 248 168)
4(247 342 343 248)
4(342 450 451 343)
4(450 566 567 451)
4(566 685 686 567)
4(22 55 56 23)
4(55 103 104 56)
4(103 168 169 104)
4(168 248 249 169)
4(248 343 344 249)
4(343 451 452 344)
4(451 567 568 452)
4(56 104 105 57)
4(104 169 170 105)
4(169 249 250 170)
4(249 344 345 250)
4(344 452 453 345)
4(452 568 569 453)
4(250 345 346 251)
4(345 453 454 346)
4(418 435 552 535)
4(8 11 12 9)
4(1 3 16 11)
4(2 15 16 3)
4(11 16 17 12)
4(15 20 21 16)
4(16 21 22 17)
4(17 22 23 18)
4(24 25 59 58)
4(25 26 60 59)
4(77 87 88 78)
4(78 88 89 79)
4(86 96 97 87)
4(87 97 98 88)
4(88 98 99 89)
4(58 59 111 110)
4(106 110 111 107)
4(77 78 136 135)
4(78 79 137 136)
4(125 136 137 126)
4(126 137 138 127)
4(77 135 147 87)
4(86 87 147 146)
4(134 146 147 135)
4(79 89 149 137)
4(137 149 150 138)
4(86 146 159 96)
4(145 158 159 146)
4(89 99 162 149)
4(149 162 163 150)
4(106 107 172 171)
4(106 171 175 110)
4(109 110 175 174)
4(109 174 179 114)
4(125 126 192 191)
4(126 127 193 192)
4(134 135 203 202)
4(125 191 204 136)
4(135 136 204 203)
4(127 138 206 193)
4(193 206 207 194)
4(134 202 217 146)
4(145 146 217 216)
4(138 150 221 206)
4(206 221 222 207)
4(150 163 239 221)
4(221 239 240 222)
4(171 253 258 175)
4(174 175 258 257)
4(252 257 258 253)
4(174 257 263 179)
4(256 262 263 257)
4(179 263 273 185)
4(184 185 273 272)
4(262 272 273 263)
4(191 192 281 280)
4(268 280 281 269)
4(192 193 282 281)
4(269 281 282 270)
4(193 194 283 282)
4(270 282 283 271)
4(202 203 293 292)
4(191 280 294 204)
4(203 204 294 293)
4(279 293 294 280)
4(194 207 297 283)
4(207 208 298 297)
4(283 297 298 284)
4(202 292 310 217)
4(216 217 310 309)
4(216 309 328 234)
4(347 350 351 348)
4(349 354 355 350)
4(252 253 356 355)
4(350 355 356 351)
4(253 254 357 356)
4(351 356 357 352)
4(353 359 360 354)
4(252 355 361 257)
4(256 257 361 360)
4(354 360 361 355)
4(256 360 367 262)
4(359 366 367 360)
4(268 269 374 373)
4(269 270 375 374)
4(270 271 376 375)
4(262 367 379 272)
4(366 378 379 367)
4(268 373 387 280)
4(279 280 387 386)
4(271 283 390 376)
4(283 284 391 390)
4(376 390 391 377)
4(272 379 395 285)
4(378 394 395 379)
4(279 386 403 293)
4(292 293 403 402)
4(385 402 403 386)
4(284 298 408 391)
4(298 299 409 408)
4(391 408 409 392)
4(299 300 410 409)
4(392 409 410 393)
4(300 301 411 410)
4(393 410 411 394)
4(285 395 412 302)
4(301 302 412 411)
4(394 411 412 395)
4(292 402 419 310)
4(347 456 461 350)
4(349 350 461 460)
4(455 460 461 456)
4(349 460 466 354)
4(353 354 466 465)
4(459 465 466 460)
4(353 465 473 359)
4(359 473 481 366)
4(472 480 481 473)
4(373 374 490 489)
4(374 375 491 490)
4(375 376 492 491)
4(376 377 493 492)
4(366 481 496 378)
4(480 495 496 481)
4(385 386 504 503)
4(373 489 505 387)
4(386 387 505 504)
4(488 504 505 489)
4(377 391 509 493)
4(391 392 510 509)
4(493 509 510 494)
4(392 393 511 510)
4(494 510 511 495)
4(378 496 512 394)
4(393 394 512 511)
4(495 511 512 496)
4(385 503 519 402)
4(402 519 536 419)
4(455 456 575 574)
4(570 574 575 571)
4(455 574 581 460)
4(459 460 581 580)
4(573 580 581 574)
4(459 580 588 465)
4(579 587 588 580)
4(465 588 596 473)
4(472 473 596 595)
4(587 595 596 588)
4(472 595 605 480)
4(601 602 612 611)
4(488 489 614 613)
4(489 490 615 614)
4(490 491 616 615)
4(491 492 617 616)
4(492 493 618 617)
4(493 494 619 618)
4(603 618 619 604)
4(480 605 620 495)
4(494 495 620 619)
4(604 619 620 605)
4(488 613 628 504)
4(503 504 628 627)
4(570 687 691 574)
4(573 574 691 690)
4(573 690 697 580)
4(579 580 697 696)
4(579 696 704 587)
4(587 704 712 595)
4(594 602 719 711)
4(601 718 719 602)
4(603 604 721 720)
4(595 712 722 605)
4(604 605 722 721)
4(601 611 728 718)
4(613 614 730 729)
4(614 615 731 730)
4(615 616 732 731)
4(616 617 733 732)
4(603 720 734 618)
4(617 618 734 733)
4(613 729 743 628)
4(627 628 743 742)
4(0 2 3 1)
4(4 7 8 5)
4(5 8 9 6)
4(0 1 11 10)
4(7 10 11 8)
4(0 10 15 2)
4(12 17 18 13)
4(14 19 20 15)
4(24 27 28 25)
4(25 28 29 26)
4(4 5 32 31)
4(27 31 32 28)
4(5 6 33 32)
4(28 32 33 29)
4(4 31 36 7)
4(30 35 36 31)
4(6 9 38 33)
4(33 38 39 34)
4(7 36 41 10)
4(35 40 41 36)
4(9 12 43 38)
4(12 13 44 43)
4(38 43 44 39)
4(10 41 47 15)
4(14 15 47 46)
4(40 46 47 41)
4(13 18 50 44)
4(44 50 51 45)
4(14 46 52 19)
4(18 23 56 50)
4(50 56 57 51)
4(24 58 62 27)
4(26 29 64 60)
4(27 62 67 31)
4(30 31 67 66)
4(61 66 67 62)
4(29 33 69 64)
4(33 34 70 69)
4(64 69 70 65)
4(30 66 71 35)
4(34 39 75 70)
4(35 71 80 40)
4(39 44 84 75)
4(44 45 85 84)
4(75 84 85 76)
4(40 80 90 46)
4(45 51 95 85)
4(46 90 100 52)
4(51 57 105 95)
4(59 60 112 111)
4(107 111 112 108)
4(58 110 115 62)
4(61 62 115 114)
4(109 114 115 110)
4(60 64 117 112)
4(64 65 118 117)
4(112 117 118 113)
4(61 114 119 66)
4(65 70 123 118)
4(66 119 128 71)
4(70 75 132 123)
4(75 76 133 132)
4(123 132 133 124)
4(71 128 139 80)
4(76 85 144 133)
4(80 139 152 90)
4(85 95 157 144)
4(90 152 165 100)
4(151 164 165 152)
4(95 105 170 157)
4(107 108 173 172)
4(108 112 177 173)
4(172 173 177 176)
4(112 113 178 177)
4(113 118 183 178)
4(114 179 185 119)
4(118 123 189 183)
4(123 124 190 189)
4(119 185 196 128)
4(184 195 196 185)
4(124 133 201 190)
4(128 196 210 139)
4(195 209 210 196)
4(133 144 215 201)
4(207 222 223 208)
4(139 210 227 152)
4(151 152 227 226)
4(209 226 227 210)
4(144 157 232 215)
4(145 216 234 158)
4(222 240 241 223)
4(223 241 242 224)
4(151 226 244 164)
4(225 243 244 226)
4(157 170 250 232)
4(232 250 251 233)
4(171 172 254 253)
4(172 176 259 254)
4(176 177 260 259)
4(254 259 260 255)
4(177 178 261 260)
4(178 183 267 261)
4(183 189 277 267)
4(189 190 278 277)
4(184 272 285 195)
4(190 201 291 278)
4(277 278 291 290)
4(195 285 302 209)
4(201 215 308 291)
4(208 223 316 298)
4(223 224 317 316)
4(298 316 317 299)
4(299 317 318 300)
4(300 318 319 301)
4(209 302 320 226)
4(225 226 320 319)
4(301 319 320 302)
4(215 232 326 308)
4(232 233 327 326)
4(309 310 329 328)
4(224 242 336 317)
4(317 336 337 318)
4(225 319 338 243)
4(318 337 338 319)
4(233 251 346 327)
4(254 255 358 357)
4(255 260 364 358)
4(260 261 365 364)
4(261 267 372 365)
4(267 277 384 372)
4(277 290 400 384)
4(290 291 401 400)
4(291 308 418 401)
4(400 401 418 417)
4(308 326 435 418)
4(326 327 436 435)
4(310 419 437 329)
4(327 346 454 436)
4(435 436 454 453)
4(347 348 457 456)
4(348 351 462 457)
4(351 352 463 462)
4(457 462 463 458)
4(352 357 469 463)
4(357 358 470 469)
4(463 469 470 464)
4(358 364 478 470)
4(364 365 479 478)
4(470 478 479 471)
4(365 372 487 479)
4(372 384 502 487)
4(486 487 502 501)
4(384 400 518 502)
4(501 502 518 517)
4(516 517 533 532)
4(400 417 534 518)
4(517 518 534 533)
4(417 418 535 534)
4(533 534 551 550)
4(534 535 552 551)
4(419 536 553 437)
4(550 551 568 567)
4(435 453 569 552)
4(551 552 569 568)
4(456 457 576 575)
4(571 575 576 572)
4(457 458 577 576)
4(458 463 584 577)
4(463 464 585 584)
4(577 584 585 578)
4(471 479 602 594)
4(479 487 612 602)
4(486 611 612 487)
4(486 501 626 611)
4(610 611 626 625)
4(624 625 640 639)
4(501 517 641 626)
4(516 640 641 517)
4(625 626 641 640)
4(503 627 642 519)
4(638 639 654 653)
4(516 532 655 640)
4(639 640 655 654)
4(532 533 656 655)
4(519 642 657 536)
4(654 655 670 669)
4(533 550 671 656)
4(655 656 671 670)
4(536 657 672 553)
4(669 670 685 684)
4(550 567 686 671)
4(670 671 686 685)
4(570 571 688 687)
4(571 572 689 688)
4(572 576 693 689)
4(576 577 694 693)
4(577 578 695 694)
4(578 585 702 695)
4(585 586 703 702)
4(586 594 711 703)
4(610 727 728 611)
4(610 625 741 727)
4(624 740 741 625)
4(624 639 754 740)
4(638 753 754 639)
4(627 742 755 642)
4(638 653 766 753)
4(653 654 767 766)
4(642 755 768 657)
4(654 669 780 767)
4(657 768 781 672)
4(669 684 793 780)
4(687 688 692 691)
4(688 689 693 692)
4(690 691 698 697)
4(691 692 699 698)
4(692 693 700 699)
4(693 694 701 700)
4(694 695 702 701)
4(696 697 705 704)
4(697 698 706 705)
4(698 699 707 706)
4(699 700 708 707)
4(700 701 709 708)
4(701 702 710 709)
4(702 703 711 710)
4(704 705 713 712)
4(705 706 714 713)
4(706 707 715 714)
4(707 708 716 715)
4(708 709 717 716)
4(709 710 718 717)
4(710 711 719 718)
4(712 713 723 722)
4(713 714 724 723)
4(714 715 725 724)
4(715 716 726 725)
4(716 717 727 726)
4(717 718 728 727)
4(720 721 735 734)
4(721 722 736 735)
4(722 723 737 736)
4(723 724 738 737)
4(724 725 739 738)
4(725 726 740 739)
4(726 727 741 740)
4(729 730 744 743)
4(730 731 745 744)
4(731 732 746 745)
4(732 733 747 746)
4(733 734 748 747)
4(734 735 749 748)
4(735 736 750 749)
4(736 737 751 750)
4(737 738 752 751)
4(738 739 753 752)
4(739 740 754 753)
4(742 743 756 755)
4(743 744 757 756)
4(744 745 758 757)
4(745 746 759 758)
4(746 747 760 759)
4(747 748 761 760)
4(748 749 762 761)
4(749 750 763 762)
4(750 751 764 763)
4(751 752 765 764)
4(752 753 766 765)
4(755 756 769 768)
4(756 757 770 769)
4(757 758 771 770)
4(758 759 772 771)
4(759 760 773 772)
4(760 761 774 773)
4(761 762 775 774)
4(762 763 776 775)
4(763 764 777 776)
4(764 765 778 777)
4(765 766 779 778)
4(766 767 780 779)
4(768 769 782 781)
4(769 770 783 782)
4(770 771 784 783)
4(771 772 785 784)
4(772 773 786 785)
4(773 774 787 786)
4(774 775 788 787)
4(775 776 789 788)
4(776 777 790 789)
4(777 778 791 790)
4(778 779 792 791)
4(779 780 793 792)
4(464 470 593 585)
4(470 471 594 593)
4(585 593 594 586)
)


// ************************************************************************* //
