/*--------------------------------*- C++ -*----------------------------------*\
  =========                 |
  \\      /  F ield         | OpenFOAM: The Open Source CFD Toolbox
   \\    /   O peration     | Website:  https://openfoam.org
    \\  /    A nd           | Version:  6
     \\/     M anipulation  |
\*---------------------------------------------------------------------------*/
FoamFile
{
    version     2.0;
    format      ascii;
    class       labelList;
    location    "constant/region500/polyMesh";
    object      faceRegionAddressing;
}
// * * * * * * * * * * * * * * * * * * * * * * * * * * * * * * * * * * * * * //


1676
(
668593
680369
680370
680371
680373
680374
680560
680561
680562
680564
680565
680751
680752
680753
680754
680755
680756
680758
680759
680904
680905
680906
680907
680908
680909
680911
692147
692148
692149
692151
692152
692338
692339
692340
692342
692343
692526
692527
692528
692529
692530
692531
692532
692533
692534
692536
692537
692717
692718
692719
692720
692721
692722
692723
692724
692725
692727
692728
692908
692909
692910
692911
692912
692913
692914
692915
692916
692917
692918
692919
692921
692922
693064
693065
693066
693067
693068
693069
693070
693071
693073
704307
704308
704309
704311
704312
704495
704496
704497
704498
704499
704500
704501
704502
704503
704505
704506
704686
704687
704688
704689
704690
704691
704692
704693
704694
704696
704697
704877
704878
704879
704880
704881
704882
704883
704884
704885
704886
704887
704888
704890
704891
705038
705039
705040
705042
705043
705068
705069
705070
705071
705072
705073
705074
705075
705076
705077
705078
705079
705081
705082
705202
705203
705204
705205
705207
705224
705225
705226
705227
705228
705229
705230
705231
705233
716276
716277
716278
716280
716464
716465
716466
716467
716468
716469
716470
716471
716472
716474
716475
716655
716656
716657
716658
716659
716660
716661
716662
716663
716665
716666
716846
716847
716848
716849
716850
716851
716852
716853
716854
716855
716856
716857
716859
716860
717010
717011
717012
717014
717015
717037
717038
717039
717040
717041
717042
717043
717044
717045
717046
717047
717048
717050
717051
717195
717196
717197
717198
717199
717200
717201
717202
717203
717205
717206
717228
717229
717230
717231
717232
717233
717234
717235
717236
717237
717238
717239
717241
717242
717360
717361
717362
717363
717364
717365
717366
717367
717369
717382
717383
717384
717385
717386
717387
717388
717389
717390
717391
717393
728437
728438
728624
728625
728626
728627
728628
728629
728630
728631
728632
728634
728635
728815
728816
728817
728818
728819
728820
728821
728822
728823
728825
728826
729003
729004
729005
729006
729007
729008
729009
729010
729011
729012
729013
729014
729015
729016
729017
729019
729170
729171
729172
729173
729174
729175
729177
729178
729194
729195
729196
729197
729198
729199
729200
729201
729202
729203
729204
729205
729206
729207
729208
729210
729211
729355
729356
729357
729358
729359
729360
729361
729362
729363
729364
729365
729366
729367
729368
729369
729371
729372
729385
729386
729387
729388
729389
729390
729391
729392
729393
729394
729395
729396
729397
729398
729399
729401
729402
729520
729522
729523
729524
729525
729526
729527
729528
729529
729530
729531
729532
729533
729535
729540
729541
729542
729543
729544
729545
729546
729547
729548
729549
729550
729551
729552
729553
729555
740593
740594
740595
740596
740597
740598
740600
740601
740781
740782
740783
740784
740785
740786
740787
740788
740789
740790
740791
740792
740794
740795
740972
740973
740974
740975
740976
740977
740978
740979
740980
740981
740982
740983
740985
740986
741139
741140
741141
741142
741143
741144
741146
741147
741163
741164
741165
741166
741167
741168
741169
741170
741171
741172
741173
741174
741176
741177
741327
741328
741329
741330
741331
741332
741333
741334
741335
741336
741337
741338
741340
741341
741354
741355
741356
741357
741358
741359
741360
741361
741362
741363
741364
741365
741366
741367
741368
741370
741515
741516
741517
741518
741519
741520
741521
741522
741523
741524
741525
741526
741527
741528
741529
741530
741531
741532
741533
741534
741535
741536
741537
741538
741539
741540
741541
741542
741543
741544
741545
741546
741547
741548
741549
741550
741551
741552
741553
741554
741555
741556
741557
741558
741559
741561
741562
741682
741683
741684
741685
741686
741687
741688
741689
741690
741691
741692
741693
741694
741695
741696
741697
741698
741699
741700
741701
741702
741703
741704
741705
741706
741707
741708
741709
741710
741711
741712
741713
752372
752373
752559
752560
752561
752562
752563
752564
752566
752567
752747
752748
752749
752750
752751
752752
752753
752754
752755
752756
752757
752758
752760
752761
752938
752939
752940
752941
752942
752943
752944
752945
752946
752947
752948
752949
752950
752951
752952
752954
752955
753129
753130
753131
753132
753133
753134
753135
753136
753137
753138
753139
753140
753141
753142
753143
753145
753299
753300
753301
753302
753303
753304
753305
753306
753307
753309
753310
753320
753321
753322
753323
753324
753325
753326
753327
753328
753329
753330
753331
753332
753333
753334
753336
753484
753485
753486
753487
753488
753489
753490
753491
753492
753493
753494
753495
753496
753497
753498
753499
753500
753501
753502
753503
753504
753505
753506
753507
753508
753509
753510
753511
753512
753513
753514
753515
753516
753517
753518
753519
753520
753521
753522
753523
753524
753527
753675
753676
753677
753678
753679
753680
753681
753682
753683
753684
753685
753686
753687
753688
753689
753690
753691
753692
753693
753694
753695
753696
753697
753698
753699
753700
753701
753702
753703
753704
753705
753706
753707
753708
753709
753710
753711
753712
753713
753714
753715
753716
753717
753718
753721
753842
753843
753844
753845
753846
753847
753848
753849
753850
753851
753852
753853
753854
753855
753856
753857
753858
753859
753860
753861
753862
753863
753864
753865
753866
753867
753868
753869
753870
764528
764529
764530
764531
764532
764533
764535
764536
764716
764717
764718
764719
764720
764721
764722
764723
764724
764725
764726
764727
764729
764730
764907
764908
764909
764910
764911
764912
764913
764914
764915
764916
764917
764918
764919
764920
764921
764923
764924
765095
765096
765097
765098
765099
765100
765101
765102
765103
765104
765105
765106
765107
765108
765109
765110
765111
765112
765286
765287
765288
765289
765290
765291
765292
765293
765294
765295
765296
765297
765298
765299
765300
765302
765456
765457
765458
765459
765460
765461
765462
765463
765464
765465
765466
765467
765468
765469
765470
765471
765472
765473
765474
765475
765476
765477
765478
765479
765480
765481
765482
765483
765484
765485
765486
765487
765488
765489
765490
765644
765645
765646
765647
765648
765649
765650
765651
765652
765653
765654
765655
765656
765657
765658
765659
765660
765661
765662
765663
765664
765665
765666
765667
765668
765669
765670
765671
765672
765673
765674
765675
765676
765677
765678
765681
765835
765836
765837
765838
765839
765840
765841
765842
765843
765844
765845
765846
765847
765848
765849
765850
765851
765852
765853
765854
765855
765856
765857
765858
765859
765860
765861
765862
765863
765864
765865
765866
765867
765868
765869
765870
765871
765872
765875
766002
766003
766004
766005
766006
766007
766008
766009
766010
766011
766012
766013
766014
766015
766016
766017
766018
766019
766020
766021
766022
766023
766024
766025
766026
776497
776498
776501
776685
776686
776688
776689
776691
776692
776694
776695
776698
776873
776874
776876
776877
776879
776880
776882
776883
776885
776886
776888
776889
776892
777064
777065
777067
777068
777070
777071
777073
777074
777076
777077
777079
777080
777255
777256
777258
777259
777261
777262
777264
777265
777267
777268
777440
777441
777443
777444
777446
777447
777449
777450
777452
777453
777455
777456
777616
777617
777619
777620
777622
777623
777625
777626
777628
777629
777631
777632
777634
777635
777637
777638
777640
777641
777643
777644
777804
777805
777807
777808
777810
777811
777813
777814
777816
777817
777819
777820
777822
777823
777825
777826
777828
777829
777831
777832
777835
777995
777996
777998
777999
778001
778002
778004
778005
778007
778008
778010
778011
778013
778014
778016
778017
778019
778020
778022
778023
778025
778026
778029
778162
778164
778166
778168
778170
778172
778174
778176
778178
778180
778182
902011
902012
902074
902075
902076
902077
902078
902079
902080
902138
902139
902140
902141
902142
902143
902144
902202
902203
902204
902205
902206
902207
902208
902267
902268
902269
902270
902271
902272
902332
902333
902334
902335
902336
902396
902397
902398
902399
902400
902460
902461
902462
902463
902464
902525
902526
902527
902528
902589
902590
902591
902592
902652
902653
902654
902655
902656
902715
902716
902717
902718
902719
902720
902776
902777
902778
902779
902780
902781
902782
902783
902784
902840
902841
902842
902843
902844
902845
902846
902847
902904
902905
902906
902907
902908
902909
902910
902911
902968
902969
902970
902971
902972
902973
902974
903033
903034
903035
903036
903037
903038
903100
903101
753720
-668405
668591
668592
-668596
-668747
-668749
-668751
-691957
-691960
-692880
-692883
-693043
-693045
-693047
-704117
-704118
-704848
-704851
-704852
-704855
-705035
-705036
-705037
705041
-705046
-705200
-705201
705206
-705209
-716086
-716273
-716274
-716461
-716820
-716823
-717005
-717007
-717008
717013
-717018
-717192
-717193
717204
-717209
717368
-717371
-728433
-728434
-728435
-728621
-728623
-728812
-728813
-728814
-728980
-728981
-728983
-728984
-728986
-728987
-729165
-729167
-729168
-729169
729176
-729180
-729181
-729352
-729353
-729518
-740213
-740401
-740403
-740404
-740406
-740407
-740589
-740590
-740591
-740592
-740778
-740780
-740949
-740952
-740955
-740969
-740971
-741136
-741137
741145
-741149
-741150
-741160
-741162
-741324
-741325
-741326
741339
-741343
-741344
-741346
-741347
-741349
-741350
-741351
-741352
-741353
-741512
-752368
-752369
-752370
-752556
-752557
-752558
-752744
-752935
-752937
-753109
-753112
-753115
-753118
-753126
-753128
-753294
-753296
-753297
-753298
753308
-753312
-753313
-753315
-753316
-753317
-753318
-753319
-753481
-753672
-764338
-764339
-764525
-764526
-764527
-764713
-764715
-764904
-764905
-764906
-765092
765115
-765266
-765269
-765272
-765275
-765278
-765281
-765282
-765283
-765284
-765285
-765453
-765454
-776494
-776495
-776682
-776683
-776870
-777061
777082
777083
-777250
-777252
-777253
777270
-777426
-777429
-777432
-777435
-777437
-777438
-777613
-777614
-656433
-668211
-668214
-668401
-668402
-668588
-668599
-668745
-679989
-679992
-680179
-680180
-680182
-680183
-680366
-680368
680372
-680377
-680557
-680559
680563
-680567
-680568
-680748
-680749
-680750
680757
-680762
-680902
680910
-680913
-692144
692150
-692335
-692336
-692337
692341
-692345
-692346
-692523
692535
-692714
692726
-692730
-692731
-692905
692920
-693062
693072
-704120
-704121
-704304
-704305
-704306
704310
-704314
-704315
-704492
704504
-704683
704695
-704699
-704700
-704874
704889
-705065
705080
-705222
-705223
705232
-716089
716279
716281
-716283
716473
-716652
716664
-716668
-716843
-716845
716858
-717034
-717036
717049
-717212
-717225
-717226
-717227
717240
-717358
-717373
-717375
-717380
-717381
717392
-717395
-728246
728436
-728440
-728441
-728443
728633
728824
-728828
-729000
729018
729020
-729191
729209
729370
-729374
-729375
-729378
-729381
-729382
-729383
-729384
729400
-729404
729521
729534
-729537
-729538
-729539
729554
-740409
740599
-740603
740793
740984
741175
-741179
741369
741371
741560
-741564
-741680
741714
741715
-752181
752371
-752375
-752376
752565
-752569
-752570
752759
-752763
-752764
752953
753144
753146
753335
753337
753525
753526
753528
-753530
753719
753722
-753840
753871
753872
753873
-764341
-764342
-764344
764534
-764538
-764539
764922
765113
765114
765301
765303
765491
765492
765493
765494
-765641
765679
765680
765682
-765684
-765832
765873
765874
765876
-766000
766027
766028
766029
-776307
-776310
776500
-776504
-776507
776697
-776701
776891
777271
777458
777459
777646
777647
-777801
777834
-777838
-777992
778028
-778160
778184
776499
776502
776687
776690
776693
776696
776699
776875
776878
776881
776884
776887
776890
776893
777066
777069
777072
777075
777078
777081
777084
777257
777260
777263
777266
777269
777272
777442
777445
777448
777451
777454
777457
777460
777618
777621
777624
777627
777630
777633
777636
777639
777642
777645
777648
777806
777809
777812
777815
777818
777821
777824
777827
777830
777833
777836
777997
778000
778003
778006
778009
778012
778015
778018
778021
778024
778027
778030
778163
778165
778167
778169
778171
778173
778175
778177
778179
778181
778183
778185
764728
-764732
-764733
)


// ************************************************************************* //
