/*--------------------------------*- C++ -*----------------------------------*\
  =========                 |
  \\      /  F ield         | OpenFOAM: The Open Source CFD Toolbox
   \\    /   O peration     | Website:  https://openfoam.org
    \\  /    A nd           | Version:  6
     \\/     M anipulation  |
\*---------------------------------------------------------------------------*/
FoamFile
{
    version     2.0;
    format      ascii;
    class       labelList;
    note        "nPoints:794  nCells:462  nFaces:1676  nInternalFaces:1096";
    location    "constant/region500/polyMesh";
    object      neighbour;
}
// * * * * * * * * * * * * * * * * * * * * * * * * * * * * * * * * * * * * * //


1096
(
5
2
3
17
4
18
4
5
21
6
22
6
9
25
7
10
26
11
27
9
29
10
30
11
31
32
13
14
34
15
35
15
17
37
18
38
17
20
40
18
21
41
19
22
42
23
43
21
24
44
22
25
45
23
26
46
27
47
25
29
51
26
30
52
27
31
53
28
32
54
33
55
30
59
31
60
32
61
33
62
63
35
37
67
38
68
37
40
70
38
41
71
39
42
72
43
73
41
44
74
42
45
75
43
46
76
47
77
45
51
81
46
52
82
47
53
83
48
54
84
55
85
50
57
87
58
88
52
59
90
53
60
91
54
61
92
55
62
93
63
94
57
96
58
97
98
60
101
61
102
62
103
63
104
105
65
67
106
68
67
70
107
68
71
108
69
72
109
73
110
71
74
111
72
75
112
73
76
113
77
114
75
81
116
76
82
117
77
83
118
78
84
119
85
120
80
88
121
89
122
82
90
125
83
91
126
84
92
127
85
93
128
94
129
87
96
130
88
97
131
89
98
132
99
133
91
101
137
92
102
138
93
103
139
94
104
140
105
141
96
142
97
143
98
144
99
145
146
101
151
102
152
103
153
104
154
105
155
156
108
159
108
111
162
109
112
163
110
113
164
114
165
112
116
167
113
117
168
114
118
169
119
170
116
124
174
117
125
175
118
126
176
119
127
177
120
128
178
129
122
132
180
123
133
181
134
182
125
136
184
126
137
185
127
138
186
128
139
187
129
140
188
141
189
131
143
190
132
144
191
133
145
192
134
146
193
135
147
194
148
195
137
151
200
138
152
201
139
153
202
140
154
203
141
155
204
156
205
143
144
206
145
207
146
208
147
209
148
210
149
211
212
151
215
152
216
153
217
154
218
155
219
156
220
157
221
222
159
162
229
160
163
230
164
231
162
166
233
163
167
234
164
168
235
165
169
236
170
237
167
174
239
168
175
240
169
176
241
170
177
242
178
243
172
180
244
173
181
245
182
246
175
184
249
176
185
250
177
186
251
178
187
252
188
253
180
191
255
181
192
256
182
193
257
183
194
258
195
259
185
200
264
186
201
265
187
202
266
188
203
267
189
204
268
205
191
206
269
192
207
270
193
208
271
194
209
272
195
210
273
196
211
274
197
212
275
198
213
276
199
214
277
200
215
278
201
216
279
202
217
280
203
218
281
204
219
282
205
220
283
221
284
207
285
208
286
209
287
210
288
211
289
212
290
213
291
214
292
215
293
216
294
217
295
218
296
219
297
220
298
221
299
222
300
225
302
225
228
305
226
229
306
230
307
228
232
309
229
233
310
230
234
311
231
235
312
236
313
233
238
316
234
239
317
235
240
318
236
241
319
237
242
320
243
321
239
248
323
240
249
324
241
250
325
242
251
326
243
252
327
253
245
256
329
246
257
330
247
258
331
259
332
249
263
336
250
264
337
251
265
338
252
266
339
253
267
340
268
255
269
341
256
270
342
257
271
343
258
272
344
259
273
345
260
274
346
261
275
347
262
276
348
263
277
349
264
278
350
265
279
351
266
280
352
267
281
353
268
282
283
270
285
354
271
286
355
272
287
356
273
288
357
274
289
358
275
290
359
276
291
360
277
292
361
278
293
362
279
294
363
280
295
364
281
296
365
282
297
366
283
298
367
284
299
300
286
368
287
369
288
370
289
371
290
372
291
373
292
374
293
375
294
376
295
377
296
378
297
379
298
380
299
381
300
302
305
385
303
306
386
307
387
305
309
390
306
310
391
307
311
392
308
312
393
313
394
310
316
397
311
317
398
312
318
399
313
319
400
314
320
401
321
402
316
322
403
317
323
404
318
324
405
319
325
406
320
326
407
321
327
408
323
335
411
324
336
412
325
337
413
326
338
414
327
339
415
340
329
342
416
330
343
417
331
344
418
332
345
419
333
346
420
334
347
421
335
348
422
336
349
423
337
350
424
338
351
425
339
352
426
340
353
342
354
427
343
355
428
344
356
429
345
357
430
346
358
431
347
359
432
348
360
433
349
361
434
350
362
435
351
363
436
352
364
437
353
365
366
355
368
438
356
369
439
357
370
440
358
371
441
359
372
442
360
373
443
361
374
444
362
375
445
363
376
446
364
377
447
365
378
448
366
379
449
367
380
381
369
450
370
451
371
452
372
453
373
454
374
455
375
456
376
457
377
458
378
459
379
460
380
461
381
383
385
386
385
390
386
391
387
392
388
393
394
390
396
391
397
392
398
393
399
394
400
395
401
402
397
403
398
404
399
405
400
406
401
407
402
408
404
411
405
412
406
413
407
414
408
415
410
421
411
422
412
423
413
424
414
425
415
426
417
428
418
429
419
430
420
431
421
432
422
433
423
434
424
435
425
436
426
437
428
438
429
439
430
440
431
441
432
442
433
443
434
444
435
445
436
446
437
447
448
439
450
440
451
441
452
442
453
443
454
444
455
445
456
446
457
447
458
448
459
449
460
461
451
452
453
454
455
456
457
458
459
460
461
)


// ************************************************************************* //
