/*--------------------------------*- C++ -*----------------------------------*\
  =========                 |
  \\      /  F ield         | OpenFOAM: The Open Source CFD Toolbox
   \\    /   O peration     | Website:  https://openfoam.org
    \\  /    A nd           | Version:  6
     \\/     M anipulation  |
\*---------------------------------------------------------------------------*/
FoamFile
{
    version     2.0;
    format      ascii;
    class       labelList;
    note        "nPoints:794  nCells:462  nFaces:1676  nInternalFaces:1096";
    location    "constant/region500/polyMesh";
    object      owner;
}
// * * * * * * * * * * * * * * * * * * * * * * * * * * * * * * * * * * * * * //


1676
(
0
1
1
1
2
2
3
3
3
4
4
5
5
5
6
6
6
7
7
8
8
9
9
10
10
11
12
12
12
13
13
14
14
14
15
15
16
16
16
17
17
17
18
18
18
19
19
20
20
20
21
21
21
22
22
22
23
23
24
24
24
25
25
25
26
26
26
27
27
27
28
28
29
29
30
30
31
31
32
32
33
34
34
34
35
35
36
36
36
37
37
37
38
38
38
39
39
40
40
40
41
41
41
42
42
42
43
43
44
44
44
45
45
45
46
46
46
47
47
47
48
48
49
49
49
50
50
51
51
51
52
52
52
53
53
53
54
54
54
55
55
56
56
57
57
58
59
59
60
60
61
61
62
62
63
64
64
64
65
66
66
66
67
67
67
68
68
68
69
69
70
70
70
71
71
71
72
72
72
73
73
74
74
74
75
75
75
76
76
76
77
77
77
78
78
79
79
79
80
80
81
81
81
82
82
82
83
83
83
84
84
84
85
85
86
86
86
87
87
87
88
88
88
89
89
90
90
90
91
91
91
92
92
92
93
93
93
94
94
95
95
96
96
97
97
98
98
99
100
100
101
101
102
102
103
103
104
104
105
106
106
107
107
107
108
108
108
109
109
109
110
110
111
111
111
112
112
112
113
113
113
114
114
115
115
115
116
116
116
117
117
117
118
118
118
119
119
119
120
121
121
121
122
122
122
123
123
124
124
124
125
125
125
126
126
126
127
127
127
128
128
128
129
129
130
130
130
131
131
131
132
132
132
133
133
133
134
134
134
135
135
136
136
136
137
137
137
138
138
138
139
139
139
140
140
140
141
141
142
143
143
144
144
145
145
146
146
147
147
148
148
149
150
150
151
151
152
152
153
153
154
154
155
155
156
156
157
158
158
158
159
159
159
160
160
161
161
161
162
162
162
163
163
163
164
164
164
165
165
166
166
166
167
167
167
168
168
168
169
169
169
170
170
171
171
171
172
172
172
173
173
174
174
174
175
175
175
176
176
176
177
177
177
178
178
179
179
179
180
180
180
181
181
181
182
182
182
183
183
184
184
184
185
185
185
186
186
186
187
187
187
188
188
188
189
190
190
190
191
191
191
192
192
192
193
193
193
194
194
194
195
195
195
196
196
196
197
197
197
198
198
198
199
199
199
200
200
200
201
201
201
202
202
202
203
203
203
204
204
204
205
205
206
206
207
207
208
208
209
209
210
210
211
211
212
212
213
213
214
214
215
215
216
216
217
217
218
218
219
219
220
220
221
221
223
223
224
224
224
225
225
225
226
226
227
227
227
228
228
228
229
229
229
230
230
230
231
231
232
232
232
233
233
233
234
234
234
235
235
235
236
236
236
237
237
238
238
238
239
239
239
240
240
240
241
241
241
242
242
242
243
244
244
244
245
245
245
246
246
246
247
247
248
248
248
249
249
249
250
250
250
251
251
251
252
252
252
253
254
254
254
255
255
255
256
256
256
257
257
257
258
258
258
259
259
259
260
260
260
261
261
261
262
262
262
263
263
263
264
264
264
265
265
265
266
266
266
267
267
268
269
269
269
270
270
270
271
271
271
272
272
272
273
273
273
274
274
274
275
275
275
276
276
276
277
277
277
278
278
278
279
279
279
280
280
280
281
281
281
282
282
282
283
283
284
285
285
286
286
287
287
288
288
289
289
290
290
291
291
292
292
293
293
294
294
295
295
296
296
297
297
298
298
299
301
301
301
302
302
302
303
303
304
304
304
305
305
305
306
306
306
307
307
307
308
308
309
309
309
310
310
310
311
311
311
312
312
312
313
313
313
314
314
315
315
315
316
316
316
317
317
317
318
318
318
319
319
319
320
320
320
322
322
322
323
323
323
324
324
324
325
325
325
326
326
326
327
328
328
328
329
329
329
330
330
330
331
331
331
332
332
332
333
333
333
334
334
334
335
335
335
336
336
336
337
337
337
338
338
338
339
339
341
341
341
342
342
342
343
343
343
344
344
344
345
345
345
346
346
346
347
347
347
348
348
348
349
349
349
350
350
350
351
351
351
352
352
353
354
354
354
355
355
355
356
356
356
357
357
357
358
358
358
359
359
359
360
360
360
361
361
361
362
362
362
363
363
363
364
364
364
365
365
365
366
366
367
368
368
369
369
370
370
371
371
372
372
373
373
374
374
375
375
376
376
377
377
378
378
379
379
380
382
382
383
384
384
385
385
386
386
387
387
388
389
389
390
390
391
391
392
392
393
393
394
394
395
396
396
397
397
398
398
399
399
400
400
401
401
403
403
404
404
405
405
406
406
407
407
409
409
410
410
411
411
412
412
413
413
414
414
416
416
417
417
418
418
419
419
420
420
421
421
422
422
423
423
424
424
425
425
427
427
428
428
429
429
430
430
431
431
432
432
433
433
434
434
435
435
436
436
437
438
438
439
439
440
440
441
441
442
442
443
443
444
444
445
445
446
446
447
447
448
448
449
450
451
452
453
454
455
456
457
458
459
460
95
142
56
96
143
206
285
368
450
57
97
144
207
286
369
451
58
98
145
208
287
370
452
99
146
209
288
371
453
147
210
289
372
454
148
211
290
373
455
149
212
291
374
456
213
292
375
457
214
293
376
458
150
215
294
377
459
100
151
216
295
378
460
8
29
59
101
152
217
296
379
461
9
30
60
102
153
218
297
380
10
31
61
103
154
219
298
381
11
32
62
104
155
220
299
33
63
105
156
221
300
157
222
284
4
0
0
6
9
10
11
12
13
49
50
56
57
58
34
64
49
50
79
80
49
56
86
50
89
56
95
58
99
64
64
66
66
79
80
86
79
87
80
123
86
95
89
134
99
147
106
107
158
107
161
111
115
166
121
171
122
172
123
173
130
121
131
179
123
135
183
130
142
142
223
224
158
225
159
226
227
158
161
228
161
232
171
172
173
166
238
171
179
173
183
247
174
248
179
190
254
183
196
260
197
261
198
262
184
199
263
190
223
224
301
224
227
304
227
232
315
244
245
246
247
238
322
254
244
255
328
247
260
333
261
334
248
262
335
254
269
301
382
301
304
384
304
389
309
315
396
315
321
328
329
330
331
332
333
409
322
334
410
328
341
382
384
384
389
389
396
402
402
409
403
410
408
416
417
418
419
409
420
416
427
0
1
2
0
3
0
7
8
12
13
1
14
2
15
1
16
2
19
3
20
4
7
23
5
8
24
7
28
8
11
33
12
13
14
16
36
15
19
39
16
19
20
23
28
48
24
28
29
33
35
65
34
36
66
35
39
69
36
39
40
43
48
78
44
48
51
55
59
100
63
65
65
65
69
69
70
73
78
74
115
78
81
124
85
135
90
100
136
94
95
148
149
100
150
105
157
106
106
109
160
110
110
114
120
115
120
120
124
129
135
149
196
197
198
136
150
199
141
157
142
149
213
150
214
157
160
160
165
165
170
178
189
189
189
205
222
206
222
222
223
223
226
303
226
231
308
231
237
314
237
243
243
253
253
267
268
268
284
283
284
285
299
300
300
302
383
303
303
308
388
314
321
321
327
327
339
340
340
340
341
352
353
353
367
354
366
367
367
368
380
381
381
382
383
383
387
388
388
395
395
408
415
415
426
426
427
437
449
438
449
450
461
382
383
384
385
386
387
388
389
390
391
392
393
394
395
396
397
398
399
400
401
402
403
404
405
406
407
408
409
410
411
412
413
414
415
416
417
418
419
420
421
422
423
424
425
426
427
428
429
430
431
432
433
434
435
436
437
438
439
440
441
442
443
444
445
446
447
448
449
450
451
452
453
454
455
456
457
458
459
460
461
308
314
395
)


// ************************************************************************* //
