/*--------------------------------*- C++ -*----------------------------------*\
  =========                 |
  \\      /  F ield         | OpenFOAM: The Open Source CFD Toolbox
   \\    /   O peration     | Website:  https://openfoam.org
    \\  /    A nd           | Version:  6
     \\/     M anipulation  |
\*---------------------------------------------------------------------------*/
FoamFile
{
    version     2.0;
    format      ascii;
    class       labelList;
    location    "constant/region500/polyMesh";
    object      pointRegionAddressing;
}
// * * * * * * * * * * * * * * * * * * * * * * * * * * * * * * * * * * * * * //


794
(
232216
232217
232281
232282
236311
236312
236313
236376
236377
236378
236441
236442
236443
236444
236505
236506
236507
236508
236509
236570
236571
236572
236573
236574
240406
240407
240408
240471
240472
240473
240535
240536
240537
240538
240539
240600
240601
240602
240603
240604
240665
240666
240667
240668
240669
240670
240730
240731
240732
240733
240734
240735
240795
240796
240797
240798
240799
240800
244631
244632
244633
244695
244696
244697
244698
244699
244760
244761
244762
244763
244764
244825
244826
244827
244828
244829
244830
244880
244881
244882
244890
244891
244892
244893
244894
244895
244944
244945
244946
244947
244955
244956
244957
244958
244959
244960
245009
245010
245011
245012
245020
245021
245022
245023
245024
245025
248791
248792
248793
248855
248856
248857
248858
248859
248920
248921
248922
248923
248924
248985
248986
248987
248988
248989
248990
249041
249042
249043
249050
249051
249052
249053
249054
249055
249104
249105
249106
249107
249108
249115
249116
249117
249118
249119
249120
249168
249169
249170
249171
249172
249173
249179
249180
249181
249182
249183
249184
249185
249233
249234
249235
249236
249237
249238
249244
249245
249246
249247
249248
249249
249250
253016
253017
253018
253080
253081
253082
253083
253084
253145
253146
253147
253148
253149
253209
253210
253211
253212
253213
253214
253215
253266
253267
253268
253269
253274
253275
253276
253277
253278
253279
253280
253329
253330
253331
253332
253333
253334
253335
253339
253340
253341
253342
253343
253344
253345
253393
253394
253395
253396
253397
253398
253399
253400
253401
253403
253404
253405
253406
253407
253408
253409
253410
253411
253458
253459
253460
253461
253462
253463
253464
253465
253466
253468
253469
253470
253471
253472
253473
253474
253475
253476
257240
257241
257242
257243
257304
257305
257306
257307
257308
257309
257369
257370
257371
257372
257373
257374
257426
257427
257428
257429
257434
257435
257436
257437
257438
257439
257440
257490
257491
257492
257493
257494
257495
257499
257500
257501
257502
257503
257504
257505
257554
257555
257556
257557
257558
257559
257560
257561
257562
257563
257564
257565
257566
257567
257568
257569
257570
257618
257619
257620
257621
257622
257623
257624
257625
257626
257627
257628
257629
257630
257631
257632
257633
257634
257635
257636
257683
257684
257685
257686
257687
257688
257689
257690
257691
257692
257693
257694
257695
257696
257697
257698
257699
257700
257701
261335
261336
261399
261400
261401
261402
261463
261464
261465
261466
261467
261468
261528
261529
261530
261531
261532
261533
261534
261593
261594
261595
261596
261597
261598
261599
261651
261652
261653
261654
261655
261658
261659
261660
261661
261662
261663
261664
261714
261715
261716
261717
261718
261719
261720
261721
261722
261723
261724
261725
261726
261727
261728
261729
261730
261779
261780
261781
261782
261783
261784
261785
261786
261787
261788
261789
261790
261791
261792
261793
261794
261795
261844
261845
261846
261847
261848
261849
261850
261851
261852
261853
261854
261855
261856
261857
261858
261859
261860
261861
261909
261910
261911
261912
261913
261914
261915
261916
261917
261918
261919
261920
261921
261922
261923
261924
261925
261926
265559
265560
265561
265562
265623
265624
265625
265626
265627
265628
265688
265689
265690
265691
265692
265693
265694
265752
265753
265754
265755
265756
265757
265758
265759
265817
265818
265819
265820
265821
265822
265823
265824
265875
265876
265877
265878
265879
265880
265881
265882
265883
265884
265885
265886
265887
265888
265889
265939
265940
265941
265942
265943
265944
265945
265946
265947
265948
265949
265950
265951
265952
265953
265954
266004
266005
266006
266007
266008
266009
266010
266011
266012
266013
266014
266015
266016
266017
266018
266019
266020
266069
266070
266071
266072
266073
266074
266075
266076
266077
266078
266079
266080
266081
266082
266083
266084
266085
266134
266135
266136
266137
266138
266139
266140
266141
266142
266143
266144
266145
266146
266147
266148
266149
266150
269719
269720
269721
269783
269784
269785
269786
269787
269788
269847
269848
269849
269850
269851
269852
269853
269854
269912
269913
269914
269915
269916
269917
269918
269919
269977
269978
269979
269980
269981
269982
269983
269984
270040
270041
270042
270043
270044
270045
270046
270047
270048
270049
270100
270101
270102
270103
270104
270105
270106
270107
270108
270109
270110
270111
270112
270113
270164
270165
270166
270167
270168
270169
270170
270171
270172
270173
270174
270175
270176
270177
270178
270229
270230
270231
270232
270233
270234
270235
270236
270237
270238
270239
270240
270241
270242
270243
270294
270295
270296
270297
270298
270299
270300
270301
270302
270303
270304
270305
270306
270307
270308
270359
270360
270361
270362
270363
270364
270365
270366
270367
270368
270369
270370
270371
270372
270373
273944
273945
273946
274008
274009
274010
274011
274012
274013
274072
274073
274074
274075
274076
274077
274078
274079
274137
274138
274139
274140
274141
274142
274143
274144
274202
274203
274204
274205
274206
274207
274208
274209
274265
274266
274267
274268
274269
274270
274271
274272
274273
274325
274326
274327
274328
274329
274330
274331
274332
274333
274334
274335
274336
274337
274389
274390
274391
274392
274393
274394
274395
274396
274397
274398
274399
274400
274401
274454
274455
274456
274457
274458
274459
274460
274461
274462
274463
274464
274465
274466
274519
274520
274521
274522
274523
274524
274525
274526
274527
274528
274529
274530
274531
274584
274585
274586
274587
274588
274589
274590
274591
274592
274593
274594
274595
274596
)


// ************************************************************************* //
