/*--------------------------------*- C++ -*----------------------------------*\
  =========                 |
  \\      /  F ield         | OpenFOAM: The Open Source CFD Toolbox
   \\    /   O peration     | Website:  https://openfoam.org
    \\  /    A nd           | Version:  6
     \\/     M anipulation  |
\*---------------------------------------------------------------------------*/
FoamFile
{
    version     2.0;
    format      ascii;
    class       vectorField;
    location    "constant/region500/polyMesh";
    object      points;
}
// * * * * * * * * * * * * * * * * * * * * * * * * * * * * * * * * * * * * * //


794
(
(2.34e-06 4.03e-06 3.51e-06)
(2.405e-06 4.03e-06 3.509999999999999e-06)
(2.34e-06 4.095e-06 3.509999999999999e-06)
(2.405e-06 4.095e-06 3.509999999999999e-06)
(2.34e-06 3.9e-06 3.575e-06)
(2.405e-06 3.9e-06 3.575e-06)
(2.47e-06 3.9e-06 3.575e-06)
(2.34e-06 3.964999999999999e-06 3.575e-06)
(2.405e-06 3.965000000000001e-06 3.575e-06)
(2.47e-06 3.965e-06 3.574999999999999e-06)
(2.34e-06 4.030000000000001e-06 3.575e-06)
(2.405e-06 4.030000000000001e-06 3.575e-06)
(2.47e-06 4.03e-06 3.575e-06)
(2.535e-06 4.03e-06 3.575e-06)
(2.275e-06 4.095e-06 3.575e-06)
(2.34e-06 4.095e-06 3.575e-06)
(2.405e-06 4.094999999999999e-06 3.575e-06)
(2.47e-06 4.095e-06 3.575e-06)
(2.535e-06 4.095e-06 3.575e-06)
(2.275e-06 4.16e-06 3.575e-06)
(2.34e-06 4.16e-06 3.575e-06)
(2.405e-06 4.160000000000001e-06 3.575e-06)
(2.47e-06 4.16e-06 3.575e-06)
(2.535e-06 4.16e-06 3.575e-06)
(2.34e-06 3.769999999999999e-06 3.64e-06)
(2.405e-06 3.769999999999999e-06 3.64e-06)
(2.47e-06 3.769999999999999e-06 3.64e-06)
(2.34e-06 3.835000000000001e-06 3.64e-06)
(2.405e-06 3.835e-06 3.64e-06)
(2.47e-06 3.835000000000001e-06 3.64e-06)
(2.275e-06 3.9e-06 3.64e-06)
(2.34e-06 3.9e-06 3.64e-06)
(2.405e-06 3.9e-06 3.64e-06)
(2.47e-06 3.9e-06 3.64e-06)
(2.535e-06 3.9e-06 3.64e-06)
(2.275e-06 3.965e-06 3.64e-06)
(2.34e-06 3.965e-06 3.64e-06)
(2.405e-06 3.965000000000001e-06 3.64e-06)
(2.47e-06 3.965e-06 3.64e-06)
(2.535e-06 3.965e-06 3.64e-06)
(2.275e-06 4.03e-06 3.64e-06)
(2.34e-06 4.03e-06 3.64e-06)
(2.405e-06 4.03e-06 3.64e-06)
(2.47e-06 4.03e-06 3.64e-06)
(2.535e-06 4.03e-06 3.64e-06)
(2.6e-06 4.03e-06 3.64e-06)
(2.275e-06 4.095000000000001e-06 3.64e-06)
(2.34e-06 4.095e-06 3.64e-06)
(2.405e-06 4.095e-06 3.639999999999999e-06)
(2.47e-06 4.095000000000001e-06 3.64e-06)
(2.535e-06 4.095000000000001e-06 3.64e-06)
(2.600000000000001e-06 4.095e-06 3.64e-06)
(2.275e-06 4.16e-06 3.64e-06)
(2.34e-06 4.159999999999999e-06 3.64e-06)
(2.405e-06 4.160000000000001e-06 3.639999999999999e-06)
(2.47e-06 4.16e-06 3.64e-06)
(2.535e-06 4.16e-06 3.64e-06)
(2.6e-06 4.16e-06 3.64e-06)
(2.34e-06 3.770000000000001e-06 3.704999999999999e-06)
(2.405e-06 3.769999999999999e-06 3.704999999999999e-06)
(2.47e-06 3.769999999999999e-06 3.704999999999999e-06)
(2.275e-06 3.835000000000001e-06 3.704999999999999e-06)
(2.34e-06 3.835e-06 3.705000000000001e-06)
(2.405e-06 3.835e-06 3.705e-06)
(2.47e-06 3.835000000000001e-06 3.705e-06)
(2.535e-06 3.835e-06 3.705e-06)
(2.275e-06 3.9e-06 3.704999999999999e-06)
(2.34e-06 3.9e-06 3.705e-06)
(2.405e-06 3.9e-06 3.705e-06)
(2.47e-06 3.9e-06 3.705e-06)
(2.535e-06 3.9e-06 3.705e-06)
(2.275e-06 3.964999999999999e-06 3.705000000000001e-06)
(2.34e-06 3.964999999999999e-06 3.705e-06)
(2.405e-06 3.964999999999999e-06 3.705e-06)
(2.47e-06 3.965e-06 3.704999999999999e-06)
(2.535e-06 3.964999999999999e-06 3.705e-06)
(2.6e-06 3.964999999999999e-06 3.705e-06)
(1.625e-06 4.03e-06 3.705000000000001e-06)
(1.69e-06 4.03e-06 3.705000000000001e-06)
(1.755e-06 4.03e-06 3.704999999999999e-06)
(2.275e-06 4.03e-06 3.704999999999999e-06)
(2.34e-06 4.03e-06 3.704999999999999e-06)
(2.405e-06 4.03e-06 3.704999999999999e-06)
(2.47e-06 4.03e-06 3.705e-06)
(2.535e-06 4.03e-06 3.705e-06)
(2.6e-06 4.03e-06 3.705000000000001e-06)
(1.56e-06 4.095e-06 3.705e-06)
(1.625e-06 4.095000000000001e-06 3.704999999999999e-06)
(1.69e-06 4.095000000000001e-06 3.705000000000001e-06)
(1.755e-06 4.095000000000001e-06 3.704999999999999e-06)
(2.275e-06 4.095000000000001e-06 3.705000000000001e-06)
(2.34e-06 4.095e-06 3.705000000000001e-06)
(2.405e-06 4.095e-06 3.705e-06)
(2.47e-06 4.095000000000001e-06 3.705e-06)
(2.535e-06 4.095000000000001e-06 3.705e-06)
(2.600000000000001e-06 4.095e-06 3.705e-06)
(1.56e-06 4.16e-06 3.704999999999999e-06)
(1.625e-06 4.16e-06 3.705e-06)
(1.69e-06 4.16e-06 3.705e-06)
(1.755e-06 4.16e-06 3.705e-06)
(2.275e-06 4.16e-06 3.705e-06)
(2.34e-06 4.16e-06 3.705e-06)
(2.405e-06 4.160000000000001e-06 3.705e-06)
(2.47e-06 4.16e-06 3.705e-06)
(2.535e-06 4.16e-06 3.705e-06)
(2.6e-06 4.16e-06 3.705e-06)
(2.34e-06 3.705e-06 3.769999999999999e-06)
(2.405e-06 3.704999999999999e-06 3.77e-06)
(2.47e-06 3.705e-06 3.77e-06)
(2.275e-06 3.77e-06 3.77e-06)
(2.34e-06 3.769999999999999e-06 3.77e-06)
(2.405e-06 3.769999999999999e-06 3.77e-06)
(2.47e-06 3.769999999999999e-06 3.769999999999999e-06)
(2.535e-06 3.769999999999999e-06 3.77e-06)
(2.275e-06 3.835000000000001e-06 3.77e-06)
(2.34e-06 3.835000000000001e-06 3.77e-06)
(2.405e-06 3.835e-06 3.77e-06)
(2.47e-06 3.835000000000001e-06 3.769999999999999e-06)
(2.535e-06 3.835e-06 3.77e-06)
(2.275e-06 3.9e-06 3.77e-06)
(2.34e-06 3.9e-06 3.77e-06)
(2.405e-06 3.9e-06 3.77e-06)
(2.47e-06 3.9e-06 3.77e-06)
(2.535e-06 3.9e-06 3.77e-06)
(2.6e-06 3.9e-06 3.770000000000001e-06)
(1.69e-06 3.964999999999999e-06 3.77e-06)
(1.755e-06 3.965e-06 3.77e-06)
(1.82e-06 3.964999999999999e-06 3.77e-06)
(2.275e-06 3.965e-06 3.769999999999999e-06)
(2.34e-06 3.964999999999999e-06 3.769999999999999e-06)
(2.405e-06 3.965000000000001e-06 3.77e-06)
(2.47e-06 3.965e-06 3.769999999999999e-06)
(2.535e-06 3.964999999999999e-06 3.77e-06)
(2.6e-06 3.964999999999999e-06 3.77e-06)
(1.56e-06 4.03e-06 3.769999999999999e-06)
(1.625e-06 4.03e-06 3.769999999999999e-06)
(1.69e-06 4.03e-06 3.77e-06)
(1.755e-06 4.03e-06 3.77e-06)
(1.82e-06 4.03e-06 3.77e-06)
(2.275e-06 4.03e-06 3.77e-06)
(2.34e-06 4.03e-06 3.769999999999999e-06)
(2.405e-06 4.03e-06 3.77e-06)
(2.47e-06 4.03e-06 3.769999999999999e-06)
(2.535e-06 4.03e-06 3.77e-06)
(2.6e-06 4.03e-06 3.77e-06)
(1.495e-06 4.095e-06 3.769999999999999e-06)
(1.56e-06 4.095e-06 3.77e-06)
(1.625e-06 4.095000000000001e-06 3.77e-06)
(1.69e-06 4.095e-06 3.77e-06)
(1.755e-06 4.095000000000001e-06 3.770000000000001e-06)
(1.82e-06 4.095e-06 3.770000000000001e-06)
(2.21e-06 4.095000000000001e-06 3.770000000000001e-06)
(2.275e-06 4.095000000000001e-06 3.77e-06)
(2.34e-06 4.095e-06 3.77e-06)
(2.405e-06 4.095e-06 3.770000000000001e-06)
(2.47e-06 4.095000000000001e-06 3.77e-06)
(2.535e-06 4.095000000000001e-06 3.77e-06)
(2.6e-06 4.095e-06 3.77e-06)
(1.495e-06 4.16e-06 3.769999999999999e-06)
(1.56e-06 4.16e-06 3.769999999999999e-06)
(1.625e-06 4.16e-06 3.769999999999999e-06)
(1.69e-06 4.16e-06 3.77e-06)
(1.755e-06 4.16e-06 3.77e-06)
(1.82e-06 4.16e-06 3.770000000000001e-06)
(2.21e-06 4.16e-06 3.77e-06)
(2.275e-06 4.16e-06 3.77e-06)
(2.34e-06 4.16e-06 3.769999999999999e-06)
(2.405e-06 4.160000000000001e-06 3.769999999999999e-06)
(2.47e-06 4.16e-06 3.769999999999999e-06)
(2.535e-06 4.16e-06 3.77e-06)
(2.6e-06 4.16e-06 3.770000000000001e-06)
(2.34e-06 3.705e-06 3.835e-06)
(2.405e-06 3.705e-06 3.835000000000001e-06)
(2.47e-06 3.705e-06 3.835000000000001e-06)
(2.275e-06 3.77e-06 3.835000000000001e-06)
(2.34e-06 3.769999999999999e-06 3.835000000000001e-06)
(2.405e-06 3.769999999999999e-06 3.835000000000001e-06)
(2.47e-06 3.769999999999999e-06 3.835000000000001e-06)
(2.535e-06 3.77e-06 3.835e-06)
(2.275e-06 3.835000000000001e-06 3.835e-06)
(2.34e-06 3.835000000000001e-06 3.835e-06)
(2.405e-06 3.835e-06 3.835e-06)
(2.47e-06 3.835000000000001e-06 3.835000000000001e-06)
(2.535e-06 3.835e-06 3.835e-06)
(2.21e-06 3.9e-06 3.835000000000001e-06)
(2.275e-06 3.9e-06 3.835000000000001e-06)
(2.34e-06 3.9e-06 3.835000000000001e-06)
(2.405e-06 3.9e-06 3.835000000000001e-06)
(2.47e-06 3.9e-06 3.835e-06)
(2.535e-06 3.9e-06 3.835e-06)
(2.6e-06 3.9e-06 3.835000000000001e-06)
(1.69e-06 3.964999999999999e-06 3.835e-06)
(1.755e-06 3.965e-06 3.835000000000001e-06)
(1.82e-06 3.964999999999999e-06 3.835e-06)
(1.885e-06 3.964999999999999e-06 3.835e-06)
(2.21e-06 3.964999999999999e-06 3.835000000000001e-06)
(2.275e-06 3.965e-06 3.835e-06)
(2.34e-06 3.964999999999999e-06 3.835000000000001e-06)
(2.405e-06 3.965000000000001e-06 3.835000000000001e-06)
(2.47e-06 3.965e-06 3.835e-06)
(2.535e-06 3.964999999999999e-06 3.835e-06)
(2.6e-06 3.964999999999999e-06 3.835000000000001e-06)
(1.56e-06 4.03e-06 3.835e-06)
(1.625e-06 4.03e-06 3.835e-06)
(1.69e-06 4.03e-06 3.835e-06)
(1.755e-06 4.03e-06 3.835e-06)
(1.82e-06 4.030000000000001e-06 3.835e-06)
(1.885e-06 4.03e-06 3.835e-06)
(1.95e-06 4.03e-06 3.835e-06)
(2.21e-06 4.03e-06 3.835000000000001e-06)
(2.275e-06 4.03e-06 3.835000000000001e-06)
(2.34e-06 4.03e-06 3.835e-06)
(2.405e-06 4.03e-06 3.835000000000001e-06)
(2.47e-06 4.03e-06 3.835e-06)
(2.535e-06 4.03e-06 3.835000000000001e-06)
(2.6e-06 4.03e-06 3.835e-06)
(1.495e-06 4.095e-06 3.835000000000001e-06)
(1.56e-06 4.095e-06 3.835e-06)
(1.625e-06 4.095000000000001e-06 3.835000000000001e-06)
(1.69e-06 4.095e-06 3.835000000000001e-06)
(1.755e-06 4.095000000000001e-06 3.835000000000001e-06)
(1.82e-06 4.095e-06 3.835000000000001e-06)
(1.885e-06 4.095000000000001e-06 3.835e-06)
(1.95e-06 4.095000000000001e-06 3.835e-06)
(2.015e-06 4.095e-06 3.835e-06)
(2.145e-06 4.095e-06 3.835e-06)
(2.21e-06 4.095000000000001e-06 3.835000000000001e-06)
(2.275e-06 4.095000000000001e-06 3.835e-06)
(2.34e-06 4.095e-06 3.835000000000001e-06)
(2.405e-06 4.095e-06 3.835000000000001e-06)
(2.47e-06 4.095000000000001e-06 3.835000000000001e-06)
(2.535e-06 4.095000000000001e-06 3.835e-06)
(2.6e-06 4.095e-06 3.835000000000001e-06)
(2.665e-06 4.095e-06 3.835000000000001e-06)
(1.495e-06 4.16e-06 3.835000000000001e-06)
(1.56e-06 4.16e-06 3.835e-06)
(1.625e-06 4.16e-06 3.835e-06)
(1.69e-06 4.16e-06 3.835000000000001e-06)
(1.755e-06 4.16e-06 3.835e-06)
(1.82e-06 4.16e-06 3.835e-06)
(1.885e-06 4.16e-06 3.835000000000001e-06)
(1.95e-06 4.16e-06 3.835e-06)
(2.015e-06 4.16e-06 3.835e-06)
(2.145e-06 4.16e-06 3.835e-06)
(2.21e-06 4.16e-06 3.835e-06)
(2.275e-06 4.16e-06 3.835000000000001e-06)
(2.34e-06 4.16e-06 3.835000000000001e-06)
(2.405e-06 4.159999999999999e-06 3.835000000000001e-06)
(2.47e-06 4.16e-06 3.835000000000001e-06)
(2.535e-06 4.16e-06 3.835e-06)
(2.6e-06 4.16e-06 3.835000000000001e-06)
(2.665e-06 4.16e-06 3.835000000000001e-06)
(2.275e-06 3.705000000000001e-06 3.900000000000001e-06)
(2.34e-06 3.705e-06 3.9e-06)
(2.405e-06 3.705e-06 3.9e-06)
(2.47e-06 3.705e-06 3.9e-06)
(2.21e-06 3.77e-06 3.9e-06)
(2.275e-06 3.77e-06 3.9e-06)
(2.34e-06 3.770000000000001e-06 3.9e-06)
(2.405e-06 3.77e-06 3.9e-06)
(2.47e-06 3.769999999999999e-06 3.9e-06)
(2.535e-06 3.77e-06 3.9e-06)
(2.21e-06 3.835e-06 3.9e-06)
(2.275e-06 3.835000000000001e-06 3.9e-06)
(2.34e-06 3.835000000000001e-06 3.9e-06)
(2.405e-06 3.835000000000001e-06 3.9e-06)
(2.47e-06 3.835000000000001e-06 3.9e-06)
(2.535e-06 3.835e-06 3.9e-06)
(1.69e-06 3.9e-06 3.9e-06)
(1.755e-06 3.9e-06 3.9e-06)
(1.82e-06 3.9e-06 3.9e-06)
(1.885e-06 3.9e-06 3.9e-06)
(2.21e-06 3.9e-06 3.9e-06)
(2.275e-06 3.9e-06 3.9e-06)
(2.34e-06 3.9e-06 3.9e-06)
(2.405e-06 3.9e-06 3.9e-06)
(2.47e-06 3.9e-06 3.9e-06)
(2.535e-06 3.9e-06 3.9e-06)
(2.6e-06 3.9e-06 3.9e-06)
(1.625e-06 3.964999999999999e-06 3.9e-06)
(1.69e-06 3.964999999999999e-06 3.9e-06)
(1.755e-06 3.965e-06 3.9e-06)
(1.82e-06 3.965e-06 3.9e-06)
(1.885e-06 3.964999999999999e-06 3.9e-06)
(1.95e-06 3.964999999999999e-06 3.9e-06)
(2.21e-06 3.965000000000001e-06 3.9e-06)
(2.275e-06 3.964999999999999e-06 3.9e-06)
(2.34e-06 3.964999999999999e-06 3.9e-06)
(2.405e-06 3.964999999999999e-06 3.9e-06)
(2.47e-06 3.965e-06 3.9e-06)
(2.535e-06 3.965e-06 3.9e-06)
(2.6e-06 3.965e-06 3.9e-06)
(1.56e-06 4.03e-06 3.9e-06)
(1.625e-06 4.03e-06 3.900000000000001e-06)
(1.69e-06 4.03e-06 3.9e-06)
(1.755e-06 4.03e-06 3.9e-06)
(1.82e-06 4.03e-06 3.9e-06)
(1.885e-06 4.03e-06 3.9e-06)
(1.95e-06 4.03e-06 3.900000000000001e-06)
(2.015e-06 4.03e-06 3.9e-06)
(2.08e-06 4.03e-06 3.9e-06)
(2.145e-06 4.03e-06 3.9e-06)
(2.21e-06 4.03e-06 3.9e-06)
(2.275e-06 4.03e-06 3.9e-06)
(2.34e-06 4.03e-06 3.9e-06)
(2.405e-06 4.03e-06 3.9e-06)
(2.47e-06 4.03e-06 3.900000000000001e-06)
(2.535e-06 4.03e-06 3.9e-06)
(2.6e-06 4.03e-06 3.9e-06)
(1.495e-06 4.095e-06 3.900000000000001e-06)
(1.56e-06 4.095e-06 3.9e-06)
(1.625e-06 4.095000000000001e-06 3.9e-06)
(1.69e-06 4.095000000000001e-06 3.9e-06)
(1.755e-06 4.095000000000001e-06 3.9e-06)
(1.82e-06 4.095e-06 3.900000000000001e-06)
(1.885e-06 4.095000000000001e-06 3.9e-06)
(1.95e-06 4.095000000000001e-06 3.9e-06)
(2.015e-06 4.095000000000001e-06 3.9e-06)
(2.08e-06 4.095e-06 3.9e-06)
(2.145e-06 4.095e-06 3.900000000000001e-06)
(2.21e-06 4.095000000000001e-06 3.9e-06)
(2.275e-06 4.095000000000001e-06 3.9e-06)
(2.34e-06 4.095e-06 3.9e-06)
(2.405e-06 4.095e-06 3.9e-06)
(2.47e-06 4.095e-06 3.900000000000001e-06)
(2.535e-06 4.095000000000001e-06 3.9e-06)
(2.6e-06 4.095e-06 3.9e-06)
(2.665e-06 4.095e-06 3.9e-06)
(1.495e-06 4.16e-06 3.9e-06)
(1.56e-06 4.16e-06 3.9e-06)
(1.625e-06 4.16e-06 3.9e-06)
(1.69e-06 4.16e-06 3.9e-06)
(1.755e-06 4.16e-06 3.9e-06)
(1.82e-06 4.16e-06 3.9e-06)
(1.885e-06 4.16e-06 3.9e-06)
(1.95e-06 4.16e-06 3.9e-06)
(2.015e-06 4.16e-06 3.9e-06)
(2.08e-06 4.16e-06 3.9e-06)
(2.145e-06 4.16e-06 3.9e-06)
(2.21e-06 4.16e-06 3.9e-06)
(2.275e-06 4.16e-06 3.9e-06)
(2.34e-06 4.16e-06 3.9e-06)
(2.405e-06 4.160000000000001e-06 3.9e-06)
(2.47e-06 4.16e-06 3.9e-06)
(2.535e-06 4.16e-06 3.9e-06)
(2.6e-06 4.16e-06 3.9e-06)
(2.665e-06 4.160000000000001e-06 3.9e-06)
(2.275e-06 3.574999999999999e-06 3.965e-06)
(2.34e-06 3.575e-06 3.965e-06)
(2.21e-06 3.64e-06 3.965000000000001e-06)
(2.275e-06 3.64e-06 3.965e-06)
(2.34e-06 3.64e-06 3.965e-06)
(2.405e-06 3.64e-06 3.965e-06)
(2.145e-06 3.705e-06 3.965e-06)
(2.21e-06 3.705e-06 3.964999999999999e-06)
(2.275e-06 3.705e-06 3.964999999999999e-06)
(2.34e-06 3.705e-06 3.964999999999999e-06)
(2.405e-06 3.705e-06 3.965e-06)
(2.47e-06 3.705000000000001e-06 3.964999999999999e-06)
(2.145e-06 3.77e-06 3.965e-06)
(2.21e-06 3.77e-06 3.964999999999999e-06)
(2.275e-06 3.77e-06 3.965e-06)
(2.34e-06 3.769999999999999e-06 3.965e-06)
(2.405e-06 3.769999999999999e-06 3.965e-06)
(2.47e-06 3.77e-06 3.964999999999999e-06)
(2.535e-06 3.77e-06 3.964999999999999e-06)
(2.145e-06 3.835e-06 3.965e-06)
(2.21e-06 3.835e-06 3.965e-06)
(2.275e-06 3.835000000000001e-06 3.964999999999999e-06)
(2.34e-06 3.835000000000001e-06 3.964999999999999e-06)
(2.405e-06 3.835e-06 3.965e-06)
(2.47e-06 3.835000000000001e-06 3.964999999999999e-06)
(2.535e-06 3.835e-06 3.964999999999999e-06)
(1.69e-06 3.9e-06 3.964999999999999e-06)
(1.755e-06 3.9e-06 3.965000000000001e-06)
(1.82e-06 3.9e-06 3.965e-06)
(1.885e-06 3.9e-06 3.964999999999999e-06)
(1.95e-06 3.9e-06 3.965e-06)
(2.144999999999999e-06 3.9e-06 3.965e-06)
(2.21e-06 3.9e-06 3.964999999999999e-06)
(2.275e-06 3.9e-06 3.964999999999999e-06)
(2.34e-06 3.9e-06 3.964999999999999e-06)
(2.405e-06 3.9e-06 3.965e-06)
(2.47e-06 3.9e-06 3.965e-06)
(2.535e-06 3.9e-06 3.965e-06)
(1.56e-06 3.964999999999999e-06 3.965e-06)
(1.625e-06 3.964999999999999e-06 3.964999999999999e-06)
(1.69e-06 3.965000000000001e-06 3.964999999999999e-06)
(1.755e-06 3.965e-06 3.965000000000001e-06)
(1.82e-06 3.965e-06 3.964999999999999e-06)
(1.885e-06 3.965e-06 3.964999999999999e-06)
(1.95e-06 3.964999999999999e-06 3.964999999999999e-06)
(2.015e-06 3.965e-06 3.965e-06)
(2.08e-06 3.965e-06 3.965e-06)
(2.145e-06 3.965e-06 3.965e-06)
(2.21e-06 3.965e-06 3.964999999999999e-06)
(2.275e-06 3.965e-06 3.964999999999999e-06)
(2.34e-06 3.965e-06 3.964999999999999e-06)
(2.405e-06 3.964999999999999e-06 3.965e-06)
(2.47e-06 3.965e-06 3.965e-06)
(2.535e-06 3.964999999999999e-06 3.964999999999999e-06)
(2.6e-06 3.965e-06 3.964999999999999e-06)
(1.56e-06 4.03e-06 3.964999999999999e-06)
(1.625e-06 4.03e-06 3.964999999999999e-06)
(1.69e-06 4.03e-06 3.965e-06)
(1.755e-06 4.03e-06 3.965000000000001e-06)
(1.82e-06 4.030000000000001e-06 3.964999999999999e-06)
(1.885e-06 4.03e-06 3.964999999999999e-06)
(1.95e-06 4.03e-06 3.965e-06)
(2.015e-06 4.03e-06 3.964999999999999e-06)
(2.08e-06 4.03e-06 3.964999999999999e-06)
(2.145e-06 4.03e-06 3.965e-06)
(2.21e-06 4.03e-06 3.965e-06)
(2.275e-06 4.03e-06 3.965e-06)
(2.34e-06 4.03e-06 3.965e-06)
(2.405e-06 4.030000000000001e-06 3.965e-06)
(2.47e-06 4.03e-06 3.965e-06)
(2.535e-06 4.03e-06 3.965e-06)
(2.6e-06 4.03e-06 3.964999999999999e-06)
(1.56e-06 4.095e-06 3.964999999999999e-06)
(1.625e-06 4.095000000000001e-06 3.964999999999999e-06)
(1.69e-06 4.095000000000001e-06 3.964999999999999e-06)
(1.755e-06 4.095e-06 3.965e-06)
(1.82e-06 4.095e-06 3.965e-06)
(1.885e-06 4.095e-06 3.964999999999999e-06)
(1.95e-06 4.095e-06 3.965e-06)
(2.015e-06 4.095e-06 3.964999999999999e-06)
(2.08e-06 4.095e-06 3.965e-06)
(2.145e-06 4.095e-06 3.965000000000001e-06)
(2.21e-06 4.095e-06 3.965e-06)
(2.275e-06 4.095e-06 3.965e-06)
(2.34e-06 4.095e-06 3.965e-06)
(2.405e-06 4.095e-06 3.964999999999999e-06)
(2.47e-06 4.095000000000001e-06 3.965e-06)
(2.535e-06 4.095000000000001e-06 3.964999999999999e-06)
(2.600000000000001e-06 4.095e-06 3.964999999999999e-06)
(2.665e-06 4.095e-06 3.965e-06)
(1.56e-06 4.16e-06 3.964999999999999e-06)
(1.625e-06 4.16e-06 3.964999999999999e-06)
(1.69e-06 4.16e-06 3.964999999999999e-06)
(1.755e-06 4.16e-06 3.965e-06)
(1.82e-06 4.16e-06 3.965e-06)
(1.885e-06 4.16e-06 3.964999999999999e-06)
(1.95e-06 4.16e-06 3.964999999999999e-06)
(2.015e-06 4.16e-06 3.964999999999999e-06)
(2.08e-06 4.16e-06 3.965e-06)
(2.145e-06 4.16e-06 3.964999999999999e-06)
(2.21e-06 4.16e-06 3.965e-06)
(2.275e-06 4.16e-06 3.965e-06)
(2.34e-06 4.16e-06 3.964999999999999e-06)
(2.405e-06 4.160000000000001e-06 3.964999999999999e-06)
(2.47e-06 4.16e-06 3.965e-06)
(2.535e-06 4.16e-06 3.965e-06)
(2.6e-06 4.16e-06 3.964999999999999e-06)
(2.665e-06 4.16e-06 3.965e-06)
(2.21e-06 3.575e-06 4.03e-06)
(2.275e-06 3.575e-06 4.03e-06)
(2.34e-06 3.575e-06 4.03e-06)
(2.405e-06 3.575e-06 4.03e-06)
(2.145e-06 3.64e-06 4.03e-06)
(2.21e-06 3.64e-06 4.03e-06)
(2.275e-06 3.64e-06 4.03e-06)
(2.34e-06 3.64e-06 4.03e-06)
(2.405e-06 3.64e-06 4.03e-06)
(2.47e-06 3.64e-06 4.03e-06)
(2.145e-06 3.705e-06 4.03e-06)
(2.21e-06 3.705e-06 4.03e-06)
(2.275e-06 3.705e-06 4.03e-06)
(2.34e-06 3.705e-06 4.03e-06)
(2.405e-06 3.705e-06 4.03e-06)
(2.47e-06 3.705e-06 4.03e-06)
(2.535e-06 3.705e-06 4.03e-06)
(2.08e-06 3.77e-06 4.03e-06)
(2.145e-06 3.77e-06 4.03e-06)
(2.21e-06 3.77e-06 4.030000000000001e-06)
(2.275e-06 3.77e-06 4.03e-06)
(2.34e-06 3.770000000000001e-06 4.03e-06)
(2.405e-06 3.769999999999999e-06 4.03e-06)
(2.47e-06 3.77e-06 4.03e-06)
(2.535e-06 3.77e-06 4.03e-06)
(2.08e-06 3.835000000000001e-06 4.03e-06)
(2.145e-06 3.835e-06 4.03e-06)
(2.21e-06 3.835e-06 4.03e-06)
(2.275e-06 3.835000000000001e-06 4.03e-06)
(2.34e-06 3.835000000000001e-06 4.03e-06)
(2.405e-06 3.835e-06 4.03e-06)
(2.47e-06 3.835000000000001e-06 4.03e-06)
(2.535e-06 3.835e-06 4.03e-06)
(1.625e-06 3.9e-06 4.03e-06)
(1.69e-06 3.9e-06 4.03e-06)
(1.755e-06 3.9e-06 4.03e-06)
(1.82e-06 3.9e-06 4.03e-06)
(1.885e-06 3.9e-06 4.03e-06)
(1.95e-06 3.9e-06 4.03e-06)
(2.015e-06 3.9e-06 4.03e-06)
(2.08e-06 3.9e-06 4.03e-06)
(2.144999999999999e-06 3.9e-06 4.03e-06)
(2.21e-06 3.9e-06 4.03e-06)
(2.275e-06 3.9e-06 4.03e-06)
(2.34e-06 3.9e-06 4.03e-06)
(2.405e-06 3.9e-06 4.03e-06)
(2.47e-06 3.9e-06 4.03e-06)
(2.535e-06 3.9e-06 4.03e-06)
(1.56e-06 3.965e-06 4.03e-06)
(1.625e-06 3.964999999999999e-06 4.03e-06)
(1.69e-06 3.964999999999999e-06 4.03e-06)
(1.755e-06 3.965e-06 4.03e-06)
(1.82e-06 3.965e-06 4.03e-06)
(1.885e-06 3.965e-06 4.03e-06)
(1.95e-06 3.965000000000001e-06 4.03e-06)
(2.015e-06 3.965e-06 4.03e-06)
(2.08e-06 3.965e-06 4.03e-06)
(2.145e-06 3.964999999999999e-06 4.03e-06)
(2.21e-06 3.965e-06 4.03e-06)
(2.275e-06 3.964999999999999e-06 4.03e-06)
(2.34e-06 3.964999999999999e-06 4.03e-06)
(2.405e-06 3.964999999999999e-06 4.03e-06)
(2.47e-06 3.965e-06 4.03e-06)
(2.535e-06 3.965e-06 4.03e-06)
(1.56e-06 4.03e-06 4.03e-06)
(1.625e-06 4.03e-06 4.03e-06)
(1.69e-06 4.03e-06 4.03e-06)
(1.755e-06 4.03e-06 4.03e-06)
(1.82e-06 4.03e-06 4.03e-06)
(1.885e-06 4.03e-06 4.03e-06)
(1.95e-06 4.03e-06 4.03e-06)
(2.015e-06 4.03e-06 4.030000000000001e-06)
(2.08e-06 4.03e-06 4.03e-06)
(2.145e-06 4.03e-06 4.030000000000001e-06)
(2.21e-06 4.03e-06 4.03e-06)
(2.275e-06 4.03e-06 4.03e-06)
(2.34e-06 4.03e-06 4.03e-06)
(2.405e-06 4.03e-06 4.03e-06)
(2.47e-06 4.03e-06 4.03e-06)
(2.535e-06 4.03e-06 4.03e-06)
(2.6e-06 4.03e-06 4.03e-06)
(1.56e-06 4.095e-06 4.03e-06)
(1.625e-06 4.095000000000001e-06 4.03e-06)
(1.69e-06 4.095000000000001e-06 4.03e-06)
(1.755e-06 4.095000000000001e-06 4.03e-06)
(1.82e-06 4.095e-06 4.03e-06)
(1.885e-06 4.095000000000001e-06 4.03e-06)
(1.95e-06 4.095000000000001e-06 4.03e-06)
(2.015e-06 4.095000000000001e-06 4.03e-06)
(2.08e-06 4.095e-06 4.03e-06)
(2.145e-06 4.095e-06 4.03e-06)
(2.21e-06 4.095e-06 4.03e-06)
(2.275e-06 4.095e-06 4.03e-06)
(2.34e-06 4.095e-06 4.03e-06)
(2.405e-06 4.095e-06 4.03e-06)
(2.47e-06 4.095000000000001e-06 4.03e-06)
(2.535e-06 4.095000000000001e-06 4.03e-06)
(2.6e-06 4.095e-06 4.03e-06)
(1.56e-06 4.16e-06 4.03e-06)
(1.625e-06 4.16e-06 4.03e-06)
(1.69e-06 4.16e-06 4.03e-06)
(1.755e-06 4.16e-06 4.03e-06)
(1.82e-06 4.16e-06 4.03e-06)
(1.885e-06 4.16e-06 4.03e-06)
(1.95e-06 4.16e-06 4.03e-06)
(2.015e-06 4.16e-06 4.03e-06)
(2.08e-06 4.160000000000001e-06 4.03e-06)
(2.145e-06 4.16e-06 4.03e-06)
(2.21e-06 4.16e-06 4.03e-06)
(2.275e-06 4.16e-06 4.03e-06)
(2.34e-06 4.16e-06 4.03e-06)
(2.405e-06 4.160000000000001e-06 4.03e-06)
(2.47e-06 4.16e-06 4.03e-06)
(2.535e-06 4.16e-06 4.03e-06)
(2.6e-06 4.16e-06 4.03e-06)
(2.21e-06 3.509999999999999e-06 4.095e-06)
(2.275e-06 3.509999999999999e-06 4.095e-06)
(2.34e-06 3.509999999999999e-06 4.095e-06)
(2.145e-06 3.575e-06 4.095e-06)
(2.21e-06 3.575e-06 4.095e-06)
(2.275e-06 3.575e-06 4.095e-06)
(2.34e-06 3.575e-06 4.095e-06)
(2.405e-06 3.575e-06 4.095e-06)
(2.47e-06 3.575e-06 4.095e-06)
(2.08e-06 3.64e-06 4.095e-06)
(2.145e-06 3.64e-06 4.095e-06)
(2.21e-06 3.64e-06 4.095e-06)
(2.275e-06 3.639999999999999e-06 4.095e-06)
(2.34e-06 3.64e-06 4.095e-06)
(2.405e-06 3.64e-06 4.095e-06)
(2.47e-06 3.64e-06 4.095000000000001e-06)
(2.535e-06 3.64e-06 4.095e-06)
(2.08e-06 3.704999999999999e-06 4.095e-06)
(2.145e-06 3.705e-06 4.095e-06)
(2.21e-06 3.705e-06 4.095e-06)
(2.275e-06 3.705e-06 4.095000000000001e-06)
(2.34e-06 3.705e-06 4.095000000000001e-06)
(2.405e-06 3.705e-06 4.095000000000001e-06)
(2.47e-06 3.705000000000001e-06 4.095e-06)
(2.535e-06 3.705e-06 4.095e-06)
(2.08e-06 3.77e-06 4.095e-06)
(2.145e-06 3.77e-06 4.095e-06)
(2.21e-06 3.77e-06 4.095e-06)
(2.275e-06 3.770000000000001e-06 4.095e-06)
(2.34e-06 3.769999999999999e-06 4.095e-06)
(2.405e-06 3.77e-06 4.095e-06)
(2.47e-06 3.77e-06 4.095000000000001e-06)
(2.535e-06 3.77e-06 4.095000000000001e-06)
(1.95e-06 3.835e-06 4.095000000000001e-06)
(2.015e-06 3.835000000000001e-06 4.095e-06)
(2.08e-06 3.835000000000001e-06 4.095e-06)
(2.145e-06 3.835000000000001e-06 4.095e-06)
(2.21e-06 3.835e-06 4.095000000000001e-06)
(2.275e-06 3.835000000000001e-06 4.095e-06)
(2.34e-06 3.835000000000001e-06 4.095000000000001e-06)
(2.405e-06 3.835e-06 4.095e-06)
(2.47e-06 3.835000000000001e-06 4.095e-06)
(2.535e-06 3.835e-06 4.095000000000001e-06)
(1.625e-06 3.9e-06 4.095e-06)
(1.69e-06 3.9e-06 4.095e-06)
(1.755e-06 3.9e-06 4.095000000000001e-06)
(1.82e-06 3.9e-06 4.095e-06)
(1.885e-06 3.9e-06 4.095e-06)
(1.95e-06 3.9e-06 4.095e-06)
(2.015e-06 3.9e-06 4.095e-06)
(2.08e-06 3.9e-06 4.095000000000001e-06)
(2.145e-06 3.9e-06 4.095e-06)
(2.21e-06 3.9e-06 4.095e-06)
(2.275e-06 3.9e-06 4.095e-06)
(2.34e-06 3.9e-06 4.095e-06)
(2.405e-06 3.9e-06 4.095000000000001e-06)
(2.47e-06 3.9e-06 4.095e-06)
(1.56e-06 3.965e-06 4.095e-06)
(1.625e-06 3.964999999999999e-06 4.095e-06)
(1.69e-06 3.964999999999999e-06 4.095000000000001e-06)
(1.755e-06 3.965e-06 4.095e-06)
(1.82e-06 3.965e-06 4.095000000000001e-06)
(1.885e-06 3.964999999999999e-06 4.095e-06)
(1.95e-06 3.964999999999999e-06 4.095000000000001e-06)
(2.015e-06 3.965e-06 4.095e-06)
(2.08e-06 3.965e-06 4.095000000000001e-06)
(2.145e-06 3.964999999999999e-06 4.095e-06)
(2.21e-06 3.964999999999999e-06 4.095000000000001e-06)
(2.275e-06 3.965e-06 4.095e-06)
(2.34e-06 3.965e-06 4.095000000000001e-06)
(2.405e-06 3.964999999999999e-06 4.095e-06)
(2.47e-06 3.965e-06 4.095000000000001e-06)
(1.56e-06 4.03e-06 4.095e-06)
(1.625e-06 4.03e-06 4.095000000000001e-06)
(1.69e-06 4.03e-06 4.095000000000001e-06)
(1.755e-06 4.03e-06 4.095e-06)
(1.82e-06 4.03e-06 4.095e-06)
(1.885e-06 4.03e-06 4.095000000000001e-06)
(1.95e-06 4.03e-06 4.095e-06)
(2.015e-06 4.03e-06 4.095e-06)
(2.08e-06 4.03e-06 4.095e-06)
(2.145e-06 4.030000000000001e-06 4.095e-06)
(2.21e-06 4.03e-06 4.095e-06)
(2.275e-06 4.03e-06 4.095000000000001e-06)
(2.34e-06 4.03e-06 4.095e-06)
(2.405e-06 4.03e-06 4.095e-06)
(2.47e-06 4.03e-06 4.095000000000001e-06)
(1.56e-06 4.095e-06 4.095000000000001e-06)
(1.625e-06 4.095000000000001e-06 4.095000000000001e-06)
(1.69e-06 4.095000000000001e-06 4.095000000000001e-06)
(1.755e-06 4.095e-06 4.095000000000001e-06)
(1.82e-06 4.095e-06 4.095000000000001e-06)
(1.885e-06 4.095000000000001e-06 4.095e-06)
(1.95e-06 4.095e-06 4.095000000000001e-06)
(2.015e-06 4.095e-06 4.095000000000001e-06)
(2.08e-06 4.095e-06 4.095e-06)
(2.145e-06 4.095000000000001e-06 4.095e-06)
(2.21e-06 4.095000000000001e-06 4.095e-06)
(2.275e-06 4.095000000000001e-06 4.095e-06)
(2.34e-06 4.095e-06 4.095000000000001e-06)
(2.405e-06 4.095e-06 4.095000000000001e-06)
(2.47e-06 4.095000000000001e-06 4.095000000000001e-06)
(1.56e-06 4.16e-06 4.095e-06)
(1.625e-06 4.16e-06 4.095e-06)
(1.69e-06 4.16e-06 4.095e-06)
(1.755e-06 4.16e-06 4.095e-06)
(1.82e-06 4.16e-06 4.095e-06)
(1.885e-06 4.16e-06 4.095e-06)
(1.95e-06 4.16e-06 4.095000000000001e-06)
(2.015e-06 4.16e-06 4.095e-06)
(2.08e-06 4.159999999999999e-06 4.095e-06)
(2.145e-06 4.16e-06 4.095e-06)
(2.21e-06 4.16e-06 4.095e-06)
(2.275e-06 4.16e-06 4.095e-06)
(2.34e-06 4.16e-06 4.095e-06)
(2.405e-06 4.160000000000001e-06 4.095e-06)
(2.47e-06 4.16e-06 4.095e-06)
(2.21e-06 3.51e-06 4.16e-06)
(2.275e-06 3.509999999999999e-06 4.16e-06)
(2.34e-06 3.509999999999999e-06 4.16e-06)
(2.145e-06 3.575e-06 4.16e-06)
(2.21e-06 3.575e-06 4.159999999999999e-06)
(2.275e-06 3.575e-06 4.16e-06)
(2.34e-06 3.575e-06 4.160000000000001e-06)
(2.405e-06 3.575e-06 4.159999999999999e-06)
(2.47e-06 3.575e-06 4.160000000000001e-06)
(2.08e-06 3.64e-06 4.16e-06)
(2.145e-06 3.64e-06 4.16e-06)
(2.21e-06 3.64e-06 4.16e-06)
(2.275e-06 3.639999999999999e-06 4.16e-06)
(2.34e-06 3.639999999999999e-06 4.159999999999999e-06)
(2.405e-06 3.64e-06 4.16e-06)
(2.47e-06 3.64e-06 4.159999999999999e-06)
(2.535e-06 3.64e-06 4.16e-06)
(2.08e-06 3.704999999999999e-06 4.159999999999999e-06)
(2.145e-06 3.705e-06 4.16e-06)
(2.21e-06 3.705e-06 4.16e-06)
(2.275e-06 3.705e-06 4.160000000000001e-06)
(2.34e-06 3.705e-06 4.16e-06)
(2.405e-06 3.705e-06 4.16e-06)
(2.47e-06 3.705e-06 4.16e-06)
(2.535e-06 3.705e-06 4.16e-06)
(2.08e-06 3.77e-06 4.16e-06)
(2.145e-06 3.769999999999999e-06 4.16e-06)
(2.21e-06 3.77e-06 4.160000000000001e-06)
(2.275e-06 3.77e-06 4.16e-06)
(2.34e-06 3.770000000000001e-06 4.16e-06)
(2.405e-06 3.769999999999999e-06 4.159999999999999e-06)
(2.47e-06 3.769999999999999e-06 4.16e-06)
(2.535e-06 3.769999999999999e-06 4.16e-06)
(1.95e-06 3.835e-06 4.159999999999999e-06)
(2.015e-06 3.835e-06 4.16e-06)
(2.08e-06 3.835000000000001e-06 4.16e-06)
(2.145e-06 3.835e-06 4.16e-06)
(2.21e-06 3.835e-06 4.159999999999999e-06)
(2.275e-06 3.835000000000001e-06 4.16e-06)
(2.34e-06 3.835000000000001e-06 4.160000000000001e-06)
(2.405e-06 3.835e-06 4.159999999999999e-06)
(2.47e-06 3.835000000000001e-06 4.160000000000001e-06)
(1.625e-06 3.9e-06 4.16e-06)
(1.69e-06 3.9e-06 4.16e-06)
(1.755e-06 3.9e-06 4.16e-06)
(1.82e-06 3.9e-06 4.16e-06)
(1.885e-06 3.9e-06 4.16e-06)
(1.95e-06 3.9e-06 4.16e-06)
(2.015e-06 3.9e-06 4.16e-06)
(2.08e-06 3.9e-06 4.16e-06)
(2.145e-06 3.9e-06 4.16e-06)
(2.21e-06 3.9e-06 4.16e-06)
(2.275e-06 3.9e-06 4.16e-06)
(2.34e-06 3.9e-06 4.16e-06)
(2.405e-06 3.9e-06 4.16e-06)
(1.56e-06 3.965e-06 4.159999999999999e-06)
(1.625e-06 3.964999999999999e-06 4.16e-06)
(1.69e-06 3.965000000000001e-06 4.16e-06)
(1.755e-06 3.965e-06 4.160000000000001e-06)
(1.82e-06 3.964999999999999e-06 4.16e-06)
(1.885e-06 3.964999999999999e-06 4.16e-06)
(1.95e-06 3.964999999999999e-06 4.16e-06)
(2.015e-06 3.965e-06 4.159999999999999e-06)
(2.08e-06 3.965e-06 4.16e-06)
(2.145e-06 3.964999999999999e-06 4.159999999999999e-06)
(2.21e-06 3.965e-06 4.16e-06)
(2.275e-06 3.964999999999999e-06 4.16e-06)
(2.34e-06 3.964999999999999e-06 4.16e-06)
(1.56e-06 4.03e-06 4.160000000000001e-06)
(1.625e-06 4.03e-06 4.16e-06)
(1.69e-06 4.03e-06 4.16e-06)
(1.755e-06 4.03e-06 4.159999999999999e-06)
(1.82e-06 4.03e-06 4.16e-06)
(1.885e-06 4.03e-06 4.16e-06)
(1.95e-06 4.03e-06 4.159999999999999e-06)
(2.015e-06 4.03e-06 4.16e-06)
(2.08e-06 4.03e-06 4.16e-06)
(2.145e-06 4.03e-06 4.16e-06)
(2.21e-06 4.03e-06 4.159999999999999e-06)
(2.275e-06 4.03e-06 4.159999999999999e-06)
(2.34e-06 4.03e-06 4.16e-06)
(1.56e-06 4.095e-06 4.16e-06)
(1.625e-06 4.095e-06 4.16e-06)
(1.69e-06 4.095e-06 4.160000000000001e-06)
(1.755e-06 4.095e-06 4.159999999999999e-06)
(1.82e-06 4.095e-06 4.16e-06)
(1.885e-06 4.095e-06 4.16e-06)
(1.95e-06 4.095e-06 4.160000000000001e-06)
(2.015e-06 4.095e-06 4.16e-06)
(2.08e-06 4.095e-06 4.16e-06)
(2.145e-06 4.095e-06 4.16e-06)
(2.21e-06 4.095e-06 4.160000000000001e-06)
(2.275e-06 4.095e-06 4.16e-06)
(2.34e-06 4.095e-06 4.160000000000001e-06)
(1.56e-06 4.16e-06 4.16e-06)
(1.625e-06 4.16e-06 4.16e-06)
(1.69e-06 4.16e-06 4.16e-06)
(1.755e-06 4.16e-06 4.16e-06)
(1.82e-06 4.16e-06 4.16e-06)
(1.885e-06 4.16e-06 4.16e-06)
(1.95e-06 4.16e-06 4.16e-06)
(2.015e-06 4.16e-06 4.16e-06)
(2.08e-06 4.16e-06 4.16e-06)
(2.145e-06 4.16e-06 4.16e-06)
(2.21e-06 4.16e-06 4.16e-06)
(2.275e-06 4.16e-06 4.16e-06)
(2.34e-06 4.16e-06 4.16e-06)
)


// ************************************************************************* //
