/*--------------------------------*- C++ -*----------------------------------*\
  =========                 |
  \\      /  F ield         | OpenFOAM: The Open Source CFD Toolbox
   \\    /   O peration     | Website:  https://openfoam.org
    \\  /    A nd           | Version:  6
     \\/     M anipulation  |
\*---------------------------------------------------------------------------*/
FoamFile
{
    version     2.0;
    format      ascii;
    class       faceList;
    location    "constant/region646/polyMesh";
    object      faces;
}
// * * * * * * * * * * * * * * * * * * * * * * * * * * * * * * * * * * * * * //


39
(
4(1 6 18 12)
4(11 12 18 17)
4(2 7 19 13)
4(12 13 19 18)
4(3 8 20 14)
4(13 14 20 19)
4(11 17 28 23)
4(12 18 29 24)
4(13 19 30 25)
4(0 1 12 11)
4(1 2 13 12)
4(2 3 14 13)
4(3 4 15 14)
4(10 11 23 22)
4(11 12 24 23)
4(12 13 25 24)
4(13 14 26 25)
4(0 5 6 1)
4(1 6 7 2)
4(2 7 8 3)
4(3 8 9 4)
4(0 11 17 5)
4(10 16 17 11)
4(5 17 18 6)
4(6 18 19 7)
4(7 19 20 8)
4(4 9 21 15)
4(8 20 21 9)
4(14 15 21 20)
4(10 22 27 16)
4(16 27 28 17)
4(22 23 28 27)
4(17 28 29 18)
4(23 24 29 28)
4(18 29 30 19)
4(24 25 30 29)
4(14 20 31 26)
4(19 30 31 20)
4(25 26 31 30)
)


// ************************************************************************* //
