/*--------------------------------*- C++ -*----------------------------------*\
  =========                 |
  \\      /  F ield         | OpenFOAM: The Open Source CFD Toolbox
   \\    /   O peration     | Website:  https://openfoam.org
    \\  /    A nd           | Version:  6
     \\/     M anipulation  |
\*---------------------------------------------------------------------------*/
FoamFile
{
    version     2.0;
    format      ascii;
    class       labelList;
    location    "constant/pore/polyMesh";
    object      cellRegionAddressing;
}
// * * * * * * * * * * * * * * * * * * * * * * * * * * * * * * * * * * * * * //


9802
(
109151
109152
109153
109154
109214
109215
109216
109217
109218
109219
109220
109221
109222
109223
109224
109278
109279
109280
109281
109282
109283
109284
109285
109286
109287
109288
109289
109342
109343
109344
109345
109349
109350
109351
109352
109353
109354
109407
109408
109414
109415
109416
109417
113246
113247
113248
113249
113250
113251
113252
113253
113254
113310
113311
113312
113313
113314
113315
113316
113317
113318
113319
113320
113321
113374
113375
113376
113377
113378
113379
113380
113381
113382
113383
113384
113385
113386
113438
113439
113440
113441
113442
113443
113444
113445
113446
113447
113448
113449
113450
113502
113503
113504
113505
113506
113507
113508
113509
113510
113511
113512
113513
113514
113566
113567
113568
113569
113570
113571
113572
113573
113574
113575
113576
113577
113631
113632
113633
113639
117279
117280
117281
117282
117342
117343
117344
117345
117346
117347
117348
117349
117350
117351
117352
117406
117407
117408
117409
117410
117411
117412
117413
117414
117415
117416
117417
117418
117470
117471
117472
117473
117474
117475
117476
117477
117478
117479
117480
117481
117482
117534
117535
117536
117537
117538
117539
117540
117541
117542
117543
117544
117545
117546
117598
117599
117600
117601
117602
117603
117604
117605
117606
117607
117608
117609
117610
117662
117663
117664
117665
117666
117667
117668
117669
117670
117671
117672
117673
117674
117727
117728
117729
117730
117731
117732
117733
117734
117735
117736
117737
117792
117793
117794
117795
117796
117797
117798
117799
118012
118013
118076
118077
121313
121375
121376
121377
121378
121379
121380
121381
121382
121438
121439
121440
121441
121442
121443
121444
121445
121446
121447
121448
121449
121502
121503
121504
121505
121506
121507
121508
121509
121510
121511
121512
121513
121514
121566
121567
121568
121569
121570
121571
121572
121573
121574
121575
121576
121577
121578
121630
121631
121632
121633
121634
121635
121636
121637
121638
121639
121640
121641
121642
121650
121651
121652
121694
121695
121696
121697
121698
121699
121700
121701
121702
121703
121704
121705
121706
121715
121716
121758
121759
121760
121761
121762
121763
121764
121765
121766
121767
121768
121769
121770
121780
121823
121824
121825
121826
121827
121828
121829
121830
121831
121832
121833
121844
121887
121888
121889
121890
121891
121892
121893
121894
121895
121896
121951
121952
121953
121954
121955
121956
121957
121958
122044
122045
122107
122108
122109
122110
122171
122172
122173
122174
122235
122236
122237
125406
125407
125408
125409
125410
125411
125412
125470
125471
125472
125473
125474
125475
125476
125477
125478
125479
125490
125491
125533
125534
125535
125536
125537
125538
125539
125540
125541
125542
125543
125544
125545
125552
125553
125554
125555
125556
125557
125597
125598
125599
125600
125601
125602
125603
125604
125605
125606
125607
125608
125609
125610
125615
125616
125617
125618
125619
125620
125621
125622
125662
125663
125664
125665
125666
125667
125668
125669
125670
125671
125672
125673
125674
125679
125680
125681
125682
125683
125684
125685
125686
125726
125727
125728
125729
125730
125731
125732
125733
125734
125735
125736
125737
125738
125743
125744
125745
125746
125747
125748
125749
125750
125751
125790
125791
125792
125793
125794
125795
125796
125797
125798
125799
125800
125801
125808
125809
125810
125811
125812
125813
125814
125815
125854
125855
125856
125857
125858
125859
125860
125861
125862
125863
125864
125865
125872
125873
125874
125875
125876
125877
125878
125879
125919
125920
125921
125922
125923
125924
125925
125926
125927
125928
125929
125936
125937
125938
125939
125940
125941
125942
125943
125944
125983
125984
125985
125986
125987
125988
125989
125990
125991
125992
126001
126002
126003
126004
126005
126006
126007
126008
126009
126047
126048
126049
126050
126051
126052
126053
126054
126065
126066
126067
126068
126069
126070
126071
126072
126073
126111
126112
126113
126114
126115
126116
126129
126130
126131
126132
126133
126134
126135
126136
126137
126139
126140
126141
126142
126197
126198
126203
126204
126205
126206
126267
126268
126269
128831
128895
128959
129371
129372
129373
129374
129375
129436
129437
129438
129439
129440
129441
129442
129501
129502
129503
129504
129505
129506
129507
129508
129509
129519
129520
129521
129522
129523
129565
129566
129567
129568
129569
129570
129571
129572
129573
129574
129582
129583
129584
129585
129586
129587
129588
129589
129629
129630
129631
129632
129633
129634
129635
129636
129637
129638
129639
129645
129646
129647
129648
129649
129650
129651
129652
129653
129654
129655
129693
129694
129695
129696
129697
129698
129699
129700
129701
129702
129703
129704
129709
129710
129711
129712
129713
129714
129715
129716
129717
129718
129719
129720
129758
129759
129760
129761
129762
129763
129764
129765
129766
129767
129768
129773
129774
129775
129776
129777
129778
129779
129780
129781
129782
129783
129784
129822
129823
129824
129825
129826
129827
129828
129829
129830
129831
129837
129838
129839
129840
129841
129842
129843
129844
129845
129846
129847
129848
129886
129887
129888
129889
129890
129891
129892
129893
129894
129895
129901
129902
129903
129904
129905
129906
129907
129908
129909
129910
129911
129912
129913
129951
129952
129953
129954
129955
129956
129957
129958
129965
129966
129967
129968
129969
129970
129971
129972
129973
129974
129975
129976
129977
130015
130016
130017
130018
130019
130020
130021
130022
130029
130030
130031
130032
130033
130034
130035
130036
130037
130038
130039
130040
130041
130042
130079
130080
130081
130082
130083
130084
130085
130086
130093
130094
130095
130096
130097
130098
130099
130100
130101
130102
130103
130104
130105
130106
130143
130144
130145
130146
130147
130148
130149
130158
130159
130160
130161
130162
130163
130164
130165
130166
130167
130168
130169
130170
130171
130208
130209
130210
130211
130212
130223
130224
130225
130226
130227
130228
130229
130230
130231
130232
130233
130234
130235
130273
130274
130288
130289
130290
130291
130292
130293
130294
130295
130296
130355
130356
130357
130358
132926
132927
132989
132990
132991
133052
133053
133054
133055
133116
133117
133118
133119
133144
133145
133146
133147
133182
133183
133206
133207
133208
133209
133210
133211
133212
133213
133247
133270
133271
133272
133273
133274
133275
133276
133277
133278
133335
133336
133337
133338
133339
133340
133341
133342
133343
133399
133400
133401
133402
133403
133404
133405
133406
133407
133439
133464
133465
133466
133467
133468
133469
133470
133471
133472
133473
133502
133503
133529
133530
133531
133532
133533
133534
133535
133536
133537
133538
133539
133540
133549
133550
133551
133552
133553
133566
133567
133596
133597
133598
133599
133600
133601
133602
133603
133604
133605
133613
133614
133615
133616
133617
133618
133619
133631
133661
133662
133663
133664
133665
133666
133667
133668
133669
133677
133678
133679
133680
133681
133682
133683
133684
133685
133725
133726
133727
133728
133729
133730
133731
133732
133733
133740
133741
133742
133743
133744
133745
133746
133747
133748
133749
133750
133751
133790
133791
133792
133793
133794
133795
133796
133797
133804
133805
133806
133807
133808
133809
133810
133811
133812
133813
133814
133815
133816
133854
133855
133856
133857
133858
133859
133860
133861
133868
133869
133870
133871
133872
133873
133874
133875
133876
133877
133878
133879
133880
133918
133919
133920
133921
133922
133923
133924
133925
133932
133933
133934
133935
133936
133937
133938
133939
133940
133941
133942
133943
133944
133945
133982
133983
133984
133985
133986
133987
133988
133989
133996
133997
133998
133999
134000
134001
134002
134003
134004
134005
134006
134007
134008
134009
134047
134048
134049
134050
134051
134052
134060
134061
134062
134063
134064
134065
134066
134067
134068
134069
134070
134071
134072
134073
134111
134112
134113
134114
134115
134116
134124
134125
134126
134127
134128
134129
134130
134131
134132
134133
134134
134135
134136
134137
134138
134175
134176
134177
134178
134179
134180
134188
134189
134190
134191
134192
134193
134194
134195
134196
134197
134198
134199
134200
134201
134202
134240
134241
134242
134243
134253
134254
134255
134256
134257
134258
134259
134260
134261
134262
134263
134264
134265
134266
134304
134305
134306
134319
134320
134321
134322
134323
134324
134325
134326
134327
134328
134329
134384
134385
134386
134387
134388
134389
134390
134391
134392
134450
134451
134452
134453
137021
137022
137023
137084
137085
137086
137087
137148
137149
137150
137151
137178
137179
137180
137212
137213
137214
137215
137239
137240
137241
137242
137243
137244
137245
137246
137277
137278
137279
137303
137304
137305
137306
137307
137308
137309
137310
137311
137341
137342
137343
137367
137368
137369
137370
137371
137372
137373
137374
137375
137406
137407
137431
137432
137433
137434
137435
137436
137437
137438
137439
137440
137470
137471
137496
137497
137498
137499
137500
137501
137502
137503
137504
137510
137511
137512
137513
137514
137515
137516
137534
137535
137560
137561
137562
137563
137564
137565
137566
137567
137568
137569
137570
137571
137572
137573
137574
137575
137576
137577
137578
137579
137580
137581
137582
137583
137597
137598
137599
137625
137626
137627
137628
137629
137630
137631
137632
137633
137634
137635
137636
137637
137638
137639
137640
137641
137643
137644
137645
137646
137647
137648
137649
137650
137661
137662
137663
137692
137693
137694
137695
137696
137697
137698
137699
137700
137708
137709
137710
137711
137712
137713
137714
137715
137716
137726
137727
137757
137758
137759
137760
137761
137762
137763
137764
137772
137773
137774
137775
137776
137777
137778
137779
137780
137781
137822
137823
137824
137825
137826
137827
137836
137837
137838
137839
137840
137841
137842
137843
137844
137845
137846
137847
137886
137887
137888
137889
137890
137891
137900
137901
137902
137903
137904
137905
137906
137907
137908
137909
137910
137911
137950
137951
137952
137953
137954
137955
137964
137965
137966
137967
137968
137969
137970
137971
137972
137973
137974
137975
137976
138014
138015
138016
138017
138018
138019
138028
138029
138030
138031
138032
138033
138034
138035
138036
138037
138038
138039
138040
138041
138079
138080
138081
138082
138092
138093
138094
138095
138096
138097
138098
138099
138100
138101
138102
138103
138104
138105
138143
138144
138145
138146
138156
138157
138158
138159
138160
138161
138162
138163
138164
138165
138166
138167
138168
138169
138207
138208
138209
138210
138220
138221
138222
138223
138224
138225
138226
138227
138228
138229
138230
138231
138232
138233
138272
138273
138284
138285
138286
138287
138288
138289
138290
138291
138292
138293
138294
138295
138296
138297
138349
138350
138351
138352
138353
138354
138355
138356
138357
138358
138359
138360
138361
138415
138416
138417
138418
138419
138420
138421
138422
138423
138424
138481
138482
138483
138484
138485
138486
138487
138488
141055
141117
141118
141119
141180
141181
141182
141183
141244
141245
141246
141247
141274
141275
141276
141277
141308
141309
141310
141311
141337
141338
141339
141340
141341
141342
141373
141374
141375
141400
141401
141402
141403
141404
141405
141406
141407
141437
141438
141439
141464
141465
141466
141467
141468
141469
141470
141471
141477
141478
141479
141480
141481
141482
141501
141502
141503
141528
141529
141530
141531
141532
141533
141534
141535
141536
141537
141538
141539
141540
141541
141542
141543
141544
141545
141546
141547
141548
141565
141566
141567
141593
141594
141595
141596
141597
141598
141599
141600
141601
141602
141603
141604
141605
141606
141607
141608
141609
141610
141611
141612
141613
141629
141630
141631
141657
141658
141659
141660
141661
141662
141663
141664
141665
141666
141667
141668
141669
141670
141671
141672
141673
141674
141675
141676
141677
141678
141679
141680
141693
141694
141695
141723
141724
141725
141726
141727
141728
141729
141730
141731
141732
141733
141734
141735
141736
141737
141738
141739
141740
141741
141742
141743
141744
141745
141746
141757
141758
141759
141788
141789
141790
141791
141792
141793
141794
141795
141796
141797
141798
141799
141800
141801
141802
141803
141804
141805
141806
141807
141808
141809
141810
141811
141821
141822
141823
141853
141854
141855
141856
141857
141858
141867
141868
141869
141870
141871
141872
141873
141874
141875
141876
141877
141886
141887
141918
141919
141920
141921
141932
141933
141934
141935
141936
141937
141938
141939
141940
141941
141942
141951
141983
141984
141996
141997
141998
141999
142000
142001
142002
142003
142004
142005
142006
142007
142047
142048
142060
142061
142062
142063
142064
142065
142066
142067
142068
142069
142070
142071
142124
142125
142126
142127
142128
142129
142130
142131
142132
142133
142134
142135
142136
142188
142189
142190
142191
142192
142193
142194
142195
142196
142197
142198
142199
142200
142251
142252
142253
142254
142255
142256
142257
142258
142259
142260
142261
142262
142263
142264
142316
142317
142318
142319
142320
142321
142322
142323
142324
142325
142326
142327
142328
142380
142381
142382
142383
142384
142385
142386
142387
142388
142389
142390
142391
142392
142445
142446
142447
142448
142449
142450
142451
142452
142453
142454
142455
142456
142512
142513
142514
142515
142516
142517
142518
142519
142520
142579
142580
142581
142582
142583
145151
145213
145214
145215
145277
145278
145279
145340
145341
145342
145343
145404
145405
145406
145407
145436
145437
145438
145448
145468
145469
145470
145471
145498
145499
145500
145501
145502
145503
145504
145508
145509
145510
145511
145512
145513
145514
145533
145534
145535
145561
145562
145563
145564
145565
145566
145567
145568
145569
145570
145571
145572
145573
145574
145575
145576
145577
145578
145579
145597
145598
145599
145625
145626
145627
145628
145629
145630
145631
145632
145633
145634
145635
145636
145637
145638
145639
145640
145641
145642
145643
145644
145661
145662
145663
145690
145691
145692
145693
145694
145695
145696
145697
145698
145699
145700
145701
145702
145703
145704
145705
145706
145707
145708
145709
145725
145726
145727
145754
145755
145756
145757
145758
145759
145760
145761
145762
145763
145764
145765
145766
145767
145768
145769
145770
145771
145772
145773
145774
145775
145776
145789
145790
145791
145819
145820
145821
145822
145823
145824
145825
145826
145827
145828
145829
145830
145831
145832
145833
145834
145835
145836
145837
145838
145839
145840
145841
145842
145852
145853
145854
145855
145885
145886
145887
145888
145889
145890
145891
145892
145893
145894
145895
145896
145897
145898
145899
145900
145901
145902
145903
145904
145905
145906
145907
145916
145917
145918
145919
145950
145951
145963
145964
145965
145966
145967
145968
145969
145970
145971
145972
145973
145980
145981
145982
145983
146027
146028
146029
146030
146031
146032
146033
146034
146035
146036
146037
146038
146045
146046
146047
146074
146075
146092
146093
146094
146095
146096
146097
146098
146099
146100
146101
146102
146109
146110
146111
146138
146139
146140
146156
146157
146158
146159
146160
146161
146162
146163
146164
146165
146166
146167
146174
146175
146202
146203
146204
146220
146221
146222
146223
146224
146225
146226
146227
146228
146229
146230
146231
146239
146284
146285
146286
146287
146288
146289
146290
146291
146292
146293
146294
146295
146296
146303
146348
146349
146350
146351
146352
146353
146354
146355
146356
146357
146358
146359
146360
146412
146413
146414
146415
146416
146417
146418
146419
146420
146421
146422
146423
146424
146476
146477
146478
146479
146480
146481
146482
146483
146484
146485
146486
146487
146488
146542
146543
146544
146545
146546
146547
146548
146549
146550
146551
146552
146608
146609
146610
146611
146612
146613
146614
146615
146676
146677
146678
149247
149309
149310
149311
149373
149374
149375
149436
149437
149438
149439
149500
149501
149502
149503
149541
149542
149543
149544
149545
149565
149566
149567
149599
149600
149601
149602
149603
149604
149605
149606
149607
149608
149609
149610
149629
149630
149631
149659
149660
149661
149662
149663
149664
149665
149666
149667
149668
149669
149670
149671
149672
149673
149674
149675
149693
149694
149695
149722
149723
149724
149725
149726
149727
149728
149729
149730
149731
149732
149733
149734
149735
149736
149737
149738
149739
149740
149757
149758
149759
149787
149788
149789
149790
149791
149792
149793
149794
149795
149796
149797
149798
149799
149800
149801
149802
149803
149804
149821
149822
149823
149851
149852
149853
149854
149855
149856
149857
149858
149859
149860
149861
149862
149863
149864
149865
149866
149867
149868
149869
149870
149871
149872
149885
149886
149887
149915
149916
149917
149918
149919
149920
149921
149922
149923
149924
149925
149926
149927
149928
149929
149930
149931
149932
149933
149934
149935
149936
149937
149938
149948
149949
149950
149951
149980
149981
149982
149983
149984
149985
149986
149987
149988
149989
149990
149991
149992
149993
149994
149995
149996
149997
149998
149999
150000
150001
150002
150003
150012
150013
150014
150015
150046
150047
150048
150049
150050
150051
150052
150053
150054
150055
150056
150057
150058
150059
150060
150061
150062
150063
150064
150065
150066
150067
150068
150076
150077
150078
150079
150123
150124
150125
150126
150127
150128
150129
150130
150131
150132
150133
150141
150142
150143
150169
150170
150171
150172
150188
150189
150190
150191
150192
150193
150194
150195
150196
150197
150198
150205
150206
150207
150233
150234
150235
150236
150237
150252
150253
150254
150255
150256
150257
150258
150259
150260
150261
150262
150269
150270
150271
150298
150299
150300
150301
150316
150317
150318
150319
150320
150321
150322
150323
150324
150325
150326
150327
150334
150335
150363
150364
150380
150381
150382
150383
150384
150385
150386
150387
150388
150389
150390
150391
150399
150444
150445
150446
150447
150448
150449
150450
150451
150452
150453
150454
150455
150463
150508
150509
150510
150511
150512
150513
150514
150515
150516
150517
150518
150519
150572
150573
150574
150575
150576
150577
150578
150579
150580
150581
150582
150583
150638
150639
150640
150641
150642
150643
150644
150645
150646
150647
150705
150706
150707
150708
150709
150710
150711
153343
153406
153407
153469
153470
153471
153532
153533
153534
153535
153572
153573
153574
153575
153576
153597
153598
153599
153633
153634
153635
153636
153637
153638
153639
153640
153641
153661
153662
153663
153696
153697
153698
153699
153700
153701
153702
153703
153704
153705
153706
153725
153726
153727
153758
153759
153760
153761
153762
153763
153764
153765
153766
153767
153768
153769
153770
153771
153789
153790
153791
153820
153821
153822
153823
153824
153825
153826
153827
153828
153829
153830
153831
153832
153833
153834
153835
153853
153854
153855
153883
153884
153885
153886
153887
153888
153889
153890
153891
153892
153893
153894
153895
153896
153897
153898
153899
153900
153917
153918
153919
153947
153948
153949
153950
153951
153952
153953
153954
153955
153956
153957
153958
153959
153960
153961
153962
153963
153964
153965
153966
153967
153968
153981
153982
153983
154011
154012
154013
154014
154015
154016
154017
154018
154019
154020
154021
154022
154023
154024
154025
154026
154027
154028
154029
154030
154031
154032
154033
154034
154045
154046
154047
154075
154076
154077
154078
154079
154080
154081
154082
154083
154084
154085
154086
154087
154088
154089
154090
154091
154092
154093
154094
154095
154096
154097
154098
154099
154109
154110
154111
154138
154139
154140
154141
154142
154143
154144
154145
154146
154147
154148
154149
154150
154151
154152
154153
154154
154155
154156
154157
154158
154159
154160
154161
154162
154163
154164
154172
154173
154174
154175
154201
154202
154203
154204
154205
154206
154207
154219
154220
154221
154222
154223
154224
154225
154226
154227
154228
154236
154237
154238
154239
154265
154266
154267
154268
154269
154270
154283
154284
154285
154286
154287
154288
154289
154290
154291
154292
154293
154301
154302
154303
154329
154330
154331
154332
154333
154334
154348
154349
154350
154351
154352
154353
154354
154355
154356
154357
154358
154365
154366
154367
154394
154395
154396
154397
154398
154399
154412
154413
154414
154415
154416
154417
154418
154419
154420
154421
154422
154430
154431
154459
154460
154461
154462
154476
154477
154478
154479
154480
154481
154482
154483
154484
154485
154486
154487
154494
154495
154540
154541
154542
154543
154544
154545
154546
154547
154548
154549
154550
154551
154559
154604
154605
154606
154607
154608
154609
154610
154611
154612
154613
154614
154615
154669
154670
154671
154672
154673
154674
154675
154676
154677
154678
154679
154735
154736
154737
154738
154739
154740
154741
154742
154743
154803
154804
154805
154806
157439
157501
157502
157503
157540
157541
157542
157565
157566
157567
157603
157604
157605
157606
157607
157628
157629
157630
157631
157666
157667
157668
157669
157670
157671
157672
157693
157694
157695
157729
157730
157731
157732
157733
157734
157735
157736
157757
157758
157759
157792
157793
157794
157795
157796
157797
157798
157799
157800
157801
157821
157822
157823
157855
157856
157857
157858
157859
157860
157861
157862
157863
157864
157865
157866
157885
157886
157887
157918
157919
157920
157921
157922
157923
157924
157925
157926
157927
157928
157929
157930
157949
157950
157951
157981
157982
157983
157984
157985
157986
157987
157988
157989
157990
157991
157992
157993
157994
157995
158013
158014
158015
158044
158045
158046
158047
158048
158049
158050
158051
158052
158053
158054
158055
158056
158057
158058
158059
158077
158078
158079
158107
158108
158109
158110
158111
158112
158113
158114
158115
158116
158117
158118
158119
158120
158121
158122
158123
158124
158126
158127
158128
158129
158141
158142
158143
158170
158171
158172
158173
158174
158175
158176
158177
158178
158179
158180
158181
158182
158183
158184
158185
158186
158187
158188
158189
158190
158191
158192
158193
158194
158205
158206
158207
158233
158234
158235
158236
158237
158238
158239
158240
158241
158242
158243
158244
158245
158246
158247
158248
158249
158250
158251
158252
158253
158254
158255
158256
158257
158258
158259
158268
158269
158270
158271
158297
158298
158299
158300
158301
158302
158303
158304
158306
158307
158308
158309
158310
158311
158312
158313
158314
158316
158317
158318
158319
158320
158321
158322
158323
158324
158332
158333
158334
158335
158361
158362
158363
158364
158365
158366
158367
158379
158380
158381
158382
158383
158384
158385
158386
158387
158388
158396
158397
158398
158399
158425
158426
158427
158428
158429
158430
158431
158444
158445
158446
158447
158448
158449
158450
158451
158452
158453
158460
158461
158462
158463
158490
158491
158492
158493
158494
158495
158508
158509
158510
158511
158512
158513
158514
158515
158516
158517
158525
158526
158527
158555
158556
158557
158558
158559
158572
158573
158574
158575
158576
158577
158578
158579
158580
158581
158582
158590
158591
158620
158621
158622
158636
158637
158638
158639
158640
158641
158642
158643
158644
158645
158646
158655
158701
158702
158703
158704
158705
158706
158707
158708
158709
158710
158766
158767
158768
158769
158770
158771
158772
158773
158774
158832
158833
158834
158835
158836
158837
158838
161535
161597
161598
161599
161635
161636
161637
161638
161660
161661
161662
161663
161698
161699
161700
161701
161702
161703
161724
161725
161726
161727
161761
161762
161763
161764
161765
161766
161767
161788
161789
161790
161791
161825
161826
161827
161828
161829
161830
161831
161832
161852
161853
161854
161855
161888
161889
161890
161891
161892
161893
161894
161895
161896
161916
161917
161918
161919
161951
161952
161953
161954
161955
161956
161957
161958
161959
161960
161961
161980
161981
161982
161983
162015
162016
162017
162018
162019
162020
162021
162022
162023
162024
162025
162044
162045
162046
162047
162078
162079
162080
162081
162082
162083
162084
162085
162086
162087
162088
162089
162108
162109
162110
162111
162141
162142
162143
162144
162145
162146
162147
162148
162149
162150
162151
162152
162153
162154
162173
162174
162175
162204
162205
162206
162207
162208
162209
162210
162211
162212
162213
162214
162215
162216
162217
162218
162223
162224
162225
162237
162238
162239
162266
162267
162268
162269
162270
162271
162272
162273
162274
162275
162276
162277
162278
162279
162280
162281
162282
162286
162287
162288
162289
162290
162301
162302
162303
162329
162330
162331
162332
162333
162334
162335
162336
162337
162338
162339
162340
162341
162342
162343
162344
162345
162346
162347
162349
162350
162351
162352
162353
162354
162364
162365
162366
162367
162393
162394
162395
162396
162397
162398
162399
162400
162401
162402
162403
162404
162405
162406
162407
162408
162409
162410
162411
162412
162413
162414
162415
162416
162417
162418
162419
162428
162429
162430
162431
162457
162458
162459
162460
162461
162462
162463
162464
162465
162466
162475
162476
162477
162478
162479
162480
162481
162482
162483
162492
162493
162494
162495
162521
162522
162523
162524
162525
162526
162527
162528
162539
162540
162541
162542
162543
162544
162545
162546
162547
162548
162556
162557
162558
162559
162586
162587
162588
162589
162590
162591
162592
162604
162605
162606
162607
162608
162609
162610
162611
162612
162620
162621
162622
162623
162651
162652
162653
162654
162655
162656
162668
162669
162670
162671
162672
162673
162674
162675
162676
162685
162686
162687
162716
162717
162718
162719
162733
162734
162735
162736
162737
162738
162739
162740
162741
162750
162751
162797
162798
162799
162800
162801
162802
162803
162804
162805
162815
162862
162863
162864
162865
162866
162867
162868
162869
165631
165692
165693
165694
165695
165731
165732
165733
165755
165756
165757
165758
165759
165794
165795
165796
165797
165798
165819
165820
165821
165822
165823
165857
165858
165859
165860
165861
165862
165863
165884
165885
165886
165887
165920
165921
165922
165923
165924
165925
165926
165927
165948
165949
165950
165951
165984
165985
165986
165987
165988
165989
165990
165991
166012
166013
166014
166015
166047
166048
166049
166050
166051
166052
166053
166054
166055
166056
166076
166077
166078
166079
166111
166112
166113
166114
166115
166116
166117
166118
166119
166120
166140
166141
166142
166143
166174
166175
166176
166177
166178
166179
166180
166181
166182
166183
166184
166192
166204
166205
166206
166207
166238
166239
166240
166241
166242
166243
166244
166245
166246
166247
166248
166249
166255
166256
166257
166268
166269
166270
166271
166301
166302
166303
166304
166305
166306
166307
166308
166309
166310
166311
166312
166313
166319
166320
166321
166333
166334
166335
166363
166364
166365
166366
166367
166368
166369
166370
166371
166372
166373
166374
166375
166376
166377
166382
166383
166384
166385
166397
166398
166399
166425
166426
166427
166428
166429
166430
166431
166432
166433
166434
166435
166436
166437
166438
166439
166440
166441
166442
166445
166446
166447
166448
166449
166450
166460
166461
166462
166463
166489
166490
166491
166492
166493
166494
166495
166496
166497
166498
166499
166500
166501
166502
166503
166504
166505
166508
166509
166510
166511
166512
166513
166514
166524
166525
166526
166527
166553
166554
166555
166556
166557
166558
166559
166560
166561
166562
166563
166564
166565
166566
166567
166568
166571
166572
166573
166574
166575
166576
166577
166578
166588
166589
166590
166591
166617
166618
166619
166620
166621
166622
166623
166624
166625
166635
166636
166637
166638
166639
166640
166641
166642
166643
166652
166653
166654
166655
166682
166683
166684
166685
166686
166687
166688
166689
166699
166700
166701
166702
166703
166704
166705
166706
166707
166716
166717
166718
166719
166747
166748
166749
166750
166751
166752
166753
166764
166765
166766
166767
166768
166769
166770
166771
166780
166781
166782
166783
166812
166813
166814
166815
166816
166817
166828
166829
166830
166831
166832
166833
166834
166835
166836
166845
166846
166847
166878
166879
166893
166894
166895
166896
166897
166898
166899
166900
166910
166911
166959
166960
166961
166962
166975
169788
169789
169790
169791
169849
169850
169851
169852
169853
169854
169855
169890
169891
169892
169893
169911
169912
169913
169914
169915
169916
169917
169918
169919
169953
169954
169955
169956
169957
169976
169977
169978
169979
169980
169981
169982
169983
170016
170017
170018
170019
170020
170021
170022
170029
170030
170041
170042
170043
170044
170045
170046
170047
170080
170081
170082
170083
170084
170085
170086
170093
170094
170095
170096
170097
170098
170107
170108
170109
170110
170111
170143
170144
170145
170146
170147
170148
170149
170150
170151
170157
170158
170159
170160
170161
170162
170163
170171
170172
170173
170174
170175
170207
170208
170209
170210
170211
170212
170213
170214
170215
170222
170223
170224
170225
170226
170227
170236
170237
170238
170239
170271
170272
170273
170274
170275
170276
170277
170278
170279
170286
170287
170288
170289
170290
170300
170301
170302
170303
170334
170335
170336
170337
170338
170339
170340
170341
170342
170343
170344
170350
170351
170352
170353
170354
170364
170365
170366
170367
170398
170399
170400
170401
170402
170403
170404
170405
170406
170407
170408
170414
170415
170416
170417
170418
170429
170430
170431
170462
170463
170464
170465
170466
170467
170468
170469
170470
170471
170472
170478
170479
170480
170481
170493
170494
170495
170522
170523
170524
170525
170526
170527
170528
170529
170530
170531
170532
170533
170534
170535
170536
170537
170541
170542
170543
170544
170545
170557
170558
170559
170585
170586
170587
170588
170589
170590
170591
170592
170593
170594
170595
170596
170597
170598
170599
170600
170601
170605
170606
170607
170608
170609
170620
170621
170622
170623
170649
170650
170651
170652
170653
170654
170655
170656
170657
170658
170659
170660
170661
170662
170663
170664
170665
170668
170669
170670
170671
170672
170673
170684
170685
170686
170687
170713
170714
170715
170716
170717
170718
170719
170720
170721
170722
170723
170724
170729
170730
170731
170732
170733
170734
170735
170736
170737
170748
170749
170750
170751
170778
170779
170780
170781
170782
170783
170784
170785
170794
170795
170796
170797
170798
170799
170800
170801
170802
170812
170813
170814
170815
170843
170844
170845
170846
170847
170848
170849
170858
170859
170860
170861
170862
170863
170864
170865
170866
170876
170877
170878
170879
170908
170909
170910
170911
170912
170913
170922
170923
170924
170925
170926
170927
170928
170929
170930
170941
170942
170943
170974
170975
170976
170977
170988
170989
170990
170991
170992
170993
171005
171006
171007
171070
171071
171135
173883
173884
173943
173944
173945
173946
173947
173948
173949
173950
174006
174007
174008
174009
174010
174011
174012
174013
174014
174049
174050
174051
174052
174060
174061
174062
174063
174064
174065
174070
174071
174072
174073
174074
174075
174076
174077
174078
174079
174113
174114
174115
174116
174117
174124
174125
174126
174127
174128
174129
174130
174131
174135
174136
174137
174138
174139
174140
174141
174142
174143
174176
174177
174178
174179
174180
174181
174188
174189
174190
174191
174192
174193
174194
174195
174196
174198
174200
174201
174202
174203
174204
174205
174206
174207
174240
174241
174242
174243
174244
174245
174246
174252
174253
174254
174255
174256
174257
174258
174259
174260
174267
174268
174269
174270
174271
174303
174304
174305
174306
174307
174308
174309
174310
174316
174317
174318
174319
174320
174321
174322
174323
174324
174332
174333
174334
174335
174367
174368
174369
174370
174371
174372
174373
174374
174381
174382
174383
174384
174385
174386
174387
174396
174397
174398
174399
174431
174432
174433
174434
174435
174436
174437
174438
174439
174445
174446
174447
174448
174449
174450
174451
174461
174462
174463
174495
174496
174497
174498
174499
174500
174501
174502
174503
174509
174510
174511
174512
174513
174514
174525
174526
174527
174558
174559
174560
174561
174562
174563
174564
174565
174566
174567
174573
174574
174575
174576
174577
174589
174590
174591
174621
174622
174623
174624
174625
174626
174627
174628
174629
174630
174631
174632
174637
174638
174639
174640
174653
174654
174655
174682
174683
174684
174685
174686
174687
174688
174689
174690
174691
174692
174693
174694
174695
174696
174701
174702
174703
174704
174717
174718
174719
174746
174747
174748
174749
174750
174751
174752
174753
174754
174755
174756
174757
174758
174759
174760
174761
174763
174765
174766
174767
174768
174781
174782
174783
174810
174811
174812
174813
174814
174815
174816
174817
174818
174819
174820
174821
174823
174824
174825
174826
174827
174828
174829
174830
174831
174832
174844
174845
174846
174847
174875
174876
174877
174878
174879
174880
174881
174882
174888
174889
174890
174891
174892
174893
174894
174895
174896
174908
174909
174910
174911
174939
174940
174941
174942
174943
174944
174945
174946
174952
174953
174954
174955
174956
174957
174958
174959
174960
174961
174972
174973
174974
174975
175004
175005
175006
175007
175008
175009
175010
175016
175017
175018
175019
175020
175021
175022
175023
175024
175037
175038
175039
175070
175071
175072
175073
175074
175081
175082
175083
175084
175085
175086
175087
175101
175102
175103
175146
175147
175166
175167
175231
177979
178037
178038
178039
178040
178041
178042
178043
178044
178045
178092
178093
178094
178095
178096
178097
178098
178099
178100
178101
178102
178103
178104
178105
178106
178107
178108
178109
178155
178156
178157
178158
178159
178160
178161
178162
178163
178164
178165
178166
178167
178168
178169
178170
178171
178172
178173
178209
178210
178211
178212
178219
178220
178221
178222
178223
178224
178225
178226
178227
178228
178229
178230
178231
178232
178233
178234
178235
178236
178237
178273
178274
178275
178276
178283
178284
178285
178286
178287
178288
178289
178290
178291
178292
178293
178294
178295
178296
178297
178298
178299
178300
178301
178302
178303
178337
178338
178339
178340
178341
178347
178348
178349
178350
178351
178352
178353
178354
178355
178356
178357
178358
178359
178365
178366
178367
178400
178401
178402
178403
178404
178405
178412
178413
178414
178415
178416
178417
178418
178419
178420
178421
178429
178430
178431
178464
178465
178466
178467
178468
178469
178470
178476
178477
178478
178479
178480
178481
178482
178483
178484
178493
178494
178495
178527
178528
178529
178530
178531
178532
178533
178534
178540
178541
178542
178543
178544
178545
178546
178547
178558
178559
178591
178592
178593
178594
178595
178596
178597
178598
178604
178605
178606
178607
178608
178609
178610
178622
178623
178654
178655
178656
178657
178658
178659
178660
178661
178662
178663
178669
178670
178671
178672
178673
178687
178718
178719
178720
178721
178722
178723
178724
178725
178726
178727
178732
178733
178734
178735
178736
178780
178781
178782
178783
178784
178785
178786
178787
178788
178789
178790
178791
178796
178797
178798
178799
178800
178814
178815
178843
178844
178845
178846
178847
178848
178849
178850
178851
178852
178853
178854
178855
178856
178857
178858
178859
178860
178861
178862
178863
178864
178878
178879
178907
178908
178909
178910
178911
178912
178913
178914
178915
178916
178917
178918
178919
178920
178921
178922
178923
178924
178925
178926
178927
178928
178941
178942
178943
178972
178973
178974
178975
178976
178977
178978
178979
178984
178985
178986
178987
178988
178989
178990
178991
178992
179005
179006
179007
179036
179037
179038
179039
179040
179041
179042
179048
179049
179050
179051
179052
179053
179054
179055
179056
179069
179070
179071
179101
179102
179103
179104
179105
179106
179107
179112
179113
179114
179115
179116
179117
179118
179119
179120
179133
179134
179135
179166
179167
179168
179169
179170
179175
179176
179177
179178
179179
179180
179181
179182
179183
179198
179199
179240
179241
179242
179243
179244
179245
179246
179263
182071
182132
182133
182134
182135
182136
182137
182138
182139
182140
182187
182188
182189
182190
182191
182192
182193
182194
182195
182196
182197
182198
182199
182200
182201
182202
182203
182204
182251
182252
182253
182254
182255
182256
182257
182258
182259
182260
182261
182262
182263
182264
182265
182266
182267
182268
182314
182315
182316
182317
182318
182319
182320
182321
182322
182323
182324
182325
182326
182327
182328
182329
182330
182331
182371
182378
182379
182380
182381
182382
182383
182384
182385
182386
182387
182388
182389
182390
182391
182392
182393
182434
182435
182436
182443
182444
182445
182446
182447
182448
182449
182450
182451
182452
182453
182454
182455
182497
182498
182499
182500
182507
182508
182509
182510
182511
182512
182513
182514
182515
182516
182517
182518
182560
182561
182562
182563
182564
182565
182571
182572
182573
182574
182575
182576
182577
182578
182579
182580
182581
182623
182624
182625
182626
182627
182628
182629
182635
182636
182637
182638
182639
182640
182641
182642
182643
182687
182688
182689
182690
182691
182692
182693
182700
182701
182702
182703
182704
182705
182706
182750
182751
182752
182753
182754
182755
182756
182757
182758
182764
182765
182766
182767
182768
182769
182814
182815
182816
182817
182818
182819
182820
182821
182822
182827
182828
182829
182830
182831
182832
182877
182878
182879
182880
182881
182882
182883
182884
182885
182886
182891
182892
182893
182894
182895
182896
182940
182941
182942
182943
182944
182945
182946
182947
182948
182954
182955
182956
182957
182958
182959
182960
183004
183005
183006
183007
183008
183009
183010
183011
183017
183018
183019
183020
183021
183022
183023
183024
183038
183039
183068
183069
183070
183071
183072
183073
183074
183080
183081
183082
183083
183084
183085
183086
183087
183088
183102
183103
183133
183134
183135
183136
183137
183138
183144
183145
183146
183147
183148
183149
183150
183151
183152
183166
183167
183198
183199
183200
183201
183202
183203
183207
183208
183209
183210
183211
183212
183213
183214
183215
183216
183231
183263
183264
183265
183266
183271
183272
183273
183274
183275
183276
183277
183278
183279
183295
183335
183336
183337
183338
183339
183340
183341
183342
183343
183399
183400
183401
183402
183403
183404
183405
183406
183463
183464
183465
183466
183467
183468
183527
183528
183529
186165
186166
186167
186226
186227
186228
186229
186230
186231
186232
186233
186234
186283
186284
186285
186286
186287
186288
186289
186290
186291
186292
186293
186294
186295
186296
186297
186298
186299
186346
186347
186348
186349
186350
186351
186352
186353
186354
186355
186356
186357
186358
186359
186360
186361
186362
186410
186411
186412
186413
186414
186415
186416
186417
186418
186419
186420
186421
186422
186423
186424
186425
186474
186475
186476
186477
186478
186479
186480
186481
186482
186483
186484
186485
186486
186487
186488
186530
186538
186539
186540
186541
186542
186543
186544
186545
186546
186547
186548
186549
186550
186551
186593
186594
186602
186603
186604
186605
186606
186607
186608
186609
186610
186611
186612
186613
186614
186656
186657
186658
186659
186666
186667
186668
186669
186670
186671
186672
186673
186674
186675
186676
186677
186720
186721
186722
186723
186724
186730
186731
186732
186733
186734
186735
186736
186737
186738
186739
186783
186784
186785
186786
186787
186788
186795
186796
186797
186798
186799
186800
186801
186802
186847
186848
186849
186850
186851
186852
186859
186860
186861
186862
186863
186864
186865
186910
186911
186912
186913
186914
186915
186923
186924
186925
186926
186927
186928
186973
186974
186975
186976
186977
186978
186986
186987
186988
186989
186990
186991
186992
187037
187038
187039
187040
187041
187050
187051
187052
187053
187054
187055
187056
187101
187102
187103
187104
187105
187113
187114
187115
187116
187117
187118
187119
187120
187165
187166
187167
187168
187169
187176
187177
187178
187179
187180
187181
187182
187183
187184
187230
187231
187232
187233
187240
187241
187242
187243
187244
187245
187246
187247
187248
187296
187297
187303
187304
187305
187306
187307
187308
187309
187310
187311
187312
187366
187367
187368
187369
187370
187371
187372
187373
187374
187375
187376
187430
187431
187432
187433
187434
187435
187436
187437
187438
187439
187440
187494
187495
187496
187497
187498
187499
187500
187501
187502
187503
187558
187559
187560
187561
187562
187563
187564
187565
187566
187622
187623
187624
187625
187626
187627
187628
187629
187687
187688
187689
187690
187752
190260
190261
190262
190316
190317
190318
190319
190320
190321
190322
190323
190324
190325
190326
190327
190328
190378
190379
190380
190381
190382
190383
190384
190385
190386
190387
190388
190389
190390
190391
190392
190442
190443
190444
190445
190446
190447
190448
190449
190450
190451
190452
190453
190454
190455
190505
190506
190507
190508
190509
190510
190511
190512
190513
190514
190515
190516
190517
190518
190519
190569
190570
190571
190572
190573
190574
190575
190576
190577
190578
190579
190580
190581
190582
190583
190633
190634
190635
190636
190637
190638
190639
190640
190641
190642
190643
190644
190645
190646
190697
190698
190699
190700
190701
190702
190703
190704
190705
190706
190707
190708
190709
190710
190761
190762
190763
190764
190765
190766
190767
190768
190769
190770
190771
190772
190773
190826
190827
190828
190829
190830
190831
190832
190833
190834
190835
190890
190891
190892
190893
190894
190895
190896
190897
190898
190955
190956
190957
190958
190959
190960
190961
191018
191019
191020
191021
191022
191023
191024
191082
191083
191084
191085
191086
191087
191088
191146
191147
191148
191149
191150
191151
191152
191198
191209
191210
191211
191212
191213
191214
191215
191216
191262
191272
191273
191274
191275
191276
191277
191278
191279
191280
191336
191337
191338
191339
191340
191341
191342
191343
191344
191399
191400
191401
191402
191403
191404
191405
191406
191407
191408
191409
191462
191463
191464
191465
191466
191467
191468
191469
191470
191471
191472
191473
191526
191527
191528
191529
191530
191531
191532
191533
191534
191535
191536
191537
191589
191590
191591
191592
191593
191594
191595
191596
191597
191598
191599
191600
191653
191654
191655
191656
191657
191658
191659
191660
191661
191662
191663
191717
191718
191719
191720
191721
191722
191723
191724
191725
191726
191781
191782
191783
191784
191785
191786
191787
191788
191846
191847
191848
191849
191850
191851
191852
191911
191912
191913
191914
191915
191976
191977
191978
191979
192040
192041
192042
192043
192104
192105
192106
194411
194412
194413
194414
194415
194416
194417
194418
194419
194420
194421
194474
194475
194476
194477
194478
194479
194480
194481
194482
194483
194484
194485
194486
194538
194539
194540
194541
194542
194543
194544
194545
194546
194547
194548
194549
194550
194601
194602
194603
194604
194605
194606
194607
194608
194609
194610
194611
194612
194613
194614
194615
194665
194666
194667
194668
194669
194670
194671
194672
194673
194674
194675
194676
194677
194678
194679
194680
194681
194682
194729
194730
194731
194732
194733
194734
194735
194736
194737
194738
194739
194740
194741
194742
194743
194744
194745
194746
194793
194794
194795
194796
194797
194798
194799
194800
194801
194802
194803
194804
194805
194806
194807
194808
194809
194858
194859
194860
194861
194862
194863
194864
194865
194866
194867
194868
194869
194870
194922
194923
194924
194925
194926
194927
194928
194929
194930
194931
194932
194986
194987
194988
194989
194990
194991
194992
194993
194994
195051
195052
195053
195054
195055
195056
195057
195115
195116
195117
195118
195119
195120
195178
195179
195180
195181
195182
195183
195184
195242
195243
195244
195245
195246
195247
195248
195305
195306
195307
195308
195309
195310
195311
195312
195368
195369
195370
195371
195372
195373
195374
195375
195376
195432
195433
195434
195435
195436
195437
195438
195439
195440
195441
195495
195496
195497
195498
195499
195500
195501
195502
195503
195504
195505
195558
195559
195560
195561
195562
195563
195564
195565
195566
195567
195568
195569
195570
195621
195622
195623
195624
195625
195626
195627
195628
195629
195630
195631
195632
195633
195634
195685
195686
195687
195688
195689
195690
195691
195692
195693
195694
195695
195696
195697
195749
195750
195751
195752
195753
195754
195755
195756
195757
195758
195759
195760
195812
195813
195814
195815
195816
195817
195818
195819
195820
195821
195822
195823
195876
195877
195878
195879
195880
195881
195882
195883
195884
195885
195886
195941
195942
195943
195944
195945
195946
195947
195948
195949
195950
196005
196006
196007
196008
196009
196010
196011
196012
196013
196014
196070
196071
196072
196073
196074
196075
196076
196077
196078
196134
196135
196136
196137
196138
196139
196140
196141
196199
196200
196201
196202
196203
198507
198508
198509
198510
198511
198512
198570
198571
198572
198573
198574
198575
198576
198577
198578
198579
198580
198634
198635
198636
198637
198638
198639
198640
198641
198642
198643
198644
198645
198646
198698
198699
198700
198701
198702
198703
198704
198705
198706
198707
198708
198709
198710
198711
198712
198713
198716
198762
198763
198764
198765
198766
198767
198768
198769
198770
198771
198772
198773
198774
198775
198776
198777
198778
198779
198780
198826
198827
198828
198829
198830
198831
198832
198833
198834
198835
198836
198837
198838
198839
198840
198841
198842
198843
198844
198890
198891
198892
198893
198894
198895
198896
198897
198898
198899
198900
198901
198902
198903
198904
198905
198906
198907
198954
198955
198956
198957
198958
198959
198960
198961
198962
198963
198964
198965
198966
198967
198968
198969
198970
199018
199019
199020
199021
199022
199023
199024
199025
199026
199027
199028
199029
199030
199031
199032
199033
199083
199084
199085
199086
199087
199088
199089
199090
199091
199147
199148
199149
199150
199151
199152
199153
199211
199212
199213
199214
199215
199216
199217
199275
199276
199277
199278
199279
199280
199338
199339
199340
199341
199342
199343
199344
199401
199402
199403
199404
199405
199406
199407
199408
199464
199465
199466
199467
199468
199469
199470
199471
199472
199528
199529
199530
199531
199532
199533
199534
199535
199536
199537
199591
199592
199593
199594
199595
199596
199597
199598
199599
199600
199601
199654
199655
199656
199657
199658
199659
199660
199661
199662
199663
199664
199665
199666
199717
199718
199719
199720
199721
199722
199723
199724
199725
199726
199727
199728
199729
199730
199781
199782
199783
199784
199785
199786
199787
199788
199789
199790
199791
199792
199793
199844
199845
199846
199847
199848
199849
199850
199851
199852
199853
199854
199855
199856
199857
199908
199909
199910
199911
199912
199913
199914
199915
199916
199917
199918
199919
199920
199972
199973
199974
199975
199976
199977
199978
199979
199980
199981
199982
199983
200036
200037
200038
200039
200040
200041
200042
200043
200044
200045
200046
200101
200102
200103
200104
200105
200106
200107
200108
200109
200110
200165
200166
200167
200168
200169
200170
200171
200172
200173
200174
200230
200231
200232
200233
200234
200235
200236
200237
200294
200295
200296
200297
200298
200299
200359
200360
200361
200362
202540
202603
202604
202605
202606
202607
202666
202667
202668
202669
202670
202671
202672
202673
202674
202730
202731
202732
202733
202734
202735
202736
202737
202738
202739
202740
202741
202748
202749
202794
202795
202796
202797
202798
202799
202800
202801
202802
202803
202804
202805
202806
202807
202808
202809
202810
202811
202812
202813
202858
202859
202860
202861
202862
202863
202864
202865
202866
202867
202868
202869
202870
202871
202872
202873
202874
202875
202876
202877
202922
202923
202924
202925
202926
202927
202928
202929
202930
202931
202932
202933
202934
202935
202936
202937
202938
202939
202940
202941
202986
202987
202988
202989
202990
202991
202992
202993
202994
202995
202996
202997
202998
202999
203000
203001
203002
203003
203004
203050
203051
203052
203053
203054
203055
203056
203057
203058
203059
203060
203061
203062
203063
203064
203065
203066
203067
203115
203116
203117
203118
203119
203120
203121
203122
203123
203124
203125
203126
203127
203128
203129
203130
203131
203179
203180
203181
203182
203183
203184
203185
203186
203187
203188
203189
203190
203191
203192
203193
203194
203243
203244
203245
203246
203247
203248
203249
203250
203253
203254
203255
203256
203257
203307
203308
203309
203310
203311
203312
203313
203319
203371
203372
203373
203374
203375
203376
203434
203435
203436
203437
203438
203439
203440
203497
203498
203499
203500
203501
203502
203503
203504
203560
203561
203562
203563
203564
203565
203566
203567
203568
203569
203624
203625
203626
203627
203628
203629
203630
203631
203632
203633
203687
203688
203689
203690
203691
203692
203693
203694
203695
203696
203697
203750
203751
203752
203753
203754
203755
203756
203757
203758
203759
203760
203761
203813
203814
203815
203816
203817
203818
203819
203820
203821
203822
203823
203824
203825
203826
203877
203878
203879
203880
203881
203882
203883
203884
203885
203886
203887
203888
203889
203940
203941
203942
203943
203944
203945
203946
203947
203948
203949
203950
203951
203952
203953
204004
204005
204006
204007
204008
204009
204010
204011
204012
204013
204014
204015
204016
204068
204069
204070
204071
204072
204073
204074
204075
204076
204077
204078
204079
204132
204133
204134
204135
204136
204137
204138
204139
204140
204141
204142
204143
204197
204198
204199
204200
204201
204202
204203
204204
204205
204206
204261
204262
204263
204264
204265
204266
204267
204268
204269
204270
204326
204327
204328
204329
204330
204331
204332
204333
204390
204391
204392
204393
204394
204395
204396
204455
204456
204457
204458
206635
206636
206637
206699
206700
206701
206702
206762
206763
206764
206765
206766
206767
206768
206769
206780
206826
206827
206828
206829
206830
206831
206832
206833
206834
206835
206841
206842
206843
206844
206845
206846
206890
206891
206892
206893
206894
206895
206896
206897
206898
206899
206900
206901
206902
206903
206904
206905
206906
206907
206908
206909
206910
206954
206955
206956
206957
206958
206959
206960
206961
206962
206963
206964
206965
206966
206967
206968
206969
206970
206971
206972
206973
206974
207018
207019
207020
207021
207022
207023
207024
207025
207026
207027
207028
207029
207030
207031
207032
207033
207034
207035
207036
207037
207083
207084
207085
207086
207087
207088
207089
207090
207091
207092
207093
207094
207095
207096
207097
207098
207099
207100
207147
207148
207149
207150
207151
207152
207153
207154
207155
207156
207157
207158
207159
207160
207161
207162
207163
207164
207211
207212
207213
207214
207215
207216
207217
207218
207219
207220
207221
207222
207223
207224
207225
207226
207227
207228
207275
207276
207277
207278
207279
207280
207281
207282
207283
207284
207285
207286
207287
207288
207289
207290
207339
207340
207341
207342
207343
207344
207345
207346
207347
207348
207349
207350
207351
207352
207353
207354
207403
207404
207405
207406
207407
207408
207409
207412
207413
207414
207415
207416
207417
207467
207468
207469
207470
207471
207472
207473
207477
207478
207479
207480
207530
207531
207532
207533
207534
207535
207536
207543
207593
207594
207595
207596
207597
207598
207599
207600
207656
207657
207658
207659
207660
207661
207662
207663
207664
207720
207721
207722
207723
207724
207725
207726
207727
207728
207729
207783
207784
207785
207786
207787
207788
207789
207790
207791
207792
207793
207846
207847
207848
207849
207850
207851
207852
207853
207854
207855
207856
207857
207910
207911
207912
207913
207914
207915
207916
207917
207918
207919
207920
207921
207922
207973
207974
207975
207976
207977
207978
207979
207980
207981
207982
207983
207984
207985
207986
208037
208038
208039
208040
208041
208042
208043
208044
208045
208046
208047
208048
208049
208100
208101
208102
208103
208104
208105
208106
208107
208108
208109
208110
208111
208112
208113
208164
208165
208166
208167
208168
208169
208170
208171
208172
208173
208174
208175
208176
208228
208229
208230
208231
208232
208233
208234
208235
208236
208237
208238
208239
208293
208294
208295
208296
208297
208298
208299
208300
208301
208302
208357
208358
208359
208360
208361
208362
208363
208364
208365
208366
208422
208423
208424
208425
208426
208427
208428
208429
208487
208488
208489
208490
208491
208552
208553
210731
210732
210733
210795
210796
210797
210798
210859
210860
210861
210862
210863
210864
210876
210877
210922
210923
210924
210925
210926
210927
210928
210929
210930
210937
210938
210939
210940
210941
210942
210986
210987
210988
210989
210990
210991
210992
210993
210994
210995
210996
210999
211000
211001
211002
211003
211004
211005
211006
211050
211051
211052
211053
211054
211055
211056
211057
211058
211059
211060
211061
211062
211063
211064
211065
211066
211067
211068
211069
211070
211115
211116
211117
211118
211119
211120
211121
211122
211123
211124
211125
211126
211127
211128
211129
211130
211131
211132
211133
211134
211179
211180
211181
211182
211183
211184
211185
211186
211187
211188
211189
211190
211191
211192
211193
211194
211195
211196
211197
211198
211243
211244
211245
211246
211247
211248
211249
211250
211251
211252
211253
211254
211255
211256
211257
211258
211259
211260
211261
211307
211308
211309
211310
211311
211312
211313
211314
211315
211316
211317
211318
211319
211320
211321
211322
211323
211324
211371
211372
211373
211374
211375
211376
211377
211378
211379
211380
211381
211382
211383
211384
211385
211386
211387
211388
211435
211436
211437
211438
211439
211440
211441
211442
211443
211444
211445
211446
211447
211448
211449
211450
211451
211499
211500
211501
211502
211503
211504
211505
211506
211507
211508
211509
211510
211511
211512
211513
211514
211563
211564
211565
211566
211567
211568
211569
211570
211571
211572
211573
211574
211575
211576
211577
211578
211626
211627
211628
211629
211630
211631
211632
211636
211637
211638
211639
211640
211641
211689
211690
211691
211692
211693
211694
211695
211696
211701
211702
211703
211704
211752
211753
211754
211755
211756
211757
211758
211759
211760
211816
211817
211818
211819
211820
211821
211822
211823
211824
211825
211879
211880
211881
211882
211883
211884
211885
211886
211887
211888
211889
211943
211944
211945
211946
211947
211948
211949
211950
211951
211952
211953
212006
212007
212008
212009
212010
212011
212012
212013
212014
212015
212016
212017
212069
212070
212071
212072
212073
212074
212075
212076
212077
212078
212079
212080
212081
212133
212134
212135
212136
212137
212138
212139
212140
212141
212142
212143
212144
212145
212197
212198
212199
212200
212201
212202
212203
212204
212205
212206
212207
212208
212209
212261
212262
212263
212264
212265
212266
212267
212268
212269
212270
212271
212272
212325
212326
212327
212328
212329
212330
212331
212332
212333
212334
212335
212389
212390
212391
212392
212393
212394
212395
212396
212397
212398
212453
212454
212455
212456
212457
212458
212459
212460
212461
212518
212519
212520
212521
212522
212523
212524
212583
212584
212585
212586
214891
214892
214893
214894
214955
214956
214957
214958
214959
215019
215020
215021
215022
215023
215024
215034
215035
215036
215037
215038
215083
215084
215085
215086
215087
215088
215089
215090
215096
215097
215098
215099
215100
215101
215102
215147
215148
215149
215150
215151
215152
215153
215154
215155
215156
215157
215158
215159
215160
215161
215162
215163
215164
215165
215166
215167
215211
215212
215213
215214
215215
215216
215217
215218
215219
215220
215221
215222
215223
215224
215225
215226
215227
215228
215229
215230
215275
215276
215277
215278
215279
215280
215281
215282
215283
215284
215285
215286
215287
215288
215289
215290
215291
215292
215293
215294
215339
215340
215341
215342
215343
215344
215345
215346
215347
215348
215349
215350
215351
215352
215353
215354
215355
215356
215357
215403
215404
215405
215406
215407
215408
215409
215410
215411
215412
215413
215414
215415
215416
215417
215418
215419
215420
215421
215467
215468
215469
215470
215471
215472
215473
215474
215475
215476
215477
215478
215479
215480
215481
215482
215483
215484
215531
215532
215533
215534
215535
215536
215537
215538
215539
215540
215541
215542
215543
215544
215545
215546
215547
215548
215595
215596
215597
215598
215599
215600
215601
215602
215603
215604
215605
215606
215607
215608
215609
215610
215611
215659
215660
215661
215662
215663
215664
215665
215666
215667
215668
215669
215670
215671
215672
215673
215674
215675
215723
215724
215725
215726
215727
215731
215732
215733
215734
215735
215736
215737
215738
215786
215787
215788
215789
215790
215791
215796
215797
215798
215799
215800
215801
215802
215849
215850
215851
215852
215853
215854
215855
215856
215861
215862
215863
215864
215865
215912
215913
215914
215915
215916
215917
215918
215919
215920
215975
215976
215977
215978
215979
215980
215981
215982
215983
215984
216039
216040
216041
216042
216043
216044
216045
216046
216047
216048
216049
216102
216103
216104
216105
216106
216107
216108
216109
216110
216111
216112
216113
216166
216167
216168
216169
216170
216171
216172
216173
216174
216175
216176
216177
216230
216231
216232
216233
216234
216235
216236
216237
216238
216239
216240
216241
216294
216295
216296
216297
216298
216299
216300
216301
216302
216303
216304
216358
216359
216360
216361
216362
216363
216364
216365
216366
216367
216368
216422
216423
216424
216425
216426
216427
216428
216429
216430
216485
216486
216487
216488
216489
216490
216491
216492
216551
216552
216553
216554
216555
216616
216617
216618
218988
218989
219051
219052
219053
219054
219115
219116
219117
219118
219119
219131
219132
219133
219134
219179
219180
219181
219182
219183
219184
219185
219192
219193
219194
219195
219196
219197
219198
219243
219244
219245
219246
219247
219248
219249
219250
219251
219253
219254
219255
219256
219257
219258
219259
219260
219261
219262
219307
219308
219309
219310
219311
219312
219313
219314
219315
219316
219317
219318
219319
219320
219321
219322
219323
219324
219325
219326
219371
219372
219373
219374
219375
219376
219377
219378
219379
219380
219381
219382
219383
219384
219385
219386
219387
219388
219389
219390
219435
219436
219437
219438
219439
219440
219441
219442
219443
219444
219445
219446
219447
219448
219449
219450
219451
219452
219453
219499
219500
219501
219502
219503
219504
219505
219506
219507
219508
219509
219510
219511
219512
219513
219514
219515
219516
219517
219563
219564
219565
219566
219567
219568
219569
219570
219571
219572
219573
219574
219575
219576
219577
219578
219579
219580
219581
219627
219628
219629
219630
219631
219632
219633
219634
219635
219636
219637
219638
219639
219640
219641
219642
219643
219644
219690
219691
219692
219693
219694
219695
219696
219697
219698
219699
219700
219701
219702
219703
219704
219705
219706
219707
219708
219753
219754
219755
219756
219757
219758
219759
219762
219763
219764
219765
219766
219767
219768
219769
219770
219771
219817
219818
219819
219820
219821
219822
219823
219827
219828
219829
219830
219831
219832
219833
219834
219835
219880
219881
219882
219883
219884
219885
219886
219887
219892
219893
219894
219895
219896
219897
219898
219899
219943
219944
219945
219946
219947
219948
219949
219950
219951
219957
219958
219959
219960
219961
219962
220007
220008
220009
220010
220011
220012
220013
220014
220015
220022
220023
220024
220025
220026
220071
220072
220073
220074
220075
220076
220077
220078
220079
220134
220135
220136
220137
220138
220139
220140
220141
220142
220143
220144
220198
220199
220200
220201
220202
220203
220204
220205
220206
220207
220208
220262
220263
220264
220265
220266
220267
220268
220269
220270
220271
220326
220327
220328
220329
220330
220331
220332
220333
220334
220335
220390
220391
220392
220393
220394
220395
220396
220397
220398
220455
220456
220457
220458
220459
220460
223148
223149
223150
223211
223212
223213
223214
223215
223227
223228
223229
223230
223275
223276
223277
223278
223279
223280
223289
223290
223291
223292
223293
223294
223339
223340
223341
223342
223343
223344
223345
223350
223351
223352
223353
223354
223355
223356
223357
223358
223403
223404
223405
223406
223407
223408
223409
223410
223411
223412
223413
223414
223415
223416
223417
223418
223419
223420
223421
223422
223467
223468
223469
223470
223471
223472
223473
223474
223475
223476
223477
223478
223479
223480
223481
223482
223483
223484
223485
223531
223532
223533
223534
223535
223536
223537
223538
223539
223540
223541
223542
223543
223544
223545
223546
223547
223548
223549
223595
223596
223597
223598
223599
223600
223601
223602
223603
223604
223605
223606
223607
223608
223609
223610
223611
223612
223613
223659
223660
223661
223662
223663
223664
223665
223666
223667
223668
223669
223670
223671
223672
223673
223674
223675
223676
223677
223722
223723
223724
223725
223726
223727
223728
223729
223730
223731
223732
223733
223734
223735
223736
223737
223738
223739
223740
223785
223786
223787
223788
223789
223790
223791
223794
223795
223796
223797
223798
223799
223800
223801
223802
223803
223804
223848
223849
223850
223851
223852
223853
223854
223855
223859
223860
223861
223862
223863
223864
223865
223866
223867
223868
223911
223912
223913
223914
223915
223916
223917
223918
223919
223924
223925
223926
223927
223928
223929
223930
223931
223932
223975
223976
223977
223978
223979
223980
223981
223982
223983
223988
223989
223990
223991
223992
223993
223994
223995
224038
224039
224040
224041
224042
224043
224044
224045
224046
224047
224053
224054
224055
224056
224057
224058
224059
224102
224103
224104
224105
224106
224107
224108
224109
224110
224111
224118
224119
224120
224121
224122
224166
224167
224168
224169
224170
224171
224172
224173
224174
224175
224184
224230
224231
224232
224233
224234
224235
224236
224237
224238
224239
224294
224295
224296
224297
224298
224299
224300
224301
224302
224303
224359
224360
224361
224362
224363
224364
224365
224366
224423
224424
224425
224426
224427
224428
224429
224430
224488
224489
224490
224491
227182
227245
227246
227308
227309
227310
227311
227323
227324
227325
227371
227372
227373
227374
227375
227385
227386
227387
227388
227389
227390
227435
227436
227437
227438
227439
227440
227446
227447
227448
227449
227450
227451
227452
227453
227454
227499
227500
227501
227502
227503
227504
227508
227509
227510
227511
227512
227513
227514
227515
227516
227517
227563
227564
227565
227566
227567
227568
227569
227570
227571
227572
227573
227574
227575
227576
227577
227578
227579
227580
227581
227627
227628
227629
227630
227631
227632
227633
227634
227635
227636
227637
227638
227639
227640
227641
227642
227643
227644
227645
227691
227692
227693
227694
227695
227696
227697
227698
227699
227700
227701
227702
227703
227704
227705
227706
227707
227708
227709
227755
227756
227757
227758
227759
227760
227761
227762
227763
227764
227765
227766
227767
227768
227769
227770
227771
227772
227818
227819
227820
227821
227822
227823
227824
227826
227827
227828
227829
227830
227831
227832
227833
227834
227835
227836
227881
227882
227883
227884
227885
227886
227887
227890
227891
227892
227893
227894
227895
227896
227897
227898
227899
227900
227944
227945
227946
227947
227948
227949
227950
227951
227955
227956
227957
227958
227959
227960
227961
227962
227963
227964
228007
228008
228009
228010
228011
228012
228013
228014
228015
228020
228021
228022
228023
228024
228025
228026
228027
228071
228072
228073
228074
228075
228076
228077
228078
228079
228085
228086
228087
228088
228089
228090
228091
228134
228135
228136
228137
228138
228139
228140
228141
228142
228143
228150
228151
228152
228153
228154
228155
228198
228199
228200
228201
228202
228203
228204
228205
228206
228214
228215
228216
228217
228218
228219
228262
228263
228264
228265
228266
228267
228268
228269
228270
228326
228327
228328
228329
228330
228331
228332
228333
228334
228390
228391
228392
228393
228394
228395
228396
228397
228398
228455
228456
228457
228458
228459
228460
228461
228520
228521
228522
228523
231341
231342
231404
231405
231406
231407
231468
231469
231470
231471
231481
231482
231483
231484
231485
231531
231532
231533
231534
231535
231542
231543
231544
231545
231546
231547
231548
231549
231595
231596
231597
231598
231599
231605
231606
231607
231608
231609
231610
231611
231612
231613
231659
231660
231661
231662
231663
231667
231668
231669
231670
231671
231672
231673
231674
231675
231676
231677
231723
231724
231725
231726
231727
231728
231730
231731
231732
231733
231734
231735
231736
231737
231738
231739
231740
231741
231787
231788
231789
231790
231791
231792
231793
231794
231795
231796
231797
231798
231799
231800
231801
231802
231803
231804
231851
231852
231853
231854
231855
231858
231859
231860
231861
231862
231863
231864
231865
231866
231867
231868
231914
231915
231916
231917
231918
231919
231922
231923
231924
231925
231926
231927
231928
231929
231930
231931
231932
231977
231978
231979
231980
231981
231982
231983
231987
231988
231989
231990
231991
231992
231993
231994
231995
231996
232040
232041
232042
232043
232044
232045
232046
232047
232052
232053
232054
232055
232056
232057
232058
232059
232103
232104
232105
232106
232107
232108
232109
232110
232111
232116
232117
232118
232119
232120
232121
232122
232123
232166
232167
232168
232169
232170
232171
232172
232173
232174
232175
232181
232182
232183
232184
232185
232186
232187
232229
232230
232231
232232
232233
232234
232235
232236
232237
232238
232239
232246
232247
232248
232249
232250
232293
232294
232295
232296
232297
232298
232299
232300
232301
232302
232311
232312
232313
232314
232357
232358
232359
232360
232361
232362
232363
232364
232365
232366
232421
232422
232423
232424
232425
232426
232427
232428
232429
232486
232487
232488
232489
232490
232491
232492
232493
232551
232552
232553
232554
235437
235438
235500
235501
235502
235564
235565
235566
235577
235578
235628
235629
235630
235639
235640
235641
235642
235643
235644
235692
235693
235694
235701
235702
235703
235704
235705
235706
235707
235708
235756
235757
235758
235764
235765
235766
235767
235768
235769
235770
235771
235772
235820
235821
235822
235827
235828
235829
235830
235831
235832
235833
235834
235835
235836
235884
235885
235886
235891
235892
235893
235894
235895
235896
235897
235898
235899
235900
235947
235948
235949
235950
235955
235956
235957
235958
235959
235960
235961
235962
235963
235964
236011
236012
236013
236014
236015
236019
236020
236021
236022
236023
236024
236025
236026
236027
236028
236074
236075
236076
236077
236078
236079
236083
236084
236085
236086
236087
236088
236089
236090
236091
236137
236138
236139
236140
236141
236142
236143
236148
236149
236150
236151
236152
236153
236154
236155
236200
236201
236202
236203
236204
236205
236206
236213
236214
236215
236216
236217
236218
236219
236262
236263
236264
236265
236266
236267
236268
236269
236270
236278
236279
236280
236281
236282
236325
236326
236327
236328
236329
236330
236331
236332
236333
236334
236343
236344
236345
236346
236388
236389
236390
236391
236392
236393
236394
236395
236396
236397
236398
236408
236409
236452
236453
236454
236455
236456
236457
236458
236459
236460
236461
236462
236516
236517
236518
236519
236520
236521
236522
236523
236524
236525
236581
236582
236583
236584
236585
236586
236587
236588
239533
239534
239596
239597
239598
239660
239661
239662
239724
239725
239735
239736
239737
239738
239739
239788
239789
239798
239799
239800
239801
239802
239803
239804
239861
239862
239863
239864
239865
239866
239867
239868
239916
239924
239925
239926
239927
239928
239929
239930
239931
239932
239981
239988
239989
239990
239991
239992
239993
239994
239995
239996
240045
240051
240052
240053
240054
240055
240056
240057
240058
240059
240110
240115
240116
240117
240118
240119
240120
240121
240122
240123
240180
240181
240182
240183
240184
240185
240186
240187
240236
240237
240244
240245
240246
240247
240248
240249
240250
240251
240298
240299
240300
240301
240309
240310
240311
240312
240313
240314
240360
240361
240362
240363
240364
240365
240366
240374
240375
240376
240377
240378
240422
240423
240424
240425
240426
240427
240428
240429
240430
240439
240440
240441
240485
240486
240487
240488
240489
240490
240491
240492
240493
240548
240549
240550
240551
240552
240553
240554
240555
240556
240557
240613
240614
240615
240616
240617
240618
240619
240620
240621
240677
240678
240679
240680
240681
240682
240683
243896
243897
243898
243899
243959
243960
243961
243962
243963
244022
244023
244024
244025
244026
244027
244085
244086
244087
244088
244089
244090
244091
244148
244149
244150
244151
244152
244153
244154
244155
244212
244213
244214
244215
244216
244217
244218
244219
244277
244278
244279
244280
244281
244282
244341
244342
244343
244344
244345
244346
244406
244407
244408
244409
244410
244471
244472
244473
244582
244583
244584
244585
244586
244587
244645
244646
244647
244648
244649
244650
244651
244652
244709
244710
244711
244712
244713
244714
244715
244716
248183
248184
248185
248186
248246
248247
248248
248249
248250
248310
248311
248312
248313
248314
248374
248375
248376
248377
248378
248439
248440
248441
)


// ************************************************************************* //
