/*--------------------------------*- C++ -*----------------------------------*\
  =========                 |
  \\      /  F ield         | OpenFOAM: The Open Source CFD Toolbox
   \\    /   O peration     | Website:  https://openfoam.org
    \\  /    A nd           | Version:  6
     \\/     M anipulation  |
\*---------------------------------------------------------------------------*/
FoamFile
{
    version     2.0;
    format      ascii;
    class       labelList;
    location    "constant/pore/polyMesh";
    object      pointRegionAddressing;
}
// * * * * * * * * * * * * * * * * * * * * * * * * * * * * * * * * * * * * * //


13449
(
112546
112547
112548
112549
112550
112610
112611
112612
112613
112614
112615
112616
112617
112618
112619
112620
112621
112675
112676
112677
112678
112679
112680
112681
112682
112683
112684
112685
112686
112687
112740
112741
112742
112743
112744
112745
112746
112747
112748
112749
112750
112751
112752
112753
112805
112806
112807
112808
112809
112812
112813
112814
112815
112816
112817
112818
112871
112872
112873
112878
112879
112880
112881
112882
116770
116771
116772
116773
116774
116775
116776
116777
116778
116779
116835
116836
116837
116838
116839
116840
116841
116842
116843
116844
116845
116846
116847
116900
116901
116902
116903
116904
116905
116906
116907
116908
116909
116910
116911
116912
116913
116965
116966
116967
116968
116969
116970
116971
116972
116973
116974
116975
116976
116977
116978
117030
117031
117032
117033
117034
117035
117036
117037
117038
117039
117040
117041
117042
117043
117095
117096
117097
117098
117099
117100
117101
117102
117103
117104
117105
117106
117107
117108
117160
117161
117162
117163
117164
117165
117166
117167
117168
117169
117170
117171
117172
117226
117227
117228
117229
117234
117235
120931
120932
120933
120934
120935
120995
120996
120997
120998
120999
121000
121001
121002
121003
121004
121005
121006
121060
121061
121062
121063
121064
121065
121066
121067
121068
121069
121070
121071
121072
121073
121125
121126
121127
121128
121129
121130
121131
121132
121133
121134
121135
121136
121137
121138
121190
121191
121192
121193
121194
121195
121196
121197
121198
121199
121200
121201
121202
121203
121255
121256
121257
121258
121259
121260
121261
121262
121263
121264
121265
121266
121267
121268
121320
121321
121322
121323
121324
121325
121326
121327
121328
121329
121330
121331
121332
121333
121385
121386
121387
121388
121389
121390
121391
121392
121393
121394
121395
121396
121397
121398
121451
121452
121453
121454
121455
121456
121457
121458
121459
121460
121461
121462
121517
121518
121519
121520
121521
121522
121523
121524
121525
121675
121676
121677
121740
121741
121742
121805
121806
121807
125093
125094
125156
125157
125158
125159
125160
125161
125162
125163
125164
125220
125221
125222
125223
125224
125225
125226
125227
125228
125229
125230
125231
125232
125285
125286
125287
125288
125289
125290
125291
125292
125293
125294
125295
125296
125297
125298
125350
125351
125352
125353
125354
125355
125356
125357
125358
125359
125360
125361
125362
125363
125415
125416
125417
125418
125419
125420
125421
125422
125423
125424
125425
125426
125427
125428
125435
125436
125437
125438
125480
125481
125482
125483
125484
125485
125486
125487
125488
125489
125490
125491
125492
125493
125500
125501
125502
125503
125545
125546
125547
125548
125549
125550
125551
125552
125553
125554
125555
125556
125557
125558
125566
125567
125568
125610
125611
125612
125613
125614
125615
125616
125617
125618
125619
125620
125621
125622
125623
125632
125633
125676
125677
125678
125679
125680
125681
125682
125683
125684
125685
125686
125687
125697
125698
125741
125742
125743
125744
125745
125746
125747
125748
125749
125750
125751
125806
125807
125808
125809
125810
125811
125812
125813
125814
125835
125836
125837
125899
125900
125901
125902
125903
125964
125965
125966
125967
125968
126029
126030
126031
126032
126033
126094
126095
126096
126097
129315
129316
129317
129318
129319
129320
129321
129322
129380
129381
129382
129383
129384
129385
129386
129387
129388
129389
129390
129400
129401
129402
129444
129445
129446
129447
129448
129449
129450
129451
129452
129453
129454
129455
129456
129457
129463
129464
129465
129466
129467
129468
129469
129509
129510
129511
129512
129513
129514
129515
129516
129517
129518
129519
129520
129521
129522
129523
129527
129528
129529
129530
129531
129532
129533
129534
129535
129574
129575
129576
129577
129578
129579
129580
129581
129582
129583
129584
129585
129586
129587
129588
129592
129593
129594
129595
129596
129597
129598
129599
129600
129640
129641
129642
129643
129644
129645
129646
129647
129648
129649
129650
129651
129652
129653
129657
129658
129659
129660
129661
129662
129663
129664
129665
129666
129705
129706
129707
129708
129709
129710
129711
129712
129713
129714
129715
129716
129717
129718
129722
129723
129724
129725
129726
129727
129728
129729
129730
129731
129770
129771
129772
129773
129774
129775
129776
129777
129778
129779
129780
129781
129782
129783
129788
129789
129790
129791
129792
129793
129794
129795
129796
129835
129836
129837
129838
129839
129840
129841
129842
129843
129844
129845
129846
129847
129848
129853
129854
129855
129856
129857
129858
129859
129860
129861
129862
129901
129902
129903
129904
129905
129906
129907
129908
129909
129910
129911
129912
129918
129919
129920
129921
129922
129923
129924
129925
129926
129927
129928
129966
129967
129968
129969
129970
129971
129972
129973
129974
129975
129976
129984
129985
129986
129987
129988
129989
129990
129991
129992
129993
130031
130032
130033
130034
130035
130036
130037
130038
130039
130049
130050
130051
130052
130053
130054
130055
130056
130057
130058
130059
130060
130061
130062
130063
130096
130097
130098
130099
130100
130101
130102
130114
130115
130116
130117
130118
130119
130120
130121
130122
130123
130124
130125
130126
130127
130128
130183
130184
130185
130189
130190
130191
130192
130193
130254
130255
130256
130257
130258
130319
130320
130321
130322
132858
132859
132923
132924
132988
132989
133053
133054
133407
133408
133409
133410
133411
133412
133472
133473
133474
133475
133476
133477
133478
133479
133480
133538
133539
133540
133541
133542
133543
133544
133545
133546
133547
133548
133557
133558
133559
133560
133561
133562
133604
133605
133606
133607
133608
133609
133610
133611
133612
133613
133614
133615
133621
133622
133623
133624
133625
133626
133627
133628
133629
133669
133670
133671
133672
133673
133674
133675
133676
133677
133678
133679
133680
133681
133682
133685
133686
133687
133688
133689
133690
133691
133692
133693
133694
133695
133696
133734
133735
133736
133737
133738
133739
133740
133741
133742
133743
133744
133745
133746
133747
133748
133750
133751
133752
133753
133754
133755
133756
133757
133758
133759
133760
133761
133762
133799
133800
133801
133802
133803
133804
133805
133806
133807
133808
133809
133810
133811
133812
133813
133815
133816
133817
133818
133819
133820
133821
133822
133823
133824
133825
133826
133827
133865
133866
133867
133868
133869
133870
133871
133872
133873
133874
133875
133876
133877
133878
133880
133881
133882
133883
133884
133885
133886
133887
133888
133889
133890
133891
133892
133930
133931
133932
133933
133934
133935
133936
133937
133938
133939
133940
133941
133942
133943
133945
133946
133947
133948
133949
133950
133951
133952
133953
133954
133955
133956
133957
133958
133995
133996
133997
133998
133999
134000
134001
134002
134003
134004
134005
134006
134007
134010
134011
134012
134013
134014
134015
134016
134017
134018
134019
134020
134021
134022
134023
134060
134061
134062
134063
134064
134065
134066
134067
134068
134069
134070
134071
134072
134075
134076
134077
134078
134079
134080
134081
134082
134083
134084
134085
134086
134087
134088
134089
134126
134127
134128
134129
134130
134131
134132
134133
134134
134135
134136
134137
134140
134141
134142
134143
134144
134145
134146
134147
134148
134149
134150
134151
134152
134153
134154
134191
134192
134193
134194
134195
134196
134197
134198
134199
134200
134201
134205
134206
134207
134208
134209
134210
134211
134212
134213
134214
134215
134216
134217
134218
134219
134220
134256
134257
134258
134259
134260
134261
134262
134263
134264
134271
134272
134273
134274
134275
134276
134277
134278
134279
134280
134281
134282
134283
134284
134285
134286
134287
134288
134321
134322
134323
134324
134325
134326
134327
134337
134338
134339
134340
134341
134342
134343
134344
134345
134346
134347
134348
134349
134350
134351
134352
134353
134388
134389
134390
134403
134404
134405
134406
134407
134408
134409
134410
134411
134412
134414
134415
134416
134417
134418
134471
134472
134473
134474
134475
134479
134480
134481
134482
137082
137083
137084
137146
137147
137148
137149
137210
137211
137212
137213
137214
137275
137276
137277
137278
137279
137304
137305
137306
137307
137308
137340
137341
137342
137343
137344
137367
137368
137369
137370
137371
137372
137373
137374
137375
137407
137408
137409
137432
137433
137434
137435
137436
137437
137438
137439
137440
137441
137473
137474
137497
137498
137499
137500
137501
137502
137503
137504
137505
137506
137507
137563
137564
137565
137566
137567
137568
137569
137570
137571
137572
137603
137604
137628
137629
137630
137631
137632
137633
137634
137635
137636
137637
137638
137639
137667
137668
137669
137694
137695
137696
137697
137698
137699
137700
137701
137702
137703
137704
137705
137706
137707
137715
137716
137717
137718
137719
137720
137732
137733
137734
137760
137761
137762
137763
137764
137765
137766
137767
137768
137769
137770
137771
137772
137773
137780
137781
137782
137783
137784
137785
137786
137787
137797
137798
137799
137828
137829
137830
137831
137832
137833
137834
137835
137836
137837
137838
137839
137845
137846
137847
137848
137849
137850
137851
137852
137853
137854
137863
137864
137894
137895
137896
137897
137898
137899
137900
137901
137902
137903
137904
137905
137909
137910
137911
137912
137913
137914
137915
137916
137917
137918
137919
137920
137921
137959
137960
137961
137962
137963
137964
137965
137966
137967
137968
137969
137970
137971
137974
137975
137976
137977
137978
137979
137980
137981
137982
137983
137984
137985
137986
137987
138024
138025
138026
138027
138028
138029
138030
138031
138032
138033
138034
138035
138036
138039
138040
138041
138042
138043
138044
138045
138046
138047
138048
138049
138050
138051
138052
138090
138091
138092
138093
138094
138095
138096
138097
138098
138099
138100
138101
138104
138105
138106
138107
138108
138109
138110
138111
138112
138113
138114
138115
138116
138117
138118
138155
138156
138157
138158
138159
138160
138161
138162
138163
138164
138165
138169
138170
138171
138172
138173
138174
138175
138176
138177
138178
138179
138180
138181
138182
138183
138220
138221
138222
138223
138224
138225
138226
138227
138228
138229
138230
138234
138235
138236
138237
138238
138239
138240
138241
138242
138243
138244
138245
138246
138247
138248
138286
138287
138288
138289
138290
138291
138292
138293
138294
138299
138300
138301
138302
138303
138304
138305
138306
138307
138308
138309
138310
138311
138312
138313
138314
138351
138352
138353
138354
138355
138356
138357
138358
138359
138364
138365
138366
138367
138368
138369
138370
138371
138372
138373
138374
138375
138376
138377
138378
138379
138416
138417
138418
138419
138420
138421
138422
138423
138424
138429
138430
138431
138432
138433
138434
138435
138436
138437
138438
138439
138440
138441
138442
138443
138444
138445
138481
138482
138483
138484
138485
138486
138487
138488
138495
138496
138497
138498
138499
138500
138501
138502
138503
138504
138505
138506
138507
138508
138509
138510
138547
138548
138549
138550
138551
138552
138562
138563
138564
138565
138566
138567
138568
138569
138570
138571
138572
138573
138574
138575
138613
138614
138615
138628
138629
138630
138631
138632
138633
138634
138635
138636
138637
138695
138696
138697
138698
138699
138700
141306
141307
141308
141309
141370
141371
141372
141373
141374
141435
141436
141437
141438
141439
141466
141467
141468
141469
141500
141501
141502
141503
141504
141528
141529
141530
141531
141532
141533
141534
141535
141536
141565
141566
141567
141568
141569
141592
141593
141594
141595
141596
141597
141598
141599
141600
141601
141602
141631
141632
141633
141634
141657
141658
141659
141660
141661
141662
141663
141664
141665
141666
141667
141696
141697
141698
141699
141722
141723
141724
141725
141726
141727
141728
141729
141730
141731
141732
141733
141762
141763
141764
141788
141789
141790
141791
141792
141793
141794
141795
141796
141797
141798
141803
141804
141805
141806
141807
141808
141809
141810
141827
141828
141829
141853
141854
141855
141856
141857
141858
141859
141860
141861
141862
141863
141864
141865
141866
141867
141868
141869
141870
141871
141872
141873
141874
141875
141876
141877
141878
141891
141892
141893
141894
141919
141920
141921
141922
141923
141924
141925
141926
141927
141928
141929
141930
141931
141932
141933
141934
141935
141936
141937
141938
141939
141940
141941
141942
141943
141944
141945
141946
141956
141957
141958
141959
141985
141986
141987
141988
141989
141990
141991
141992
141993
141994
141995
141996
141997
141998
141999
142000
142001
142002
142003
142004
142005
142006
142007
142008
142009
142010
142011
142012
142013
142021
142022
142023
142024
142053
142054
142055
142056
142057
142058
142059
142060
142061
142062
142063
142069
142070
142071
142072
142073
142074
142075
142076
142077
142078
142079
142087
142088
142089
142119
142120
142121
142122
142123
142124
142125
142126
142127
142128
142134
142135
142136
142137
142138
142139
142140
142141
142142
142143
142144
142145
142146
142184
142185
142186
142187
142188
142189
142190
142191
142192
142193
142199
142200
142201
142202
142203
142204
142205
142206
142207
142208
142209
142210
142211
142212
142250
142251
142252
142253
142254
142255
142256
142257
142258
142264
142265
142266
142267
142268
142269
142270
142271
142272
142273
142274
142275
142276
142277
142315
142316
142317
142318
142319
142320
142321
142322
142323
142329
142330
142331
142332
142333
142334
142335
142336
142337
142338
142339
142340
142341
142342
142343
142380
142381
142382
142383
142384
142385
142386
142387
142388
142394
142395
142396
142397
142398
142399
142400
142401
142402
142403
142404
142405
142406
142407
142408
142445
142446
142447
142448
142449
142450
142451
142452
142453
142459
142460
142461
142462
142463
142464
142465
142466
142467
142468
142469
142470
142471
142472
142473
142511
142512
142513
142514
142515
142516
142517
142524
142525
142526
142527
142528
142529
142530
142531
142532
142533
142534
142535
142536
142537
142538
142539
142576
142577
142578
142579
142580
142581
142582
142589
142590
142591
142592
142593
142594
142595
142596
142597
142598
142599
142600
142601
142602
142603
142604
142641
142642
142643
142644
142645
142646
142647
142654
142655
142656
142657
142658
142659
142660
142661
142662
142663
142664
142665
142666
142667
142668
142669
142707
142708
142709
142710
142711
142720
142721
142722
142723
142724
142725
142726
142727
142728
142729
142730
142731
142732
142733
142734
142772
142773
142774
142775
142787
142788
142789
142790
142791
142792
142793
142794
142795
142796
142797
142798
142853
142854
142855
142856
142857
142858
142859
142860
142861
142862
142920
142921
142922
142923
142924
145468
145469
145531
145532
145533
145534
145595
145596
145597
145598
145599
145660
145661
145662
145663
145664
145691
145692
145693
145694
145695
145725
145726
145727
145728
145729
145753
145754
145755
145756
145757
145758
145759
145760
145761
145790
145791
145792
145793
145794
145818
145819
145820
145821
145822
145823
145824
145825
145826
145827
145856
145857
145858
145859
145883
145884
145885
145886
145887
145888
145889
145890
145891
145892
145897
145898
145899
145900
145901
145902
145903
145921
145922
145923
145924
145948
145949
145950
145951
145952
145953
145954
145955
145956
145957
145958
145959
145960
145961
145962
145963
145964
145965
145966
145967
145968
145969
145970
145986
145987
145988
145989
146013
146014
146015
146016
146017
146018
146019
146020
146021
146022
146023
146024
146025
146026
146027
146028
146029
146030
146031
146032
146033
146034
146035
146036
146051
146052
146053
146054
146079
146080
146081
146082
146083
146084
146085
146086
146087
146088
146089
146090
146091
146092
146093
146094
146095
146096
146097
146098
146099
146100
146101
146102
146103
146104
146116
146117
146118
146119
146144
146145
146146
146147
146148
146149
146150
146151
146152
146153
146154
146155
146156
146157
146158
146159
146160
146161
146162
146163
146164
146165
146166
146167
146168
146169
146170
146171
146181
146182
146183
146184
146210
146211
146212
146213
146214
146215
146216
146217
146218
146219
146220
146221
146222
146223
146224
146225
146226
146227
146228
146229
146230
146231
146232
146233
146234
146235
146236
146237
146238
146246
146247
146248
146249
146278
146279
146280
146281
146282
146283
146284
146285
146286
146287
146288
146289
146290
146291
146292
146293
146294
146295
146296
146297
146298
146299
146300
146301
146302
146303
146304
146311
146312
146313
146314
146344
146345
146346
146347
146348
146349
146350
146351
146352
146358
146359
146360
146361
146362
146363
146364
146365
146366
146367
146368
146369
146370
146371
146377
146378
146379
146410
146411
146412
146413
146414
146415
146416
146424
146425
146426
146427
146428
146429
146430
146431
146432
146433
146434
146435
146436
146443
146444
146475
146476
146477
146478
146479
146480
146481
146489
146490
146491
146492
146493
146494
146495
146496
146497
146498
146499
146500
146501
146502
146540
146541
146542
146543
146544
146545
146546
146554
146555
146556
146557
146558
146559
146560
146561
146562
146563
146564
146565
146566
146567
146568
146605
146606
146607
146608
146609
146610
146611
146619
146620
146621
146622
146623
146624
146625
146626
146627
146628
146629
146630
146631
146632
146633
146671
146672
146673
146674
146675
146683
146684
146685
146686
146687
146688
146689
146690
146691
146692
146693
146694
146695
146696
146697
146698
146736
146737
146738
146739
146740
146748
146749
146750
146751
146752
146753
146754
146755
146756
146757
146758
146759
146760
146761
146762
146763
146801
146802
146803
146804
146805
146814
146815
146816
146817
146818
146819
146820
146821
146822
146823
146824
146825
146826
146827
146828
146867
146868
146869
146879
146880
146881
146882
146883
146884
146885
146886
146887
146888
146889
146890
146891
146892
146893
146945
146946
146947
146948
146949
146950
146951
146952
146953
146954
146955
146956
146957
146958
147012
147013
147014
147015
147016
147017
147018
147019
147020
147021
147022
147079
147080
147081
147082
147083
147084
147085
147086
147087
149693
149694
149756
149757
149758
149759
149820
149821
149822
149823
149824
149885
149886
149887
149888
149889
149916
149917
149918
149919
149920
149950
149951
149952
149953
149954
149980
149981
149982
149983
149984
149985
149986
149995
149996
150015
150016
150017
150018
150019
150044
150045
150046
150047
150048
150049
150050
150051
150052
150053
150056
150057
150058
150059
150060
150061
150062
150063
150080
150081
150082
150083
150084
150109
150110
150111
150112
150113
150114
150115
150116
150117
150118
150119
150120
150121
150122
150123
150124
150125
150126
150127
150128
150129
150146
150147
150148
150149
150174
150175
150176
150177
150178
150179
150180
150181
150182
150183
150184
150185
150186
150187
150188
150189
150190
150191
150192
150193
150194
150195
150211
150212
150213
150214
150239
150240
150241
150242
150243
150244
150245
150246
150247
150248
150249
150250
150251
150252
150253
150254
150255
150256
150257
150258
150259
150260
150261
150276
150277
150278
150279
150305
150306
150307
150308
150309
150310
150311
150312
150313
150314
150315
150316
150317
150318
150319
150320
150321
150322
150323
150324
150325
150326
150327
150328
150329
150341
150342
150343
150344
150370
150371
150372
150373
150374
150375
150376
150377
150378
150379
150380
150381
150382
150383
150384
150385
150386
150387
150388
150389
150390
150391
150392
150393
150394
150395
150396
150405
150406
150407
150408
150409
150437
150438
150439
150440
150441
150442
150443
150444
150445
150446
150447
150448
150449
150450
150451
150452
150453
150454
150455
150456
150457
150458
150459
150460
150461
150462
150470
150471
150472
150473
150474
150503
150504
150505
150506
150507
150508
150509
150510
150511
150512
150513
150514
150515
150516
150517
150518
150519
150520
150521
150522
150523
150524
150525
150526
150527
150528
150529
150535
150536
150537
150538
150539
150569
150570
150571
150572
150573
150574
150575
150583
150584
150585
150586
150587
150588
150589
150590
150591
150592
150593
150594
150595
150600
150601
150602
150603
150604
150631
150632
150633
150635
150636
150637
150638
150639
150648
150649
150650
150651
150652
150653
150654
150655
150656
150657
150658
150659
150660
150661
150666
150667
150668
150669
150696
150697
150698
150699
150701
150702
150703
150714
150715
150716
150717
150718
150719
150720
150721
150722
150723
150724
150725
150726
150731
150732
150733
150734
150761
150762
150763
150764
150766
150767
150768
150779
150780
150781
150782
150783
150784
150785
150786
150787
150788
150789
150790
150791
150792
150797
150798
150799
150826
150827
150828
150829
150844
150845
150846
150847
150848
150849
150850
150851
150852
150853
150854
150855
150856
150857
150863
150864
150908
150909
150910
150911
150912
150913
150914
150915
150916
150917
150918
150919
150920
150921
150922
150928
150929
150973
150974
150975
150976
150977
150978
150979
150980
150981
150982
150983
150984
150985
150986
150987
151039
151040
151041
151042
151043
151044
151045
151046
151047
151048
151049
151050
151051
151052
151104
151105
151106
151107
151108
151109
151110
151111
151112
151113
151114
151115
151116
151117
151170
151171
151172
151173
151174
151175
151176
151177
151178
151179
151180
151181
151182
151238
151239
151240
151241
151242
151243
151244
151245
151246
151247
151306
151307
151308
151309
151310
151311
153918
153919
153981
153982
153983
153984
154046
154047
154048
154049
154110
154111
154112
154113
154114
154175
154176
154177
154178
154179
154208
154209
154210
154211
154217
154218
154219
154220
154221
154222
154240
154241
154242
154243
154244
154271
154272
154273
154274
154275
154276
154277
154278
154279
154280
154281
154282
154283
154284
154285
154286
154287
154288
154305
154306
154307
154308
154309
154335
154336
154337
154338
154339
154340
154341
154342
154343
154344
154345
154346
154347
154348
154349
154350
154351
154352
154353
154354
154371
154372
154373
154374
154400
154401
154402
154403
154404
154405
154406
154407
154408
154409
154410
154411
154412
154413
154414
154415
154416
154417
154418
154419
154420
154436
154437
154438
154439
154465
154466
154467
154468
154469
154470
154471
154472
154473
154474
154475
154476
154477
154478
154479
154480
154481
154482
154483
154484
154485
154486
154501
154502
154503
154504
154531
154532
154533
154534
154535
154536
154537
154538
154539
154540
154541
154542
154543
154544
154545
154546
154547
154548
154549
154550
154551
154552
154553
154554
154566
154567
154568
154569
154596
154597
154598
154599
154600
154601
154602
154603
154604
154605
154606
154607
154608
154609
154610
154611
154612
154613
154614
154615
154616
154617
154618
154619
154620
154621
154630
154631
154632
154633
154634
154662
154663
154664
154665
154666
154667
154668
154669
154670
154671
154672
154673
154674
154675
154676
154677
154678
154679
154680
154681
154682
154683
154684
154685
154686
154687
154695
154696
154697
154698
154699
154728
154729
154730
154731
154732
154733
154734
154735
154736
154737
154738
154739
154740
154741
154742
154743
154744
154745
154746
154747
154748
154749
154750
154751
154752
154753
154754
154760
154761
154762
154763
154764
154795
154796
154797
154798
154799
154800
154801
154802
154803
154804
154805
154806
154807
154808
154809
154810
154811
154812
154813
154814
154815
154816
154817
154818
154819
154820
154825
154826
154827
154828
154829
154855
154856
154857
154858
154859
154873
154874
154875
154876
154877
154878
154879
154880
154881
154882
154883
154884
154885
154891
154892
154893
154894
154920
154921
154922
154923
154924
154925
154939
154940
154941
154942
154943
154944
154945
154946
154947
154948
154949
154950
154951
154956
154957
154958
154959
154985
154986
154987
154988
154989
154990
155004
155005
155006
155007
155008
155009
155010
155011
155012
155013
155014
155015
155016
155021
155022
155023
155024
155051
155052
155053
155054
155055
155069
155070
155071
155072
155073
155074
155075
155076
155077
155078
155079
155080
155081
155082
155087
155088
155089
155117
155118
155119
155134
155135
155136
155137
155138
155139
155140
155141
155142
155143
155144
155145
155146
155147
155153
155154
155199
155200
155201
155202
155203
155204
155205
155206
155207
155208
155209
155210
155211
155212
155218
155219
155264
155265
155266
155267
155268
155269
155270
155271
155272
155273
155274
155275
155276
155277
155329
155330
155331
155332
155333
155334
155335
155336
155337
155338
155339
155340
155341
155342
155396
155397
155398
155399
155400
155401
155402
155403
155404
155405
155406
155407
155463
155464
155465
155466
155467
155468
155469
155470
155471
155532
155533
155534
155535
158143
158144
158206
158207
158208
158209
158271
158272
158273
158274
158335
158336
158337
158338
158339
158376
158377
158378
158379
158380
158381
158400
158401
158402
158403
158404
158438
158439
158440
158441
158442
158443
158444
158445
158446
158447
158465
158466
158467
158468
158469
158501
158502
158503
158504
158505
158506
158507
158508
158509
158510
158511
158512
158513
158531
158532
158533
158534
158562
158563
158564
158565
158566
158567
158568
158569
158570
158571
158572
158573
158574
158575
158576
158577
158578
158579
158596
158597
158598
158599
158626
158627
158628
158629
158630
158631
158632
158633
158634
158635
158636
158637
158638
158639
158640
158641
158642
158643
158644
158645
158661
158662
158663
158664
158691
158692
158693
158694
158695
158696
158697
158698
158699
158700
158701
158702
158703
158704
158705
158706
158707
158708
158709
158710
158726
158727
158728
158729
158757
158758
158759
158760
158761
158762
158763
158764
158765
158766
158767
158768
158769
158770
158771
158772
158773
158774
158775
158776
158777
158778
158779
158791
158792
158793
158794
158822
158823
158824
158825
158826
158827
158828
158829
158830
158831
158832
158833
158834
158835
158836
158837
158838
158839
158840
158841
158842
158843
158844
158845
158846
158855
158856
158857
158858
158859
158887
158888
158889
158890
158891
158892
158893
158894
158895
158896
158897
158898
158899
158900
158901
158902
158903
158904
158905
158906
158907
158908
158909
158910
158911
158912
158920
158921
158922
158923
158924
158951
158952
158953
158954
158955
158956
158957
158958
158959
158960
158961
158962
158963
158964
158965
158966
158967
158968
158969
158970
158971
158972
158973
158974
158975
158976
158977
158978
158985
158986
158987
158988
158989
159015
159016
159017
159018
159019
159020
159021
159022
159023
159024
159025
159026
159027
159028
159029
159030
159031
159032
159033
159034
159035
159036
159037
159038
159039
159040
159041
159042
159043
159044
159050
159051
159052
159053
159054
159080
159081
159082
159083
159084
159085
159086
159087
159098
159099
159100
159101
159102
159103
159104
159105
159106
159107
159108
159109
159110
159115
159116
159117
159118
159119
159145
159146
159147
159148
159149
159150
159151
159163
159164
159165
159166
159167
159168
159169
159170
159171
159172
159173
159174
159175
159181
159182
159183
159184
159210
159211
159212
159213
159214
159215
159216
159217
159229
159230
159231
159232
159233
159234
159235
159236
159237
159238
159239
159240
159241
159246
159247
159248
159249
159276
159277
159278
159279
159280
159281
159282
159294
159295
159296
159297
159298
159299
159300
159301
159302
159303
159304
159305
159306
159312
159313
159314
159342
159343
159344
159345
159346
159359
159360
159361
159362
159363
159364
159365
159366
159367
159368
159369
159370
159371
159377
159378
159379
159424
159425
159426
159427
159428
159429
159430
159431
159432
159433
159434
159435
159436
159443
159444
159489
159490
159491
159492
159493
159494
159495
159496
159497
159498
159499
159500
159501
159554
159555
159556
159557
159558
159559
159560
159561
159562
159563
159564
159565
159566
159621
159622
159623
159624
159625
159626
159627
159628
159629
159630
159631
159689
159690
159691
159692
159693
159694
159695
159696
162368
162369
162431
162432
162433
162434
162471
162472
162473
162474
162496
162497
162498
162499
162535
162536
162537
162538
162539
162540
162560
162561
162562
162563
162564
162599
162600
162601
162602
162603
162604
162605
162606
162625
162626
162627
162628
162629
162663
162664
162665
162666
162667
162668
162669
162670
162671
162672
162691
162692
162693
162694
162727
162728
162729
162730
162731
162732
162733
162734
162735
162736
162737
162738
162756
162757
162758
162759
162790
162791
162792
162793
162794
162795
162796
162797
162798
162799
162800
162801
162802
162803
162804
162821
162822
162823
162824
162853
162854
162855
162856
162857
162858
162859
162860
162861
162862
162863
162864
162865
162866
162867
162868
162869
162886
162887
162888
162889
162917
162918
162919
162920
162921
162922
162923
162924
162925
162926
162927
162928
162929
162930
162931
162932
162933
162934
162935
162951
162952
162953
162954
162982
162983
162984
162985
162986
162987
162988
162989
162990
162991
162992
162993
162994
162995
162996
162997
162998
162999
163000
163001
163002
163003
163004
163016
163017
163018
163019
163047
163048
163049
163050
163051
163052
163053
163054
163055
163056
163057
163058
163059
163060
163061
163062
163063
163064
163065
163066
163067
163068
163069
163070
163071
163081
163082
163083
163084
163111
163112
163113
163114
163115
163116
163117
163118
163119
163120
163121
163122
163123
163124
163125
163126
163127
163128
163129
163130
163131
163132
163133
163134
163135
163136
163137
163146
163147
163148
163149
163175
163176
163177
163178
163179
163180
163181
163182
163183
163184
163185
163186
163187
163188
163189
163190
163191
163192
163193
163194
163195
163196
163197
163198
163199
163200
163201
163202
163203
163210
163211
163212
163213
163214
163240
163241
163242
163243
163244
163245
163246
163247
163248
163249
163250
163251
163252
163253
163254
163255
163256
163257
163258
163259
163260
163261
163262
163263
163264
163265
163266
163267
163268
163275
163276
163277
163278
163279
163305
163306
163307
163308
163309
163310
163311
163312
163313
163314
163315
163316
163317
163318
163319
163320
163321
163322
163323
163324
163325
163326
163327
163328
163329
163330
163331
163332
163333
163334
163340
163341
163342
163343
163344
163370
163371
163372
163373
163374
163375
163376
163377
163388
163389
163390
163391
163392
163393
163394
163395
163396
163397
163398
163399
163400
163405
163406
163407
163408
163409
163435
163436
163437
163438
163439
163440
163441
163442
163454
163455
163456
163457
163458
163459
163460
163461
163462
163463
163464
163465
163470
163471
163472
163473
163474
163501
163502
163503
163504
163505
163506
163507
163519
163520
163521
163522
163523
163524
163525
163526
163527
163528
163529
163530
163531
163536
163537
163538
163539
163567
163568
163569
163570
163571
163572
163584
163585
163586
163587
163588
163589
163590
163591
163592
163593
163594
163595
163596
163602
163603
163604
163633
163634
163635
163636
163649
163650
163651
163652
163653
163654
163655
163656
163657
163658
163659
163660
163661
163668
163669
163714
163715
163716
163717
163718
163719
163720
163721
163722
163723
163724
163725
163726
163780
163781
163782
163783
163784
163785
163786
163787
163788
163789
163790
163791
163847
163848
163849
163850
163851
163852
163853
163854
163855
163856
163916
163917
163918
163919
163920
166593
166594
166656
166657
166658
166659
166695
166696
166697
166698
166699
166720
166721
166722
166723
166724
166759
166760
166761
166762
166763
166764
166765
166785
166786
166787
166788
166789
166823
166824
166825
166826
166827
166828
166829
166830
166831
166850
166851
166852
166853
166854
166888
166889
166890
166891
166892
166893
166894
166895
166896
166915
166916
166917
166918
166919
166952
166953
166954
166955
166956
166957
166958
166959
166960
166961
166962
166980
166981
166982
166983
166984
167016
167017
167018
167019
167020
167021
167022
167023
167024
167025
167026
167027
167028
167045
167046
167047
167048
167049
167080
167081
167082
167083
167084
167085
167086
167087
167088
167089
167090
167091
167092
167093
167110
167111
167112
167113
167114
167144
167145
167146
167147
167148
167149
167150
167151
167152
167153
167154
167155
167156
167157
167158
167159
167175
167176
167177
167178
167179
167208
167209
167210
167211
167212
167213
167214
167215
167216
167217
167218
167219
167220
167221
167222
167223
167224
167240
167241
167242
167243
167244
167272
167273
167274
167275
167276
167277
167278
167279
167280
167281
167282
167283
167284
167285
167286
167287
167288
167289
167290
167291
167292
167293
167294
167295
167306
167307
167308
167309
167336
167337
167338
167339
167340
167341
167342
167343
167344
167345
167346
167347
167348
167349
167350
167351
167352
167353
167354
167355
167356
167357
167358
167359
167360
167361
167371
167372
167373
167374
167400
167401
167402
167403
167404
167405
167406
167407
167408
167409
167410
167411
167412
167413
167414
167415
167416
167417
167418
167419
167420
167421
167422
167423
167424
167425
167426
167427
167435
167436
167437
167438
167439
167465
167466
167467
167468
167469
167470
167471
167472
167473
167474
167475
167476
167477
167478
167479
167480
167481
167482
167483
167484
167485
167486
167487
167488
167489
167490
167491
167492
167493
167500
167501
167502
167503
167504
167530
167531
167532
167533
167534
167535
167536
167537
167538
167539
167540
167541
167542
167543
167544
167545
167546
167547
167548
167549
167550
167551
167552
167553
167554
167555
167556
167557
167558
167565
167566
167567
167568
167569
167595
167596
167597
167598
167599
167600
167601
167602
167603
167604
167605
167613
167614
167615
167616
167617
167618
167619
167620
167621
167622
167623
167624
167630
167631
167632
167633
167634
167660
167661
167662
167663
167664
167665
167666
167667
167668
167678
167679
167680
167681
167682
167683
167684
167685
167686
167687
167688
167689
167695
167696
167697
167698
167699
167726
167727
167728
167729
167730
167731
167732
167733
167744
167745
167746
167747
167748
167749
167750
167751
167752
167753
167754
167755
167760
167761
167762
167763
167764
167792
167793
167794
167795
167796
167797
167798
167809
167810
167811
167812
167813
167814
167815
167816
167817
167818
167819
167820
167826
167827
167828
167829
167858
167859
167860
167861
167862
167874
167875
167876
167877
167878
167879
167880
167881
167882
167883
167884
167885
167892
167893
167894
167940
167941
167942
167943
167944
167945
167946
167947
167948
167949
167950
167958
167959
168006
168007
168008
168009
168010
168011
168012
168013
168014
168015
168073
168074
168075
168076
168077
168078
168079
168080
170818
170819
170880
170881
170882
170883
170884
170920
170921
170922
170923
170924
170944
170945
170946
170947
170948
170949
170984
170985
170986
170987
170988
170989
170990
171009
171010
171011
171012
171013
171014
171048
171049
171050
171051
171052
171053
171054
171055
171074
171075
171076
171077
171078
171079
171112
171113
171114
171115
171116
171117
171118
171119
171120
171121
171140
171141
171142
171143
171144
171177
171178
171179
171180
171181
171182
171183
171184
171185
171186
171205
171206
171207
171208
171209
171241
171242
171243
171244
171245
171246
171247
171248
171249
171250
171251
171252
171270
171271
171272
171273
171274
171306
171307
171308
171309
171310
171311
171312
171313
171314
171315
171316
171317
171335
171336
171337
171338
171339
171370
171371
171372
171373
171374
171375
171376
171377
171378
171379
171380
171381
171382
171388
171389
171400
171401
171402
171403
171404
171434
171435
171436
171437
171438
171439
171440
171441
171442
171443
171444
171445
171446
171447
171448
171452
171453
171454
171455
171465
171466
171467
171468
171469
171498
171499
171500
171501
171502
171503
171504
171505
171506
171507
171508
171509
171510
171511
171512
171513
171517
171518
171519
171520
171530
171531
171532
171533
171534
171561
171562
171563
171564
171565
171566
171567
171568
171569
171570
171571
171572
171573
171574
171575
171576
171577
171578
171581
171582
171583
171584
171585
171586
171596
171597
171598
171599
171625
171626
171627
171628
171629
171630
171631
171632
171633
171634
171635
171636
171637
171638
171639
171640
171641
171642
171643
171644
171645
171646
171647
171648
171649
171650
171651
171660
171661
171662
171663
171664
171690
171691
171692
171693
171694
171695
171696
171697
171698
171699
171700
171701
171702
171703
171704
171705
171706
171707
171708
171709
171710
171711
171712
171713
171714
171715
171716
171717
171725
171726
171727
171728
171729
171755
171756
171757
171758
171759
171760
171761
171762
171763
171764
171765
171766
171767
171768
171769
171770
171771
171772
171773
171774
171775
171776
171777
171778
171779
171780
171781
171782
171790
171791
171792
171793
171794
171820
171821
171822
171823
171824
171825
171826
171827
171828
171829
171830
171831
171832
171833
171834
171835
171836
171838
171839
171840
171841
171842
171843
171844
171845
171846
171847
171848
171855
171856
171857
171858
171859
171885
171886
171887
171888
171889
171890
171891
171892
171893
171894
171903
171904
171905
171906
171907
171908
171909
171910
171911
171912
171913
171920
171921
171922
171923
171924
171951
171952
171953
171954
171955
171956
171957
171958
171959
171968
171969
171970
171971
171972
171973
171974
171975
171976
171977
171978
171985
171986
171987
171988
171989
172017
172018
172019
172020
172021
172022
172023
172024
172034
172035
172036
172037
172038
172039
172040
172041
172042
172043
172044
172050
172051
172052
172053
172054
172083
172084
172085
172086
172087
172088
172089
172099
172100
172101
172102
172103
172104
172105
172106
172107
172108
172109
172116
172117
172118
172119
172150
172151
172152
172165
172166
172167
172168
172169
172170
172171
172172
172173
172174
172182
172183
172184
172231
172232
172233
172234
172235
172236
172237
172238
172239
172248
172249
175043
175044
175105
175106
175107
175108
175109
175145
175146
175147
175148
175167
175168
175169
175170
175171
175172
175173
175174
175209
175210
175211
175212
175213
175214
175230
175231
175232
175233
175234
175235
175236
175237
175238
175239
175273
175274
175275
175276
175277
175278
175279
175280
175295
175296
175297
175298
175299
175300
175301
175302
175303
175304
175337
175338
175339
175340
175341
175342
175343
175344
175345
175350
175351
175352
175361
175362
175363
175364
175365
175366
175367
175368
175369
175402
175403
175404
175405
175406
175407
175408
175409
175410
175415
175416
175417
175418
175419
175420
175421
175427
175428
175429
175430
175431
175432
175433
175434
175466
175467
175468
175469
175470
175471
175472
175473
175474
175475
175476
175480
175481
175482
175483
175484
175485
175486
175487
175494
175495
175496
175497
175498
175499
175531
175532
175533
175534
175535
175536
175537
175538
175539
175540
175541
175545
175546
175547
175548
175549
175550
175551
175552
175559
175560
175561
175562
175563
175564
175595
175596
175597
175598
175599
175600
175601
175602
175603
175604
175605
175606
175611
175612
175613
175614
175615
175616
175617
175625
175626
175627
175628
175629
175660
175661
175662
175663
175664
175665
175666
175667
175668
175669
175670
175671
175672
175676
175677
175678
175679
175680
175681
175690
175691
175692
175693
175694
175724
175725
175726
175727
175728
175729
175730
175731
175732
175733
175734
175735
175736
175737
175741
175742
175743
175744
175745
175746
175755
175756
175757
175758
175759
175787
175788
175789
175790
175791
175792
175793
175794
175795
175796
175797
175798
175799
175800
175801
175802
175806
175807
175808
175809
175810
175811
175821
175822
175823
175824
175850
175851
175852
175853
175854
175855
175856
175857
175858
175859
175860
175861
175862
175863
175864
175865
175866
175867
175868
175870
175871
175872
175873
175874
175875
175876
175885
175886
175887
175888
175889
175915
175916
175917
175918
175919
175920
175921
175922
175923
175924
175925
175926
175927
175928
175929
175930
175931
175932
175933
175934
175935
175936
175937
175938
175939
175940
175941
175950
175951
175952
175953
175954
175980
175981
175982
175983
175984
175985
175986
175987
175988
175989
175990
175991
175992
175993
175994
175995
175996
175997
175998
175999
176000
176001
176002
176003
176004
176005
176006
176015
176016
176017
176018
176019
176045
176046
176047
176048
176049
176050
176051
176052
176053
176054
176055
176056
176057
176058
176059
176060
176061
176062
176063
176064
176065
176066
176067
176068
176069
176070
176071
176072
176080
176081
176082
176083
176084
176110
176111
176112
176113
176114
176115
176116
176117
176118
176119
176120
176121
176122
176126
176127
176128
176129
176130
176131
176132
176133
176134
176135
176136
176137
176145
176146
176147
176148
176149
176176
176177
176178
176179
176180
176181
176182
176183
176184
176192
176193
176194
176195
176196
176197
176198
176199
176200
176201
176202
176210
176211
176212
176213
176214
176242
176243
176244
176245
176246
176247
176248
176249
176257
176258
176259
176260
176261
176262
176263
176264
176265
176266
176267
176268
176275
176276
176277
176278
176279
176308
176309
176310
176311
176312
176313
176314
176322
176323
176324
176325
176326
176327
176328
176329
176330
176331
176332
176333
176341
176342
176343
176344
176375
176376
176377
176378
176379
176389
176390
176391
176392
176393
176394
176395
176396
176397
176398
176406
176407
176408
176409
176457
176458
176459
176460
176461
176472
176473
176474
176538
176539
179329
179330
179331
179332
179333
179334
179390
179391
179392
179393
179394
179395
179396
179397
179398
179399
179434
179435
179436
179437
179438
179454
179455
179456
179457
179458
179459
179460
179461
179462
179463
179464
179498
179499
179500
179501
179502
179503
179509
179510
179511
179512
179513
179514
179515
179519
179520
179521
179522
179523
179524
179525
179526
179527
179528
179529
179562
179563
179564
179565
179566
179567
179568
179569
179574
179575
179576
179577
179578
179579
179580
179581
179582
179584
179585
179586
179587
179588
179589
179590
179591
179592
179593
179594
179627
179628
179629
179630
179631
179632
179633
179634
179639
179640
179641
179642
179643
179644
179645
179646
179647
179648
179649
179650
179651
179652
179653
179654
179655
179656
179657
179658
179659
179691
179692
179693
179694
179695
179696
179697
179698
179699
179700
179704
179705
179706
179707
179708
179709
179710
179711
179712
179713
179714
179715
179716
179717
179718
179719
179720
179721
179722
179723
179724
179756
179757
179758
179759
179760
179761
179762
179763
179764
179765
179769
179770
179771
179772
179773
179774
179775
179776
179777
179778
179784
179785
179786
179787
179788
179789
179821
179822
179823
179824
179825
179826
179827
179828
179829
179830
179834
179835
179836
179837
179838
179839
179840
179841
179842
179843
179850
179851
179852
179853
179854
179885
179886
179887
179888
179889
179890
179891
179892
179893
179894
179895
179896
179900
179901
179902
179903
179904
179905
179906
179907
179915
179916
179917
179918
179919
179950
179951
179952
179953
179954
179955
179956
179957
179958
179959
179960
179961
179965
179966
179967
179968
179969
179970
179971
179972
179980
179981
179982
179983
179984
180015
180016
180017
180018
180019
180020
180021
180022
180023
180024
180025
180026
180030
180031
180032
180033
180034
180035
180036
180046
180047
180048
180049
180076
180077
180078
180079
180080
180081
180082
180083
180084
180085
180086
180087
180088
180089
180090
180091
180092
180095
180096
180097
180098
180099
180100
180111
180112
180113
180114
180140
180141
180142
180143
180144
180145
180146
180147
180148
180149
180150
180151
180152
180153
180154
180155
180156
180157
180160
180161
180162
180163
180164
180165
180175
180176
180177
180178
180179
180205
180206
180207
180208
180209
180210
180211
180212
180213
180214
180215
180216
180217
180218
180219
180220
180221
180222
180223
180224
180225
180226
180227
180228
180229
180230
180240
180241
180242
180243
180244
180270
180271
180272
180273
180274
180275
180276
180277
180278
180279
180280
180281
180282
180283
180284
180285
180286
180287
180288
180289
180290
180291
180292
180293
180294
180295
180305
180306
180307
180308
180309
180335
180336
180337
180338
180339
180340
180341
180342
180343
180344
180345
180346
180347
180348
180349
180350
180351
180352
180353
180354
180355
180356
180357
180358
180359
180360
180361
180370
180371
180372
180373
180374
180401
180402
180403
180404
180405
180406
180407
180408
180409
180410
180415
180416
180417
180418
180419
180420
180421
180422
180423
180424
180425
180426
180435
180436
180437
180438
180439
180467
180468
180469
180470
180471
180472
180473
180474
180475
180480
180481
180482
180483
180484
180485
180486
180487
180488
180489
180490
180491
180500
180501
180502
180503
180504
180533
180534
180535
180536
180537
180538
180539
180540
180545
180546
180547
180548
180549
180550
180551
180552
180553
180554
180555
180556
180566
180567
180568
180569
180600
180601
180602
180603
180604
180605
180611
180612
180613
180614
180615
180616
180617
180618
180619
180620
180631
180632
180633
180634
180677
180678
180679
180697
180698
180699
180763
180764
183554
183555
183556
183613
183614
183615
183616
183617
183618
183619
183620
183621
183622
183623
183669
183670
183671
183672
183673
183674
183675
183676
183677
183678
183679
183680
183681
183682
183683
183684
183685
183686
183687
183688
183723
183724
183725
183726
183727
183733
183734
183735
183736
183737
183738
183739
183740
183741
183742
183743
183744
183745
183746
183747
183748
183749
183750
183751
183752
183753
183754
183788
183789
183790
183791
183792
183793
183798
183799
183800
183801
183802
183803
183804
183805
183806
183807
183808
183809
183810
183811
183812
183813
183814
183815
183816
183817
183818
183819
183852
183853
183854
183855
183856
183857
183858
183863
183864
183865
183866
183867
183868
183869
183870
183871
183872
183873
183874
183875
183876
183877
183878
183879
183880
183881
183882
183883
183884
183917
183918
183919
183920
183921
183922
183923
183924
183928
183929
183930
183931
183932
183933
183934
183935
183936
183937
183938
183939
183940
183941
183942
183943
183944
183945
183946
183947
183948
183949
183981
183982
183983
183984
183985
183986
183987
183988
183989
183993
183994
183995
183996
183997
183998
183999
184000
184001
184002
184003
184004
184005
184006
184009
184010
184011
184012
184013
184014
184046
184047
184048
184049
184050
184051
184052
184053
184054
184059
184060
184061
184062
184063
184064
184065
184066
184067
184068
184069
184075
184076
184077
184078
184079
184111
184112
184113
184114
184115
184116
184117
184118
184119
184120
184124
184125
184126
184127
184128
184129
184130
184131
184132
184133
184140
184141
184142
184143
184144
184176
184177
184178
184179
184180
184181
184182
184183
184184
184185
184189
184190
184191
184192
184193
184194
184195
184196
184197
184206
184207
184208
184209
184240
184241
184242
184243
184244
184245
184246
184247
184248
184249
184250
184254
184255
184256
184257
184258
184259
184260
184261
184271
184272
184273
184274
184304
184305
184306
184307
184308
184309
184310
184311
184312
184313
184314
184315
184316
184319
184320
184321
184322
184323
184324
184325
184336
184337
184338
184339
184366
184367
184368
184369
184370
184371
184372
184373
184374
184375
184376
184377
184378
184379
184380
184381
184384
184385
184386
184387
184388
184389
184401
184402
184403
184404
184431
184432
184433
184434
184435
184436
184437
184438
184439
184440
184441
184442
184443
184444
184445
184446
184447
184448
184449
184450
184451
184452
184453
184454
184466
184467
184468
184469
184496
184497
184498
184499
184500
184501
184502
184503
184504
184505
184506
184507
184508
184509
184510
184511
184512
184513
184514
184515
184516
184517
184518
184519
184530
184531
184532
184533
184534
184561
184562
184563
184564
184565
184566
184567
184568
184569
184570
184571
184572
184573
184574
184575
184576
184577
184578
184579
184580
184581
184582
184583
184584
184595
184596
184597
184598
184599
184627
184628
184629
184630
184631
184632
184633
184634
184635
184636
184640
184641
184642
184643
184644
184645
184646
184647
184648
184649
184650
184660
184661
184662
184663
184664
184692
184693
184694
184695
184696
184697
184698
184699
184700
184701
184705
184706
184707
184708
184709
184710
184711
184712
184713
184714
184715
184725
184726
184727
184728
184729
184758
184759
184760
184761
184762
184763
184764
184765
184766
184769
184770
184771
184772
184773
184774
184775
184776
184777
184778
184779
184791
184792
184793
184794
184825
184826
184827
184828
184829
184830
184834
184835
184836
184837
184838
184839
184840
184841
184842
184843
184856
184857
184858
184859
184900
184901
184902
184903
184904
184905
184906
184907
184922
184923
184924
184988
184989
187775
187776
187779
187780
187837
187838
187839
187840
187841
187842
187843
187844
187845
187846
187847
187893
187894
187895
187896
187897
187898
187899
187900
187901
187902
187903
187904
187905
187906
187907
187908
187909
187910
187911
187912
187958
187959
187960
187961
187962
187963
187964
187965
187966
187967
187968
187969
187970
187971
187972
187973
187974
187975
187976
187977
188013
188014
188015
188016
188017
188022
188023
188024
188025
188026
188027
188028
188029
188030
188031
188032
188033
188034
188035
188036
188037
188038
188039
188040
188041
188042
188078
188079
188080
188081
188082
188087
188088
188089
188090
188091
188092
188093
188094
188095
188096
188097
188098
188099
188100
188101
188102
188103
188104
188105
188106
188107
188108
188109
188143
188144
188145
188146
188147
188148
188152
188153
188154
188155
188156
188157
188158
188159
188160
188161
188162
188163
188164
188165
188166
188167
188168
188169
188170
188171
188172
188173
188174
188207
188208
188209
188210
188211
188212
188213
188218
188219
188220
188221
188222
188223
188224
188225
188226
188227
188228
188229
188230
188231
188236
188237
188238
188239
188272
188273
188274
188275
188276
188277
188278
188279
188283
188284
188285
188286
188287
188288
188289
188290
188291
188292
188293
188294
188295
188301
188302
188303
188304
188336
188337
188338
188339
188340
188341
188342
188343
188344
188348
188349
188350
188351
188352
188353
188354
188355
188356
188357
188358
188359
188366
188367
188368
188369
188401
188402
188403
188404
188405
188406
188407
188408
188409
188413
188414
188415
188416
188417
188418
188419
188420
188421
188422
188432
188433
188434
188465
188466
188467
188468
188469
188470
188471
188472
188473
188474
188475
188479
188480
188481
188482
188483
188484
188485
188486
188497
188498
188499
188530
188531
188532
188533
188534
188535
188536
188537
188538
188539
188540
188543
188544
188545
188546
188547
188548
188549
188550
188563
188564
188593
188594
188595
188596
188597
188598
188599
188600
188601
188602
188603
188604
188605
188608
188609
188610
188611
188612
188613
188614
188627
188628
188629
188657
188658
188659
188660
188661
188662
188663
188664
188665
188666
188667
188668
188669
188670
188671
188672
188673
188674
188675
188676
188677
188678
188679
188692
188693
188694
188722
188723
188724
188725
188726
188727
188728
188729
188730
188731
188732
188733
188734
188735
188736
188737
188738
188739
188740
188741
188742
188743
188744
188756
188757
188758
188759
188787
188788
188789
188790
188791
188792
188793
188794
188795
188796
188797
188798
188799
188800
188801
188802
188803
188804
188805
188806
188807
188808
188809
188821
188822
188823
188824
188853
188854
188855
188856
188857
188858
188859
188860
188861
188865
188866
188867
188868
188869
188870
188871
188872
188873
188874
188886
188887
188888
188889
188918
188919
188920
188921
188922
188923
188924
188925
188926
188929
188930
188931
188932
188933
188934
188935
188936
188937
188938
188939
188951
188952
188953
188954
188984
188985
188986
188987
188988
188989
188990
188991
188994
188995
188996
188997
188998
188999
189000
189001
189002
189003
189004
189016
189017
189018
189019
189050
189051
189052
189053
189054
189055
189059
189060
189061
189062
189063
189064
189065
189066
189067
189068
189082
189083
189084
189124
189125
189126
189127
189128
189129
189130
189131
189132
189133
189148
189149
189189
189190
189191
189192
189193
189194
189195
189196
189197
189254
189255
189256
189257
189258
189259
189260
189319
189320
189321
189322
191998
191999
192000
192001
192060
192061
192062
192063
192064
192065
192066
192067
192068
192069
192070
192071
192118
192119
192120
192121
192122
192123
192124
192125
192126
192127
192128
192129
192130
192131
192132
192133
192134
192135
192136
192182
192183
192184
192185
192186
192187
192188
192189
192190
192191
192192
192193
192194
192195
192196
192197
192198
192199
192200
192201
192247
192248
192249
192250
192251
192252
192253
192254
192255
192256
192257
192258
192259
192260
192261
192262
192263
192264
192265
192266
192305
192306
192312
192313
192314
192315
192316
192317
192318
192319
192320
192321
192322
192323
192324
192325
192326
192327
192328
192329
192330
192369
192370
192371
192372
192377
192378
192379
192380
192381
192382
192383
192384
192385
192386
192387
192388
192389
192390
192391
192392
192393
192433
192434
192435
192436
192437
192442
192443
192444
192445
192446
192447
192448
192449
192450
192451
192452
192453
192454
192455
192456
192497
192498
192499
192500
192501
192502
192503
192507
192508
192509
192510
192511
192512
192513
192514
192515
192516
192517
192518
192519
192520
192561
192562
192563
192564
192565
192566
192567
192568
192572
192573
192574
192575
192576
192577
192578
192579
192580
192581
192582
192583
192584
192626
192627
192628
192629
192630
192631
192632
192633
192637
192638
192639
192640
192641
192642
192643
192644
192645
192646
192647
192690
192691
192692
192693
192694
192695
192696
192697
192698
192699
192703
192704
192705
192706
192707
192708
192709
192710
192711
192755
192756
192757
192758
192759
192760
192761
192762
192763
192764
192768
192769
192770
192771
192772
192773
192774
192775
192819
192820
192821
192822
192823
192824
192825
192826
192827
192828
192829
192832
192833
192834
192835
192836
192837
192838
192839
192883
192884
192885
192886
192887
192888
192889
192890
192891
192892
192893
192894
192897
192898
192899
192900
192901
192902
192903
192904
192948
192949
192950
192951
192952
192953
192954
192955
192956
192957
192961
192962
192963
192964
192965
192966
192967
192968
192969
192982
192983
192984
193013
193014
193015
193016
193017
193018
193019
193020
193021
193025
193026
193027
193028
193029
193030
193031
193032
193033
193034
193047
193048
193049
193078
193079
193080
193081
193082
193083
193084
193085
193090
193091
193092
193093
193094
193095
193096
193097
193098
193099
193112
193113
193114
193144
193145
193146
193147
193148
193149
193150
193151
193154
193155
193156
193157
193158
193159
193160
193161
193162
193163
193164
193177
193178
193179
193210
193211
193212
193213
193214
193215
193216
193218
193219
193220
193221
193222
193223
193224
193225
193226
193227
193228
193229
193243
193244
193276
193277
193278
193279
193280
193283
193284
193285
193286
193287
193288
193289
193290
193291
193292
193293
193294
193308
193309
193348
193349
193350
193351
193352
193353
193354
193355
193356
193357
193358
193359
193413
193414
193415
193416
193417
193418
193419
193420
193421
193422
193423
193478
193479
193480
193481
193482
193483
193484
193485
193486
193487
193543
193544
193545
193546
193547
193548
193549
193550
193551
193609
193610
193611
193612
193613
193675
193676
196222
196223
196224
196225
196226
196279
196280
196281
196282
196283
196284
196285
196286
196287
196288
196289
196290
196291
196292
196293
196294
196342
196343
196344
196345
196346
196347
196348
196349
196350
196351
196352
196353
196354
196355
196356
196357
196358
196359
196360
196407
196408
196409
196410
196411
196412
196413
196414
196415
196416
196417
196418
196419
196420
196421
196422
196423
196424
196425
196471
196472
196473
196474
196475
196476
196477
196478
196479
196480
196481
196482
196483
196484
196485
196486
196487
196488
196489
196536
196537
196538
196539
196540
196541
196542
196543
196544
196545
196546
196547
196548
196549
196550
196551
196552
196553
196594
196595
196601
196602
196603
196604
196605
196606
196607
196608
196609
196610
196611
196612
196613
196614
196615
196616
196617
196658
196659
196660
196666
196667
196668
196669
196670
196671
196672
196673
196674
196675
196676
196677
196678
196679
196680
196681
196722
196723
196724
196725
196726
196731
196732
196733
196734
196735
196736
196737
196738
196739
196740
196741
196742
196743
196744
196745
196787
196788
196789
196790
196791
196792
196796
196797
196798
196799
196800
196801
196802
196803
196804
196805
196806
196807
196808
196809
196851
196852
196853
196854
196855
196856
196857
196862
196863
196864
196865
196866
196867
196868
196869
196870
196871
196872
196916
196917
196918
196919
196920
196921
196922
196927
196928
196929
196930
196931
196932
196933
196934
196935
196936
196980
196981
196982
196983
196984
196985
196986
196987
196992
196993
196994
196995
196996
196997
196998
196999
197000
197044
197045
197046
197047
197048
197049
197050
197051
197057
197058
197059
197060
197061
197062
197063
197064
197109
197110
197111
197112
197113
197114
197115
197122
197123
197124
197125
197126
197127
197128
197129
197174
197175
197176
197177
197178
197179
197186
197187
197188
197189
197190
197191
197192
197193
197194
197239
197240
197241
197242
197243
197244
197250
197251
197252
197253
197254
197255
197256
197257
197258
197259
197304
197305
197306
197307
197308
197309
197315
197316
197317
197318
197319
197320
197321
197322
197323
197324
197370
197371
197372
197373
197374
197379
197380
197381
197382
197383
197384
197385
197386
197387
197388
197389
197390
197437
197438
197439
197443
197444
197445
197446
197447
197448
197449
197450
197451
197452
197453
197454
197455
197508
197509
197510
197511
197512
197513
197514
197515
197516
197517
197518
197519
197520
197572
197573
197574
197575
197576
197577
197578
197579
197580
197581
197582
197583
197584
197585
197637
197638
197639
197640
197641
197642
197643
197644
197645
197646
197647
197648
197649
197702
197703
197704
197705
197706
197707
197708
197709
197710
197711
197712
197713
197767
197768
197769
197770
197771
197772
197773
197774
197775
197776
197777
197832
197833
197834
197835
197836
197837
197838
197839
197840
197898
197899
197900
197901
197902
197903
197904
197905
197964
197965
197966
197967
197968
197969
198030
198031
198032
198033
198034
198095
198096
198097
198098
198099
198160
198161
198162
198163
200447
200448
200449
200450
200503
200504
200505
200506
200507
200508
200509
200510
200511
200512
200513
200514
200515
200516
200517
200567
200568
200569
200570
200571
200572
200573
200574
200575
200576
200577
200578
200579
200580
200581
200582
200632
200633
200634
200635
200636
200637
200638
200639
200640
200641
200642
200643
200644
200645
200646
200647
200696
200697
200698
200699
200700
200701
200702
200703
200704
200705
200706
200707
200708
200709
200710
200711
200761
200762
200763
200764
200765
200766
200767
200768
200769
200770
200771
200772
200773
200774
200775
200776
200777
200778
200779
200826
200827
200828
200829
200830
200831
200832
200833
200834
200835
200836
200837
200838
200839
200840
200841
200842
200843
200844
200891
200892
200893
200894
200895
200896
200897
200898
200899
200900
200901
200902
200903
200904
200905
200906
200907
200908
200909
200956
200957
200958
200959
200960
200961
200962
200963
200964
200965
200966
200967
200968
200969
200970
200971
200972
200973
201021
201022
201023
201024
201025
201026
201027
201028
201029
201030
201031
201032
201033
201034
201035
201087
201088
201089
201090
201091
201092
201093
201094
201095
201096
201097
201098
201152
201153
201154
201155
201156
201157
201158
201159
201160
201161
201217
201218
201219
201220
201221
201222
201223
201224
201225
201282
201283
201284
201285
201286
201287
201288
201289
201347
201348
201349
201350
201351
201352
201353
201354
201400
201401
201411
201412
201413
201414
201415
201416
201417
201418
201419
201465
201466
201475
201476
201477
201478
201479
201480
201481
201482
201483
201484
201530
201531
201540
201541
201542
201543
201544
201545
201546
201547
201548
201549
201550
201604
201605
201606
201607
201608
201609
201610
201611
201612
201613
201614
201615
201668
201669
201670
201671
201672
201673
201674
201675
201676
201677
201678
201679
201680
201681
201732
201733
201734
201735
201736
201737
201738
201739
201740
201741
201742
201743
201744
201745
201746
201797
201798
201799
201800
201801
201802
201803
201804
201805
201806
201807
201808
201809
201810
201811
201862
201863
201864
201865
201866
201867
201868
201869
201870
201871
201872
201873
201874
201875
201926
201927
201928
201929
201930
201931
201932
201933
201934
201935
201936
201937
201938
201939
201991
201992
201993
201994
201995
201996
201997
201998
201999
202000
202001
202002
202003
202056
202057
202058
202059
202060
202061
202062
202063
202064
202065
202066
202067
202122
202123
202124
202125
202126
202127
202128
202129
202130
202131
202132
202187
202188
202189
202190
202191
202192
202193
202194
202195
202196
202197
202253
202254
202255
202256
202257
202258
202259
202260
202261
202262
202318
202319
202320
202321
202322
202323
202324
202325
202326
202384
202385
202386
202387
202388
202389
204728
204729
204730
204731
204732
204733
204734
204735
204736
204737
204738
204739
204792
204793
204794
204795
204796
204797
204798
204799
204800
204801
204802
204803
204804
204805
204857
204858
204859
204860
204861
204862
204863
204864
204865
204866
204867
204868
204869
204870
204921
204922
204923
204924
204925
204926
204927
204928
204929
204930
204931
204932
204933
204934
204935
204936
204937
204938
204940
204941
204986
204987
204988
204989
204990
204991
204992
204993
204994
204995
204996
204997
204998
204999
205000
205001
205002
205003
205004
205005
205006
205051
205052
205053
205054
205055
205056
205057
205058
205059
205060
205061
205062
205063
205064
205065
205066
205067
205068
205069
205070
205071
205116
205117
205118
205119
205120
205121
205122
205123
205124
205125
205126
205127
205128
205129
205130
205131
205132
205133
205134
205135
205136
205181
205182
205183
205184
205185
205186
205187
205188
205189
205190
205191
205192
205193
205194
205195
205196
205197
205198
205199
205200
205247
205248
205249
205250
205251
205252
205253
205254
205255
205256
205257
205258
205259
205260
205261
205262
205263
205264
205312
205313
205314
205315
205316
205317
205318
205319
205320
205321
205322
205323
205324
205325
205326
205327
205328
205377
205378
205379
205380
205381
205382
205383
205384
205385
205386
205387
205443
205444
205445
205446
205447
205448
205449
205450
205507
205508
205509
205510
205511
205512
205513
205514
205515
205572
205573
205574
205575
205576
205577
205578
205579
205636
205637
205638
205639
205640
205641
205642
205643
205644
205700
205701
205702
205703
205704
205705
205706
205707
205708
205709
205765
205766
205767
205768
205769
205770
205771
205772
205773
205774
205775
205829
205830
205831
205832
205833
205834
205835
205836
205837
205838
205839
205840
205893
205894
205895
205896
205897
205898
205899
205900
205901
205902
205903
205904
205905
205906
205957
205958
205959
205960
205961
205962
205963
205964
205965
205966
205967
205968
205969
205970
205971
206022
206023
206024
206025
206026
206027
206028
206029
206030
206031
206032
206033
206034
206035
206036
206086
206087
206088
206089
206090
206091
206092
206093
206094
206095
206096
206097
206098
206099
206100
206151
206152
206153
206154
206155
206156
206157
206158
206159
206160
206161
206162
206163
206164
206165
206216
206217
206218
206219
206220
206221
206222
206223
206224
206225
206226
206227
206228
206229
206281
206282
206283
206284
206285
206286
206287
206288
206289
206290
206291
206292
206293
206346
206347
206348
206349
206350
206351
206352
206353
206354
206355
206356
206357
206412
206413
206414
206415
206416
206417
206418
206419
206420
206421
206422
206477
206478
206479
206480
206481
206482
206483
206484
206485
206486
206487
206543
206544
206545
206546
206547
206548
206549
206550
206551
206608
206609
206610
206611
206612
206613
206614
206674
206675
206676
206677
206678
208889
208890
208953
208954
208955
208956
208957
208958
208959
209017
209018
209019
209020
209021
209022
209023
209024
209025
209026
209027
209028
209082
209083
209084
209085
209086
209087
209088
209089
209090
209091
209092
209093
209094
209095
209100
209101
209102
209147
209148
209149
209150
209151
209152
209153
209154
209155
209156
209157
209158
209159
209160
209161
209162
209163
209164
209165
209166
209167
209212
209213
209214
209215
209216
209217
209218
209219
209220
209221
209222
209223
209224
209225
209226
209227
209228
209229
209230
209231
209232
209277
209278
209279
209280
209281
209282
209283
209284
209285
209286
209287
209288
209289
209290
209291
209292
209293
209294
209295
209296
209297
209342
209343
209344
209345
209346
209347
209348
209349
209350
209351
209352
209353
209354
209355
209356
209357
209358
209359
209360
209361
209362
209407
209408
209409
209410
209411
209412
209413
209414
209415
209416
209417
209418
209419
209420
209421
209422
209423
209424
209425
209426
209472
209473
209474
209475
209476
209477
209478
209479
209480
209481
209482
209483
209484
209485
209486
209487
209488
209489
209490
209537
209538
209539
209540
209541
209542
209543
209544
209545
209546
209547
209548
209549
209550
209551
209552
209553
209554
209555
209603
209604
209605
209606
209607
209608
209609
209610
209611
209612
209613
209614
209615
209616
209617
209618
209619
209668
209669
209670
209671
209672
209673
209674
209675
209676
209678
209679
209680
209681
209682
209683
209733
209734
209735
209736
209737
209738
209739
209740
209745
209746
209797
209798
209799
209800
209801
209802
209803
209804
209861
209862
209863
209864
209865
209866
209867
209868
209869
209925
209926
209927
209928
209929
209930
209931
209932
209933
209934
209935
209990
209991
209992
209993
209994
209995
209996
209997
209998
209999
210000
210054
210055
210056
210057
210058
210059
210060
210061
210062
210063
210064
210065
210118
210119
210120
210121
210122
210123
210124
210125
210126
210127
210128
210129
210130
210131
210182
210183
210184
210185
210186
210187
210188
210189
210190
210191
210192
210193
210194
210195
210196
210247
210248
210249
210250
210251
210252
210253
210254
210255
210256
210257
210258
210259
210260
210261
210311
210312
210313
210314
210315
210316
210317
210318
210319
210320
210321
210322
210323
210324
210325
210376
210377
210378
210379
210380
210381
210382
210383
210384
210385
210386
210387
210388
210389
210390
210441
210442
210443
210444
210445
210446
210447
210448
210449
210450
210451
210452
210453
210454
210506
210507
210508
210509
210510
210511
210512
210513
210514
210515
210516
210517
210518
210571
210572
210573
210574
210575
210576
210577
210578
210579
210580
210581
210582
210583
210637
210638
210639
210640
210641
210642
210643
210644
210645
210646
210647
210702
210703
210704
210705
210706
210707
210708
210709
210710
210711
210712
210768
210769
210770
210771
210772
210773
210774
210775
210776
210833
210834
210835
210836
210837
210838
210839
210840
210899
210900
210901
210902
210903
213113
213114
213115
213116
213178
213179
213180
213181
213182
213183
213242
213243
213244
213245
213246
213247
213248
213249
213250
213251
213260
213261
213307
213308
213309
213310
213311
213312
213313
213314
213315
213316
213317
213318
213319
213322
213323
213324
213325
213326
213327
213328
213372
213373
213374
213375
213376
213377
213378
213379
213380
213381
213382
213383
213384
213385
213386
213387
213388
213389
213390
213391
213392
213393
213437
213438
213439
213440
213441
213442
213443
213444
213445
213446
213447
213448
213449
213450
213451
213452
213453
213454
213455
213456
213457
213458
213502
213503
213504
213505
213506
213507
213508
213509
213510
213511
213512
213513
213514
213515
213516
213517
213518
213519
213520
213521
213522
213523
213567
213568
213569
213570
213571
213572
213573
213574
213575
213576
213577
213578
213579
213580
213581
213582
213583
213584
213585
213586
213587
213632
213633
213634
213635
213636
213637
213638
213639
213640
213641
213642
213643
213644
213645
213646
213647
213648
213649
213650
213651
213697
213698
213699
213700
213701
213702
213703
213704
213705
213706
213707
213708
213709
213710
213711
213712
213713
213714
213715
213716
213763
213764
213765
213766
213767
213768
213769
213770
213771
213772
213773
213774
213775
213776
213777
213778
213779
213780
213781
213828
213829
213830
213831
213832
213833
213834
213835
213836
213837
213838
213839
213840
213841
213842
213843
213844
213893
213894
213895
213896
213897
213898
213899
213900
213901
213902
213903
213904
213905
213906
213907
213908
213909
213958
213959
213960
213961
213962
213963
213964
213965
213967
213968
213969
213970
213971
213972
213973
214022
214023
214024
214025
214026
214027
214028
214029
214030
214033
214034
214035
214036
214037
214086
214087
214088
214089
214090
214091
214092
214093
214094
214100
214101
214150
214151
214152
214153
214154
214155
214156
214157
214158
214159
214160
214215
214216
214217
214218
214219
214220
214221
214222
214223
214224
214225
214279
214280
214281
214282
214283
214284
214285
214286
214287
214288
214289
214290
214343
214344
214345
214346
214347
214348
214349
214350
214351
214352
214353
214354
214355
214407
214408
214409
214410
214411
214412
214413
214414
214415
214416
214417
214418
214419
214420
214421
214472
214473
214474
214475
214476
214477
214478
214479
214480
214481
214482
214483
214484
214485
214486
214536
214537
214538
214539
214540
214541
214542
214543
214544
214545
214546
214547
214548
214549
214550
214551
214601
214602
214603
214604
214605
214606
214607
214608
214609
214610
214611
214612
214613
214614
214615
214666
214667
214668
214669
214670
214671
214672
214673
214674
214675
214676
214677
214678
214679
214680
214731
214732
214733
214734
214735
214736
214737
214738
214739
214740
214741
214742
214743
214744
214796
214797
214798
214799
214800
214801
214802
214803
214804
214805
214806
214807
214808
214862
214863
214864
214865
214866
214867
214868
214869
214870
214871
214872
214927
214928
214929
214930
214931
214932
214933
214934
214935
214936
214937
214993
214994
214995
214996
214997
214998
214999
215000
215001
215058
215059
215060
215061
215062
215063
215064
215065
215124
215125
215126
215127
215128
217338
217339
217340
217341
217403
217404
217405
217406
217407
217467
217468
217469
217470
217471
217472
217473
217474
217475
217485
217486
217487
217532
217533
217534
217535
217536
217537
217538
217539
217540
217541
217542
217547
217548
217549
217550
217551
217552
217553
217597
217598
217599
217600
217601
217602
217603
217604
217605
217606
217607
217608
217609
217610
217611
217612
217613
217614
217615
217616
217617
217618
217662
217663
217664
217665
217666
217667
217668
217669
217670
217671
217672
217673
217674
217675
217676
217677
217678
217679
217680
217681
217682
217683
217727
217728
217729
217730
217731
217732
217733
217734
217735
217736
217737
217738
217739
217740
217741
217742
217743
217744
217745
217746
217747
217748
217792
217793
217794
217795
217796
217797
217798
217799
217800
217801
217802
217803
217804
217805
217806
217807
217808
217809
217810
217811
217812
217813
217858
217859
217860
217861
217862
217863
217864
217865
217866
217867
217868
217869
217870
217871
217872
217873
217874
217875
217876
217877
217878
217923
217924
217925
217926
217927
217928
217929
217930
217931
217932
217933
217934
217935
217936
217937
217938
217939
217940
217941
217942
217988
217989
217990
217991
217992
217993
217994
217995
217996
217997
217998
217999
218000
218001
218002
218003
218004
218005
218006
218053
218054
218055
218056
218057
218058
218059
218060
218061
218062
218063
218064
218065
218066
218067
218068
218069
218070
218071
218118
218119
218120
218121
218122
218123
218124
218125
218126
218127
218128
218129
218130
218131
218132
218133
218134
218135
218183
218184
218185
218186
218187
218188
218189
218190
218191
218192
218193
218194
218195
218196
218197
218198
218199
218247
218248
218249
218250
218251
218252
218253
218254
218255
218256
218257
218258
218259
218260
218261
218262
218263
218264
218311
218312
218313
218314
218315
218316
218317
218318
218319
218322
218323
218324
218325
218326
218327
218328
218375
218376
218377
218378
218379
218380
218381
218382
218383
218384
218388
218389
218390
218391
218392
218440
218441
218442
218443
218444
218445
218446
218447
218448
218449
218450
218504
218505
218506
218507
218508
218509
218510
218511
218512
218513
218514
218515
218568
218569
218570
218571
218572
218573
218574
218575
218576
218577
218578
218579
218580
218633
218634
218635
218636
218637
218638
218639
218640
218641
218642
218643
218644
218645
218646
218697
218698
218699
218700
218701
218702
218703
218704
218705
218706
218707
218708
218709
218710
218711
218762
218763
218764
218765
218766
218767
218768
218769
218770
218771
218772
218773
218774
218775
218776
218826
218827
218828
218829
218830
218831
218832
218833
218834
218835
218836
218837
218838
218839
218840
218891
218892
218893
218894
218895
218896
218897
218898
218899
218900
218901
218902
218903
218904
218905
218956
218957
218958
218959
218960
218961
218962
218963
218964
218965
218966
218967
218968
218969
219021
219022
219023
219024
219025
219026
219027
219028
219029
219030
219031
219032
219033
219087
219088
219089
219090
219091
219092
219093
219094
219095
219096
219097
219152
219153
219154
219155
219156
219157
219158
219159
219160
219161
219162
219218
219219
219220
219221
219222
219223
219224
219225
219226
219284
219285
219286
219287
219288
219289
219350
219351
219352
221563
221564
221565
221566
221628
221629
221630
221631
221632
221693
221694
221695
221696
221697
221698
221699
221710
221711
221712
221757
221758
221759
221760
221761
221762
221763
221764
221765
221766
221772
221773
221774
221775
221776
221777
221778
221822
221823
221824
221825
221826
221827
221828
221829
221830
221831
221832
221833
221835
221836
221837
221838
221839
221840
221841
221842
221843
221887
221888
221889
221890
221891
221892
221893
221894
221895
221896
221897
221898
221899
221900
221901
221902
221903
221904
221905
221906
221907
221908
221909
221952
221953
221954
221955
221956
221957
221958
221959
221960
221961
221962
221963
221964
221965
221966
221967
221968
221969
221970
221971
221972
221973
221974
222018
222019
222020
222021
222022
222023
222024
222025
222026
222027
222028
222029
222030
222031
222032
222033
222034
222035
222036
222037
222038
222083
222084
222085
222086
222087
222088
222089
222090
222091
222092
222093
222094
222095
222096
222097
222098
222099
222100
222101
222102
222103
222148
222149
222150
222151
222152
222153
222154
222155
222156
222157
222158
222159
222160
222161
222162
222163
222164
222165
222166
222167
222213
222214
222215
222216
222217
222218
222219
222220
222221
222222
222223
222224
222225
222226
222227
222228
222229
222230
222231
222232
222278
222279
222280
222281
222282
222283
222284
222285
222286
222287
222288
222289
222290
222291
222292
222293
222294
222295
222296
222343
222344
222345
222346
222347
222348
222349
222350
222351
222352
222353
222354
222355
222356
222357
222358
222359
222360
222361
222408
222409
222410
222411
222412
222413
222414
222415
222416
222417
222418
222419
222420
222421
222422
222423
222424
222425
222472
222473
222474
222475
222476
222477
222478
222479
222480
222481
222482
222483
222484
222485
222486
222487
222488
222489
222490
222536
222537
222538
222539
222540
222541
222542
222543
222544
222546
222547
222548
222549
222550
222551
222552
222553
222554
222600
222601
222602
222603
222604
222605
222606
222607
222608
222609
222612
222613
222614
222615
222616
222617
222618
222619
222665
222666
222667
222668
222669
222670
222671
222672
222673
222674
222675
222678
222679
222680
222681
222682
222683
222729
222730
222731
222732
222733
222734
222735
222736
222737
222738
222739
222740
222794
222795
222796
222797
222798
222799
222800
222801
222802
222803
222804
222805
222858
222859
222860
222861
222862
222863
222864
222865
222866
222867
222868
222869
222870
222922
222923
222924
222925
222926
222927
222928
222929
222930
222931
222932
222933
222934
222935
222987
222988
222989
222990
222991
222992
222993
222994
222995
222996
222997
222998
222999
223000
223052
223053
223054
223055
223056
223057
223058
223059
223060
223061
223062
223063
223064
223065
223117
223118
223119
223120
223121
223122
223123
223124
223125
223126
223127
223128
223129
223130
223182
223183
223184
223185
223186
223187
223188
223189
223190
223191
223192
223193
223194
223247
223248
223249
223250
223251
223252
223253
223254
223255
223256
223257
223258
223312
223313
223314
223315
223316
223317
223318
223319
223320
223321
223322
223377
223378
223379
223380
223381
223382
223383
223384
223385
223386
223443
223444
223445
223446
223447
223448
223449
223450
223509
223510
223511
223512
223513
225853
225854
225855
225856
225857
225918
225919
225920
225921
225922
225923
225983
225984
225985
225986
225987
225988
225989
225998
225999
226000
226001
226002
226003
226048
226049
226050
226051
226052
226053
226054
226055
226056
226061
226062
226063
226064
226065
226066
226067
226068
226113
226114
226115
226116
226117
226118
226119
226120
226121
226122
226123
226124
226125
226126
226127
226128
226129
226130
226131
226132
226133
226134
226178
226179
226180
226181
226182
226183
226184
226185
226186
226187
226188
226189
226190
226191
226192
226193
226194
226195
226196
226197
226198
226199
226243
226244
226245
226246
226247
226248
226249
226250
226251
226252
226253
226254
226255
226256
226257
226258
226259
226260
226261
226262
226263
226308
226309
226310
226311
226312
226313
226314
226315
226316
226317
226318
226319
226320
226321
226322
226323
226324
226325
226326
226327
226328
226373
226374
226375
226376
226377
226378
226379
226380
226381
226382
226383
226384
226385
226386
226387
226388
226389
226390
226391
226392
226438
226439
226440
226441
226442
226443
226444
226445
226446
226447
226448
226449
226450
226451
226452
226453
226454
226455
226456
226457
226503
226504
226505
226506
226507
226508
226509
226510
226511
226512
226513
226514
226515
226516
226517
226518
226519
226520
226521
226522
226567
226568
226569
226570
226571
226572
226573
226574
226575
226576
226577
226578
226579
226580
226581
226582
226583
226584
226585
226586
226631
226632
226633
226634
226635
226636
226637
226638
226639
226640
226641
226642
226643
226644
226645
226646
226647
226648
226649
226650
226651
226696
226697
226698
226699
226700
226701
226702
226703
226704
226705
226706
226707
226708
226709
226710
226711
226712
226713
226714
226715
226760
226761
226762
226763
226764
226765
226766
226767
226768
226771
226772
226773
226774
226775
226776
226777
226778
226779
226780
226824
226825
226826
226827
226828
226829
226830
226831
226832
226833
226834
226837
226838
226839
226840
226841
226842
226843
226844
226845
226889
226890
226891
226892
226893
226894
226895
226896
226897
226898
226899
226903
226904
226905
226906
226907
226908
226909
226954
226955
226956
226957
226958
226959
226960
226961
226962
226963
226964
226969
226970
226971
226972
226973
226974
227018
227019
227020
227021
227022
227023
227024
227025
227026
227027
227028
227029
227030
227083
227084
227085
227086
227087
227088
227089
227090
227091
227092
227093
227094
227095
227148
227149
227150
227151
227152
227153
227154
227155
227156
227157
227158
227159
227160
227213
227214
227215
227216
227217
227218
227219
227220
227221
227222
227223
227224
227225
227278
227279
227280
227281
227282
227283
227284
227285
227286
227287
227288
227289
227290
227343
227344
227345
227346
227347
227348
227349
227350
227351
227352
227353
227354
227408
227409
227410
227411
227412
227413
227414
227415
227416
227417
227418
227419
227472
227473
227474
227475
227476
227477
227478
227479
227480
227481
227482
227537
227538
227539
227540
227541
227542
227543
227544
227545
227604
227605
227606
227607
227608
227609
227670
227671
227672
227673
230079
230080
230081
230143
230144
230145
230146
230147
230208
230209
230210
230211
230212
230213
230224
230225
230226
230227
230228
230273
230274
230275
230276
230277
230278
230279
230280
230286
230287
230288
230289
230290
230291
230292
230293
230338
230339
230340
230341
230342
230343
230344
230345
230346
230347
230348
230349
230350
230351
230352
230353
230354
230355
230356
230357
230358
230403
230404
230405
230406
230407
230408
230409
230410
230411
230412
230413
230414
230415
230416
230417
230418
230419
230420
230421
230422
230423
230468
230469
230470
230471
230472
230473
230474
230475
230476
230477
230478
230479
230480
230481
230482
230483
230484
230485
230486
230487
230488
230533
230534
230535
230536
230537
230538
230539
230540
230541
230542
230543
230544
230545
230546
230547
230548
230549
230550
230551
230552
230553
230598
230599
230600
230601
230602
230603
230604
230605
230606
230607
230608
230609
230610
230611
230612
230613
230614
230615
230616
230617
230663
230664
230665
230666
230667
230668
230669
230670
230671
230672
230673
230674
230675
230676
230677
230678
230679
230680
230681
230682
230727
230728
230729
230730
230731
230732
230733
230734
230735
230736
230737
230738
230739
230740
230741
230742
230743
230744
230745
230746
230747
230791
230792
230793
230794
230795
230796
230797
230798
230799
230800
230801
230802
230803
230804
230805
230806
230807
230808
230809
230810
230811
230855
230856
230857
230858
230859
230860
230861
230862
230863
230864
230865
230866
230867
230868
230869
230870
230871
230872
230873
230874
230875
230876
230919
230920
230921
230922
230923
230924
230925
230926
230927
230928
230930
230931
230932
230933
230934
230935
230936
230937
230938
230939
230940
230941
230984
230985
230986
230987
230988
230989
230990
230991
230992
230993
230996
230997
230998
230999
231000
231001
231002
231003
231004
231005
231006
231048
231049
231050
231051
231052
231053
231054
231055
231056
231057
231058
231062
231063
231064
231065
231066
231067
231068
231069
231070
231113
231114
231115
231116
231117
231118
231119
231120
231121
231122
231123
231128
231129
231130
231131
231132
231133
231134
231135
231178
231179
231180
231181
231182
231183
231184
231185
231186
231187
231188
231194
231195
231196
231197
231198
231199
231243
231244
231245
231246
231247
231248
231249
231250
231251
231252
231253
231254
231261
231262
231308
231309
231310
231311
231312
231313
231314
231315
231316
231317
231318
231319
231373
231374
231375
231376
231377
231378
231379
231380
231381
231382
231383
231384
231438
231439
231440
231441
231442
231443
231444
231445
231446
231447
231448
231503
231504
231505
231506
231507
231508
231509
231510
231511
231512
231513
231568
231569
231570
231571
231572
231573
231574
231575
231576
231577
231634
231635
231636
231637
231638
231639
231640
234306
234307
234369
234370
234371
234372
234433
234434
234435
234436
234437
234438
234449
234450
234451
234452
234453
234498
234499
234500
234501
234502
234503
234504
234512
234513
234514
234515
234516
234517
234518
234563
234564
234565
234566
234567
234568
234569
234570
234574
234575
234576
234577
234578
234579
234580
234581
234582
234583
234628
234629
234630
234631
234632
234633
234634
234635
234636
234637
234638
234639
234640
234641
234642
234643
234644
234645
234646
234647
234648
234693
234694
234695
234696
234697
234698
234699
234700
234701
234702
234703
234704
234705
234706
234707
234708
234709
234710
234711
234712
234713
234758
234759
234760
234761
234762
234763
234764
234765
234766
234767
234768
234769
234770
234771
234772
234773
234774
234775
234776
234777
234823
234824
234825
234826
234827
234828
234829
234830
234831
234832
234833
234834
234835
234836
234837
234838
234839
234840
234841
234842
234888
234889
234890
234891
234892
234893
234894
234895
234896
234897
234898
234899
234900
234901
234902
234903
234904
234905
234906
234907
234952
234953
234954
234955
234956
234957
234958
234959
234960
234961
234962
234963
234964
234965
234966
234967
234968
234969
234970
234971
234972
235016
235017
235018
235019
235020
235021
235022
235023
235024
235025
235026
235027
235028
235029
235030
235031
235032
235033
235034
235035
235036
235080
235081
235082
235083
235084
235085
235086
235087
235088
235090
235091
235092
235093
235094
235095
235096
235097
235098
235099
235100
235101
235144
235145
235146
235147
235148
235149
235150
235151
235152
235153
235156
235157
235158
235159
235160
235161
235162
235163
235164
235165
235166
235209
235210
235211
235212
235213
235214
235215
235216
235217
235218
235222
235223
235224
235225
235226
235227
235228
235229
235230
235231
235273
235274
235275
235276
235277
235278
235279
235280
235281
235282
235283
235287
235288
235289
235290
235291
235292
235293
235294
235295
235338
235339
235340
235341
235342
235343
235344
235345
235346
235347
235348
235353
235354
235355
235356
235357
235358
235359
235360
235403
235404
235405
235406
235407
235408
235409
235410
235411
235412
235413
235419
235420
235421
235422
235423
235424
235425
235468
235469
235470
235471
235472
235473
235474
235475
235476
235477
235478
235486
235487
235533
235534
235535
235536
235537
235538
235539
235540
235541
235542
235543
235598
235599
235600
235601
235602
235603
235604
235605
235606
235607
235608
235664
235665
235666
235667
235668
235669
235670
235671
235672
235729
235730
235731
235732
235733
235734
235735
235736
235737
235795
235796
235797
235798
235799
238531
238532
238595
238596
238597
238659
238660
238661
238662
238663
238674
238675
238676
238677
238723
238724
238725
238726
238727
238728
238737
238738
238739
238740
238741
238742
238743
238788
238789
238790
238791
238792
238793
238794
238799
238800
238801
238802
238803
238804
238805
238806
238807
238808
238853
238854
238855
238856
238857
238858
238859
238862
238863
238864
238865
238866
238867
238868
238869
238870
238871
238872
238873
238918
238919
238920
238921
238922
238923
238924
238925
238926
238927
238928
238929
238930
238931
238932
238933
238934
238935
238936
238937
238983
238984
238985
238986
238987
238988
238989
238990
238991
238992
238993
238994
238995
238996
238997
238998
238999
239000
239001
239002
239048
239049
239050
239051
239052
239053
239054
239055
239056
239057
239058
239059
239060
239061
239062
239063
239064
239065
239066
239067
239113
239114
239115
239116
239117
239118
239119
239120
239121
239122
239123
239124
239125
239126
239127
239128
239129
239130
239131
239132
239177
239178
239179
239180
239181
239182
239183
239184
239185
239186
239187
239188
239189
239190
239191
239192
239193
239194
239195
239196
239241
239242
239243
239244
239245
239246
239247
239248
239249
239250
239251
239252
239253
239254
239255
239256
239257
239258
239259
239260
239261
239305
239306
239307
239308
239309
239310
239311
239312
239313
239315
239316
239317
239318
239319
239320
239321
239322
239323
239324
239325
239326
239369
239370
239371
239372
239373
239374
239375
239376
239377
239378
239381
239382
239383
239384
239385
239386
239387
239388
239389
239390
239391
239433
239434
239435
239436
239437
239438
239439
239440
239441
239442
239443
239447
239448
239449
239450
239451
239452
239453
239454
239455
239497
239498
239499
239500
239501
239502
239503
239504
239505
239506
239507
239508
239513
239514
239515
239516
239517
239518
239519
239520
239562
239563
239564
239565
239566
239567
239568
239569
239570
239571
239572
239573
239579
239580
239581
239582
239583
239584
239585
239627
239628
239629
239630
239631
239632
239633
239634
239635
239636
239637
239644
239645
239646
239647
239648
239649
239650
239692
239693
239694
239695
239696
239697
239698
239699
239700
239701
239702
239757
239758
239759
239760
239761
239762
239763
239764
239765
239766
239767
239823
239824
239825
239826
239827
239828
239829
239830
239831
239832
239889
239890
239891
239892
239893
239894
239895
239896
239955
239956
239957
239958
239959
242820
242821
242822
242884
242885
242886
242887
242888
242949
242950
242951
242952
242953
242962
242963
242964
242965
242966
242967
243013
243014
243015
243016
243017
243018
243024
243025
243026
243027
243028
243029
243030
243031
243032
243078
243079
243080
243081
243082
243083
243088
243089
243090
243091
243092
243093
243094
243095
243096
243097
243143
243144
243145
243146
243147
243148
243151
243152
243153
243154
243155
243156
243157
243158
243159
243160
243161
243162
243208
243209
243210
243211
243212
243213
243214
243215
243216
243217
243218
243219
243220
243221
243222
243223
243224
243225
243226
243227
243273
243274
243275
243276
243277
243278
243279
243280
243281
243282
243283
243284
243285
243286
243287
243288
243289
243290
243291
243292
243338
243339
243340
243341
243342
243343
243344
243345
243346
243347
243348
243349
243350
243351
243352
243353
243354
243355
243356
243402
243403
243404
243405
243406
243407
243408
243410
243411
243412
243413
243414
243415
243416
243417
243418
243419
243420
243421
243466
243467
243468
243469
243470
243471
243472
243473
243475
243476
243477
243478
243479
243480
243481
243482
243483
243484
243485
243486
243530
243531
243532
243533
243534
243535
243536
243537
243538
243541
243542
243543
243544
243545
243546
243547
243548
243549
243550
243551
243594
243595
243596
243597
243598
243599
243600
243601
243602
243603
243607
243608
243609
243610
243611
243612
243613
243614
243615
243658
243659
243660
243661
243662
243663
243664
243665
243666
243667
243668
243672
243673
243674
243675
243676
243677
243678
243679
243680
243722
243723
243724
243725
243726
243727
243728
243729
243730
243731
243732
243733
243738
243739
243740
243741
243742
243743
243744
243745
243786
243787
243788
243789
243790
243791
243792
243793
243794
243795
243796
243797
243798
243804
243805
243806
243807
243808
243809
243851
243852
243853
243854
243855
243856
243857
243858
243859
243860
243861
243862
243870
243871
243872
243873
243874
243916
243917
243918
243919
243920
243921
243922
243923
243924
243925
243926
243927
243981
243982
243983
243984
243985
243986
243987
243988
243989
243990
243991
244047
244048
244049
244050
244051
244052
244053
244054
244055
244056
244114
244115
244116
244117
244118
247045
247046
247047
247109
247110
247111
247112
247174
247175
247176
247177
247187
247188
247189
247239
247240
247241
247242
247250
247251
247252
247253
247254
247255
247256
247304
247305
247306
247307
247313
247314
247315
247316
247317
247318
247319
247320
247321
247369
247370
247371
247372
247377
247378
247379
247380
247381
247382
247383
247384
247385
247386
247434
247435
247436
247437
247441
247442
247443
247444
247445
247446
247447
247448
247449
247450
247451
247499
247500
247501
247502
247506
247507
247508
247509
247510
247511
247512
247513
247514
247515
247516
247563
247564
247565
247566
247567
247571
247572
247573
247574
247575
247576
247577
247578
247579
247580
247581
247628
247629
247630
247631
247632
247633
247636
247637
247638
247639
247640
247641
247642
247643
247644
247645
247646
247692
247693
247694
247695
247696
247697
247698
247701
247702
247703
247704
247705
247706
247707
247708
247709
247710
247711
247756
247757
247758
247759
247760
247761
247762
247763
247766
247767
247768
247769
247770
247771
247772
247773
247774
247775
247820
247821
247822
247823
247824
247825
247826
247827
247828
247832
247833
247834
247835
247836
247837
247838
247839
247840
247883
247884
247885
247886
247887
247888
247889
247890
247891
247892
247898
247899
247900
247901
247902
247903
247904
247905
247947
247948
247949
247950
247951
247952
247953
247954
247955
247956
247957
247964
247965
247966
247967
247968
247969
248011
248012
248013
248014
248015
248016
248017
248018
248019
248020
248021
248022
248030
248031
248032
248033
248034
248076
248077
248078
248079
248080
248081
248082
248083
248084
248085
248086
248087
248096
248097
248098
248141
248142
248143
248144
248145
248146
248147
248148
248149
248150
248151
248152
248206
248207
248208
248209
248210
248211
248212
248213
248214
248215
248216
248272
248273
248274
248275
248276
248277
248278
248279
248280
251270
251271
251272
251334
251335
251336
251337
251399
251400
251401
251402
251464
251465
251466
251467
251475
251476
251477
251478
251479
251480
251529
251530
251531
251539
251540
251541
251542
251543
251544
251545
251546
251594
251595
251596
251603
251604
251605
251606
251607
251608
251609
251610
251611
251659
251660
251667
251668
251669
251670
251671
251672
251673
251674
251675
251676
251724
251725
251726
251732
251733
251734
251735
251736
251737
251738
251739
251740
251741
251790
251791
251796
251797
251798
251799
251800
251801
251802
251803
251804
251805
251806
251855
251856
251857
251861
251862
251863
251864
251865
251866
251867
251868
251869
251870
251921
251922
251926
251927
251928
251929
251930
251931
251932
251933
251934
251935
251984
251985
251986
251992
251993
251994
251995
251996
251997
251998
251999
252000
252047
252048
252049
252050
252051
252057
252058
252059
252060
252061
252062
252063
252064
252065
252110
252111
252112
252113
252114
252115
252116
252117
252123
252124
252125
252126
252127
252128
252129
252173
252174
252175
252176
252177
252178
252179
252180
252181
252182
252189
252190
252191
252192
252193
252194
252237
252238
252239
252240
252241
252242
252243
252244
252245
252246
252247
252255
252256
252257
252258
252301
252302
252303
252304
252305
252306
252307
252308
252309
252310
252311
252366
252367
252368
252369
252370
252371
252372
252373
252374
252375
252376
252432
252433
252434
252435
252436
252437
252438
252439
252440
252441
252497
252498
252499
252500
252501
252502
252503
252504
255766
255767
255768
255769
255770
255830
255831
255832
255833
255834
255835
255894
255895
255896
255897
255898
255899
255900
255958
255959
255960
255961
255962
255963
255964
255965
256022
256023
256024
256025
256026
256027
256028
256029
256030
256087
256088
256089
256090
256091
256092
256093
256094
256095
256152
256153
256154
256155
256156
256157
256158
256159
256160
256218
256219
256220
256221
256222
256223
256224
256283
256284
256285
256286
256287
256288
256289
256349
256350
256351
256352
256353
256354
256415
256416
256417
256418
256463
256464
256465
256466
256467
256468
256469
256527
256528
256529
256530
256531
256532
256533
256534
256535
256592
256593
256594
256595
256596
256597
256598
256599
256600
256657
256658
256659
256660
256661
256662
256663
256664
256665
260185
260186
260187
260188
260189
260249
260250
260251
260252
260253
260254
260314
260315
260316
260317
260318
260319
260379
260380
260381
260382
260383
260384
260444
260445
260446
260447
260448
260449
260510
260511
260512
260513
)


// ************************************************************************* //
