/*--------------------------------*- C++ -*----------------------------------*\
  =========                 |
  \\      /  F ield         | OpenFOAM: The Open Source CFD Toolbox
   \\    /   O peration     | Website:  https://openfoam.org
    \\  /    A nd           | Version:  6
     \\/     M anipulation  |
\*---------------------------------------------------------------------------*/
FoamFile
{
    version     2.0;
    format      ascii;
    class       faceList;
    location    "constant/region54/polyMesh";
    object      faces;
}
// * * * * * * * * * * * * * * * * * * * * * * * * * * * * * * * * * * * * * //


54
(
4(7 8 12 11)
4(10 11 15 14)
4(8 12 24 20)
4(11 23 24 12)
4(19 20 24 23)
4(20 21 25 24)
4(11 15 27 23)
4(14 26 27 15)
4(23 24 28 27)
4(26 27 30 29)
4(20 24 35 32)
4(23 34 35 24)
4(0 1 8 7)
4(7 8 20 19)
4(19 20 32 31)
4(8 9 21 20)
4(20 21 33 32)
4(2 10 14 5)
4(10 22 26 14)
4(14 26 29 17)
4(26 37 40 29)
4(0 7 11 3)
4(2 3 11 10)
4(7 19 23 11)
4(10 11 23 22)
4(22 23 27 26)
4(19 31 34 23)
4(31 32 35 34)
4(32 33 36 35)
4(23 34 38 27)
4(26 27 38 37)
4(34 35 39 38)
4(37 38 41 40)
4(0 3 4 1)
4(2 5 6 3)
4(1 4 12 8)
4(3 11 12 4)
4(8 12 13 9)
4(3 6 15 11)
4(5 14 15 6)
4(11 15 16 12)
4(14 17 18 15)
4(9 13 25 21)
4(12 24 25 13)
4(12 16 28 24)
4(15 27 28 16)
4(15 18 30 27)
4(17 29 30 18)
4(21 25 36 33)
4(24 35 36 25)
4(24 28 39 35)
4(27 38 39 28)
4(27 30 41 38)
4(29 40 41 30)
)


// ************************************************************************* //
