/*--------------------------------*- C++ -*----------------------------------*\
  =========                 |
  \\      /  F ield         | OpenFOAM: The Open Source CFD Toolbox
   \\    /   O peration     | Website:  https://openfoam.org
    \\  /    A nd           | Version:  6
     \\/     M anipulation  |
\*---------------------------------------------------------------------------*/
FoamFile
{
    version     2.0;
    format      ascii;
    class       labelList;
    location    "constant/region505/polyMesh";
    object      faceRegionAddressing;
}
// * * * * * * * * * * * * * * * * * * * * * * * * * * * * * * * * * * * * * //


270
(
680664
680665
680666
680668
680669
680846
680847
680848
680849
680850
680851
680853
692636
692637
692638
692640
692641
692824
692825
692826
692827
692828
692829
692830
692831
692832
692834
692835
693006
693007
693008
693009
693010
693011
693012
693013
693015
704793
704794
704795
704796
704797
704798
704799
704800
704801
704803
704804
704981
704982
704983
704984
704985
704986
704987
704988
704989
704990
704991
704992
704994
704995
705164
705165
705166
705167
705168
705169
705170
705171
705172
705173
705175
716953
716954
716955
716956
716957
716958
716959
716960
716961
716963
717138
717139
717140
717141
717142
717143
717144
717145
717146
717147
717148
717149
717150
717151
717152
717154
717324
717325
717326
717327
717328
717329
717330
717331
717332
717333
729113
729114
729116
729117
729120
729298
729299
729301
729302
729303
729304
729305
729306
729307
729308
729309
729311
729484
729485
729486
729487
729488
729489
729490
729491
729493
741461
741462
741464
741465
741468
741644
741646
741648
741650
900858
900859
900860
900861
900920
900921
900922
900923
900924
900925
900984
900985
900986
900987
900988
900989
901048
901049
901050
901051
901052
901053
901112
901113
901114
901115
901116
901117
901177
901178
901179
-680474
-680477
-680478
-680661
-680662
-680844
-692446
-692449
-692633
-692634
-692635
-692821
-692822
-692823
-693004
-693005
-704603
-704606
-704609
-704612
-704790
-704791
-704978
-704979
-704980
-705162
-716763
-716766
-716769
-716772
-716948
-716950
-716951
-717135
-717322
-728923
-728926
-728929
-729108
-729110
-729111
729115
-741271
-741274
-668506
-668509
-668687
-668689
-668691
-668693
-680481
680667
-680671
-680672
-680675
680852
-680855
692639
-692643
-692644
692833
693014
704802
704993
705174
716962
716964
717153
717155
717334
717335
729118
729119
729121
-729295
729300
729310
729312
-729482
729492
-741277
-741458
-741459
741463
741466
741467
741469
-741471
-741642
741645
741647
741649
741651
741652
741653
)


// ************************************************************************* //
