/*--------------------------------*- C++ -*----------------------------------*\
  =========                 |
  \\      /  F ield         | OpenFOAM: The Open Source CFD Toolbox
   \\    /   O peration     | Website:  https://openfoam.org
    \\  /    A nd           | Version:  6
     \\/     M anipulation  |
\*---------------------------------------------------------------------------*/
FoamFile
{
    version     2.0;
    format      ascii;
    class       faceList;
    location    "constant/region505/polyMesh";
    object      faces;
}
// * * * * * * * * * * * * * * * * * * * * * * * * * * * * * * * * * * * * * //


270
(
4(1 5 23 17)
4(4 22 23 5)
4(16 17 23 22)
4(5 23 24 6)
4(17 18 24 23)
4(4 9 28 22)
4(21 22 28 27)
4(5 10 29 23)
4(22 23 29 28)
4(6 11 30 24)
4(23 24 30 29)
4(24 25 31 30)
4(14 18 41 35)
4(17 40 41 18)
4(34 35 41 40)
4(18 41 42 19)
4(35 36 42 41)
4(17 23 47 40)
4(22 46 47 23)
4(39 40 47 46)
4(18 24 48 41)
4(23 47 48 24)
4(40 41 48 47)
4(19 25 49 42)
4(24 48 49 25)
4(41 42 49 48)
4(25 49 50 26)
4(42 43 50 49)
4(22 28 53 46)
4(45 46 53 52)
4(23 29 54 47)
4(46 47 54 53)
4(24 30 55 48)
4(47 48 55 54)
4(25 31 56 49)
4(48 49 56 55)
4(49 50 57 56)
4(34 40 66 59)
4(39 65 66 40)
4(58 59 66 65)
4(35 41 67 60)
4(40 66 67 41)
4(59 60 67 66)
4(36 42 68 61)
4(41 67 68 42)
4(60 61 68 67)
4(42 68 69 43)
4(61 62 69 68)
4(39 46 72 65)
4(45 71 72 46)
4(64 65 72 71)
4(40 47 73 66)
4(46 72 73 47)
4(65 66 73 72)
4(41 48 74 67)
4(47 73 74 48)
4(66 67 74 73)
4(42 49 75 68)
4(48 74 75 49)
4(67 68 75 74)
4(49 75 76 50)
4(68 69 76 75)
4(45 52 78 71)
4(70 71 78 77)
4(46 53 79 72)
4(71 72 79 78)
4(47 54 80 73)
4(72 73 80 79)
4(48 55 81 74)
4(73 74 81 80)
4(49 56 82 75)
4(74 75 82 81)
4(75 76 83 82)
4(59 66 92 85)
4(65 91 92 66)
4(84 85 92 91)
4(60 67 93 86)
4(66 92 93 67)
4(85 86 93 92)
4(61 68 94 87)
4(67 93 94 68)
4(86 87 94 93)
4(68 94 95 69)
4(64 71 97 90)
4(70 96 97 71)
4(89 90 97 96)
4(65 72 98 91)
4(71 97 98 72)
4(90 91 98 97)
4(66 73 99 92)
4(72 98 99 73)
4(91 92 99 98)
4(67 74 100 93)
4(73 99 100 74)
4(92 93 100 99)
4(68 75 101 94)
4(74 100 101 75)
4(93 94 101 100)
4(75 101 102 76)
4(71 78 104 97)
4(96 97 104 103)
4(72 79 105 98)
4(97 98 105 104)
4(73 80 106 99)
4(98 99 106 105)
4(74 81 107 100)
4(99 100 107 106)
4(75 82 108 101)
4(100 101 108 107)
4(85 92 117 111)
4(91 116 117 92)
4(86 93 118 112)
4(92 117 118 93)
4(93 118 119 94)
4(90 97 121 115)
4(96 120 121 97)
4(91 98 122 116)
4(97 121 122 98)
4(115 116 122 121)
4(92 99 123 117)
4(98 122 123 99)
4(116 117 123 122)
4(93 100 124 118)
4(99 123 124 100)
4(117 118 124 123)
4(100 124 125 101)
4(97 104 127 121)
4(120 121 127 126)
4(98 105 128 122)
4(121 122 128 127)
4(99 106 129 123)
4(122 123 129 128)
4(100 107 130 124)
4(123 124 130 129)
4(124 125 131 130)
4(116 122 138 133)
4(121 137 138 122)
4(117 123 139 134)
4(122 138 139 123)
4(123 139 140 124)
4(121 127 143 137)
4(122 128 144 138)
4(123 129 145 139)
4(124 130 146 140)
4(51 77 78 52)
4(77 103 104 78)
4(103 126 127 104)
4(126 142 143 127)
4(8 27 28 9)
4(27 52 53 28)
4(52 78 79 53)
4(78 104 105 79)
4(104 127 128 105)
4(127 143 144 128)
4(9 28 29 10)
4(28 53 54 29)
4(53 79 80 54)
4(79 105 106 80)
4(105 128 129 106)
4(128 144 145 129)
4(10 29 30 11)
4(29 54 55 30)
4(54 80 81 55)
4(80 106 107 81)
4(106 129 130 107)
4(129 145 146 130)
4(11 30 31 12)
4(30 55 56 31)
4(55 81 82 56)
4(81 107 108 82)
4(107 130 131 108)
4(130 146 147 131)
4(31 56 57 32)
4(56 82 83 57)
4(82 108 109 83)
4(0 1 17 16)
4(1 2 18 17)
4(13 17 18 14)
4(0 16 22 4)
4(3 4 22 21)
4(3 21 27 8)
4(13 14 35 34)
4(14 15 36 35)
4(13 34 40 17)
4(16 17 40 39)
4(33 39 40 34)
4(16 39 46 22)
4(21 22 46 45)
4(38 45 46 39)
4(21 45 52 27)
4(44 51 52 45)
4(33 34 59 58)
4(34 35 60 59)
4(35 36 61 60)
4(36 37 62 61)
4(33 58 65 39)
4(38 39 65 64)
4(38 64 71 45)
4(44 45 71 70)
4(63 70 71 64)
4(44 70 77 51)
4(58 59 85 84)
4(59 60 86 85)
4(60 61 87 86)
4(61 62 88 87)
4(63 64 90 89)
4(58 84 91 65)
4(64 65 91 90)
4(63 89 96 70)
4(70 96 103 77)
4(84 85 111 110)
4(85 86 112 111)
4(86 87 113 112)
4(89 90 115 114)
4(84 110 116 91)
4(90 91 116 115)
4(110 111 117 116)
4(115 116 133 132)
4(116 117 134 133)
4(0 4 5 1)
4(1 5 6 2)
4(3 8 9 4)
4(4 9 10 5)
4(5 10 11 6)
4(6 11 12 7)
4(14 18 19 15)
4(2 6 24 18)
4(6 7 25 24)
4(18 24 25 19)
4(19 25 26 20)
4(7 12 31 25)
4(25 31 32 26)
4(15 19 42 36)
4(19 20 43 42)
4(36 42 43 37)
4(20 26 50 43)
4(26 32 57 50)
4(37 43 69 62)
4(43 50 76 69)
4(50 57 83 76)
4(62 69 95 88)
4(87 88 95 94)
4(69 76 102 95)
4(94 95 102 101)
4(76 83 109 102)
4(101 102 109 108)
4(111 112 118 117)
4(87 94 119 113)
4(112 113 119 118)
4(89 114 120 96)
4(114 115 121 120)
4(94 101 125 119)
4(118 119 125 124)
4(96 120 126 103)
4(101 108 131 125)
4(117 118 135 134)
4(115 132 137 121)
4(120 121 137 136)
4(132 133 138 137)
4(133 134 139 138)
4(118 124 140 135)
4(134 135 140 139)
4(124 125 141 140)
4(120 136 142 126)
4(136 137 143 142)
4(137 138 144 143)
4(138 139 145 144)
4(139 140 146 145)
4(125 131 147 141)
4(140 141 147 146)
)


// ************************************************************************* //
