/*--------------------------------*- C++ -*----------------------------------*\
  =========                 |
  \\      /  F ield         | OpenFOAM: The Open Source CFD Toolbox
   \\    /   O peration     | Website:  https://openfoam.org
    \\  /    A nd           | Version:  6
     \\/     M anipulation  |
\*---------------------------------------------------------------------------*/
FoamFile
{
    version     2.0;
    format      ascii;
    class       labelList;
    note        "nPoints:148  nCells:69  nFaces:270  nInternalFaces:144";
    location    "constant/region505/polyMesh";
    object      owner;
}
// * * * * * * * * * * * * * * * * * * * * * * * * * * * * * * * * * * * * * //


270
(
0
0
0
1
1
2
2
3
3
4
4
5
6
6
6
7
7
8
8
8
9
9
9
10
10
10
11
11
12
12
13
13
14
14
15
15
16
17
17
17
18
18
18
19
19
19
20
20
21
21
21
22
22
22
23
23
23
24
24
24
25
25
26
26
27
27
28
28
29
29
30
30
31
32
32
32
33
33
33
34
34
34
35
36
36
36
37
37
37
38
38
38
39
39
39
40
40
40
41
42
42
43
43
44
44
45
45
46
46
48
48
49
49
50
51
51
52
52
52
53
53
53
54
54
54
55
56
56
57
57
58
58
59
59
60
61
61
62
62
63
64
65
66
67
26
42
56
64
2
12
27
43
57
65
3
13
28
44
58
66
4
14
29
45
59
67
5
15
30
46
60
68
16
31
47
0
1
6
0
2
2
6
7
6
8
17
8
12
21
12
26
17
18
19
20
17
21
21
26
36
26
32
33
34
35
36
32
37
36
42
48
49
50
51
48
52
48
61
62
0
1
2
3
4
5
7
1
5
10
11
5
16
7
11
20
11
16
20
25
31
35
35
41
41
47
47
49
50
50
51
51
55
55
56
60
63
61
64
61
62
63
63
68
64
64
65
66
67
68
68
)


// ************************************************************************* //
