/*--------------------------------*- C++ -*----------------------------------*\
  =========                 |
  \\      /  F ield         | OpenFOAM: The Open Source CFD Toolbox
   \\    /   O peration     | Website:  https://openfoam.org
    \\  /    A nd           | Version:  6
     \\/     M anipulation  |
\*---------------------------------------------------------------------------*/
FoamFile
{
    version     2.0;
    format      ascii;
    class       vectorField;
    location    "constant/region505/polyMesh";
    object      points;
}
// * * * * * * * * * * * * * * * * * * * * * * * * * * * * * * * * * * * * * //


148
(
(4.55e-07 4.03e-06 3.575e-06)
(5.2e-07 4.03e-06 3.575e-06)
(5.849999999999999e-07 4.03e-06 3.575e-06)
(3.899999999999999e-07 4.095e-06 3.575e-06)
(4.55e-07 4.095e-06 3.575e-06)
(5.2e-07 4.095e-06 3.575e-06)
(5.849999999999999e-07 4.095000000000001e-06 3.575e-06)
(6.5e-07 4.095e-06 3.575e-06)
(3.899999999999999e-07 4.16e-06 3.575e-06)
(4.55e-07 4.16e-06 3.575e-06)
(5.2e-07 4.16e-06 3.575e-06)
(5.849999999999999e-07 4.16e-06 3.575e-06)
(6.5e-07 4.16e-06 3.575e-06)
(5.2e-07 3.964999999999999e-06 3.64e-06)
(5.849999999999999e-07 3.965e-06 3.64e-06)
(6.5e-07 3.965e-06 3.64e-06)
(4.549999999999999e-07 4.03e-06 3.64e-06)
(5.2e-07 4.03e-06 3.64e-06)
(5.849999999999999e-07 4.03e-06 3.64e-06)
(6.5e-07 4.03e-06 3.64e-06)
(7.150000000000001e-07 4.03e-06 3.64e-06)
(3.899999999999999e-07 4.095000000000001e-06 3.64e-06)
(4.55e-07 4.095e-06 3.64e-06)
(5.2e-07 4.095000000000001e-06 3.64e-06)
(5.849999999999999e-07 4.095000000000001e-06 3.64e-06)
(6.500000000000001e-07 4.095000000000001e-06 3.64e-06)
(7.150000000000001e-07 4.095e-06 3.64e-06)
(3.899999999999999e-07 4.16e-06 3.64e-06)
(4.55e-07 4.16e-06 3.64e-06)
(5.2e-07 4.16e-06 3.64e-06)
(5.849999999999999e-07 4.16e-06 3.64e-06)
(6.5e-07 4.16e-06 3.64e-06)
(7.150000000000001e-07 4.16e-06 3.64e-06)
(4.55e-07 3.964999999999999e-06 3.705e-06)
(5.2e-07 3.964999999999999e-06 3.704999999999999e-06)
(5.849999999999999e-07 3.964999999999999e-06 3.705e-06)
(6.5e-07 3.964999999999999e-06 3.705000000000001e-06)
(7.149999999999999e-07 3.964999999999999e-06 3.705e-06)
(3.899999999999999e-07 4.03e-06 3.704999999999999e-06)
(4.55e-07 4.030000000000001e-06 3.705e-06)
(5.2e-07 4.03e-06 3.705e-06)
(5.849999999999999e-07 4.03e-06 3.705e-06)
(6.5e-07 4.03e-06 3.704999999999999e-06)
(7.150000000000001e-07 4.030000000000001e-06 3.704999999999999e-06)
(3.250000000000001e-07 4.095000000000001e-06 3.705000000000001e-06)
(3.899999999999999e-07 4.095000000000001e-06 3.705e-06)
(4.55e-07 4.095e-06 3.705000000000001e-06)
(5.2e-07 4.095000000000001e-06 3.705e-06)
(5.849999999999999e-07 4.095000000000001e-06 3.705000000000001e-06)
(6.500000000000001e-07 4.095000000000001e-06 3.704999999999999e-06)
(7.150000000000001e-07 4.095e-06 3.705000000000001e-06)
(3.25e-07 4.16e-06 3.705e-06)
(3.899999999999999e-07 4.16e-06 3.705e-06)
(4.55e-07 4.16e-06 3.705e-06)
(5.2e-07 4.16e-06 3.705e-06)
(5.849999999999999e-07 4.16e-06 3.705e-06)
(6.5e-07 4.16e-06 3.705e-06)
(7.150000000000001e-07 4.16e-06 3.705e-06)
(4.55e-07 3.964999999999999e-06 3.77e-06)
(5.2e-07 3.964999999999999e-06 3.77e-06)
(5.849999999999999e-07 3.964999999999999e-06 3.769999999999999e-06)
(6.5e-07 3.965e-06 3.77e-06)
(7.149999999999999e-07 3.964999999999999e-06 3.769999999999999e-06)
(3.25e-07 4.03e-06 3.77e-06)
(3.899999999999999e-07 4.03e-06 3.769999999999999e-06)
(4.55e-07 4.03e-06 3.77e-06)
(5.2e-07 4.03e-06 3.77e-06)
(5.849999999999999e-07 4.03e-06 3.769999999999999e-06)
(6.5e-07 4.03e-06 3.77e-06)
(7.150000000000001e-07 4.03e-06 3.77e-06)
(3.25e-07 4.095e-06 3.77e-06)
(3.899999999999999e-07 4.095000000000001e-06 3.77e-06)
(4.55e-07 4.095e-06 3.77e-06)
(5.2e-07 4.095e-06 3.77e-06)
(5.849999999999999e-07 4.095000000000001e-06 3.770000000000001e-06)
(6.5e-07 4.095e-06 3.770000000000001e-06)
(7.149999999999999e-07 4.095e-06 3.77e-06)
(3.25e-07 4.16e-06 3.77e-06)
(3.899999999999999e-07 4.16e-06 3.769999999999999e-06)
(4.55e-07 4.16e-06 3.77e-06)
(5.2e-07 4.16e-06 3.77e-06)
(5.849999999999999e-07 4.16e-06 3.769999999999999e-06)
(6.5e-07 4.16e-06 3.770000000000001e-06)
(7.150000000000001e-07 4.16e-06 3.769999999999999e-06)
(4.55e-07 3.965e-06 3.835e-06)
(5.2e-07 3.964999999999999e-06 3.835000000000001e-06)
(5.849999999999999e-07 3.964999999999999e-06 3.835e-06)
(6.5e-07 3.965e-06 3.835e-06)
(7.149999999999999e-07 3.964999999999999e-06 3.835000000000001e-06)
(3.25e-07 4.03e-06 3.835e-06)
(3.899999999999999e-07 4.03e-06 3.835e-06)
(4.55e-07 4.03e-06 3.835e-06)
(5.2e-07 4.03e-06 3.835e-06)
(5.849999999999999e-07 4.03e-06 3.835e-06)
(6.5e-07 4.03e-06 3.835000000000001e-06)
(7.150000000000001e-07 4.030000000000001e-06 3.835e-06)
(3.25e-07 4.095000000000001e-06 3.835e-06)
(3.899999999999999e-07 4.095e-06 3.835e-06)
(4.55e-07 4.095e-06 3.835000000000001e-06)
(5.2e-07 4.095e-06 3.835e-06)
(5.849999999999999e-07 4.095000000000001e-06 3.835000000000001e-06)
(6.5e-07 4.095000000000001e-06 3.835e-06)
(7.150000000000001e-07 4.095e-06 3.835000000000001e-06)
(3.25e-07 4.16e-06 3.835e-06)
(3.899999999999999e-07 4.16e-06 3.835e-06)
(4.55e-07 4.16e-06 3.835000000000001e-06)
(5.2e-07 4.16e-06 3.835e-06)
(5.849999999999999e-07 4.16e-06 3.835e-06)
(6.5e-07 4.16e-06 3.835000000000001e-06)
(7.150000000000001e-07 4.16e-06 3.835000000000001e-06)
(4.55e-07 3.964999999999999e-06 3.9e-06)
(5.2e-07 3.965000000000001e-06 3.9e-06)
(5.849999999999999e-07 3.965000000000001e-06 3.9e-06)
(6.5e-07 3.964999999999999e-06 3.9e-06)
(3.25e-07 4.03e-06 3.9e-06)
(3.899999999999999e-07 4.03e-06 3.9e-06)
(4.55e-07 4.03e-06 3.9e-06)
(5.2e-07 4.03e-06 3.9e-06)
(5.849999999999999e-07 4.03e-06 3.9e-06)
(6.5e-07 4.03e-06 3.9e-06)
(3.25e-07 4.095000000000001e-06 3.9e-06)
(3.899999999999999e-07 4.095000000000001e-06 3.900000000000001e-06)
(4.55e-07 4.095e-06 3.9e-06)
(5.2e-07 4.095e-06 3.900000000000001e-06)
(5.849999999999999e-07 4.095000000000001e-06 3.9e-06)
(6.5e-07 4.095000000000001e-06 3.9e-06)
(3.25e-07 4.16e-06 3.9e-06)
(3.899999999999999e-07 4.16e-06 3.9e-06)
(4.55e-07 4.16e-06 3.9e-06)
(5.2e-07 4.16e-06 3.900000000000001e-06)
(5.849999999999999e-07 4.16e-06 3.9e-06)
(6.5e-07 4.16e-06 3.9e-06)
(3.899999999999999e-07 4.03e-06 3.965e-06)
(4.55e-07 4.030000000000001e-06 3.964999999999999e-06)
(5.2e-07 4.03e-06 3.965e-06)
(5.849999999999999e-07 4.03e-06 3.965000000000001e-06)
(3.250000000000001e-07 4.095e-06 3.965e-06)
(3.899999999999999e-07 4.095e-06 3.964999999999999e-06)
(4.55e-07 4.095e-06 3.965e-06)
(5.2e-07 4.095e-06 3.964999999999999e-06)
(5.849999999999999e-07 4.095e-06 3.965e-06)
(6.500000000000001e-07 4.095e-06 3.965e-06)
(3.25e-07 4.16e-06 3.965e-06)
(3.899999999999999e-07 4.16e-06 3.964999999999999e-06)
(4.55e-07 4.16e-06 3.965e-06)
(5.2e-07 4.16e-06 3.964999999999999e-06)
(5.849999999999999e-07 4.16e-06 3.965000000000001e-06)
(6.5e-07 4.16e-06 3.965e-06)
)


// ************************************************************************* //
