/*--------------------------------*- C++ -*----------------------------------*\
  =========                 |
  \\      /  F ield         | OpenFOAM: The Open Source CFD Toolbox
   \\    /   O peration     | Website:  https://openfoam.org
    \\  /    A nd           | Version:  6
     \\/     M anipulation  |
\*---------------------------------------------------------------------------*/
FoamFile
{
    version     2.0;
    format      ascii;
    class       labelList;
    location    "constant/region30/polyMesh";
    object      cellRegionAddressing;
}
// * * * * * * * * * * * * * * * * * * * * * * * * * * * * * * * * * * * * * //


5034
(
7232
11200
11264
11265
11328
11329
11392
11393
11456
15296
15360
15361
15424
15425
15488
15489
15552
15553
15616
19392
19456
19457
19520
19521
19584
19585
19648
19649
19712
19713
19776
19777
19840
19841
19904
23424
23488
23489
23552
23553
23616
23617
23680
23681
23744
23745
23808
23809
23810
23872
23873
23874
23936
23937
23938
24000
24001
24002
24064
24065
24066
27392
27393
27456
27457
27520
27521
27584
27585
27648
27649
27712
27713
27776
27777
27840
27841
27904
27905
27906
27968
27969
27970
27971
28032
28033
28034
28035
28096
28097
28098
28099
28100
28160
28161
28162
28163
28164
28224
28225
28226
28227
31425
31488
31489
31490
31552
31553
31554
31616
31617
31680
31681
31744
31745
31808
31809
31872
31873
31936
31937
32000
32001
32002
32064
32065
32066
32067
32128
32129
32130
32131
32132
32192
32193
32194
32195
32196
32197
32256
32257
32258
32259
32260
32261
32320
32321
32322
32323
32324
32384
32385
32386
32387
35521
35584
35585
35648
35649
35712
35713
35776
35777
35840
35904
35968
36032
36033
36096
36097
36098
36099
36160
36161
36162
36163
36164
36224
36225
36226
36227
36228
36229
36288
36289
36290
36291
36292
36293
36294
36352
36353
36354
36355
36356
36357
36358
36416
36417
36418
36419
36420
36421
36480
36481
36482
36483
36484
36485
36544
36545
36546
36547
39745
39809
39821
39822
39885
39886
39887
39949
39950
39951
39952
40064
40128
40129
40130
40131
40192
40193
40194
40195
40196
40256
40257
40258
40259
40260
40261
40262
40320
40321
40322
40323
40324
40325
40326
40327
40384
40385
40386
40387
40388
40389
40390
40391
40392
40448
40449
40450
40451
40452
40453
40454
40455
40456
40512
40513
40514
40515
40516
40517
40518
40519
40576
40577
40578
40579
40580
40581
40582
40583
40640
40641
40642
40643
40644
40645
40706
40707
43853
43854
43917
43918
43919
43981
43982
43983
43984
44045
44046
44047
44048
44049
44109
44110
44111
44112
44161
44162
44224
44225
44226
44227
44228
44288
44289
44290
44291
44292
44293
44352
44353
44354
44355
44356
44357
44358
44359
44416
44417
44418
44419
44420
44421
44422
44423
44424
44480
44481
44482
44483
44484
44485
44486
44487
44488
44544
44545
44546
44547
44548
44549
44550
44551
44552
44553
44608
44609
44610
44611
44612
44613
44614
44615
44616
44672
44673
44674
44675
44676
44677
44678
44679
44680
44737
44738
44739
44740
44741
44742
44743
44802
44803
44804
44805
44806
47949
47950
48013
48014
48015
48016
48077
48078
48079
48080
48141
48142
48143
48144
48145
48205
48206
48207
48208
48209
48257
48258
48259
48270
48271
48320
48321
48322
48323
48324
48325
48384
48385
48386
48387
48388
48389
48390
48448
48449
48450
48451
48452
48453
48454
48455
48512
48513
48514
48515
48516
48517
48518
48519
48520
48576
48577
48578
48579
48580
48581
48582
48583
48584
48585
48640
48641
48642
48643
48644
48645
48646
48647
48648
48649
48704
48705
48706
48707
48708
48709
48710
48711
48712
48768
48769
48770
48771
48772
48773
48774
48775
48776
48833
48834
48835
48836
48837
48838
48839
48840
48898
48899
48900
48901
48902
48903
48964
48965
52045
52046
52047
52109
52110
52111
52112
52173
52174
52175
52176
52237
52238
52239
52240
52301
52302
52303
52304
52353
52354
52355
52356
52365
52366
52367
52416
52417
52418
52419
52420
52421
52480
52481
52482
52483
52484
52485
52486
52487
52544
52545
52546
52547
52548
52549
52550
52551
52608
52609
52610
52611
52612
52613
52614
52615
52616
52672
52673
52674
52675
52676
52677
52678
52679
52680
52736
52737
52738
52739
52740
52741
52742
52743
52744
52745
52800
52801
52802
52803
52804
52805
52806
52807
52808
52864
52865
52866
52867
52868
52869
52870
52871
52872
52929
52930
52931
52932
52933
52934
52935
52936
52994
52995
52996
52997
52998
52999
53060
53061
53062
56141
56142
56143
56144
56205
56206
56207
56208
56269
56270
56271
56272
56333
56334
56335
56336
56397
56398
56399
56450
56451
56452
56453
56513
56514
56515
56516
56517
56518
56576
56577
56578
56579
56580
56581
56582
56583
56640
56641
56642
56643
56644
56645
56646
56647
56648
56704
56705
56706
56707
56708
56709
56710
56711
56712
56768
56769
56770
56771
56772
56773
56774
56775
56776
56832
56833
56834
56835
56836
56837
56838
56839
56840
56841
56896
56897
56898
56899
56900
56901
56902
56903
56904
56960
56961
56962
56963
56964
56965
56966
56967
56968
57025
57026
57027
57028
57029
57030
57031
57032
57090
57091
57092
57093
57094
57095
57156
57157
57158
60096
60160
60161
60224
60237
60238
60239
60240
60241
60301
60302
60303
60304
60365
60366
60367
60368
60429
60430
60431
60494
60547
60548
60549
60609
60610
60611
60612
60613
60614
60672
60673
60674
60675
60676
60677
60678
60679
60736
60737
60738
60739
60740
60741
60742
60743
60800
60801
60802
60803
60804
60805
60806
60807
60808
60864
60865
60866
60867
60868
60869
60870
60871
60872
60928
60929
60930
60931
60932
60933
60934
60935
60936
60937
60992
60993
60994
60995
60996
60997
60998
60999
61000
61056
61057
61058
61059
61060
61061
61062
61063
61064
61121
61122
61123
61124
61125
61126
61127
61128
61186
61187
61188
61189
61190
61191
61251
61252
61253
61254
61255
61317
64128
64129
64192
64193
64194
64256
64257
64258
64320
64321
64322
64333
64334
64335
64336
64337
64384
64385
64386
64387
64397
64398
64399
64400
64401
64448
64449
64450
64461
64462
64463
64464
64465
64512
64513
64525
64526
64527
64528
64643
64644
64645
64706
64707
64708
64709
64710
64769
64770
64771
64772
64773
64774
64832
64833
64834
64835
64836
64837
64838
64839
64896
64897
64898
64899
64900
64901
64902
64903
64960
64961
64962
64963
64964
64965
64966
64967
64968
65024
65025
65026
65027
65028
65029
65030
65031
65032
65088
65089
65090
65091
65092
65093
65094
65095
65096
65152
65153
65154
65155
65156
65157
65158
65159
65160
65216
65217
65218
65219
65220
65221
65222
65223
65224
65282
65283
65284
65285
65286
65287
65347
65348
65349
65350
65351
65412
65413
65414
67532
68224
68225
68226
68288
68289
68290
68291
68352
68353
68354
68355
68366
68367
68368
68416
68417
68418
68419
68429
68430
68431
68432
68433
68480
68481
68482
68483
68493
68494
68495
68496
68497
68498
68544
68545
68546
68547
68557
68558
68559
68560
68561
68608
68609
68610
68611
68622
68623
68624
68625
68672
68673
68674
68675
68676
68736
68738
68739
68740
68741
68802
68803
68804
68805
68865
68866
68867
68868
68869
68870
68928
68929
68930
68931
68932
68933
68934
68992
68993
68994
68995
68996
68997
68998
69056
69057
69058
69059
69060
69061
69062
69120
69121
69122
69123
69124
69125
69126
69127
69184
69185
69186
69187
69188
69189
69190
69191
69248
69249
69250
69251
69252
69253
69254
69255
69256
69313
69314
69315
69316
69317
69318
69319
69320
69378
69379
69380
69381
69382
69383
69384
69443
69444
69445
69446
69447
69448
69508
69509
69510
69511
69512
69574
71501
71564
71565
71566
71627
71628
71629
71630
71691
71692
71693
71694
71695
71755
71756
71757
71758
71759
71820
71821
71822
72149
72150
72212
72213
72214
72215
72274
72275
72276
72277
72278
72320
72321
72322
72323
72337
72338
72339
72340
72341
72342
72384
72385
72386
72387
72388
72400
72401
72402
72403
72404
72405
72448
72449
72450
72451
72452
72462
72463
72464
72465
72466
72467
72468
72512
72513
72514
72515
72516
72525
72526
72527
72528
72529
72530
72531
72576
72577
72578
72579
72580
72589
72590
72591
72592
72593
72594
72595
72640
72641
72642
72643
72644
72645
72654
72655
72656
72657
72658
72704
72705
72706
72707
72708
72709
72710
72711
72717
72719
72720
72721
72768
72769
72770
72771
72772
72773
72774
72775
72776
72784
72785
72832
72833
72834
72835
72836
72837
72838
72839
72897
72898
72899
72900
72901
72902
72962
72963
72964
72965
72966
73025
73026
73027
73028
73029
73030
73089
73090
73091
73092
73093
73094
73153
73154
73155
73156
73157
73158
73217
73218
73219
73220
73221
73222
73281
73282
73283
73284
73285
73286
73345
73346
73347
73348
73349
73350
73351
73410
73411
73412
73413
73414
73415
73416
73474
73475
73476
73477
73478
73479
73480
73539
73540
73541
73542
73543
73544
73545
73546
73602
73603
73604
73605
73606
73607
73608
73609
73610
73611
73667
73668
73669
73670
73671
73672
73673
73674
75595
75596
75597
75598
75599
75659
75660
75661
75662
75663
75723
75724
75725
75726
75727
75728
75787
75788
75789
75790
75791
75851
75852
75853
75854
75855
75915
75916
75917
75918
75919
76243
76244
76245
76306
76307
76308
76309
76310
76369
76370
76371
76372
76373
76374
76417
76418
76419
76420
76432
76433
76434
76435
76436
76437
76438
76480
76481
76482
76483
76484
76485
76495
76496
76497
76498
76499
76500
76501
76502
76544
76545
76546
76547
76548
76549
76558
76559
76560
76561
76562
76563
76564
76565
76608
76609
76610
76611
76612
76613
76621
76622
76623
76624
76625
76626
76627
76628
76672
76673
76674
76675
76676
76677
76678
76684
76685
76686
76687
76688
76689
76690
76691
76692
76736
76737
76738
76739
76740
76741
76742
76743
76744
76745
76746
76747
76748
76749
76750
76751
76752
76753
76754
76755
76800
76801
76802
76803
76804
76805
76806
76807
76808
76809
76810
76811
76812
76813
76814
76815
76816
76817
76818
76819
76864
76865
76866
76867
76868
76869
76870
76871
76872
76873
76874
76875
76876
76877
76878
76879
76880
76881
76882
76928
76929
76930
76931
76932
76933
76934
76935
76936
76937
76938
76939
76992
76993
76994
76995
76996
76997
76998
76999
77000
77001
77058
77059
77060
77061
77062
77063
77064
77122
77123
77124
77125
77126
77127
77186
77187
77188
77189
77190
77250
77251
77252
77253
77314
77315
77316
77317
77378
77379
77380
77381
77443
77444
77445
77507
77508
77509
77510
77571
77572
77573
77574
77575
77576
77632
77633
77634
77635
77636
77637
77638
77639
77640
77641
77642
77696
77697
77698
77699
77700
77701
77702
77703
77704
77705
77706
77707
77760
77761
77762
77763
77764
77765
77766
77767
77768
77769
77770
77771
79691
79692
79693
79694
79695
79754
79755
79756
79757
79758
79759
79818
79819
79820
79821
79822
79823
79882
79883
79884
79885
79886
79887
79946
79947
79948
79949
79950
79951
80010
80011
80012
80013
80014
80076
80077
80339
80340
80402
80403
80404
80405
80406
80465
80466
80467
80468
80469
80470
80513
80514
80515
80516
80527
80528
80529
80530
80531
80532
80533
80534
80576
80577
80578
80579
80580
80581
80590
80591
80592
80593
80594
80595
80596
80597
80598
80640
80641
80642
80643
80644
80645
80646
80654
80655
80656
80657
80658
80659
80660
80661
80662
80704
80705
80706
80707
80708
80709
80710
80717
80718
80719
80720
80721
80722
80723
80724
80725
80726
80768
80769
80770
80771
80772
80773
80774
80775
80776
80777
80778
80779
80780
80781
80782
80783
80784
80785
80786
80787
80788
80789
80832
80833
80834
80835
80836
80837
80838
80839
80840
80841
80842
80843
80844
80845
80846
80847
80848
80849
80850
80851
80852
80896
80897
80898
80899
80900
80901
80902
80903
80904
80905
80906
80907
80908
80909
80910
80911
80912
80913
80914
80915
80916
80960
80961
80962
80963
80964
80965
80966
80967
80968
80969
80970
80971
80972
80973
80974
80975
80976
80977
80978
80979
80980
81024
81025
81026
81027
81028
81029
81030
81031
81032
81033
81034
81035
81036
81037
81038
81040
81041
81042
81043
81088
81089
81090
81091
81092
81093
81094
81095
81096
81097
81098
81099
81100
81101
81154
81155
81156
81157
81158
81159
81160
81161
81162
81163
81164
81218
81219
81220
81221
81222
81223
81224
81225
81226
81227
81282
81283
81284
81285
81286
81287
81288
81289
81347
81348
81349
81350
81351
81411
81412
81413
81414
81415
81476
81477
81664
81665
81668
81669
81670
81671
81672
81728
81729
81730
81731
81732
81733
81734
81735
81736
81737
81738
81792
81793
81794
81795
81796
81797
81798
81799
81800
81801
81802
81803
81856
81857
81858
81859
81860
81861
81862
81863
81864
81865
81866
81867
83786
83787
83788
83789
83790
83791
83850
83851
83852
83853
83854
83855
83913
83914
83915
83916
83917
83918
83919
83977
83978
83979
83980
83981
83982
83983
84041
84042
84043
84044
84045
84046
84047
84105
84106
84107
84108
84109
84110
84170
84171
84172
84173
84493
84494
84495
84496
84497
84498
84499
84500
84501
84502
84557
84558
84559
84560
84561
84562
84563
84564
84565
84566
84610
84611
84612
84621
84622
84623
84624
84625
84626
84627
84628
84629
84630
84673
84674
84675
84676
84677
84685
84686
84687
84688
84689
84690
84691
84692
84693
84694
84695
84736
84737
84738
84739
84740
84741
84742
84749
84750
84751
84752
84753
84754
84755
84756
84757
84758
84800
84801
84802
84803
84804
84805
84806
84807
84813
84814
84815
84816
84817
84818
84819
84820
84821
84822
84864
84865
84866
84867
84868
84869
84870
84871
84872
84873
84876
84877
84878
84879
84880
84881
84882
84883
84884
84885
84886
84928
84929
84930
84931
84932
84933
84934
84935
84936
84937
84938
84939
84940
84941
84942
84943
84944
84945
84946
84947
84948
84949
84992
84993
84994
84995
84996
84997
84998
84999
85000
85001
85002
85003
85004
85005
85006
85007
85008
85009
85010
85011
85012
85013
85056
85057
85058
85059
85060
85061
85062
85063
85064
85065
85066
85067
85068
85069
85070
85071
85072
85073
85074
85075
85076
85120
85121
85122
85123
85124
85125
85126
85127
85128
85129
85130
85131
85132
85133
85134
85135
85136
85137
85138
85139
85140
85184
85185
85186
85187
85188
85189
85190
85191
85192
85193
85194
85195
85196
85197
85198
85199
85200
85201
85202
85203
85249
85250
85251
85252
85253
85254
85255
85256
85257
85258
85259
85260
85261
85262
85263
85264
85265
85266
85314
85315
85316
85317
85318
85319
85320
85321
85322
85323
85324
85325
85378
85379
85380
85381
85382
85383
85384
85385
85386
85387
85442
85443
85444
85445
85446
85447
85448
85449
85450
85452
85506
85507
85508
85509
85510
85511
85512
85514
85570
85571
85572
85573
85574
85575
85634
85636
85637
85638
85696
85700
85701
85760
85761
85762
85763
85764
85765
85766
85824
85825
85826
85827
85828
85829
85830
85831
85832
85833
85888
85889
85890
85891
85892
85893
85894
85895
85896
85897
85898
85899
85952
85953
85954
85955
85956
85957
85958
85959
85960
85961
85962
85963
87882
87883
87884
87885
87945
87946
87947
87948
87949
87950
88009
88010
88011
88012
88013
88014
88072
88073
88074
88075
88076
88077
88078
88136
88137
88138
88139
88140
88141
88142
88200
88201
88202
88203
88204
88205
88206
88264
88265
88266
88267
88268
88269
88330
88331
88332
88333
88395
88396
88459
88460
88461
88462
88524
88525
88526
88527
88528
88529
88530
88531
88532
88588
88589
88590
88591
88592
88593
88594
88595
88596
88597
88598
88652
88653
88654
88655
88656
88657
88658
88659
88660
88661
88662
88663
88716
88717
88718
88719
88720
88721
88722
88723
88724
88725
88726
88727
88770
88771
88772
88773
88780
88781
88782
88783
88784
88785
88786
88787
88788
88789
88790
88791
88833
88834
88835
88836
88837
88838
88845
88846
88847
88848
88849
88850
88851
88852
88853
88854
88855
88896
88897
88898
88899
88900
88901
88902
88903
88909
88910
88911
88912
88913
88914
88915
88916
88917
88918
88919
88960
88961
88962
88963
88964
88965
88966
88967
88968
88973
88974
88975
88976
88977
88978
88979
88980
88981
88982
88983
89024
89025
89026
89027
89028
89029
89030
89031
89032
89033
89034
89037
89038
89039
89040
89041
89042
89043
89044
89045
89046
89088
89089
89090
89091
89092
89093
89094
89095
89096
89097
89098
89099
89100
89101
89102
89103
89104
89105
89106
89107
89108
89109
89110
89152
89153
89154
89155
89156
89157
89158
89159
89160
89161
89162
89163
89164
89165
89166
89167
89168
89169
89170
89171
89172
89173
89216
89217
89218
89219
89220
89221
89222
89223
89224
89225
89226
89227
89228
89229
89230
89231
89232
89233
89234
89235
89236
89237
89280
89281
89282
89283
89284
89285
89286
89287
89288
89289
89290
89291
89292
89293
89294
89295
89296
89297
89298
89299
89300
89345
89346
89347
89348
89349
89350
89351
89352
89353
89354
89355
89356
89357
89358
89359
89360
89361
89362
89363
89409
89410
89411
89412
89413
89414
89415
89416
89417
89418
89419
89420
89421
89422
89423
89424
89474
89475
89476
89477
89478
89479
89480
89481
89482
89483
89484
89485
89486
89487
89537
89538
89539
89540
89541
89542
89543
89544
89545
89546
89547
89548
89549
89550
89602
89603
89604
89605
89606
89607
89608
89609
89610
89611
89612
89613
89664
89665
89666
89667
89668
89669
89670
89671
89672
89673
89674
89675
89728
89729
89730
89731
89732
89733
89734
89735
89736
89737
89738
89792
89793
89794
89795
89796
89797
89798
89799
89800
89856
89857
89858
89859
89860
89861
89862
89863
89920
89921
89922
89923
89924
89925
89926
89927
89984
89985
89986
89987
89988
89989
89990
89991
89992
89993
90048
90049
90050
90051
90052
90053
90054
90055
90056
90057
90058
92041
92042
92043
92044
92045
92104
92105
92106
92107
92108
92109
92168
92169
92170
92171
92172
92173
92232
92233
92234
92235
92236
92237
92296
92297
92298
92299
92300
92301
92360
92361
92362
92363
92364
92365
92425
92426
92427
92428
92429
92430
92490
92491
92492
92493
92494
92555
92556
92557
92558
92559
92560
92619
92620
92621
92622
92623
92624
92625
92626
92627
92628
92629
92683
92684
92685
92686
92687
92688
92689
92690
92691
92692
92693
92694
92748
92749
92750
92751
92752
92753
92754
92755
92756
92757
92758
92759
92812
92813
92814
92815
92816
92817
92818
92819
92820
92821
92822
92823
92876
92877
92878
92879
92880
92881
92882
92883
92884
92885
92886
92887
92888
92932
92933
92941
92942
92943
92944
92945
92946
92947
92948
92949
92950
92951
92952
92995
92996
92997
93005
93006
93007
93008
93009
93010
93011
93012
93013
93014
93015
93058
93059
93060
93061
93069
93070
93071
93072
93073
93074
93075
93076
93077
93078
93079
93121
93122
93123
93124
93134
93135
93136
93137
93138
93139
93140
93141
93142
93143
93184
93185
93186
93187
93188
93189
93190
93191
93192
93193
93194
93198
93199
93200
93201
93202
93203
93204
93205
93206
93248
93249
93250
93251
93252
93253
93254
93255
93256
93257
93258
93259
93260
93261
93263
93264
93265
93266
93267
93268
93269
93270
93312
93313
93314
93315
93316
93317
93318
93319
93320
93321
93322
93323
93324
93325
93326
93327
93328
93329
93330
93331
93332
93333
93376
93377
93378
93379
93380
93381
93382
93383
93384
93385
93386
93387
93388
93389
93390
93391
93392
93393
93394
93395
93442
93443
93444
93445
93446
93447
93448
93449
93450
93451
93452
93453
93454
93455
93456
93457
93458
93506
93507
93508
93509
93510
93511
93512
93513
93514
93515
93516
93517
93518
93519
93520
93570
93571
93572
93573
93574
93575
93576
93577
93578
93579
93580
93581
93582
93583
93633
93634
93635
93636
93637
93638
93639
93640
93641
93642
93643
93644
93645
93646
93696
93697
93698
93699
93700
93701
93702
93703
93704
93705
93706
93707
93708
93709
93760
93761
93762
93763
93764
93765
93766
93767
93768
93769
93770
93771
93772
93824
93825
93826
93827
93828
93829
93830
93831
93832
93833
93834
93835
93888
93889
93890
93891
93892
93893
93894
93895
93896
93897
93952
93953
93954
93955
93956
93957
93958
93959
94016
94017
94018
94019
94020
94021
94022
94023
94080
94081
94082
94083
94084
94085
94086
94144
94145
94146
94147
94148
94149
94150
96137
96138
96139
96140
96200
96201
96202
96203
96204
96205
96264
96265
96266
96267
96268
96269
96328
96329
96330
96331
96332
96333
96392
96393
96394
96395
96396
96397
96457
96458
96459
96460
96461
96521
96522
96523
96524
96525
96526
96586
96587
96588
96589
96590
96591
96651
96652
96653
96654
96655
96656
96657
96658
96659
96660
96661
96715
96716
96717
96718
96719
96720
96721
96722
96723
96724
96725
96726
96780
96781
96782
96783
96784
96785
96786
96787
96788
96789
96790
96791
96844
96845
96846
96847
96848
96849
96850
96851
96852
96853
96854
96855
96908
96909
96910
96911
96912
96913
96914
96915
96916
96917
96918
96919
96920
96973
96974
96975
96976
96977
96978
96979
96980
96981
96982
96983
96984
97037
97038
97039
97040
97041
97042
97043
97044
97045
97046
97047
97048
97101
97102
97103
97104
97105
97106
97107
97108
97109
97110
97111
97112
97166
97167
97168
97169
97170
97171
97172
97173
97174
97175
97176
97230
97231
97232
97233
97234
97235
97236
97237
97238
97239
97295
97296
97297
97298
97299
97300
97301
97302
97303
97353
97354
97359
97360
97361
97362
97363
97364
97365
97366
97415
97416
97417
97418
97419
97420
97423
97424
97425
97426
97427
97428
97429
97478
97479
97480
97481
97482
97483
97484
97485
97486
97487
97488
97489
97490
97491
97540
97541
97542
97543
97544
97545
97546
97547
97548
97549
97550
97551
97603
97604
97605
97606
97607
97608
97609
97610
97611
97612
97613
97614
97615
97666
97667
97668
97669
97670
97671
97672
97673
97674
97675
97676
97677
97678
97728
97729
97730
97731
97732
97733
97734
97735
97736
97737
97738
97739
97740
97741
97792
97793
97794
97795
97796
97797
97798
97799
97800
97801
97802
97803
97804
97805
97856
97857
97858
97859
97860
97861
97862
97863
97864
97865
97866
97867
97868
97920
97921
97922
97923
97924
97925
97926
97927
97928
97929
97930
97984
97985
97986
97987
97988
97989
97990
97991
97992
98048
98049
98050
98051
98052
98053
98054
98112
98113
98114
98115
98116
98117
98176
98177
98178
98179
98180
98240
98241
98242
98243
100234
100297
100298
100299
100300
100360
100361
100362
100363
100364
100424
100425
100426
100427
100428
100488
100489
100490
100491
100492
100493
100553
100554
100555
100556
100557
100618
100619
100620
100621
100622
100682
100683
100684
100685
100686
100687
100688
100689
100690
100691
100747
100748
100749
100750
100751
100752
100753
100754
100755
100756
100757
100811
100812
100813
100814
100815
100816
100817
100818
100819
100820
100821
100822
100876
100877
100878
100879
100880
100881
100882
100883
100884
100885
100886
100887
100940
100941
100942
100943
100944
100945
100946
100947
100948
100949
100950
100951
101004
101005
101006
101007
101008
101009
101010
101011
101012
101013
101014
101015
101016
101069
101070
101071
101072
101073
101074
101075
101076
101077
101078
101079
101080
101133
101134
101135
101136
101137
101138
101139
101140
101141
101142
101143
101144
101198
101199
101200
101201
101202
101203
101204
101205
101206
101207
101208
101262
101263
101264
101265
101266
101267
101268
101269
101270
101271
101272
101326
101327
101328
101329
101330
101331
101332
101333
101334
101335
101391
101392
101393
101394
101395
101396
101397
101398
101399
101455
101456
101457
101458
101459
101460
101461
101462
101512
101513
101514
101515
101520
101521
101522
101523
101524
101525
101575
101576
101577
101578
101579
101580
101585
101637
101638
101639
101640
101641
101642
101643
101644
101645
101700
101701
101702
101703
101704
101705
101706
101707
101708
101709
101710
101763
101764
101765
101766
101767
101768
101769
101770
101771
101772
101773
101774
101824
101825
101826
101827
101828
101829
101830
101831
101832
101833
101834
101835
101836
101837
101888
101889
101890
101891
101892
101893
101894
101895
101896
101897
101898
101899
101900
101952
101953
101954
101955
101956
101957
101958
101959
101960
101961
101962
101963
102016
102017
102018
102019
102020
102021
102022
102023
102024
102025
102080
102081
102082
102083
102084
102085
102144
102145
102146
102147
102148
102208
102209
102210
102211
102272
102273
102274
102336
102337
104394
104395
104457
104458
104459
104460
104521
104522
104523
104524
104585
104586
104587
104588
104650
104651
104652
104653
104714
104715
104716
104717
104718
104719
104720
104779
104780
104781
104782
104783
104784
104785
104786
104787
104788
104789
104843
104844
104845
104846
104847
104848
104849
104850
104851
104852
104853
104854
104908
104909
104910
104911
104912
104913
104914
104915
104916
104917
104918
104972
104973
104974
104975
104976
104977
104978
104979
104980
104981
104982
104983
105036
105037
105038
105039
105040
105041
105042
105043
105044
105045
105046
105047
105101
105102
105103
105104
105105
105106
105107
105108
105109
105110
105111
105112
105165
105166
105167
105168
105169
105170
105171
105172
105173
105174
105175
105176
105230
105231
105232
105233
105234
105235
105236
105237
105238
105239
105240
105294
105295
105296
105297
105298
105299
105300
105301
105302
105303
105304
105358
105359
105360
105361
105362
105363
105364
105365
105366
105367
105368
105423
105424
105425
105426
105427
105428
105429
105430
105431
105487
105488
105489
105490
105491
105492
105493
105494
105495
105552
105553
105554
105555
105556
105557
105558
105610
105616
105617
105618
105619
105620
105672
105673
105674
105675
105676
105735
105736
105737
105738
105739
105740
105741
105797
105798
105799
105800
105801
105802
105803
105804
105805
105806
105860
105861
105862
105863
105864
105865
105866
105867
105868
105869
105870
105920
105921
105922
105923
105924
105925
105926
105927
105928
105929
105930
105931
105932
105933
105984
105985
105986
105987
105988
105989
105990
105991
105992
105993
105994
105995
105996
106048
106049
106050
106051
106052
106053
106054
106055
106056
106057
106058
106112
106113
106114
106115
106116
106117
106118
106176
106177
106178
106179
106180
106240
106241
106242
106243
106304
106305
106306
106368
106369
106432
108683
108684
108747
108748
108749
108811
108812
108813
108814
108815
108816
108817
108818
108819
108875
108876
108877
108878
108879
108880
108881
108882
108883
108884
108885
108939
108940
108941
108942
108943
108944
108945
108946
108947
108948
108949
108950
109004
109005
109006
109007
109008
109009
109010
109011
109012
109013
109014
109015
109068
109069
109070
109071
109072
109073
109074
109075
109076
109077
109078
109079
109133
109134
109135
109136
109137
109138
109139
109140
109141
109142
109143
109197
109198
109199
109200
109201
109202
109203
109204
109205
109206
109207
109208
109261
109262
109263
109264
109265
109266
109267
109268
109269
109270
109271
109272
109326
109327
109328
109329
109330
109331
109332
109333
109334
109335
109336
109390
109391
109392
109393
109394
109395
109396
109397
109398
109399
109400
109455
109456
109457
109458
109459
109460
109461
109462
109463
109464
109519
109520
109521
109522
109523
109524
109525
109526
109527
109583
109584
109585
109586
109587
109588
109589
109590
109591
109648
109649
109650
109651
109652
109653
109654
109713
109714
109715
109716
109769
109770
109771
109772
109773
109833
109834
109835
109836
109837
109838
109896
109897
109898
109899
109900
109901
109902
109958
109959
109960
109961
109962
109963
109964
109965
109966
110016
110017
110021
110022
110023
110024
110025
110026
110027
110028
110029
110080
110081
110082
110083
110084
110085
110086
110087
110088
110089
110090
110091
110092
110144
110145
110146
110147
110148
110149
110152
110153
110154
110208
110209
110210
110211
110212
110272
110273
110274
110275
110336
110337
110338
110400
110401
110464
112844
112845
112907
112908
112909
112910
112911
112912
112913
112914
112915
112916
112972
112973
112974
112975
112976
112977
112978
112979
112980
112981
113036
113037
113038
113039
113040
113041
113042
113043
113044
113045
113046
113100
113101
113102
113103
113104
113105
113106
113107
113108
113109
113110
113111
113165
113166
113167
113168
113169
113170
113171
113172
113173
113174
113175
113229
113230
113231
113232
113233
113234
113235
113236
113237
113238
113239
113293
113294
113295
113296
113297
113298
113299
113300
113301
113302
113303
113358
113359
113360
113361
113362
113363
113364
113365
113366
113367
113422
113423
113424
113425
113426
113427
113428
113429
113430
113431
113487
113488
113489
113490
113491
113492
113493
113494
113495
113551
113552
113553
113554
113555
113556
113557
113558
113559
113615
113616
113617
113618
113619
113620
113621
113622
113623
113680
113681
113682
113683
113684
113685
113686
113744
113745
113746
113747
113748
113749
113750
113809
113810
113811
113865
113866
113867
113868
113869
113870
113929
113930
113931
113932
113933
113934
113992
113993
113994
113995
113996
113997
113998
114056
114057
114058
114059
114060
114061
114062
114112
114113
114120
114121
114122
114123
114124
114125
114126
114176
114177
114178
114179
114185
114186
114187
114188
114240
114241
114242
114243
114304
114305
114306
114307
114368
114369
114370
114432
114433
114496
117004
117005
117006
117007
117008
117009
117010
117011
117068
117069
117070
117071
117072
117073
117074
117075
117076
117077
117132
117133
117134
117135
117136
117137
117138
117139
117140
117141
117142
117197
117198
117199
117200
117201
117202
117203
117204
117205
117206
117261
117262
117263
117264
117265
117266
117267
117268
117269
117270
117271
117325
117326
117327
117328
117329
117330
117331
117332
117333
117334
117335
117390
117391
117392
117393
117394
117395
117396
117397
117398
117399
117454
117455
117456
117457
117458
117459
117460
117461
117462
117463
117518
117519
117520
117521
117522
117523
117524
117525
117526
117527
117583
117584
117585
117586
117587
117588
117589
117590
117591
117647
117648
117649
117650
117651
117652
117653
117654
117655
117712
117713
117714
117715
117716
117717
117718
117719
117776
117777
117778
117779
117780
117781
117782
117840
117841
117842
117843
117844
117845
117898
117899
117900
117905
117906
117907
117961
117962
117963
117964
117965
117966
118024
118025
118026
118027
118028
118029
118030
118031
118088
118089
118090
118091
118092
118093
118094
118095
118153
118154
118155
118156
118157
118158
118159
118208
118217
118218
118219
118220
118221
118222
118223
118272
118273
118274
118336
118337
118338
118400
118401
118402
118464
118465
118528
118529
121101
121102
121103
121104
121105
121106
121107
121164
121165
121166
121167
121168
121169
121170
121171
121172
121173
121229
121230
121231
121232
121233
121234
121235
121236
121237
121293
121294
121295
121296
121297
121298
121299
121300
121301
121302
121357
121358
121359
121360
121361
121362
121363
121364
121365
121366
121422
121423
121424
121425
121426
121427
121428
121429
121430
121486
121487
121488
121489
121490
121491
121492
121493
121494
121550
121551
121552
121553
121554
121555
121556
121557
121558
121615
121616
121617
121618
121619
121620
121621
121622
121679
121680
121681
121682
121683
121684
121685
121686
121743
121744
121745
121746
121747
121748
121749
121750
121808
121809
121810
121811
121812
121813
121814
121872
121873
121874
121875
121876
121877
121878
121937
121938
121939
121940
121941
121994
121995
121996
121997
122002
122057
122058
122059
122060
122061
122062
122120
122121
122122
122123
122124
122125
122126
122127
122185
122186
122187
122188
122189
122190
122191
122249
122250
122251
122252
122253
122254
122255
122314
122315
122316
122317
122318
122319
122368
122380
122381
122432
122496
122497
122560
125197
125198
125199
125201
125202
125261
125262
125263
125264
125265
125266
125267
125325
125326
125327
125328
125329
125330
125331
125332
125333
125389
125390
125391
125392
125393
125394
125395
125396
125397
125453
125454
125455
125456
125457
125458
125459
125460
125461
125462
125518
125519
125520
125521
125522
125523
125524
125525
125526
125582
125583
125584
125585
125586
125587
125588
125589
125590
125647
125648
125649
125650
125651
125652
125653
125654
125711
125712
125713
125714
125715
125716
125717
125718
125775
125776
125777
125778
125779
125780
125781
125782
125840
125841
125842
125843
125844
125845
125846
125904
125905
125906
125907
125908
125909
125910
125969
125970
125971
125972
125973
126034
126035
126036
126090
126091
126092
126093
126153
126154
126155
126156
126157
126158
126217
126218
126219
126220
126221
126222
126223
126281
126282
126283
126284
126285
126286
126287
126345
126346
126347
126348
126349
126350
126351
126410
126411
126412
126413
126414
126476
126477
129358
129359
129421
129422
129423
129424
129425
129485
129486
129487
129488
129489
129490
129550
129551
129552
129553
129554
129555
129614
129615
129616
129617
129618
129619
129620
129678
129679
129680
129681
129682
129683
129684
129685
129743
129744
129745
129746
129747
129748
129749
129807
129808
129809
129810
129811
129812
129813
129872
129873
129874
129875
129876
129877
129936
129937
129938
129939
129940
129941
130001
130002
130003
130004
130066
130067
130068
130187
130188
130250
130251
130252
130253
130254
130314
130315
130316
130317
130318
130378
130379
130380
130381
130382
130442
130443
130444
130445
130446
130507
130508
130509
130510
130572
130573
133647
133648
133649
133711
133712
133713
133714
133775
133776
133777
133778
133779
133839
133840
133841
133842
133843
133844
133904
133905
133906
133907
133908
133968
133969
133970
133971
133972
134032
134033
134034
134035
134097
134098
134346
134347
134348
134410
134411
134412
134413
134474
134475
134476
134477
134538
134539
134540
137937
137938
)


// ************************************************************************* //
