/*--------------------------------*- C++ -*----------------------------------*\
  =========                 |
  \\      /  F ield         | OpenFOAM: The Open Source CFD Toolbox
   \\    /   O peration     | Website:  https://openfoam.org
    \\  /    A nd           | Version:  6
     \\/     M anipulation  |
\*---------------------------------------------------------------------------*/
FoamFile
{
    version     2.0;
    format      ascii;
    class       labelList;
    note        "nPoints:7153  nCells:5034  nFaces:17068  nInternalFaces:13136";
    location    "constant/region30/polyMesh";
    object      neighbour;
}
// * * * * * * * * * * * * * * * * * * * * * * * * * * * * * * * * * * * * * //


13136
(
4
2
9
3
4
10
5
11
5
6
12
7
13
7
8
14
15
16
10
19
11
12
20
13
21
13
14
22
15
23
15
16
24
17
25
17
18
26
27
28
20
36
21
22
38
23
39
23
24
40
25
41
25
26
42
27
43
27
28
44
29
45
29
30
46
31
47
31
32
49
33
50
33
34
52
53
55
36
65
37
38
67
39
68
39
40
69
41
70
41
42
71
43
72
43
44
73
45
74
45
46
75
47
76
47
49
77
48
50
78
51
79
50
52
80
51
53
81
54
82
53
55
84
54
56
85
57
86
56
58
88
57
59
89
60
90
59
93
60
94
95
62
63
103
64
104
64
65
106
66
107
66
67
109
68
110
68
69
111
70
112
70
71
113
72
114
72
73
115
74
116
74
75
117
76
118
76
77
119
78
120
78
80
121
79
81
122
82
123
81
84
124
82
85
125
83
86
126
87
127
85
88
128
86
89
129
87
90
130
91
131
89
93
133
90
94
134
91
95
135
92
96
136
97
137
94
98
139
95
99
140
96
100
141
97
101
142
143
99
145
100
146
101
147
148
104
154
104
106
155
105
107
156
108
107
109
157
108
110
158
110
111
159
112
160
112
113
161
114
162
114
115
163
116
116
117
164
118
118
119
165
120
120
121
166
122
167
122
124
168
123
125
169
126
170
125
128
172
126
129
173
127
130
174
131
175
129
133
177
130
134
178
131
135
179
132
136
180
137
181
134
139
183
135
140
184
136
141
185
137
142
186
138
143
187
144
188
140
145
190
141
146
191
142
147
192
143
148
193
144
149
194
195
146
150
197
147
151
198
148
152
199
149
153
200
201
151
203
152
204
153
205
206
156
156
157
158
158
159
160
213
160
161
162
214
162
163
164
165
166
224
167
168
225
169
226
169
172
229
170
173
230
171
174
231
175
232
173
177
234
174
178
235
175
179
236
176
180
237
181
238
178
183
241
179
184
242
180
185
243
181
186
244
182
187
245
188
246
184
190
249
185
191
250
186
192
251
187
193
252
188
194
253
189
195
254
196
255
191
197
258
192
198
259
193
199
260
194
200
261
195
201
262
196
202
263
264
198
203
267
199
204
268
200
205
269
201
206
270
202
207
271
208
272
204
209
275
205
210
276
206
211
277
207
212
278
208
279
280
210
283
211
284
212
285
286
214
216
217
293
218
294
218
220
296
219
221
297
222
298
221
300
222
301
223
302
303
225
226
229
311
227
230
312
228
231
313
232
314
230
234
316
231
235
317
232
236
318
233
237
319
238
320
235
241
322
236
242
323
237
243
324
238
244
325
239
245
326
240
246
327
247
328
242
249
330
243
250
331
244
251
332
245
252
333
246
253
334
247
254
335
248
255
336
256
337
250
258
339
251
259
340
252
260
341
253
261
342
254
262
343
255
263
344
256
264
345
257
265
346
266
347
259
267
348
260
268
349
261
269
350
262
270
351
263
271
352
264
272
353
265
273
354
266
274
355
356
268
275
358
269
276
359
270
277
360
271
278
361
272
279
362
273
280
363
274
281
364
282
365
276
283
367
277
284
368
278
285
369
279
286
370
280
287
371
281
288
372
282
373
374
284
285
376
286
289
377
287
290
378
288
379
380
290
383
384
292
293
388
294
389
294
296
390
295
297
391
298
392
297
300
394
298
301
395
299
302
396
303
397
301
305
398
302
306
399
303
307
400
304
308
401
402
306
403
307
404
308
405
406
310
312
408
313
409
312
316
413
313
317
414
314
318
415
315
319
416
320
417
317
322
419
318
323
420
319
324
421
320
325
422
321
326
423
327
424
323
330
426
324
331
427
325
332
428
326
333
429
327
334
430
328
335
431
329
336
432
337
433
331
339
434
332
340
435
333
341
436
334
342
437
335
343
438
336
344
439
337
345
440
338
346
441
347
442
340
348
443
341
349
444
342
350
445
343
351
446
344
352
447
345
353
448
346
354
449
347
355
450
356
451
349
358
453
350
359
454
351
360
455
352
361
456
353
362
457
354
363
458
355
364
459
356
365
460
357
366
461
462
359
367
463
360
368
464
361
369
465
362
370
466
363
371
467
364
372
468
365
373
469
366
374
470
375
471
368
472
369
376
473
370
377
474
371
378
475
372
379
476
373
380
477
374
381
478
375
382
479
480
377
481
378
383
482
379
384
483
380
385
484
381
386
485
382
387
486
487
384
489
385
490
386
491
387
492
493
389
390
497
391
498
391
394
500
392
395
501
393
396
502
397
503
395
398
504
396
399
505
397
400
506
401
507
399
403
508
400
404
509
401
405
510
402
406
511
407
404
512
405
411
513
406
412
514
407
515
409
414
516
410
415
517
416
518
412
521
522
414
419
523
415
420
524
416
421
525
417
422
526
418
423
527
424
528
420
426
529
421
427
530
422
428
531
423
429
532
424
430
533
425
431
534
432
535
427
434
537
428
435
538
429
436
539
430
437
540
431
438
541
432
439
542
433
440
543
441
544
435
443
545
436
444
546
437
445
547
438
446
548
439
447
549
440
448
550
441
449
551
442
450
552
451
553
444
453
554
445
454
555
446
455
556
447
456
557
448
457
558
449
458
559
450
459
560
451
460
561
452
461
562
462
454
463
563
455
464
564
456
465
565
457
466
566
458
467
567
459
468
568
460
469
569
461
470
570
462
471
571
572
464
472
573
465
473
574
466
474
575
467
475
576
468
476
577
469
477
578
470
478
579
471
479
580
480
581
473
582
474
481
583
475
482
584
476
483
585
477
484
586
478
485
587
479
486
588
480
487
589
488
590
482
591
483
489
592
484
490
593
485
491
594
486
492
595
487
493
596
488
494
597
598
490
599
491
600
492
495
601
493
496
602
494
603
604
496
605
606
498
500
608
499
501
609
502
610
501
504
612
502
505
613
503
506
614
507
615
505
508
616
506
509
617
507
510
618
511
619
509
512
620
510
513
621
511
514
622
515
623
513
520
624
514
521
625
515
522
626
517
524
518
525
627
519
526
628
527
629
521
522
524
529
525
530
631
526
531
632
527
532
633
528
533
634
534
635
530
537
637
531
538
638
532
539
639
533
540
640
534
541
641
535
542
642
536
543
643
544
644
538
545
645
539
546
646
540
547
647
541
548
648
542
549
649
543
550
650
544
551
651
552
652
546
554
654
547
555
655
548
556
656
549
557
657
550
558
658
551
559
659
552
560
660
553
561
661
562
662
555
563
663
556
564
664
557
565
665
558
566
666
559
567
667
560
568
668
561
569
669
562
570
670
571
671
564
573
672
565
574
673
566
575
674
567
576
675
568
577
676
569
578
677
570
579
678
571
580
679
572
581
680
681
574
582
682
575
583
683
576
584
684
577
585
685
578
586
686
579
587
687
580
588
688
581
589
689
590
690
583
691
584
591
692
585
592
693
586
593
694
587
594
695
588
595
696
589
596
697
590
597
698
598
699
592
700
593
599
701
594
600
702
595
601
703
596
602
704
597
603
705
598
604
706
707
600
708
601
709
602
605
710
603
606
711
604
607
712
713
606
714
607
715
716
609
612
721
610
613
722
611
614
723
615
724
613
616
726
614
617
727
615
618
728
619
729
617
620
730
618
621
731
619
622
732
623
733
621
624
734
622
625
735
623
626
736
625
626
737
628
632
629
633
738
630
634
739
635
740
632
638
741
633
639
742
634
640
743
635
641
744
636
642
745
643
746
638
645
747
639
646
748
640
647
749
641
648
750
642
649
751
643
650
752
644
651
753
652
754
646
654
755
647
655
756
648
656
757
649
657
758
650
658
759
651
659
760
652
660
761
653
661
762
662
655
663
763
656
664
764
657
665
765
658
666
766
659
667
767
660
668
768
661
669
769
662
670
770
671
771
664
672
772
665
673
773
666
674
774
667
675
775
668
676
776
669
677
777
670
678
778
671
679
779
680
780
673
682
781
674
683
782
675
684
783
676
685
784
677
686
785
678
687
786
679
688
787
680
689
788
681
690
789
790
683
691
791
684
692
792
685
693
793
686
694
794
687
695
795
688
696
796
689
697
797
690
698
798
699
799
692
800
693
700
801
694
701
802
695
702
803
696
703
804
697
704
805
698
705
806
699
706
807
707
808
701
809
702
708
810
703
709
811
704
710
812
705
711
813
706
712
814
707
713
815
816
709
817
710
818
711
714
819
712
715
820
713
716
821
822
715
824
716
825
826
718
831
719
720
834
835
837
722
726
840
723
727
841
724
728
842
725
729
843
844
727
730
849
728
731
850
729
732
851
733
852
731
734
857
732
735
858
733
736
859
860
735
864
736
737
865
866
739
743
868
740
744
869
745
870
742
748
743
749
871
744
750
872
745
751
873
746
752
874
753
875
748
755
749
756
876
750
757
877
751
758
878
752
759
879
753
760
880
754
761
881
762
756
763
882
757
764
883
758
765
884
759
766
885
760
767
886
761
768
887
762
769
888
770
889
764
772
890
765
773
891
766
774
892
767
775
893
768
776
894
769
777
895
770
778
896
771
779
897
780
773
781
898
774
782
899
775
783
900
776
784
901
777
785
902
778
786
903
779
787
904
780
788
905
789
906
782
791
907
783
792
908
784
793
909
785
794
910
786
795
911
787
796
912
788
797
913
789
798
914
790
799
915
792
800
916
793
801
917
794
802
918
795
803
919
796
804
920
797
805
921
798
806
922
799
807
923
808
924
801
925
802
809
926
803
810
927
804
811
928
805
812
929
806
813
930
807
814
931
808
815
932
816
933
810
935
811
817
936
812
818
937
813
819
938
814
820
939
815
821
940
816
822
941
942
818
943
819
823
944
820
824
945
821
825
946
822
826
947
827
948
824
949
825
950
826
828
951
827
952
953
955
830
831
958
832
959
832
834
961
833
835
962
836
963
835
837
965
836
838
966
839
967
838
845
972
839
846
973
847
974
841
849
976
842
850
977
843
851
978
844
852
979
853
980
846
854
981
847
855
982
848
856
983
984
850
857
985
851
858
986
852
859
987
853
860
988
861
989
855
862
991
856
863
992
993
858
864
995
859
865
996
860
866
997
861
867
998
999
863
1000
1001
865
866
1004
867
1005
1006
869
872
1015
870
873
1016
874
1017
872
877
1018
873
878
1019
874
879
1020
875
880
1021
881
877
883
1022
878
884
1023
879
885
1024
880
886
1025
881
887
1026
888
1027
883
890
1028
884
891
1029
885
892
1030
886
893
1031
887
894
1032
888
895
1033
889
896
1034
897
891
898
1035
892
899
1036
893
900
1037
894
901
1038
895
902
1039
896
903
1040
897
904
1041
905
899
907
1042
900
908
1043
901
909
1044
902
910
1045
903
911
1046
904
912
1047
905
913
1048
906
914
915
908
916
1049
909
917
1050
910
918
1051
911
919
1052
912
920
1053
913
921
1054
914
922
1055
915
923
1056
924
917
925
1057
918
926
1058
919
927
1059
920
928
1060
921
929
1061
922
930
1062
923
931
1063
924
932
1064
933
926
934
1065
927
935
1066
928
936
1067
929
937
1068
930
938
1069
931
939
1070
932
940
1071
933
941
1072
942
1073
935
936
1074
937
943
1075
938
944
1076
939
945
1077
940
946
1078
941
947
1079
942
948
1080
1081
944
1082
945
949
1083
946
950
1084
947
951
1085
948
952
1086
953
1087
950
1089
951
954
1090
952
955
1091
953
956
1092
1093
955
1095
956
1096
1097
1106
959
961
1133
960
962
1134
963
1135
962
965
1143
963
966
1144
964
967
1145
968
1146
966
972
1154
967
973
1155
968
974
1156
975
1157
970
977
1159
971
978
1160
979
1161
973
981
1166
974
982
1167
975
983
1168
984
1169
977
985
1171
978
986
1172
979
987
1173
980
988
1174
989
1175
982
991
1178
983
992
1179
984
993
1180
994
1181
986
995
1183
987
996
1184
988
997
1185
989
998
1186
990
999
1187
1188
992
1000
1190
993
1001
1191
994
1002
1192
1003
1193
996
997
1004
1196
998
1005
1197
999
1006
1198
1007
1199
1001
1008
1201
1002
1009
1202
1003
1010
1203
1011
1204
1005
1006
1210
1007
1211
1212
1009
1013
1213
1010
1214
1011
1014
1215
1012
1015
1216
1016
1217
1224
1015
1018
1226
1016
1019
1227
1017
1020
1228
1021
1229
1019
1023
1233
1020
1024
1234
1021
1025
1235
1026
1236
1023
1029
1024
1030
1238
1025
1031
1239
1026
1032
1240
1027
1033
1241
1034
1242
1029
1035
1030
1036
1243
1031
1037
1244
1032
1038
1245
1033
1039
1246
1034
1040
1247
1041
1248
1036
1042
1037
1043
1249
1038
1044
1250
1039
1045
1251
1040
1046
1252
1041
1047
1253
1048
1254
1043
1049
1044
1050
1255
1045
1051
1256
1046
1052
1257
1047
1053
1258
1048
1054
1259
1055
1260
1050
1057
1051
1058
1261
1052
1059
1262
1053
1060
1263
1054
1061
1264
1055
1062
1265
1056
1063
1266
1064
1058
1065
1059
1066
1267
1060
1067
1268
1061
1068
1269
1062
1069
1270
1063
1070
1271
1064
1071
1272
1072
1066
1067
1074
1273
1068
1075
1274
1069
1076
1275
1070
1077
1276
1071
1078
1277
1072
1079
1278
1073
1080
1279
1081
1075
1076
1082
1280
1077
1083
1281
1078
1084
1282
1079
1085
1283
1080
1086
1284
1081
1087
1285
1088
1286
1083
1287
1084
1089
1288
1085
1090
1289
1086
1091
1290
1087
1092
1291
1088
1093
1292
1094
1293
1090
1294
1091
1095
1295
1092
1096
1296
1093
1097
1297
1094
1098
1298
1099
1299
1096
1304
1097
1305
1098
1100
1306
1099
1307
1308
1315
1103
1322
1103
1106
1326
1104
1107
1327
1108
1328
1106
1109
1330
1107
1110
1331
1108
1111
1332
1112
1333
1110
1114
1336
1111
1115
1337
1112
1116
1338
1113
1117
1339
1118
1340
1115
1341
1116
1119
1342
1117
1120
1343
1118
1121
1344
1345
1120
1347
1121
1348
1349
1123
1125
1353
1126
1125
1130
1356
1126
1131
1357
1127
1132
1358
1129
1138
1360
1130
1139
1361
1131
1140
1362
1132
1141
1363
1142
1364
1134
1143
1135
1144
1365
1136
1145
1366
1146
1367
1138
1149
1370
1139
1150
1371
1140
1151
1372
1141
1152
1373
1142
1153
1374
1375
1144
1154
1376
1145
1155
1377
1146
1156
1378
1147
1157
1379
1158
1380
1149
1161
1383
1150
1162
1384
1151
1163
1385
1152
1164
1386
1153
1165
1387
1388
1155
1166
1390
1156
1167
1391
1157
1168
1392
1158
1169
1393
1170
1394
1160
1172
1396
1161
1173
1397
1162
1174
1398
1163
1175
1399
1164
1176
1400
1165
1177
1401
1402
1167
1178
1404
1168
1179
1405
1169
1180
1406
1170
1181
1407
1182
1408
1172
1183
1410
1173
1184
1411
1174
1185
1412
1175
1186
1413
1176
1187
1414
1177
1188
1415
1189
1416
1179
1190
1418
1180
1191
1419
1181
1192
1420
1182
1193
1421
1194
1422
1184
1426
1185
1196
1427
1186
1197
1428
1187
1198
1429
1188
1199
1430
1189
1200
1431
1432
1191
1201
1434
1192
1202
1435
1193
1203
1436
1194
1204
1437
1195
1205
1438
1206
1439
1197
1448
1198
1210
1449
1199
1211
1450
1200
1212
1451
1452
1202
1213
1454
1203
1214
1455
1204
1215
1456
1205
1216
1457
1206
1217
1458
1207
1218
1459
1208
1219
1460
1220
1461
1467
1211
1469
1212
1222
1470
1223
1471
1214
1224
1474
1215
1225
1475
1216
1226
1476
1217
1227
1477
1218
1228
1478
1219
1229
1479
1220
1230
1480
1221
1231
1481
1482
1223
1490
1491
1225
1493
1226
1232
1494
1227
1233
1495
1228
1234
1496
1229
1235
1497
1230
1236
1498
1231
1237
1499
1500
1233
1506
1234
1238
1507
1235
1239
1508
1236
1240
1509
1237
1241
1510
1242
1511
1239
1244
1515
1240
1245
1516
1241
1246
1517
1242
1247
1518
1248
1519
1244
1249
1245
1250
1522
1246
1251
1523
1247
1252
1524
1248
1253
1525
1254
1526
1250
1255
1251
1256
1528
1252
1257
1529
1253
1258
1530
1254
1259
1531
1260
1532
1256
1261
1257
1262
1533
1258
1263
1534
1259
1264
1535
1260
1265
1536
1266
1262
1267
1263
1268
1537
1264
1269
1538
1265
1270
1539
1266
1271
1540
1272
1268
1273
1269
1274
1541
1270
1275
1542
1271
1276
1543
1272
1277
1544
1278
1274
1275
1280
1276
1281
1545
1277
1282
1546
1278
1283
1547
1279
1284
1285
1281
1287
1282
1288
1548
1283
1289
1549
1284
1290
1550
1285
1291
1551
1286
1292
1293
1288
1289
1294
1552
1290
1295
1553
1291
1296
1554
1292
1297
1555
1293
1298
1556
1299
1557
1295
1303
1561
1296
1304
1562
1297
1305
1563
1298
1306
1564
1299
1307
1565
1300
1308
1566
1301
1309
1567
1310
1568
1303
1571
1304
1312
1572
1305
1313
1573
1306
1314
1574
1307
1315
1575
1308
1316
1576
1309
1317
1577
1310
1318
1578
1311
1319
1579
1580
1313
1584
1314
1585
1315
1586
1316
1587
1317
1588
1318
1589
1319
1590
1591
1321
1325
1593
1322
1326
1594
1323
1327
1595
1324
1328
1596
1329
1597
1326
1330
1599
1327
1331
1600
1328
1332
1601
1329
1333
1602
1334
1603
1331
1336
1605
1332
1337
1606
1333
1338
1607
1334
1339
1608
1335
1340
1609
1337
1341
1611
1338
1342
1612
1339
1343
1613
1340
1344
1614
1345
1615
1342
1346
1617
1343
1347
1618
1344
1348
1619
1345
1349
1620
1350
1621
1347
1623
1348
1624
1349
1625
1350
1626
1352
1355
1629
1353
1356
1630
1357
1355
1360
1631
1356
1361
1632
1357
1362
1633
1358
1363
1634
1364
1635
1360
1370
1636
1361
1371
1637
1362
1372
1638
1363
1373
1639
1364
1374
1640
1375
1641
1366
1377
1642
1367
1378
1643
1368
1379
1644
1380
1645
1370
1383
1647
1371
1384
1648
1372
1385
1649
1373
1386
1650
1374
1387
1651
1375
1388
1652
1389
1653
1377
1390
1654
1378
1391
1655
1379
1392
1656
1380
1393
1657
1381
1394
1658
1395
1659
1383
1397
1661
1384
1398
1662
1385
1399
1663
1386
1400
1664
1387
1401
1665
1388
1402
1666
1389
1403
1667
1668
1391
1404
1669
1392
1405
1670
1393
1406
1671
1394
1407
1672
1395
1408
1673
1409
1674
1397
1411
1676
1398
1412
1677
1399
1413
1678
1400
1414
1679
1401
1415
1680
1402
1416
1681
1403
1417
1682
1683
1405
1418
1685
1406
1419
1686
1407
1420
1687
1408
1421
1688
1409
1422
1689
1423
1690
1411
1426
1692
1412
1427
1693
1413
1428
1694
1414
1429
1695
1415
1430
1696
1416
1431
1697
1417
1432
1698
1433
1699
1419
1434
1702
1420
1435
1703
1421
1436
1704
1422
1437
1705
1423
1438
1706
1424
1439
1707
1440
1708
1426
1446
1714
1427
1447
1715
1428
1448
1716
1429
1449
1717
1430
1450
1718
1431
1451
1719
1432
1452
1720
1433
1453
1721
1722
1435
1454
1724
1436
1455
1725
1437
1456
1726
1438
1457
1727
1439
1458
1728
1440
1459
1729
1441
1460
1730
1442
1461
1731
1443
1462
1732
1444
1463
1733
1445
1464
1734
1446
1465
1735
1447
1466
1736
1448
1467
1737
1449
1468
1738
1450
1469
1739
1451
1470
1740
1452
1471
1741
1453
1472
1742
1473
1743
1455
1474
1745
1456
1475
1746
1457
1476
1747
1458
1477
1748
1459
1478
1749
1460
1479
1750
1461
1480
1751
1462
1481
1752
1463
1482
1753
1464
1483
1754
1465
1484
1755
1466
1485
1756
1467
1486
1757
1468
1487
1758
1469
1488
1759
1470
1489
1760
1471
1490
1761
1472
1491
1762
1473
1492
1763
1764
1475
1493
1766
1476
1494
1767
1477
1495
1768
1478
1496
1769
1479
1497
1770
1480
1498
1771
1481
1499
1772
1482
1500
1773
1483
1501
1774
1484
1502
1775
1485
1503
1776
1486
1504
1777
1487
1778
1488
1779
1489
1780
1490
1781
1491
1782
1492
1783
1784
1494
1505
1787
1495
1506
1788
1496
1507
1789
1497
1508
1790
1498
1509
1791
1499
1510
1792
1500
1511
1793
1501
1512
1794
1502
1513
1795
1503
1514
1796
1504
1797
1798
1506
1806
1507
1807
1508
1515
1808
1509
1516
1809
1510
1517
1810
1511
1518
1811
1512
1519
1812
1513
1520
1813
1514
1521
1814
1815
1516
1522
1820
1517
1523
1821
1518
1524
1822
1519
1525
1823
1520
1526
1824
1521
1527
1825
1826
1523
1528
1831
1524
1529
1832
1525
1530
1833
1526
1531
1834
1527
1532
1835
1836
1529
1533
1841
1530
1534
1842
1531
1535
1843
1532
1536
1844
1845
1534
1537
1535
1538
1849
1536
1539
1850
1540
1851
1538
1541
1539
1542
1854
1540
1543
1855
1544
1856
1542
1543
1545
1544
1546
1859
1547
1860
1546
1548
1547
1549
1550
1549
1552
1550
1553
1551
1554
1555
1553
1561
1554
1562
1863
1555
1563
1864
1556
1564
1865
1557
1565
1866
1566
1867
1559
1569
1868
1560
1570
1869
1561
1571
1870
1562
1572
1871
1563
1573
1872
1564
1574
1873
1565
1575
1874
1566
1576
1875
1567
1577
1876
1568
1578
1877
1579
1878
1570
1581
1879
1571
1582
1880
1572
1583
1881
1573
1584
1882
1574
1585
1883
1575
1586
1884
1576
1587
1885
1577
1588
1886
1578
1589
1887
1579
1590
1888
1580
1591
1889
1592
1890
1582
1891
1583
1892
1584
1893
1585
1894
1586
1895
1587
1896
1588
1897
1589
1898
1590
1899
1591
1900
1592
1901
1902
1594
1599
1904
1595
1600
1905
1596
1601
1906
1597
1602
1907
1603
1908
1599
1604
1909
1600
1605
1910
1601
1606
1911
1602
1607
1912
1603
1608
1913
1609
1914
1605
1610
1916
1606
1611
1917
1607
1612
1918
1608
1613
1919
1609
1614
1920
1615
1921
1611
1616
1923
1612
1617
1924
1613
1618
1925
1614
1619
1926
1615
1620
1927
1621
1928
1617
1622
1930
1618
1623
1931
1619
1624
1932
1620
1625
1933
1621
1626
1934
1935
1623
1937
1624
1938
1625
1627
1939
1626
1628
1940
1941
1628
1944
1945
1630
1632
1633
1632
1637
1951
1633
1638
1952
1634
1639
1953
1635
1640
1954
1641
1955
1637
1648
1960
1638
1649
1961
1639
1650
1962
1640
1651
1963
1641
1652
1964
1653
1965
1643
1655
1644
1656
1966
1645
1657
1967
1658
1968
1647
1661
1971
1648
1662
1972
1649
1663
1973
1650
1664
1974
1651
1665
1975
1652
1666
1976
1653
1667
1977
1668
1978
1655
1669
1656
1670
1979
1657
1671
1980
1658
1672
1981
1659
1673
1982
1674
1983
1661
1676
1985
1662
1677
1986
1663
1678
1987
1664
1679
1988
1665
1680
1989
1666
1681
1990
1667
1682
1991
1668
1683
1992
1684
1993
1670
1685
1995
1671
1686
1996
1672
1687
1997
1673
1688
1998
1674
1689
1999
1675
1690
2000
1691
2001
1677
1693
2003
1678
1694
2004
1679
1695
2005
1680
1696
2006
1681
1697
2007
1682
1698
2008
1683
1699
2009
1684
1700
2010
1701
2011
1686
1702
2012
1687
1703
2013
1688
1704
2014
1689
1705
2015
1690
1706
2016
1691
1707
2017
1708
2018
1693
1715
2020
1694
1716
2021
1695
1717
2022
1696
1718
2023
1697
1719
2024
1698
1720
2025
1699
1721
2026
1700
1722
2027
1701
1723
2028
2029
1703
1724
2030
1704
1725
2031
1705
1726
2032
1706
1727
2033
1707
1728
2034
1708
1729
2035
1709
1730
2036
1710
1731
2037
1711
1732
2038
1712
1733
2039
1713
1734
1714
1735
1715
1736
2040
1716
1737
2041
1717
1738
2042
1718
1739
2043
1719
1740
2044
1720
1741
2045
1721
1742
2046
1722
1743
2047
1723
1744
2048
2049
1725
1745
2051
1726
1746
2052
1727
1747
2053
1728
1748
2054
1729
1749
2055
1730
1750
2056
1731
1751
2057
1732
1752
2058
1733
1753
2059
1734
1754
2060
1735
1755
2061
1736
1756
2062
1737
1757
2063
1738
1758
2064
1739
1759
2065
1740
1760
2066
1741
1761
2067
1742
1762
2068
1743
1763
2069
1744
1764
2070
1765
2071
1746
1766
2073
1747
1767
2074
1748
1768
2075
1749
1769
2076
1750
1770
2077
1751
1771
2078
1752
1772
2079
1753
1773
2080
1754
1774
2081
1755
1775
2082
1756
1776
2083
1757
1777
2084
1758
1778
2085
1759
1779
2086
1760
1780
2087
1761
1781
2088
1762
1782
2089
1763
1783
2090
1764
1784
2091
1765
1785
2092
1786
2093
1767
1787
2095
1768
1788
2096
1769
1789
2097
1770
1790
2098
1771
1791
2099
1772
1792
2100
1773
1793
2101
1774
1794
2102
1775
1795
2103
1776
1796
2104
1777
1797
2105
1778
1798
2106
1779
1799
2107
1780
1800
2108
1781
1801
2109
1782
2110
1783
1802
2111
1784
1803
2112
1785
1804
2113
1786
1805
2114
2115
1788
1806
2116
1789
1807
2117
1790
1808
2118
1791
1809
2119
1792
1810
2120
1793
1811
2121
1794
1812
2122
1795
1813
2123
1796
1814
2124
1797
1815
2125
1798
1816
2126
1799
1817
2127
1800
1818
2128
1801
1819
2129
2130
1803
2132
1804
2133
1805
2134
2135
1807
2137
1808
2138
1809
1820
2139
1810
1821
2140
1811
1822
2141
1812
1823
2142
1813
1824
2143
1814
1825
2144
1815
1826
2145
1816
1827
2146
1817
1828
2147
1818
1829
2148
1819
1830
2149
2150
1821
1831
2158
1822
1832
2159
1823
1833
2160
1824
1834
2161
1825
1835
2162
1826
1836
2163
1827
1837
2164
1828
1838
2165
1829
1839
2166
1830
1840
2167
2168
1832
1841
2175
1833
1842
2176
1834
1843
2177
1835
1844
2178
1836
1845
2179
1837
1846
2180
1838
1847
2181
1839
1848
2182
1840
2183
2184
1842
2187
1843
1849
2188
1844
1850
2189
1845
1851
2190
1846
1852
2191
1847
1853
2192
1848
2193
2194
1850
1854
2198
1851
1855
2199
1852
1856
2200
1853
1857
2201
1858
2202
1855
2208
1856
1859
2209
1857
1860
2210
1858
2211
2212
1860
2217
2218
1862
1868
2228
1869
2229
1864
1872
2232
1865
1873
2233
1866
1874
2234
1867
1875
1876
1869
1879
2235
1870
1880
2236
1871
1881
2237
1872
1882
2238
1873
1883
2239
1874
1884
2240
1875
1885
2241
1876
1886
2242
1877
1887
2243
1878
1888
2244
1889
1880
1891
2245
1881
1892
2246
1882
1893
2247
1883
1894
2248
1884
1895
2249
1885
1896
2250
1886
1897
2251
1887
1898
2252
1888
1899
2253
1889
1900
2254
1890
1901
2255
1902
2256
1892
2257
1893
2258
1894
2259
1895
2260
1896
2261
1897
2262
1898
2263
1899
2264
1900
2265
1901
2266
1902
2267
2268
1904
1909
2269
1905
1910
2270
1906
1911
2271
1907
1912
2272
1908
1913
1914
1910
1916
2274
1911
1917
2275
1912
1918
2276
1913
1919
2277
1914
1920
2278
1921
1916
1922
2279
1917
1923
2280
1918
1924
2281
1919
1925
2282
1920
1926
2283
1921
1927
2284
1928
1923
1929
2286
1924
1930
2287
1925
1931
2288
1926
1932
2289
1927
1933
2290
1928
1934
2291
1935
1930
1936
2293
1931
1937
2294
1932
1938
2295
1933
1939
2296
1934
1940
2297
1935
1941
2298
1937
2300
1938
1942
2301
1939
1943
2302
1940
1944
2303
1941
1945
2304
2305
1943
2308
1944
2309
1945
2310
2311
1947
1956
2332
1948
1957
2333
1949
1958
2334
1950
1959
2335
1951
1960
2336
1952
1961
2337
1953
1962
2338
1954
1963
2339
1955
1964
2340
1965
2341
1957
1969
2343
1958
1970
2344
1959
1971
2345
1960
1972
2346
1961
1973
2347
1962
1974
2348
1963
1975
2349
1964
1976
2350
1965
1977
2351
1978
2352
1967
1980
1968
1981
1982
1970
1984
2355
1971
1985
2356
1972
1986
2357
1973
1987
2358
1974
1988
2359
1975
1989
2360
1976
1990
2361
1977
1991
2362
1978
1992
2363
1993
2364
1980
1996
1981
1997
2366
1982
1998
2367
1983
1999
2368
2000
2369
1985
2002
2371
1986
2003
2372
1987
2004
2373
1988
2005
2374
1989
2006
2375
1990
2007
2376
1991
2008
2377
1992
2009
2378
1993
2010
2379
1994
2011
2380
2381
1996
2012
1997
2013
2382
1998
2014
2383
1999
2015
2384
2000
2016
2385
2001
2017
2386
2018
2387
2003
2020
2388
2004
2021
2389
2005
2022
2390
2006
2023
2391
2007
2024
2392
2008
2025
2393
2009
2026
2394
2010
2027
2395
2011
2028
2396
2029
2397
2013
2030
2399
2014
2031
2400
2015
2032
2401
2016
2033
2402
2017
2034
2403
2018
2035
2404
2019
2036
2405
2037
2406
2021
2041
2407
2022
2042
2408
2023
2043
2409
2024
2044
2410
2025
2045
2411
2026
2046
2412
2027
2047
2413
2028
2048
2414
2029
2049
2415
2050
2416
2031
2051
2418
2032
2052
2419
2033
2053
2420
2034
2054
2421
2035
2055
2422
2036
2056
2423
2037
2057
2424
2038
2058
2425
2039
2059
2426
2060
2041
2063
2042
2064
2427
2043
2065
2428
2044
2066
2429
2045
2067
2430
2046
2068
2431
2047
2069
2432
2048
2070
2433
2049
2071
2434
2050
2072
2435
2436
2052
2073
2438
2053
2074
2439
2054
2075
2440
2055
2076
2441
2056
2077
2442
2057
2078
2443
2058
2079
2444
2059
2080
2445
2060
2081
2446
2061
2082
2447
2062
2083
2448
2063
2084
2064
2085
2065
2086
2449
2066
2087
2450
2067
2088
2451
2068
2089
2452
2069
2090
2453
2070
2091
2454
2071
2092
2455
2072
2093
2456
2094
2457
2074
2095
2459
2075
2096
2460
2076
2097
2461
2077
2098
2462
2078
2099
2463
2079
2100
2464
2080
2101
2465
2081
2102
2466
2082
2103
2467
2083
2104
2468
2084
2105
2469
2085
2106
2470
2086
2107
2471
2087
2108
2472
2088
2109
2473
2089
2110
2474
2090
2111
2475
2091
2112
2476
2092
2113
2477
2093
2114
2478
2094
2115
2479
2480
2096
2116
2482
2097
2117
2483
2098
2118
2484
2099
2119
2485
2100
2120
2486
2101
2121
2487
2102
2122
2488
2103
2123
2489
2104
2124
2490
2105
2125
2491
2106
2126
2492
2107
2127
2493
2108
2128
2494
2109
2129
2495
2110
2130
2496
2111
2131
2497
2112
2132
2498
2113
2133
2499
2114
2134
2500
2115
2135
2501
2136
2502
2117
2137
2504
2118
2138
2505
2119
2139
2506
2120
2140
2507
2121
2141
2508
2122
2142
2509
2123
2143
2510
2124
2144
2511
2125
2145
2512
2126
2146
2513
2127
2147
2514
2128
2148
2515
2129
2149
2516
2130
2150
2517
2131
2151
2518
2132
2152
2519
2133
2153
2520
2134
2154
2521
2135
2155
2522
2136
2156
2523
2524
2138
2526
2139
2157
2527
2140
2158
2528
2141
2159
2529
2142
2160
2530
2143
2161
2531
2144
2162
2532
2145
2163
2533
2146
2164
2534
2147
2165
2535
2148
2166
2536
2149
2167
2537
2150
2168
2538
2151
2169
2539
2152
2170
2540
2153
2171
2541
2154
2172
2542
2155
2173
2543
2156
2174
2544
2545
2158
2547
2159
2175
2548
2160
2176
2549
2161
2177
2550
2162
2178
2551
2163
2179
2552
2164
2180
2553
2165
2181
2554
2166
2182
2555
2167
2183
2556
2168
2184
2557
2169
2185
2558
2170
2186
2559
2171
2560
2172
2561
2173
2562
2174
2563
2564
2176
2187
2567
2177
2188
2568
2178
2189
2569
2179
2190
2570
2180
2191
2571
2181
2192
2572
2182
2193
2573
2183
2194
2574
2184
2195
2575
2185
2196
2576
2186
2577
2578
2188
2197
2582
2189
2198
2583
2190
2199
2584
2191
2200
2585
2192
2201
2586
2193
2202
2587
2194
2203
2588
2195
2204
2589
2196
2205
2590
2591
2198
2207
2597
2199
2208
2598
2200
2209
2599
2201
2210
2600
2202
2211
2601
2203
2212
2602
2204
2213
2603
2205
2604
2214
2605
2607
2208
2215
2610
2209
2216
2611
2210
2217
2612
2211
2218
2613
2212
2219
2614
2213
2220
2615
2616
2618
2216
2221
2624
2217
2625
2218
2222
2626
2219
2223
2627
2220
2224
2628
2629
2636
2223
2226
2638
2224
2227
2639
2640
2228
2645
2227
2232
2649
2233
2650
2229
2235
2654
2230
2236
2655
2231
2237
2656
2232
2238
2657
2233
2239
2658
2234
2240
2659
2241
2660
2236
2245
2662
2237
2246
2663
2238
2247
2664
2239
2248
2665
2240
2249
2666
2241
2250
2667
2242
2251
2668
2243
2252
2669
2244
2253
2254
2246
2257
2670
2247
2258
2671
2248
2259
2672
2249
2260
2673
2250
2261
2674
2251
2262
2675
2252
2263
2676
2253
2264
2677
2254
2265
2678
2255
2266
2679
2256
2267
2268
2258
2680
2259
2681
2260
2682
2261
2683
2262
2684
2263
2685
2264
2686
2265
2687
2266
2688
2267
2689
2268
2690
2270
2274
2271
2275
2272
2276
2277
2274
2279
2691
2275
2280
2692
2276
2281
2693
2277
2282
2694
2278
2283
2695
2284
2280
2286
2697
2281
2287
2698
2282
2288
2699
2283
2289
2700
2284
2290
2701
2291
2286
2292
2702
2287
2293
2703
2288
2294
2704
2289
2295
2705
2290
2296
2706
2291
2297
2707
2298
2293
2299
2708
2294
2300
2709
2295
2301
2710
2296
2302
2711
2297
2303
2712
2298
2304
2713
2305
2300
2306
2714
2301
2307
2715
2302
2308
2716
2303
2309
2717
2304
2310
2718
2305
2311
2719
2307
2720
2308
2721
2309
2312
2722
2310
2313
2723
2311
2314
2724
2315
2725
2313
2727
2314
2316
2728
2315
2317
2729
2730
2317
2318
2733
2319
2734
2319
2737
2320
2322
2738
2321
2323
2739
2324
2740
2323
2331
2744
2324
2332
2745
2325
2333
2746
2326
2334
2747
2327
2335
2748
2328
2336
2749
2329
2337
2750
2330
2338
2751
2339
2752
2332
2342
2755
2333
2343
2756
2334
2344
2757
2335
2345
2758
2336
2346
2759
2337
2347
2760
2338
2348
2761
2339
2349
2762
2340
2350
2763
2341
2351
2764
2352
2765
2343
2354
2766
2344
2355
2767
2345
2356
2768
2346
2357
2769
2347
2358
2770
2348
2359
2771
2349
2360
2772
2350
2361
2773
2351
2362
2774
2352
2363
2775
2353
2364
2776
2365
2777
2355
2370
2778
2356
2371
2779
2357
2372
2780
2358
2373
2781
2359
2374
2782
2360
2375
2783
2361
2376
2784
2362
2377
2785
2363
2378
2786
2364
2379
2787
2365
2380
2788
2381
2789
2367
2383
2368
2384
2369
2385
2386
2371
2790
2372
2388
2791
2373
2389
2792
2374
2390
2793
2375
2391
2794
2376
2392
2795
2377
2393
2796
2378
2394
2797
2379
2395
2798
2380
2396
2799
2381
2397
2800
2398
2801
2383
2400
2384
2401
2385
2402
2386
2403
2803
2387
2404
2804
2405
2389
2407
2805
2390
2408
2806
2391
2409
2807
2392
2410
2808
2393
2411
2809
2394
2412
2810
2395
2413
2811
2396
2414
2812
2397
2415
2813
2398
2416
2814
2417
2815
2400
2418
2401
2419
2402
2420
2403
2421
2817
2404
2422
2818
2405
2423
2819
2406
2424
2425
2408
2427
2820
2409
2428
2821
2410
2429
2822
2411
2430
2823
2412
2431
2824
2413
2432
2825
2414
2433
2826
2415
2434
2827
2416
2435
2828
2417
2436
2829
2437
2830
2419
2438
2420
2439
2421
2440
2831
2422
2441
2832
2423
2442
2833
2424
2443
2834
2425
2444
2426
2445
2446
2428
2449
2835
2429
2450
2836
2430
2451
2837
2431
2452
2838
2432
2453
2839
2433
2454
2840
2434
2455
2841
2435
2456
2842
2436
2457
2843
2437
2458
2844
2845
2439
2459
2440
2460
2846
2441
2461
2847
2442
2462
2848
2443
2463
2849
2444
2464
2445
2465
2446
2466
2447
2467
2448
2468
2469
2450
2472
2451
2473
2850
2452
2474
2851
2453
2475
2852
2454
2476
2853
2455
2477
2854
2456
2478
2855
2457
2479
2856
2458
2480
2857
2481
2858
2460
2482
2860
2461
2483
2861
2462
2484
2862
2463
2485
2863
2464
2486
2864
2465
2487
2865
2466
2488
2866
2467
2489
2867
2468
2490
2868
2469
2491
2869
2470
2492
2870
2471
2493
2472
2494
2473
2495
2474
2496
2871
2475
2497
2872
2476
2498
2873
2477
2499
2874
2478
2500
2875
2479
2501
2876
2480
2502
2877
2481
2503
2878
2879
2483
2504
2880
2484
2505
2881
2485
2506
2882
2486
2507
2883
2487
2508
2884
2488
2509
2885
2489
2510
2886
2490
2511
2887
2491
2512
2888
2492
2513
2889
2493
2514
2890
2494
2515
2891
2495
2516
2892
2496
2517
2893
2497
2518
2498
2519
2894
2499
2520
2895
2500
2521
2896
2501
2522
2897
2502
2523
2898
2503
2524
2899
2525
2900
2505
2526
2902
2506
2527
2903
2507
2528
2904
2508
2529
2905
2509
2530
2906
2510
2531
2907
2511
2532
2908
2512
2533
2909
2513
2534
2910
2514
2535
2911
2515
2536
2912
2516
2537
2913
2517
2538
2914
2518
2539
2915
2519
2540
2916
2520
2541
2917
2521
2542
2918
2522
2543
2919
2523
2544
2920
2524
2545
2921
2525
2546
2922
2923
2527
2924
2528
2547
2925
2529
2548
2926
2530
2549
2927
2531
2550
2928
2532
2551
2929
2533
2552
2930
2534
2553
2931
2535
2554
2932
2536
2555
2933
2537
2556
2934
2538
2557
2935
2539
2558
2936
2540
2559
2937
2541
2560
2938
2542
2561
2939
2543
2562
2940
2544
2563
2941
2545
2564
2942
2546
2565
2943
2548
2566
2549
2567
2944
2550
2568
2945
2551
2569
2946
2552
2570
2947
2553
2571
2948
2554
2572
2949
2555
2573
2950
2556
2574
2951
2557
2575
2952
2558
2576
2953
2559
2577
2954
2560
2578
2955
2561
2579
2956
2562
2580
2957
2563
2581
2958
2564
2959
2565
2960
2567
2568
2582
2961
2569
2583
2962
2570
2584
2963
2571
2585
2964
2572
2586
2965
2573
2587
2966
2574
2588
2967
2575
2589
2968
2576
2590
2969
2577
2591
2970
2578
2592
2971
2579
2593
2972
2580
2594
2973
2581
2595
2974
2975
2583
2597
2976
2584
2598
2977
2585
2599
2978
2586
2600
2979
2587
2601
2980
2588
2602
2981
2589
2603
2982
2590
2604
2983
2591
2605
2984
2592
2606
2985
2593
2607
2986
2594
2608
2987
2595
2609
2988
2989
2597
2990
2598
2610
2991
2599
2611
2992
2600
2612
2993
2601
2613
2994
2602
2614
2995
2603
2615
2996
2604
2616
2997
2605
2617
2998
2606
2618
2999
2607
2619
3000
2608
2620
3001
2609
2621
3002
3003
2611
2624
3006
2612
2625
3007
2613
2626
3008
2614
2627
3009
2615
2628
3010
2616
2629
3011
2617
2630
3012
2618
2631
3013
2619
2632
3014
2620
2633
3015
2621
3016
3017
2623
2634
3018
2624
2635
3019
2625
2636
3020
2626
2637
3021
2627
2638
3022
2628
2639
3023
2629
2640
3024
2630
2641
3025
2631
2642
3026
2632
2643
3027
2633
2644
3028
3029
2635
2645
3031
2636
2646
3032
2637
2647
3033
2638
2648
3034
2639
2649
3035
2640
2650
3036
2641
2651
3037
2642
2652
3038
2643
2653
3039
2644
3040
3041
2646
2654
3043
2647
2655
3044
2648
2656
3045
2649
2657
3046
2650
2658
3047
2651
2659
3048
2652
2660
3049
2653
2661
3050
3051
2655
2662
3053
2656
2663
3054
2657
2664
3055
2658
2665
3056
2659
2666
3057
2660
2667
3058
2661
2668
3059
2669
3060
2663
2670
3061
2664
2671
3062
2665
2672
3063
2666
2673
3064
2667
2674
3065
2668
2675
3066
2669
2676
3067
2677
3068
2671
2680
3069
2672
2681
3070
2673
2682
3071
2674
2683
3072
2675
2684
3073
2676
2685
3074
2677
2686
3075
2678
2687
2679
2688
2689
2681
3076
2682
3077
2683
3078
2684
3079
2685
3080
2686
3081
2687
3082
2688
2689
2690
2692
2697
3083
2693
2698
3084
2694
2699
3085
2695
2700
3086
2701
2697
2702
3087
2698
2703
3088
2699
2704
3089
2700
2705
3090
2701
2706
3091
2707
3092
2703
2708
3093
2704
2709
3094
2705
2710
3095
2706
2711
3096
2707
2712
3097
2713
3098
2709
2714
3099
2710
2715
3100
2711
2716
3101
2712
2717
3102
2713
2718
3103
2719
3104
2715
2720
3105
2716
2721
3106
2717
2722
3107
2718
2723
3108
2719
2724
3109
2725
3110
2721
2722
2726
3111
2723
2727
3112
2724
2728
3113
2725
2729
3114
2730
3115
2727
3116
2728
2732
3117
2729
2733
3118
2730
2734
3119
2731
2735
3120
2736
3121
2733
3122
2734
2737
3123
2735
2738
3124
2736
2739
3125
2740
3126
2738
2743
3128
2739
2744
3129
2740
2745
3130
2741
2746
3131
2742
2747
3132
2748
3133
2744
2754
3139
2745
2755
3140
2746
2756
3141
2747
2757
3142
2748
2758
3143
2749
2759
3144
2750
2760
3145
2751
2761
3146
2752
2762
3147
2753
2763
3148
2764
3149
2755
2756
2766
3151
2757
2767
3152
2758
2768
3153
2759
2769
3154
2760
2770
3155
2761
2771
3156
2762
2772
3157
2763
2773
3158
2764
2774
3159
2765
2775
3160
2776
3161
2767
2778
3163
2768
2779
3164
2769
2780
3165
2770
2781
3166
2771
2782
3167
2772
2783
3168
2773
2784
3169
2774
2785
3170
2775
2786
3171
2776
2787
3172
2777
2788
3173
2789
3174
2779
2790
3175
2780
2791
3176
2781
2792
3177
2782
2793
3178
2783
2794
3179
2784
2795
3180
2785
2796
3181
2786
2797
3182
2787
2798
3183
2788
2799
3184
2789
2800
3185
2801
3186
2791
2792
2805
3188
2793
2806
3189
2794
2807
3190
2795
2808
3191
2796
2809
3192
2797
2810
3193
2798
2811
3194
2799
2812
3195
2800
2813
3196
2801
2814
3197
2802
2815
3198
2816
3199
2804
2818
2819
2806
2820
3200
2807
2821
3201
2808
2822
3202
2809
2823
3203
2810
2824
3204
2811
2825
3205
2812
2826
3206
2813
2827
3207
2814
2828
3208
2815
2829
3209
2816
2830
3210
3211
2818
2832
2819
2833
2834
2821
2835
3212
2822
2836
3213
2823
2837
3214
2824
2838
3215
2825
2839
3216
2826
2840
3217
2827
2841
3218
2828
2842
3219
2829
2843
3220
2830
2844
3221
2845
3222
2832
2847
2833
2848
2834
2849
2836
2837
2850
3224
2838
2851
3225
2839
2852
3226
2840
2853
3227
2841
2854
3228
2842
2855
3229
2843
2856
3230
2844
2857
3231
2845
2858
3232
2859
3233
2847
2861
2848
2862
2849
2863
2864
2851
2871
3235
2852
2872
3236
2853
2873
3237
2854
2874
3238
2855
2875
3239
2856
2876
3240
2857
2877
3241
2858
2878
3242
2859
2879
3243
3244
2861
2880
2862
2881
2863
2882
2864
2883
2865
2884
2866
2885
2867
2886
2868
2887
2869
2888
2870
2889
2890
2872
2873
2894
3245
2874
2895
3246
2875
2896
3247
2876
2897
3248
2877
2898
3249
2878
2899
3250
2879
2900
3251
2901
3252
2881
2902
2882
2903
2883
2904
2884
2905
2885
2906
2886
2907
2887
2908
2888
2909
2889
2910
2890
2911
3254
2891
2912
3255
2892
2913
2893
2914
2915
2895
2917
3256
2896
2918
3257
2897
2919
3258
2898
2920
3259
2899
2921
3260
2900
2922
3261
2901
2923
3262
3263
2903
2924
2904
2925
2905
2926
2906
2927
2907
2928
2908
2929
2909
2930
2910
2931
3264
2911
2932
3265
2912
2933
3266
2913
2934
3267
2914
2935
3268
2915
2936
3269
2916
2937
2917
2938
2918
2939
3270
2919
2940
3271
2920
2941
3272
2921
2942
3273
2922
2943
3274
2923
3275
3276
2925
2926
2927
2944
2928
2945
2929
2946
2930
2947
2931
2948
3277
2932
2949
3278
2933
2950
3279
2934
2951
3280
2935
2952
3281
2936
2953
3282
2937
2954
3283
2938
2955
3284
2939
2956
3285
2940
2957
3286
2941
2958
3287
2942
2959
3288
2943
2960
3289
3290
2945
2961
2946
2962
2947
2963
3291
2948
2964
3292
2949
2965
3293
2950
2966
3294
2951
2967
3295
2952
2968
3296
2953
2969
3297
2954
2970
3298
2955
2971
3299
2956
2972
3300
2957
2973
3301
2958
2974
3302
2959
2975
2960
2962
2976
2963
2977
3303
2964
2978
3304
2965
2979
3305
2966
2980
3306
2967
2981
3307
2968
2982
3308
2969
2983
3309
2970
2984
3310
2971
2985
3311
2972
2986
3312
2973
2987
3313
2974
2988
3314
2975
2989
3315
2977
2991
3316
2978
2992
3317
2979
2993
3318
2980
2994
3319
2981
2995
3320
2982
2996
3321
2983
2997
3322
2984
2998
3323
2985
2999
3324
2986
3000
3325
2987
3001
3326
2988
3002
3327
2989
3003
3328
2991
3005
3330
2992
3006
3331
2993
3007
3332
2994
3008
3333
2995
3009
3334
2996
3010
3335
2997
3011
3336
2998
3012
3337
2999
3013
3338
3000
3014
3339
3001
3015
3340
3002
3016
3341
3003
3017
3342
3005
3018
3343
3006
3019
3344
3007
3020
3345
3008
3021
3346
3009
3022
3347
3010
3023
3348
3011
3024
3349
3012
3025
3350
3013
3026
3351
3014
3027
3352
3015
3028
3353
3016
3029
3354
3017
3030
3355
3356
3019
3031
3357
3020
3032
3358
3021
3033
3359
3022
3034
3360
3023
3035
3361
3024
3036
3362
3025
3037
3363
3026
3038
3364
3027
3039
3365
3028
3040
3366
3029
3041
3367
3030
3042
3368
3369
3032
3043
3370
3033
3044
3371
3034
3045
3372
3035
3046
3373
3036
3047
3374
3037
3048
3375
3038
3049
3376
3039
3050
3377
3040
3051
3378
3041
3052
3379
3042
3380
3044
3053
3381
3045
3054
3382
3046
3055
3383
3047
3056
3384
3048
3057
3385
3049
3058
3386
3050
3059
3387
3051
3060
3388
3052
3389
3054
3061
3390
3055
3062
3391
3056
3063
3392
3057
3064
3393
3058
3065
3394
3059
3066
3395
3060
3067
3396
3068
3062
3069
3397
3063
3070
3398
3064
3071
3399
3065
3072
3400
3066
3073
3401
3067
3074
3402
3068
3075
3070
3076
3403
3071
3077
3404
3072
3078
3405
3073
3079
3406
3074
3080
3407
3075
3081
3082
3077
3408
3078
3409
3079
3410
3080
3411
3081
3082
3084
3088
3085
3089
3412
3086
3090
3091
3088
3093
3089
3094
3413
3090
3095
3414
3091
3096
3415
3092
3097
3416
3098
3094
3099
3417
3095
3100
3418
3096
3101
3419
3097
3102
3420
3098
3103
3421
3104
3100
3105
3422
3101
3106
3423
3102
3107
3424
3103
3108
3425
3104
3109
3426
3110
3106
3427
3107
3111
3428
3108
3112
3429
3109
3113
3430
3110
3114
3431
3115
3432
3112
3116
3433
3113
3117
3434
3114
3118
3435
3115
3119
3436
3120
3437
3117
3118
3122
3438
3119
3123
3439
3120
3124
3440
3121
3125
3441
3126
3442
3123
3443
3124
3128
3444
3125
3129
3445
3126
3130
3446
3127
3131
3447
3132
3448
3129
3139
3453
3130
3140
3454
3131
3141
3455
3132
3142
3456
3133
3143
3457
3134
3144
3458
3135
3145
3459
3136
3146
3460
3137
3147
3461
3138
3148
3462
3149
3463
3140
3464
3141
3151
3465
3142
3152
3466
3143
3153
3467
3144
3154
3468
3145
3155
3469
3146
3156
3470
3147
3157
3471
3148
3158
3472
3149
3159
3473
3150
3160
3474
3161
3475
3152
3163
3476
3153
3164
3477
3154
3165
3478
3155
3166
3479
3156
3167
3480
3157
3168
3481
3158
3169
3482
3159
3170
3483
3160
3171
3484
3161
3172
3485
3162
3173
3486
3174
3487
3164
3175
3488
3165
3176
3489
3166
3177
3490
3167
3178
3491
3168
3179
3492
3169
3180
3493
3170
3181
3494
3171
3182
3495
3172
3183
3496
3173
3184
3497
3174
3185
3498
3186
3499
3176
3500
3177
3188
3501
3178
3189
3502
3179
3190
3503
3180
3191
3504
3181
3192
3505
3182
3193
3506
3183
3194
3507
3184
3195
3508
3185
3196
3509
3186
3197
3510
3187
3198
3511
3199
3512
3189
3200
3513
3190
3201
3514
3191
3202
3515
3192
3203
3516
3193
3204
3517
3194
3205
3518
3195
3206
3519
3196
3207
3520
3197
3208
3521
3198
3209
3522
3199
3210
3523
3211
3524
3201
3212
3525
3202
3213
3526
3203
3214
3527
3204
3215
3528
3205
3216
3529
3206
3217
3530
3207
3218
3531
3208
3219
3532
3209
3220
3533
3210
3221
3534
3211
3222
3535
3223
3536
3213
3214
3224
3537
3215
3225
3538
3216
3226
3539
3217
3227
3540
3218
3228
3541
3219
3229
3542
3220
3230
3543
3221
3231
3544
3222
3232
3545
3223
3233
3546
3234
3547
3225
3235
3548
3226
3236
3549
3227
3237
3550
3228
3238
3551
3229
3239
3552
3230
3240
3553
3231
3241
3554
3232
3242
3555
3233
3243
3556
3234
3244
3557
3558
3236
3559
3237
3245
3560
3238
3246
3561
3239
3247
3562
3240
3248
3563
3241
3249
3564
3242
3250
3565
3243
3251
3566
3244
3252
3567
3253
3568
3246
3256
3569
3247
3257
3570
3248
3258
3571
3249
3259
3572
3250
3260
3573
3251
3261
3574
3252
3262
3575
3253
3263
3576
3577
3255
3266
3267
3257
3270
3578
3258
3271
3579
3259
3272
3580
3260
3273
3581
3261
3274
3582
3262
3275
3583
3263
3276
3584
3585
3265
3278
3266
3279
3586
3267
3280
3587
3268
3281
3588
3269
3282
3589
3283
3271
3286
3272
3287
3590
3273
3288
3591
3274
3289
3592
3275
3290
3593
3276
3594
3595
3278
3293
3279
3294
3596
3280
3295
3597
3281
3296
3598
3282
3297
3599
3283
3298
3600
3284
3299
3601
3285
3300
3286
3301
3287
3302
3288
3289
3602
3290
3292
3304
3293
3305
3603
3294
3306
3604
3295
3307
3605
3296
3308
3606
3297
3309
3607
3298
3310
3608
3299
3311
3609
3300
3312
3610
3301
3313
3611
3302
3314
3315
3304
3317
3305
3318
3612
3306
3319
3613
3307
3320
3614
3308
3321
3615
3309
3322
3616
3310
3323
3617
3311
3324
3618
3312
3325
3619
3313
3326
3620
3314
3327
3621
3315
3328
3622
3317
3331
3318
3332
3623
3319
3333
3624
3320
3334
3625
3321
3335
3626
3322
3336
3627
3323
3337
3628
3324
3338
3629
3325
3339
3630
3326
3340
3631
3327
3341
3632
3328
3342
3633
3634
3330
3343
3635
3331
3344
3636
3332
3345
3637
3333
3346
3638
3334
3347
3639
3335
3348
3640
3336
3349
3641
3337
3350
3642
3338
3351
3643
3339
3352
3644
3340
3353
3645
3341
3354
3646
3342
3355
3647
3356
3648
3344
3357
3649
3345
3358
3650
3346
3359
3651
3347
3360
3652
3348
3361
3653
3349
3362
3654
3350
3363
3655
3351
3364
3656
3352
3365
3657
3353
3366
3658
3354
3367
3659
3355
3368
3660
3356
3369
3661
3358
3370
3662
3359
3371
3663
3360
3372
3664
3361
3373
3665
3362
3374
3666
3363
3375
3667
3364
3376
3668
3365
3377
3669
3366
3378
3670
3367
3379
3671
3368
3380
3672
3369
3673
3371
3381
3674
3372
3382
3675
3373
3383
3676
3374
3384
3677
3375
3385
3678
3376
3386
3679
3377
3387
3680
3378
3388
3681
3379
3389
3682
3380
3683
3382
3390
3684
3383
3391
3685
3384
3392
3686
3385
3393
3687
3386
3394
3688
3387
3395
3689
3388
3396
3389
3391
3397
3690
3392
3398
3691
3393
3399
3692
3394
3400
3693
3395
3401
3694
3396
3402
3398
3403
3695
3399
3404
3696
3400
3405
3697
3401
3406
3698
3402
3407
3404
3408
3699
3405
3409
3700
3406
3410
3701
3407
3411
3409
3702
3410
3703
3411
3414
3414
3418
3415
3419
3704
3416
3420
3705
3421
3418
3422
3419
3423
3706
3420
3424
3707
3421
3425
3708
3426
3709
3423
3427
3424
3428
3710
3425
3429
3711
3426
3430
3712
3431
3713
3428
3429
3433
3714
3430
3434
3715
3431
3435
3716
3432
3436
3717
3437
3434
3435
3438
3718
3436
3439
3719
3437
3440
3720
3441
3721
3439
3443
3722
3440
3444
3723
3441
3445
3724
3442
3446
3725
3447
3726
3444
3445
3453
3729
3446
3454
3730
3447
3455
3731
3448
3456
3732
3449
3457
3733
3450
3458
3734
3451
3459
3735
3452
3460
3736
3461
3737
3454
3464
3740
3455
3465
3741
3456
3466
3742
3457
3467
3743
3458
3468
3744
3459
3469
3745
3460
3470
3746
3461
3471
3747
3462
3472
3748
3463
3473
3749
3474
3750
3465
3466
3476
3752
3467
3477
3753
3468
3478
3754
3469
3479
3755
3470
3480
3756
3471
3481
3757
3472
3482
3758
3473
3483
3759
3474
3484
3760
3475
3485
3761
3486
3762
3477
3488
3763
3478
3489
3764
3479
3490
3765
3480
3491
3766
3481
3492
3767
3482
3493
3768
3483
3494
3769
3484
3495
3770
3485
3496
3771
3486
3497
3772
3487
3498
3773
3499
3774
3489
3500
3775
3490
3501
3776
3491
3502
3777
3492
3503
3778
3493
3504
3779
3494
3505
3780
3495
3506
3781
3496
3507
3782
3497
3508
3783
3498
3509
3784
3499
3510
3785
3511
3786
3501
3502
3513
3787
3503
3514
3788
3504
3515
3789
3505
3516
3790
3506
3517
3791
3507
3518
3792
3508
3519
3793
3509
3520
3794
3510
3521
3795
3511
3522
3796
3512
3523
3797
3524
3798
3514
3525
3799
3515
3526
3800
3516
3527
3801
3517
3528
3802
3518
3529
3803
3519
3530
3804
3520
3531
3805
3521
3532
3806
3522
3533
3807
3523
3534
3808
3524
3535
3809
3536
3810
3526
3527
3537
3811
3528
3538
3812
3529
3539
3813
3530
3540
3814
3531
3541
3815
3532
3542
3816
3533
3543
3817
3534
3544
3818
3535
3545
3819
3536
3546
3820
3547
3821
3538
3548
3822
3539
3549
3823
3540
3550
3824
3541
3551
3825
3542
3552
3826
3543
3553
3827
3544
3554
3828
3545
3555
3829
3546
3556
3830
3547
3557
3831
3558
3832
3549
3559
3833
3550
3560
3834
3551
3561
3835
3552
3562
3836
3553
3563
3837
3554
3564
3838
3555
3565
3839
3556
3566
3840
3557
3567
3841
3558
3568
3842
3843
3560
3561
3569
3844
3562
3570
3845
3563
3571
3846
3564
3572
3847
3565
3573
3848
3566
3574
3849
3567
3575
3850
3568
3576
3851
3577
3852
3570
3578
3853
3571
3579
3854
3572
3580
3855
3573
3581
3856
3574
3582
3857
3575
3583
3858
3576
3584
3859
3577
3585
3860
3861
3579
3580
3590
3862
3581
3591
3863
3582
3592
3864
3583
3593
3865
3584
3594
3866
3585
3595
3867
3868
3587
3597
3588
3598
3589
3599
3869
3600
3591
3870
3592
3602
3871
3593
3872
3594
3873
3595
3874
3597
3605
3598
3606
3875
3599
3607
3876
3600
3608
3877
3601
3609
3878
3610
3879
3604
3613
3605
3614
3606
3615
3880
3607
3616
3881
3608
3617
3882
3609
3618
3883
3610
3619
3884
3611
3620
3885
3621
3886
3613
3624
3614
3625
3887
3615
3626
3888
3616
3627
3889
3617
3628
3890
3618
3629
3891
3619
3630
3892
3620
3631
3893
3621
3632
3894
3622
3633
3895
3634
3896
3624
3638
3625
3639
3897
3626
3640
3898
3627
3641
3899
3628
3642
3900
3629
3643
3901
3630
3644
3902
3631
3645
3903
3632
3646
3904
3633
3647
3905
3634
3648
3906
3907
3636
3649
3908
3637
3650
3909
3638
3651
3910
3639
3652
3911
3640
3653
3912
3641
3654
3913
3642
3655
3914
3643
3656
3915
3644
3657
3916
3645
3658
3917
3646
3659
3918
3647
3660
3919
3648
3661
3920
3921
3650
3662
3922
3651
3663
3923
3652
3664
3924
3653
3665
3925
3654
3666
3926
3655
3667
3927
3656
3668
3928
3657
3669
3929
3658
3670
3930
3659
3671
3931
3660
3672
3932
3661
3673
3933
3934
3663
3674
3935
3664
3675
3936
3665
3676
3937
3666
3677
3938
3667
3678
3939
3668
3679
3940
3669
3680
3941
3670
3681
3942
3671
3682
3943
3672
3683
3944
3673
3945
3675
3684
3946
3676
3685
3947
3677
3686
3948
3678
3687
3949
3679
3688
3950
3680
3689
3951
3681
3952
3682
3683
3685
3690
3953
3686
3691
3954
3687
3692
3955
3688
3693
3956
3689
3694
3957
3691
3695
3958
3692
3696
3959
3693
3697
3960
3694
3698
3961
3696
3699
3962
3697
3700
3963
3698
3701
3964
3700
3702
3965
3701
3703
3966
3703
3967
3705
3707
3708
3707
3710
3708
3711
3709
3712
3713
3711
3714
3712
3715
3713
3716
3717
3715
3716
3718
3717
3719
3968
3720
3969
3719
3722
3720
3723
3970
3721
3724
3971
3725
3972
3723
3724
3729
3973
3725
3730
3974
3726
3731
3975
3727
3732
3976
3728
3733
3977
3734
3978
3730
3740
3982
3731
3741
3983
3732
3742
3984
3733
3743
3985
3734
3744
3986
3735
3745
3987
3736
3746
3988
3737
3747
3989
3738
3748
3990
3739
3749
3991
3750
3992
3741
3993
3742
3752
3994
3743
3753
3995
3744
3754
3996
3745
3755
3997
3746
3756
3998
3747
3757
3999
3748
3758
4000
3749
3759
4001
3750
3760
4002
3751
3761
4003
3762
4004
3753
3763
4005
3754
3764
4006
3755
3765
4007
3756
3766
4008
3757
3767
4009
3758
3768
4010
3759
3769
4011
3760
3770
4012
3761
3771
4013
3762
3772
4014
3773
4015
3764
3775
4017
3765
3776
4018
3766
3777
4019
3767
3778
4020
3768
3779
4021
3769
3780
4022
3770
3781
4023
3771
3782
4024
3772
3783
4025
3773
3784
4026
3774
3785
4027
3786
4028
3776
3777
3787
4029
3778
3788
4030
3779
3789
4031
3780
3790
4032
3781
3791
4033
3782
3792
4034
3783
3793
4035
3784
3794
4036
3785
3795
4037
3786
3796
4038
3797
4039
3788
3799
4040
3789
3800
4041
3790
3801
4042
3791
3802
4043
3792
3803
4044
3793
3804
4045
3794
3805
4046
3795
3806
4047
3796
3807
4048
3797
3808
4049
3798
3809
4050
3810
4051
3800
4052
3801
3811
4053
3802
3812
4054
3803
3813
4055
3804
3814
4056
3805
3815
4057
3806
3816
4058
3807
3817
4059
3808
3818
4060
3809
3819
4061
3810
3820
4062
3821
4063
3812
3822
4064
3813
3823
4065
3814
3824
4066
3815
3825
4067
3816
3826
4068
3817
3827
4069
3818
3828
4070
3819
3829
4071
3820
3830
4072
3821
3831
4073
3832
4074
3823
3833
4075
3824
3834
4076
3825
3835
4077
3826
3836
4078
3827
3837
4079
3828
3838
4080
3829
3839
4081
3830
3840
4082
3831
3841
4083
3832
3842
4084
3843
4085
3834
3835
3844
4086
3836
3845
4087
3837
3846
4088
3838
3847
4089
3839
3848
4090
3840
3849
4091
3841
3850
4092
3842
3851
4093
3843
3852
4094
4095
3845
3853
4096
3846
3854
4097
3847
3855
4098
3848
3856
4099
3849
3857
4100
3850
3858
4101
3851
3859
4102
3852
3860
4103
3861
4104
3854
4105
3855
3862
4106
3856
3863
4107
3857
3864
4108
3858
3865
4109
3859
3866
4110
3860
3867
4111
3861
3868
4112
4113
3863
3870
4114
3864
3871
4115
3865
3872
4116
3866
3873
4117
3867
3874
4118
3868
4119
4120
3877
3871
3872
4121
3873
4122
3874
4123
4124
3876
3881
3877
3882
4125
3878
3883
4126
3879
3884
4127
3885
4128
3881
3889
3882
3890
3883
3891
4130
3884
3892
4131
3885
3893
4132
3886
3894
4133
3895
4134
3888
3898
3889
3899
3890
3900
3891
3901
4136
3892
3902
4137
3893
3903
4138
3894
3904
4139
3895
3905
4140
3896
3906
4141
3907
4142
3898
3912
3899
3913
3900
3914
4143
3901
3915
4144
3902
3916
4145
3903
3917
4146
3904
3918
4147
3905
3919
4148
3906
3920
4149
3907
3921
4150
4151
3909
3922
4152
3910
3923
4153
3911
3924
3912
3925
3913
3926
3914
3927
4154
3915
3928
4155
3916
3929
4156
3917
3930
4157
3918
3931
4158
3919
3932
4159
3920
3933
4160
3921
3934
4161
4162
3923
3935
4163
3924
3936
4164
3925
3937
4165
3926
3938
4166
3927
3939
4167
3928
3940
4168
3929
3941
4169
3930
3942
4170
3931
3943
4171
3932
3944
4172
3933
3945
4173
3934
4174
4175
3936
3946
4176
3937
3947
4177
3938
3948
4178
3939
3949
4179
3940
3950
4180
3941
3951
4181
3942
3952
3943
3944
4182
3945
4183
4184
3947
3953
4185
3948
3954
4186
3949
3955
4187
3950
3956
4188
3951
3957
4189
3952
3954
3958
4190
3955
3959
4191
3956
3960
4192
3957
3961
4193
3959
3962
4194
3960
3963
4195
3961
3964
4196
3963
3965
4197
3964
3966
4198
3966
3967
4199
3969
3970
3971
3971
3973
3972
3974
4200
3975
4201
3974
3982
4202
3975
3983
4203
3976
3984
4204
3977
3985
4205
3978
3986
4206
3979
3987
4207
3980
3988
4208
3981
3989
4209
3990
4210
3983
3993
3984
3994
4212
3985
3995
4213
3986
3996
4214
3987
3997
4215
3988
3998
4216
3989
3999
4217
3990
4000
4218
3991
4001
4219
3992
4002
4220
4003
4221
3994
3995
4005
4222
3996
4006
4223
3997
4007
4224
3998
4008
4225
3999
4009
4226
4000
4010
4227
4001
4011
4228
4002
4012
4229
4003
4013
4230
4004
4014
4231
4015
4232
4006
4017
4233
4007
4018
4234
4008
4019
4235
4009
4020
4236
4010
4021
4237
4011
4022
4238
4012
4023
4239
4013
4024
4240
4014
4025
4241
4015
4026
4242
4016
4027
4243
4028
4244
4018
4019
4029
4245
4020
4030
4246
4021
4031
4247
4022
4032
4248
4023
4033
4249
4024
4034
4250
4025
4035
4251
4026
4036
4252
4027
4037
4253
4028
4038
4254
4039
4255
4030
4040
4256
4031
4041
4257
4032
4042
4258
4033
4043
4259
4034
4044
4260
4035
4045
4261
4036
4046
4262
4037
4047
4263
4038
4048
4264
4039
4049
4265
4050
4266
4041
4052
4267
4042
4053
4268
4043
4054
4269
4044
4055
4270
4045
4056
4271
4046
4057
4272
4047
4058
4273
4048
4059
4274
4049
4060
4275
4050
4061
4276
4051
4062
4277
4063
4053
4054
4064
4278
4055
4065
4279
4056
4066
4280
4057
4067
4281
4058
4068
4282
4059
4069
4283
4060
4070
4284
4061
4071
4285
4062
4072
4286
4063
4073
4287
4074
4065
4075
4288
4066
4076
4289
4067
4077
4290
4068
4078
4291
4069
4079
4292
4070
4080
4293
4071
4081
4294
4072
4082
4295
4073
4083
4296
4074
4084
4297
4085
4076
4077
4086
4298
4078
4087
4299
4079
4088
4300
4080
4089
4301
4081
4090
4302
4082
4091
4303
4083
4092
4304
4084
4093
4305
4085
4094
4306
4095
4087
4096
4307
4088
4097
4308
4089
4098
4309
4090
4099
4310
4091
4100
4311
4092
4101
4312
4093
4102
4313
4094
4103
4314
4095
4104
4315
4097
4105
4316
4098
4106
4317
4099
4107
4318
4100
4108
4319
4101
4109
4320
4102
4110
4321
4103
4111
4322
4104
4112
4323
4113
4324
4106
4107
4114
4325
4108
4115
4326
4109
4116
4327
4110
4117
4328
4111
4118
4329
4112
4119
4330
4113
4120
4331
4115
4332
4116
4121
4333
4117
4122
4334
4118
4123
4335
4119
4124
4336
4120
4337
4338
4122
4339
4123
4340
4124
4341
4126
4130
4342
4127
4131
4343
4128
4132
4344
4129
4133
4345
4134
4346
4131
4137
4348
4132
4138
4349
4133
4139
4350
4134
4140
4351
4135
4141
4352
4142
4353
4137
4145
4354
4138
4146
4355
4139
4147
4356
4140
4148
4357
4141
4149
4358
4142
4150
4359
4151
4360
4144
4155
4145
4156
4146
4157
4361
4147
4158
4362
4148
4159
4363
4149
4160
4364
4150
4161
4365
4151
4162
4366
4367
4153
4163
4368
4164
4369
4155
4168
4156
4169
4157
4170
4158
4171
4370
4159
4172
4371
4160
4173
4372
4161
4174
4373
4162
4175
4374
4375
4164
4176
4377
4165
4177
4378
4166
4178
4379
4167
4179
4380
4168
4180
4169
4181
4170
4171
4172
4182
4173
4183
4381
4174
4184
4382
4175
4383
4384
4177
4185
4385
4178
4186
4386
4179
4187
4387
4180
4188
4388
4181
4189
4183
4184
4186
4190
4389
4187
4191
4390
4188
4192
4391
4189
4193
4392
4191
4194
4393
4192
4195
4394
4193
4196
4395
4195
4197
4396
4196
4198
4397
4198
4199
4398
4201
4203
4204
4203
4204
4212
4399
4205
4213
4400
4206
4214
4401
4207
4215
4402
4208
4216
4403
4209
4217
4404
4210
4218
4405
4211
4219
4406
4220
4213
4222
4407
4214
4223
4408
4215
4224
4409
4216
4225
4410
4217
4226
4411
4218
4227
4412
4219
4228
4413
4220
4229
4414
4221
4230
4415
4231
4416
4223
4233
4417
4224
4234
4418
4225
4235
4419
4226
4236
4420
4227
4237
4421
4228
4238
4422
4229
4239
4423
4230
4240
4424
4231
4241
4425
4232
4242
4426
4243
4427
4234
4235
4245
4428
4236
4246
4429
4237
4247
4430
4238
4248
4431
4239
4249
4432
4240
4250
4433
4241
4251
4434
4242
4252
4435
4243
4253
4436
4244
4254
4437
4255
4246
4256
4438
4247
4257
4439
4248
4258
4440
4249
4259
4441
4250
4260
4442
4251
4261
4443
4252
4262
4444
4253
4263
4445
4254
4264
4446
4255
4265
4447
4266
4448
4257
4267
4449
4258
4268
4450
4259
4269
4451
4260
4270
4452
4261
4271
4453
4262
4272
4454
4263
4273
4455
4264
4274
4456
4265
4275
4457
4266
4276
4458
4277
4459
4268
4269
4278
4460
4270
4279
4461
4271
4280
4462
4272
4281
4463
4273
4282
4464
4274
4283
4465
4275
4284
4466
4276
4285
4467
4277
4286
4468
4287
4469
4279
4288
4470
4280
4289
4471
4281
4290
4472
4282
4291
4473
4283
4292
4474
4284
4293
4475
4285
4294
4476
4286
4295
4477
4287
4296
4478
4297
4479
4289
4480
4290
4298
4481
4291
4299
4482
4292
4300
4483
4293
4301
4484
4294
4302
4485
4295
4303
4486
4296
4304
4487
4297
4305
4488
4306
4489
4299
4307
4490
4300
4308
4491
4301
4309
4492
4302
4310
4493
4303
4311
4494
4304
4312
4495
4305
4313
4496
4306
4314
4497
4315
4498
4308
4316
4499
4309
4317
4500
4310
4318
4501
4311
4319
4502
4312
4320
4503
4313
4321
4504
4314
4322
4505
4315
4323
4506
4324
4507
4317
4318
4325
4508
4319
4326
4509
4320
4327
4510
4321
4328
4511
4322
4329
4512
4323
4330
4513
4324
4331
4514
4515
4326
4332
4516
4327
4333
4517
4328
4334
4518
4329
4335
4519
4330
4336
4520
4331
4337
4521
4338
4522
4333
4523
4334
4339
4524
4335
4340
4525
4336
4341
4526
4337
4527
4338
4528
4340
4532
4341
4533
4534
4343
4348
4535
4344
4349
4536
4345
4350
4537
4346
4351
4538
4347
4352
4539
4353
4540
4349
4355
4542
4350
4356
4543
4351
4357
4544
4352
4358
4545
4353
4359
4546
4360
4547
4355
4361
4549
4356
4362
4550
4357
4363
4551
4358
4364
4552
4359
4365
4553
4360
4366
4554
4367
4555
4362
4370
4363
4371
4557
4364
4372
4558
4365
4373
4559
4366
4374
4560
4367
4375
4561
4376
4562
4369
4377
4564
4378
4371
4372
4381
4565
4373
4382
4566
4374
4383
4567
4375
4384
4568
4376
4569
4570
4378
4385
4572
4379
4386
4573
4380
4387
4574
4388
4382
4383
4384
4386
4389
4575
4387
4390
4576
4388
4391
4577
4392
4390
4393
4578
4391
4394
4579
4392
4395
4580
4394
4396
4581
4395
4397
4582
4397
4398
4583
4584
4400
4407
4401
4408
4585
4402
4409
4586
4403
4410
4587
4404
4411
4588
4405
4412
4589
4406
4413
4590
4414
4591
4408
4417
4592
4409
4418
4593
4410
4419
4594
4411
4420
4595
4412
4421
4596
4413
4422
4597
4414
4423
4598
4415
4424
4599
4416
4425
4600
4426
4601
4418
4419
4428
4602
4420
4429
4603
4421
4430
4604
4422
4431
4605
4423
4432
4606
4424
4433
4607
4425
4434
4608
4426
4435
4609
4427
4436
4610
4437
4429
4438
4611
4430
4439
4612
4431
4440
4613
4432
4441
4614
4433
4442
4615
4434
4443
4616
4435
4444
4617
4436
4445
4618
4437
4446
4619
4447
4620
4439
4449
4621
4440
4450
4622
4441
4451
4623
4442
4452
4624
4443
4453
4625
4444
4454
4626
4445
4455
4627
4446
4456
4628
4447
4457
4629
4448
4458
4630
4459
4450
4451
4460
4631
4452
4461
4632
4453
4462
4633
4454
4463
4634
4455
4464
4635
4456
4465
4636
4457
4466
4637
4458
4467
4638
4459
4468
4639
4469
4461
4470
4640
4462
4471
4641
4463
4472
4642
4464
4473
4643
4465
4474
4644
4466
4475
4645
4467
4476
4646
4468
4477
4647
4469
4478
4648
4479
4471
4480
4649
4472
4481
4650
4473
4482
4651
4474
4483
4652
4475
4484
4653
4476
4485
4654
4477
4486
4655
4478
4487
4656
4479
4488
4657
4489
4481
4482
4490
4658
4483
4491
4659
4484
4492
4660
4485
4493
4661
4486
4494
4662
4487
4495
4663
4488
4496
4664
4489
4497
4665
4498
4491
4499
4666
4492
4500
4667
4493
4501
4668
4494
4502
4669
4495
4503
4670
4496
4504
4671
4497
4505
4672
4498
4506
4673
4507
4500
4674
4501
4508
4675
4502
4509
4676
4503
4510
4677
4504
4511
4678
4505
4512
4679
4506
4513
4680
4507
4514
4681
4515
4509
4516
4682
4510
4517
4683
4511
4518
4684
4512
4519
4685
4513
4520
4686
4514
4521
4687
4515
4522
4688
4517
4523
4689
4518
4524
4690
4519
4525
4691
4520
4526
4692
4521
4527
4693
4522
4528
4694
4695
4524
4525
4532
4696
4526
4533
4697
4527
4534
4698
4528
4699
4700
4530
4536
4701
4531
4537
4702
4538
4703
4533
4534
4705
4536
4542
4706
4537
4543
4707
4538
4544
4708
4539
4545
4709
4540
4546
4710
4547
4711
4542
4549
4712
4543
4550
4713
4544
4551
4714
4545
4552
4715
4546
4553
4716
4547
4554
4717
4548
4555
4718
4556
4719
4550
4551
4557
4720
4552
4558
4721
4553
4559
4722
4554
4560
4723
4555
4561
4724
4556
4562
4725
4563
4726
4558
4565
4727
4559
4566
4728
4560
4567
4729
4561
4568
4730
4562
4569
4731
4563
4570
4732
4571
4733
4572
4566
4567
4734
4568
4735
4569
4736
4570
4737
4571
4738
4739
4573
4575
4740
4574
4576
4577
4576
4578
4743
4577
4579
4580
4579
4581
4744
4580
4582
4745
4582
4583
4746
4584
4584
4586
4593
4747
4587
4594
4748
4588
4595
4749
4589
4596
4590
4597
4750
4591
4598
4751
4599
4593
4594
4602
4752
4595
4603
4753
4596
4604
4754
4597
4605
4755
4598
4606
4756
4599
4607
4757
4600
4608
4758
4601
4609
4610
4603
4611
4759
4604
4612
4760
4605
4613
4761
4606
4614
4762
4607
4615
4763
4608
4616
4764
4609
4617
4765
4610
4618
4766
4619
4767
4612
4621
4768
4613
4622
4769
4614
4623
4770
4615
4624
4771
4616
4625
4772
4617
4626
4773
4618
4627
4774
4619
4628
4775
4620
4629
4776
4630
4622
4777
4623
4631
4778
4624
4632
4779
4625
4633
4780
4626
4634
4781
4627
4635
4782
4628
4636
4783
4629
4637
4784
4630
4638
4785
4639
4786
4632
4640
4787
4633
4641
4788
4634
4642
4789
4635
4643
4790
4636
4644
4791
4637
4645
4792
4638
4646
4793
4639
4647
4794
4648
4795
4641
4649
4796
4642
4650
4797
4643
4651
4798
4644
4652
4799
4645
4653
4800
4646
4654
4801
4647
4655
4802
4648
4656
4803
4657
4804
4650
4651
4658
4805
4652
4659
4806
4653
4660
4807
4654
4661
4808
4655
4662
4809
4656
4663
4810
4657
4664
4811
4665
4812
4659
4666
4813
4660
4667
4814
4661
4668
4815
4662
4669
4816
4663
4670
4817
4664
4671
4818
4665
4672
4819
4673
4820
4667
4674
4821
4668
4675
4822
4669
4676
4823
4670
4677
4824
4671
4678
4825
4672
4679
4826
4673
4680
4827
4681
4828
4675
4676
4682
4829
4677
4683
4830
4678
4684
4831
4679
4685
4832
4680
4686
4833
4681
4687
4834
4688
4835
4683
4689
4836
4684
4690
4837
4685
4691
4838
4686
4692
4839
4687
4693
4840
4688
4694
4841
4695
4842
4690
4691
4696
4843
4692
4697
4844
4693
4698
4845
4694
4699
4846
4695
4700
4847
4697
4698
4705
4848
4699
4849
4700
4850
4702
4707
4851
4703
4708
4852
4704
4709
4853
4710
4854
4707
4713
4855
4708
4714
4856
4709
4715
4857
4710
4716
4858
4711
4717
4859
4718
4860
4713
4714
4720
4861
4715
4721
4862
4716
4722
4863
4717
4723
4864
4718
4724
4865
4719
4725
4866
4726
4867
4721
4727
4868
4722
4728
4869
4723
4729
4870
4724
4730
4871
4725
4731
4872
4726
4732
4873
4733
4874
4728
4875
4729
4734
4876
4730
4735
4877
4731
4736
4878
4732
4737
4879
4733
4738
4880
4739
4881
4735
4882
4736
4883
4737
4741
4884
4738
4742
4885
4739
4886
4743
4742
4887
4888
4744
4745
4746
4748
4752
4749
4753
4754
4751
4756
4757
4753
4759
4754
4760
4889
4755
4761
4890
4756
4762
4757
4763
4758
4764
4765
4760
4768
4891
4761
4769
4892
4762
4770
4893
4763
4771
4894
4764
4772
4895
4765
4773
4766
4774
4767
4775
4776
4769
4777
4896
4770
4778
4897
4771
4779
4898
4772
4780
4899
4773
4781
4900
4774
4782
4901
4775
4783
4776
4784
4785
4778
4779
4787
4902
4780
4788
4903
4781
4789
4904
4782
4790
4905
4783
4791
4906
4784
4792
4907
4785
4793
4786
4794
4795
4788
4796
4908
4789
4797
4909
4790
4798
4910
4791
4799
4911
4792
4800
4912
4793
4801
4913
4794
4802
4914
4795
4803
4804
4797
4915
4798
4805
4916
4799
4806
4917
4800
4807
4918
4801
4808
4919
4802
4809
4920
4803
4810
4921
4804
4811
4922
4812
4806
4813
4923
4807
4814
4924
4808
4815
4925
4809
4816
4926
4810
4817
4927
4811
4818
4928
4812
4819
4929
4820
4814
4821
4930
4815
4822
4931
4816
4823
4932
4817
4824
4933
4818
4825
4934
4819
4826
4935
4820
4827
4936
4828
4822
4823
4829
4937
4824
4830
4938
4825
4831
4939
4826
4832
4940
4827
4833
4941
4828
4834
4942
4835
4830
4836
4943
4831
4837
4944
4832
4838
4945
4833
4839
4946
4834
4840
4947
4835
4841
4948
4842
4837
4838
4843
4949
4839
4844
4950
4840
4845
4951
4841
4846
4952
4842
4847
4844
4845
4848
4953
4846
4849
4954
4847
4850
4955
4849
4850
4852
4856
4853
4857
4956
4854
4858
4957
4859
4856
4861
4857
4862
4958
4858
4863
4959
4859
4864
4960
4860
4865
4961
4866
4962
4862
4868
4863
4869
4963
4864
4870
4964
4865
4871
4965
4866
4872
4966
4867
4873
4967
4874
4869
4875
4870
4876
4968
4871
4877
4969
4872
4878
4970
4873
4879
4971
4874
4880
4972
4881
4876
4877
4882
4973
4878
4883
4974
4879
4884
4975
4880
4885
4976
4881
4886
4977
4883
4884
4978
4885
4887
4979
4886
4888
4980
4981
4888
4982
4983
4890
4892
4893
4892
4896
4893
4897
4894
4898
4895
4899
4900
4897
4898
4902
4899
4903
4900
4904
4901
4905
4906
4903
4908
4904
4909
4984
4905
4910
4985
4906
4911
4986
4907
4912
4913
4909
4915
4910
4916
4987
4911
4917
4988
4912
4918
4989
4913
4919
4990
4914
4920
4921
4916
4917
4923
4991
4918
4924
4992
4919
4925
4993
4920
4926
4994
4921
4927
4995
4922
4928
4929
4924
4930
4996
4925
4931
4997
4926
4932
4998
4927
4933
4999
4928
4934
5000
4929
4935
5001
4936
4931
4932
4937
5002
4933
4938
5003
4934
4939
5004
4935
4940
5005
4936
4941
5006
4942
4938
4943
5007
4939
4944
5008
4940
4945
5009
4941
4946
5010
4942
4947
5011
4948
4944
5012
4945
4949
5013
4946
4950
5014
4947
4951
5015
4948
4952
4950
5016
4951
4953
5017
4952
4954
4955
4954
4955
4957
4959
4960
4959
4963
5018
4960
4964
5019
4961
4965
5020
4962
4966
4967
4964
4968
5021
4965
4969
5022
4966
4970
5023
4967
4971
5024
4972
4969
4973
5025
4970
4974
5026
4971
4975
5027
4972
4976
5028
4977
4974
5029
4975
4978
5030
4976
4979
5031
4977
4980
4981
4979
4980
4982
4981
4983
4983
4985
4987
4986
4988
4989
4988
4991
4989
4992
4990
4993
4994
4992
4996
4993
4997
4994
4998
4995
4999
5000
4997
4998
5002
4999
5003
5032
5000
5004
5033
5001
5005
5006
5003
5007
5004
5008
5005
5009
5006
5010
5011
5008
5012
5009
5013
5010
5014
5011
5015
5013
5014
5016
5015
5017
5017
5019
5021
5020
5022
5023
5022
5025
5023
5026
5024
5027
5028
5026
5029
5027
5030
5028
5031
5030
5031
5033
)


// ************************************************************************* //
