/*--------------------------------*- C++ -*----------------------------------*\
  =========                 |
  \\      /  F ield         | OpenFOAM: The Open Source CFD Toolbox
   \\    /   O peration     | Website:  https://openfoam.org
    \\  /    A nd           | Version:  6
     \\/     M anipulation  |
\*---------------------------------------------------------------------------*/
FoamFile
{
    version     2.0;
    format      ascii;
    class       labelList;
    location    "constant/region30/polyMesh";
    object      pointRegionAddressing;
}
// * * * * * * * * * * * * * * * * * * * * * * * * * * * * * * * * * * * * * //


7153
(
7410
7411
7475
7476
11505
11506
11570
11571
11572
11635
11636
11637
11700
11701
11702
11765
11766
11767
11830
11831
15730
15731
15795
15796
15797
15860
15861
15862
15925
15926
15927
15990
15991
15992
16055
16056
16057
16120
16121
19955
19956
20020
20021
20022
20085
20086
20087
20150
20151
20152
20215
20216
20217
20280
20281
20282
20345
20346
20347
20410
20411
20412
20475
20476
20477
20540
20541
24115
24116
24180
24181
24182
24245
24246
24247
24310
24311
24312
24375
24376
24377
24440
24441
24442
24505
24506
24507
24508
24570
24571
24572
24573
24635
24636
24637
24638
24700
24701
24702
24703
24765
24766
24767
24768
24830
24831
24832
24833
28210
28211
28212
28275
28276
28277
28340
28341
28342
28405
28406
28407
28470
28471
28472
28535
28536
28537
28600
28601
28602
28665
28666
28667
28730
28731
28732
28733
28795
28796
28797
28798
28799
28860
28861
28862
28863
28864
28925
28926
28927
28928
28929
28930
28990
28991
28992
28993
28994
28995
29055
29056
29057
29058
29059
29060
29120
29121
29122
29123
29124
32371
32372
32435
32436
32437
32438
32500
32501
32502
32503
32565
32566
32567
32568
32630
32631
32632
32695
32696
32697
32760
32761
32762
32825
32826
32827
32890
32891
32892
32955
32956
32957
32958
33020
33021
33022
33023
33024
33085
33086
33087
33088
33089
33090
33150
33151
33152
33153
33154
33155
33156
33215
33216
33217
33218
33219
33220
33221
33280
33281
33282
33283
33284
33285
33286
33345
33346
33347
33348
33349
33350
33410
33411
33412
33413
33414
36596
36597
36660
36661
36662
36663
36725
36726
36727
36728
36790
36791
36792
36793
36855
36856
36857
36920
36921
36922
36985
36986
36987
37050
37051
37052
37115
37116
37117
37180
37181
37182
37183
37184
37245
37246
37247
37248
37249
37250
37310
37311
37312
37313
37314
37315
37316
37375
37376
37377
37378
37379
37380
37381
37382
37440
37441
37442
37443
37444
37445
37446
37447
37505
37506
37507
37508
37509
37510
37511
37512
37570
37571
37572
37573
37574
37575
37576
37635
37636
37637
37638
37639
37640
37641
37700
37701
37702
37703
37704
40821
40822
40885
40886
40887
40950
40951
40952
41015
41016
41017
41028
41029
41030
41080
41081
41082
41093
41094
41095
41096
41145
41146
41147
41158
41159
41160
41161
41162
41210
41211
41223
41224
41225
41226
41227
41275
41276
41340
41341
41342
41343
41344
41405
41406
41407
41408
41409
41410
41470
41471
41472
41473
41474
41475
41476
41477
41535
41536
41537
41538
41539
41540
41541
41542
41543
41600
41601
41602
41603
41604
41605
41606
41607
41608
41609
41665
41666
41667
41668
41669
41670
41671
41672
41673
41674
41730
41731
41732
41733
41734
41735
41736
41737
41738
41739
41795
41796
41797
41798
41799
41800
41801
41802
41803
41860
41861
41862
41863
41864
41865
41866
41867
41868
41925
41926
41927
41928
41929
41930
41931
41992
41993
41994
45176
45177
45188
45189
45190
45241
45242
45253
45254
45255
45256
45306
45307
45318
45319
45320
45321
45322
45383
45384
45385
45386
45387
45388
45448
45449
45450
45451
45452
45453
45500
45501
45502
45503
45513
45514
45515
45516
45517
45565
45566
45567
45568
45569
45570
45630
45631
45632
45633
45634
45635
45636
45695
45696
45697
45698
45699
45700
45701
45702
45703
45760
45761
45762
45763
45764
45765
45766
45767
45768
45769
45825
45826
45827
45828
45829
45830
45831
45832
45833
45834
45890
45891
45892
45893
45894
45895
45896
45897
45898
45899
45900
45955
45956
45957
45958
45959
45960
45961
45962
45963
45964
45965
46020
46021
46022
46023
46024
46025
46026
46027
46028
46029
46085
46086
46087
46088
46089
46090
46091
46092
46093
46094
46150
46151
46152
46153
46154
46155
46156
46157
46158
46217
46218
46219
46220
46221
46222
49413
49414
49415
49478
49479
49480
49481
49482
49543
49544
49545
49546
49547
49608
49609
49610
49611
49612
49613
49673
49674
49675
49676
49677
49678
49726
49727
49728
49729
49738
49739
49740
49741
49742
49743
49790
49791
49792
49793
49794
49795
49796
49804
49805
49806
49855
49856
49857
49858
49859
49860
49861
49862
49920
49921
49922
49923
49924
49925
49926
49927
49928
49985
49986
49987
49988
49989
49990
49991
49992
49993
49994
50050
50051
50052
50053
50054
50055
50056
50057
50058
50059
50060
50115
50116
50117
50118
50119
50120
50121
50122
50123
50124
50125
50180
50181
50182
50183
50184
50185
50186
50187
50188
50189
50190
50245
50246
50247
50248
50249
50250
50251
50252
50253
50254
50310
50311
50312
50313
50314
50315
50316
50317
50318
50319
50376
50377
50378
50379
50380
50381
50382
50383
50384
50442
50443
50444
50445
50446
50447
50448
50509
50510
50511
53638
53639
53640
53641
53703
53704
53705
53706
53707
53768
53769
53770
53771
53772
53833
53834
53835
53836
53837
53838
53898
53899
53900
53901
53902
53903
53951
53952
53953
53954
53955
53963
53964
53965
53966
53967
53968
54015
54016
54017
54018
54019
54020
54021
54028
54029
54030
54031
54080
54081
54082
54083
54084
54085
54086
54087
54088
54145
54146
54147
54148
54149
54150
54151
54152
54153
54210
54211
54212
54213
54214
54215
54216
54217
54218
54219
54275
54276
54277
54278
54279
54280
54281
54282
54283
54284
54285
54340
54341
54342
54343
54344
54345
54346
54347
54348
54349
54350
54405
54406
54407
54408
54409
54410
54411
54412
54413
54414
54415
54470
54471
54472
54473
54474
54475
54476
54477
54478
54479
54535
54536
54537
54538
54539
54540
54541
54542
54543
54544
54601
54602
54603
54604
54605
54606
54607
54608
54609
54667
54668
54669
54670
54671
54672
54673
54734
54735
54736
54737
57863
57864
57865
57866
57867
57928
57929
57930
57931
57932
57993
57994
57995
57996
57997
58058
58059
58060
58061
58062
58123
58124
58125
58126
58127
58176
58177
58178
58179
58180
58181
58188
58189
58190
58191
58192
58240
58241
58242
58243
58244
58245
58246
58247
58253
58254
58255
58256
58305
58306
58307
58308
58309
58310
58311
58312
58313
58370
58371
58372
58373
58374
58375
58376
58377
58378
58379
58435
58436
58437
58438
58439
58440
58441
58442
58443
58444
58500
58501
58502
58503
58504
58505
58506
58507
58508
58509
58565
58566
58567
58568
58569
58570
58571
58572
58573
58574
58575
58630
58631
58632
58633
58634
58635
58636
58637
58638
58639
58640
58695
58696
58697
58698
58699
58700
58701
58702
58703
58704
58760
58761
58762
58763
58764
58765
58766
58767
58768
58769
58826
58827
58828
58829
58830
58831
58832
58833
58834
58892
58893
58894
58895
58896
58897
58898
58959
58960
58961
58962
61945
61946
62010
62011
62012
62075
62076
62077
62088
62089
62090
62091
62092
62093
62140
62141
62153
62154
62155
62156
62157
62158
62218
62219
62220
62221
62222
62283
62284
62285
62286
62287
62348
62349
62350
62351
62352
62402
62403
62404
62405
62406
62413
62414
62415
62416
62466
62467
62468
62469
62470
62471
62472
62530
62531
62532
62533
62534
62535
62536
62537
62538
62595
62596
62597
62598
62599
62600
62601
62602
62603
62604
62660
62661
62662
62663
62664
62665
62666
62667
62668
62669
62725
62726
62727
62728
62729
62730
62731
62732
62733
62734
62790
62791
62792
62793
62794
62795
62796
62797
62798
62799
62800
62855
62856
62857
62858
62859
62860
62861
62862
62863
62864
62865
62920
62921
62922
62923
62924
62925
62926
62927
62928
62929
62985
62986
62987
62988
62989
62990
62991
62992
62993
62994
63051
63052
63053
63054
63055
63056
63057
63058
63059
63117
63118
63119
63120
63121
63122
63123
63183
63184
63185
63186
63187
63188
63250
63251
66105
66106
66107
66170
66171
66172
66173
66235
66236
66237
66238
66300
66301
66302
66303
66313
66314
66315
66316
66317
66318
66365
66366
66367
66368
66369
66378
66379
66380
66381
66382
66383
66430
66431
66432
66433
66434
66443
66444
66445
66446
66447
66448
66495
66496
66497
66498
66508
66509
66510
66511
66512
66513
66560
66561
66562
66573
66574
66575
66576
66577
66628
66629
66630
66631
66639
66640
66691
66692
66693
66694
66695
66696
66697
66755
66756
66757
66758
66759
66760
66761
66762
66763
66820
66821
66822
66823
66824
66825
66826
66827
66828
66885
66886
66887
66888
66889
66890
66891
66892
66893
66894
66950
66951
66952
66953
66954
66955
66956
66957
66958
66959
67015
67016
67017
67018
67019
67020
67021
67022
67023
67024
67025
67080
67081
67082
67083
67084
67085
67086
67087
67088
67089
67090
67145
67146
67147
67148
67149
67150
67151
67152
67153
67154
67210
67211
67212
67213
67214
67215
67216
67217
67218
67219
67275
67276
67277
67278
67279
67280
67281
67282
67283
67284
67342
67343
67344
67345
67346
67347
67348
67408
67409
67410
67411
67412
67413
67474
67475
67476
67477
69627
69628
69692
69693
70330
70331
70332
70333
70395
70396
70397
70398
70399
70460
70461
70462
70463
70464
70474
70475
70476
70477
70525
70526
70527
70528
70529
70538
70539
70540
70541
70542
70543
70590
70591
70592
70593
70594
70603
70604
70605
70606
70607
70608
70609
70655
70656
70657
70658
70659
70668
70669
70670
70671
70672
70673
70674
70720
70721
70722
70723
70724
70733
70734
70735
70736
70737
70738
70785
70786
70787
70788
70789
70790
70798
70799
70800
70801
70802
70803
70850
70851
70852
70853
70854
70855
70856
70915
70916
70917
70918
70919
70920
70921
70922
70981
70982
70983
70984
70985
70986
70987
71045
71046
71047
71048
71049
71050
71051
71052
71053
71110
71111
71112
71113
71114
71115
71116
71117
71118
71175
71176
71177
71178
71179
71180
71181
71182
71183
71184
71240
71241
71242
71243
71244
71245
71246
71247
71248
71249
71305
71306
71307
71308
71309
71310
71311
71312
71313
71314
71370
71371
71372
71373
71374
71375
71376
71377
71378
71379
71435
71436
71437
71438
71439
71440
71441
71442
71443
71444
71500
71501
71502
71503
71504
71505
71506
71507
71508
71509
71567
71568
71569
71570
71571
71572
71573
71574
71633
71634
71635
71636
71637
71638
71639
71699
71700
71701
71702
71703
71704
71766
71767
73723
73724
73787
73788
73789
73790
73851
73852
73853
73854
73855
73916
73917
73918
73919
73920
73921
73981
73982
73983
73984
73985
73986
74046
74047
74048
74049
74050
74051
74112
74113
74114
74115
74381
74382
74383
74445
74446
74447
74448
74449
74508
74509
74510
74511
74512
74513
74514
74555
74556
74557
74558
74559
74572
74573
74574
74575
74576
74577
74578
74620
74621
74622
74623
74624
74625
74636
74637
74638
74639
74640
74641
74642
74643
74685
74686
74687
74688
74689
74690
74699
74700
74701
74702
74703
74704
74705
74706
74707
74750
74751
74752
74753
74754
74755
74763
74764
74765
74766
74767
74768
74769
74770
74771
74815
74816
74817
74818
74819
74820
74828
74829
74830
74831
74832
74833
74834
74835
74880
74881
74882
74883
74884
74885
74886
74893
74894
74895
74896
74897
74898
74899
74900
74945
74946
74947
74948
74949
74950
74951
74952
74953
74958
74959
74960
74961
74962
74963
74964
75010
75011
75012
75013
75014
75015
75016
75017
75018
75019
75023
75024
75025
75026
75027
75028
75075
75076
75077
75078
75079
75080
75081
75082
75083
75084
75091
75092
75093
75140
75141
75142
75143
75144
75145
75146
75147
75148
75206
75207
75208
75209
75210
75211
75212
75270
75271
75272
75273
75274
75275
75276
75277
75335
75336
75337
75338
75339
75340
75341
75342
75400
75401
75402
75403
75404
75405
75406
75407
75465
75466
75467
75468
75469
75470
75471
75472
75473
75530
75531
75532
75533
75534
75535
75536
75537
75538
75595
75596
75597
75598
75599
75600
75601
75602
75603
75604
75660
75661
75662
75663
75664
75665
75666
75667
75668
75669
75726
75727
75728
75729
75730
75731
75732
75733
75734
75792
75793
75794
75795
75796
75797
75798
75799
75800
75801
75857
75858
75859
75860
75861
75862
75863
75864
75865
75866
75867
75922
75923
75924
75925
75926
75927
75928
75929
75930
75931
75932
75988
75989
75990
75991
75992
75993
75994
75995
75996
77946
77947
77948
77949
77950
77951
78011
78012
78013
78014
78015
78016
78076
78077
78078
78079
78080
78081
78082
78141
78142
78143
78144
78145
78146
78147
78206
78207
78208
78209
78210
78211
78271
78272
78273
78274
78275
78276
78336
78337
78338
78339
78340
78341
78604
78605
78606
78607
78608
78668
78669
78670
78671
78672
78673
78674
78732
78733
78734
78735
78736
78737
78738
78739
78780
78781
78782
78783
78784
78785
78796
78797
78798
78799
78800
78801
78802
78803
78845
78846
78847
78848
78849
78850
78851
78860
78861
78862
78863
78864
78865
78866
78867
78868
78910
78911
78912
78913
78914
78915
78916
78924
78925
78926
78927
78928
78929
78930
78931
78932
78933
78975
78976
78977
78978
78979
78980
78981
78988
78989
78990
78991
78992
78993
78994
78995
78996
78997
79040
79041
79042
79043
79044
79045
79046
79047
79052
79053
79054
79055
79056
79057
79058
79059
79060
79061
79105
79106
79107
79108
79109
79110
79111
79112
79113
79114
79115
79116
79117
79118
79119
79120
79121
79122
79123
79124
79125
79126
79170
79171
79172
79173
79174
79175
79176
79177
79178
79179
79180
79181
79182
79183
79184
79185
79186
79187
79188
79189
79190
79235
79236
79237
79238
79239
79240
79241
79242
79243
79244
79245
79246
79247
79248
79249
79250
79251
79252
79253
79254
79255
79300
79301
79302
79303
79304
79305
79306
79307
79308
79309
79310
79311
79312
79313
79314
79315
79316
79317
79318
79319
79365
79366
79367
79368
79369
79370
79371
79372
79373
79374
79375
79376
79377
79430
79431
79432
79433
79434
79435
79436
79437
79438
79439
79440
79496
79497
79498
79499
79500
79501
79502
79503
79504
79561
79562
79563
79564
79565
79566
79567
79568
79626
79627
79628
79629
79630
79631
79632
79691
79692
79693
79694
79695
79696
79697
79756
79757
79758
79759
79760
79761
79762
79821
79822
79823
79824
79825
79826
79827
79828
79886
79887
79888
79889
79890
79891
79892
79893
79894
79952
79953
79954
79955
79956
79957
79958
79959
80015
80016
80017
80018
80019
80020
80021
80022
80023
80024
80025
80026
80080
80081
80082
80083
80084
80085
80086
80087
80088
80089
80090
80091
80092
80145
80146
80147
80148
80149
80150
80151
80152
80153
80154
80155
80156
80157
80210
80211
80212
80213
80214
80215
80216
80217
80218
80219
80220
80221
80222
82171
82172
82173
82174
82175
82176
82235
82236
82237
82238
82239
82240
82241
82300
82301
82302
82303
82304
82305
82306
82307
82365
82366
82367
82368
82369
82370
82371
82372
82430
82431
82432
82433
82434
82435
82436
82495
82496
82497
82498
82499
82500
82501
82560
82561
82562
82563
82564
82565
82566
82627
82628
82629
82829
82830
82831
82832
82893
82894
82895
82896
82897
82898
82957
82958
82959
82960
82961
82962
82963
83006
83007
83008
83009
83010
83020
83021
83022
83023
83024
83025
83026
83027
83028
83070
83071
83072
83073
83074
83075
83076
83084
83085
83086
83087
83088
83089
83090
83091
83092
83093
83135
83136
83137
83138
83139
83140
83141
83142
83149
83150
83151
83152
83153
83154
83155
83156
83157
83158
83200
83201
83202
83203
83204
83205
83206
83207
83213
83214
83215
83216
83217
83218
83219
83220
83221
83222
83223
83265
83266
83267
83268
83269
83270
83271
83272
83273
83274
83275
83276
83277
83278
83279
83280
83281
83282
83283
83284
83285
83286
83287
83288
83330
83331
83332
83333
83334
83335
83336
83337
83338
83339
83340
83341
83342
83343
83344
83345
83346
83347
83348
83349
83350
83351
83352
83395
83396
83397
83398
83399
83400
83401
83402
83403
83404
83405
83406
83407
83408
83409
83410
83411
83412
83413
83414
83415
83416
83460
83461
83462
83463
83464
83465
83466
83467
83468
83469
83470
83471
83472
83473
83474
83475
83476
83477
83478
83479
83480
83481
83525
83526
83527
83528
83529
83530
83531
83532
83533
83534
83535
83536
83537
83538
83539
83540
83541
83542
83543
83544
83545
83546
83590
83591
83592
83593
83594
83595
83596
83597
83598
83599
83600
83601
83602
83603
83604
83605
83606
83607
83608
83609
83610
83655
83656
83657
83658
83659
83660
83661
83662
83663
83664
83665
83666
83667
83668
83669
83722
83723
83724
83725
83726
83727
83728
83729
83730
83731
83732
83733
83787
83788
83789
83790
83791
83792
83793
83794
83795
83796
83797
83852
83853
83854
83855
83856
83857
83858
83859
83860
83917
83918
83919
83920
83921
83922
83923
83982
83983
83984
83985
83986
83987
83988
84047
84048
84049
84050
84051
84113
84114
84115
84116
84117
84175
84176
84177
84178
84179
84180
84181
84182
84183
84184
84240
84241
84242
84243
84244
84245
84246
84247
84248
84249
84250
84251
84305
84306
84307
84308
84309
84310
84311
84312
84313
84314
84315
84316
84317
84370
84371
84372
84373
84374
84375
84376
84377
84378
84379
84380
84381
84382
84435
84436
84437
84438
84439
84440
84441
84442
84443
84444
84445
84446
84447
86395
86396
86397
86398
86399
86400
86401
86460
86461
86462
86463
86464
86465
86466
86524
86525
86526
86527
86528
86529
86530
86531
86589
86590
86591
86592
86593
86594
86595
86596
86654
86655
86656
86657
86658
86659
86660
86661
86719
86720
86721
86722
86723
86724
86725
86726
86784
86785
86786
86787
86788
86789
86790
86850
86851
86852
86853
86854
87054
87055
87056
87113
87114
87115
87116
87117
87118
87119
87120
87121
87122
87123
87178
87179
87180
87181
87182
87183
87184
87185
87186
87187
87188
87231
87232
87233
87234
87235
87243
87244
87245
87246
87247
87248
87249
87250
87251
87252
87253
87295
87296
87297
87298
87299
87300
87301
87308
87309
87310
87311
87312
87313
87314
87315
87316
87317
87318
87319
87360
87361
87362
87363
87364
87365
87366
87367
87373
87374
87375
87376
87377
87378
87379
87380
87381
87382
87383
87384
87425
87426
87427
87428
87429
87430
87431
87432
87433
87438
87439
87440
87441
87442
87443
87444
87445
87446
87447
87448
87490
87491
87492
87493
87494
87495
87496
87497
87498
87499
87500
87501
87502
87503
87504
87505
87506
87507
87508
87509
87510
87511
87512
87513
87555
87556
87557
87558
87559
87560
87561
87562
87563
87564
87565
87566
87567
87568
87569
87570
87571
87572
87573
87574
87575
87576
87577
87578
87620
87621
87622
87623
87624
87625
87626
87627
87628
87629
87630
87631
87632
87633
87634
87635
87636
87637
87638
87639
87640
87641
87642
87685
87686
87687
87688
87689
87690
87691
87692
87693
87694
87695
87696
87697
87698
87699
87700
87701
87702
87703
87704
87705
87706
87707
87750
87751
87752
87753
87754
87755
87756
87757
87758
87759
87760
87761
87762
87763
87764
87765
87766
87767
87768
87769
87770
87771
87815
87816
87817
87818
87819
87820
87821
87822
87823
87824
87825
87826
87827
87828
87829
87830
87831
87832
87833
87834
87835
87836
87880
87881
87882
87883
87884
87885
87886
87887
87888
87889
87890
87891
87892
87893
87894
87895
87896
87897
87898
87899
87900
87946
87947
87948
87949
87950
87951
87952
87953
87954
87955
87956
87957
87958
87959
87960
87961
87962
87963
87964
88012
88013
88014
88015
88016
88017
88018
88019
88020
88021
88022
88023
88024
88077
88078
88079
88080
88081
88082
88083
88084
88085
88086
88087
88088
88142
88143
88144
88145
88146
88147
88148
88149
88150
88151
88152
88153
88207
88208
88209
88210
88211
88212
88213
88214
88215
88216
88272
88273
88274
88275
88276
88277
88278
88335
88336
88337
88338
88339
88340
88341
88342
88400
88401
88402
88403
88404
88405
88406
88407
88408
88409
88465
88466
88467
88468
88469
88470
88471
88472
88473
88474
88475
88476
88530
88531
88532
88533
88534
88535
88536
88537
88538
88539
88540
88541
88542
88595
88596
88597
88598
88599
88600
88601
88602
88603
88604
88605
88606
88607
88660
88661
88662
88663
88664
88665
88666
88667
88668
88669
88670
88671
88672
90620
90621
90622
90623
90624
90625
90626
90684
90685
90686
90687
90688
90689
90690
90691
90749
90750
90751
90752
90753
90754
90755
90756
90813
90814
90815
90816
90817
90818
90819
90820
90821
90878
90879
90880
90881
90882
90883
90884
90885
90886
90943
90944
90945
90946
90947
90948
90949
90950
90951
91008
91009
91010
91011
91012
91013
91014
91015
91073
91074
91075
91076
91077
91078
91079
91140
91141
91142
91143
91144
91206
91207
91208
91209
91210
91271
91272
91273
91274
91275
91276
91277
91278
91279
91280
91281
91337
91338
91339
91340
91341
91342
91343
91344
91345
91346
91347
91348
91402
91403
91404
91405
91406
91407
91408
91409
91410
91411
91412
91413
91414
91457
91458
91459
91460
91467
91468
91469
91470
91471
91472
91473
91474
91475
91476
91477
91478
91479
91521
91522
91523
91524
91525
91526
91532
91533
91534
91535
91536
91537
91538
91539
91540
91541
91542
91543
91544
91585
91586
91587
91588
91589
91590
91591
91592
91597
91598
91599
91600
91601
91602
91603
91604
91605
91606
91607
91608
91609
91650
91651
91652
91653
91654
91655
91656
91657
91658
91663
91664
91665
91666
91667
91668
91669
91670
91671
91672
91673
91674
91715
91716
91717
91718
91719
91720
91721
91722
91723
91724
91725
91727
91728
91729
91730
91731
91732
91733
91734
91735
91736
91737
91738
91739
91780
91781
91782
91783
91784
91785
91786
91787
91788
91789
91790
91791
91792
91793
91794
91795
91796
91797
91798
91799
91800
91801
91802
91803
91804
91845
91846
91847
91848
91849
91850
91851
91852
91853
91854
91855
91856
91857
91858
91859
91860
91861
91862
91863
91864
91865
91866
91867
91868
91910
91911
91912
91913
91914
91915
91916
91917
91918
91919
91920
91921
91922
91923
91924
91925
91926
91927
91928
91929
91930
91931
91932
91933
91975
91976
91977
91978
91979
91980
91981
91982
91983
91984
91985
91986
91987
91988
91989
91990
91991
91992
91993
91994
91995
91996
91997
92040
92041
92042
92043
92044
92045
92046
92047
92048
92049
92050
92051
92052
92053
92054
92055
92056
92057
92058
92059
92060
92061
92062
92105
92106
92107
92108
92109
92110
92111
92112
92113
92114
92115
92116
92117
92118
92119
92120
92121
92122
92123
92124
92125
92126
92171
92172
92173
92174
92175
92176
92177
92178
92179
92180
92181
92182
92183
92184
92185
92186
92187
92188
92189
92190
92236
92237
92238
92239
92240
92241
92242
92243
92244
92245
92246
92247
92248
92249
92250
92251
92252
92301
92302
92303
92304
92305
92306
92307
92308
92309
92310
92311
92312
92313
92314
92315
92316
92366
92367
92368
92369
92370
92371
92372
92373
92374
92375
92376
92377
92378
92379
92380
92430
92431
92432
92433
92434
92435
92436
92437
92438
92439
92440
92441
92442
92443
92444
92495
92496
92497
92498
92499
92500
92501
92502
92503
92504
92505
92506
92507
92560
92561
92562
92563
92564
92565
92566
92567
92568
92569
92570
92571
92625
92626
92627
92628
92629
92630
92631
92632
92633
92634
92690
92691
92692
92693
92694
92695
92696
92697
92698
92699
92700
92755
92756
92757
92758
92759
92760
92761
92762
92763
92764
92765
92766
92767
92820
92821
92822
92823
92824
92825
92826
92827
92828
92829
92830
92831
92832
92885
92886
92887
92888
92889
92890
92891
92892
92893
92894
92895
92896
92897
94845
94846
94847
94848
94849
94909
94910
94911
94912
94913
94914
94915
94973
94974
94975
94976
94977
94978
94979
94980
95038
95039
95040
95041
95042
95043
95044
95045
95103
95104
95105
95106
95107
95108
95109
95110
95168
95169
95170
95171
95172
95173
95174
95175
95233
95234
95235
95236
95237
95238
95239
95240
95298
95299
95300
95301
95302
95303
95304
95305
95364
95365
95366
95367
95368
95369
95370
95430
95431
95432
95433
95434
95435
95436
95437
95496
95497
95498
95499
95500
95501
95502
95503
95504
95505
95506
95507
95561
95562
95563
95564
95565
95566
95567
95568
95569
95570
95571
95572
95573
95626
95627
95628
95629
95630
95631
95632
95633
95634
95635
95636
95637
95638
95639
95692
95693
95694
95695
95696
95697
95698
95699
95700
95701
95702
95703
95704
95747
95748
95749
95750
95751
95757
95758
95759
95760
95761
95762
95763
95764
95765
95766
95767
95768
95769
95770
95811
95812
95813
95814
95815
95816
95817
95822
95823
95824
95825
95826
95827
95828
95829
95830
95831
95832
95833
95834
95835
95875
95876
95877
95878
95879
95880
95881
95882
95883
95888
95889
95890
95891
95892
95893
95894
95895
95896
95897
95898
95899
95900
95940
95941
95942
95943
95944
95945
95946
95947
95948
95949
95953
95954
95955
95956
95957
95958
95959
95960
95961
95962
95963
95964
96005
96006
96007
96008
96009
96010
96011
96012
96013
96014
96015
96016
96018
96019
96020
96021
96022
96023
96024
96025
96026
96027
96028
96029
96070
96071
96072
96073
96074
96075
96076
96077
96078
96079
96080
96081
96082
96083
96084
96085
96086
96087
96088
96089
96090
96091
96092
96093
96094
96135
96136
96137
96138
96139
96140
96141
96142
96143
96144
96145
96146
96147
96148
96149
96150
96151
96152
96153
96154
96155
96156
96157
96158
96200
96201
96202
96203
96204
96205
96206
96207
96208
96209
96210
96211
96212
96213
96214
96215
96216
96217
96218
96219
96220
96221
96222
96223
96265
96266
96267
96268
96269
96270
96271
96272
96273
96274
96275
96276
96277
96278
96279
96280
96281
96282
96283
96284
96285
96286
96287
96330
96331
96332
96333
96334
96335
96336
96337
96338
96339
96340
96341
96342
96343
96344
96345
96346
96347
96348
96349
96350
96351
96396
96397
96398
96399
96400
96401
96402
96403
96404
96405
96406
96407
96408
96409
96410
96411
96412
96413
96414
96415
96461
96462
96463
96464
96465
96466
96467
96468
96469
96470
96471
96472
96473
96474
96475
96476
96477
96526
96527
96528
96529
96530
96531
96532
96533
96534
96535
96536
96537
96538
96539
96540
96541
96590
96591
96592
96593
96594
96595
96596
96597
96598
96599
96600
96601
96602
96603
96604
96605
96655
96656
96657
96658
96659
96660
96661
96662
96663
96664
96665
96666
96667
96668
96669
96720
96721
96722
96723
96724
96725
96726
96727
96728
96729
96730
96731
96732
96733
96785
96786
96787
96788
96789
96790
96791
96792
96793
96794
96795
96796
96797
96850
96851
96852
96853
96854
96855
96856
96857
96858
96859
96860
96915
96916
96917
96918
96919
96920
96921
96922
96923
96980
96981
96982
96983
96984
96985
96986
96987
96988
96989
96990
97045
97046
97047
97048
97049
97050
97051
97052
97053
97054
97055
97056
97110
97111
97112
97113
97114
97115
97116
97117
97118
97119
97120
97121
99134
99135
99136
99137
99138
99139
99198
99199
99200
99201
99202
99203
99204
99263
99264
99265
99266
99267
99268
99269
99328
99329
99330
99331
99332
99333
99334
99393
99394
99395
99396
99397
99398
99399
99458
99459
99460
99461
99462
99463
99464
99523
99524
99525
99526
99527
99528
99529
99530
99589
99590
99591
99592
99593
99594
99595
99596
99655
99656
99657
99658
99659
99660
99661
99662
99663
99664
99665
99666
99667
99721
99722
99723
99724
99725
99726
99727
99728
99729
99730
99731
99732
99733
99786
99787
99788
99789
99790
99791
99792
99793
99794
99795
99796
99797
99798
99799
99851
99852
99853
99854
99855
99856
99857
99858
99859
99860
99861
99862
99863
99864
99917
99918
99919
99920
99921
99922
99923
99924
99925
99926
99927
99928
99929
99930
99982
99983
99984
99985
99986
99987
99988
99989
99990
99991
99992
99993
99994
99995
100039
100040
100041
100047
100048
100049
100050
100051
100052
100053
100054
100055
100056
100057
100058
100059
100060
100103
100104
100105
100106
100113
100114
100115
100116
100117
100118
100119
100120
100121
100122
100123
100124
100125
100167
100168
100169
100170
100171
100178
100179
100180
100181
100182
100183
100184
100185
100186
100187
100188
100189
100190
100231
100232
100233
100234
100235
100236
100243
100244
100245
100246
100247
100248
100249
100250
100251
100252
100253
100254
100255
100295
100296
100297
100298
100299
100300
100301
100302
100303
100304
100305
100306
100309
100310
100311
100312
100313
100314
100315
100316
100317
100318
100319
100360
100361
100362
100363
100364
100365
100366
100367
100368
100369
100370
100371
100372
100373
100374
100375
100376
100377
100378
100379
100380
100381
100382
100383
100384
100425
100426
100427
100428
100429
100430
100431
100432
100433
100434
100435
100436
100437
100438
100439
100440
100441
100442
100443
100444
100445
100446
100447
100448
100490
100491
100492
100493
100494
100495
100496
100497
100498
100499
100500
100501
100502
100503
100504
100505
100506
100507
100508
100509
100510
100511
100512
100555
100556
100557
100558
100559
100560
100561
100562
100563
100564
100565
100566
100567
100568
100569
100570
100571
100572
100573
100574
100575
100622
100623
100624
100625
100626
100627
100628
100629
100630
100631
100632
100633
100634
100635
100636
100637
100638
100639
100687
100688
100689
100690
100691
100692
100693
100694
100695
100696
100697
100698
100699
100700
100701
100702
100750
100751
100752
100753
100754
100755
100756
100757
100758
100759
100760
100761
100762
100763
100764
100765
100766
100815
100816
100817
100818
100819
100820
100821
100822
100823
100824
100825
100826
100827
100828
100829
100830
100880
100881
100882
100883
100884
100885
100886
100887
100888
100889
100890
100891
100892
100893
100894
100945
100946
100947
100948
100949
100950
100951
100952
100953
100954
100955
100956
100957
100958
101010
101011
101012
101013
101014
101015
101016
101017
101018
101019
101020
101021
101022
101075
101076
101077
101078
101079
101080
101081
101082
101083
101084
101085
101140
101141
101142
101143
101144
101145
101146
101147
101148
101205
101206
101207
101208
101209
101210
101211
101212
101213
101270
101271
101272
101273
101274
101275
101276
101277
101335
101336
101337
101338
101339
101340
101341
101342
103359
103360
103361
103362
103363
103423
103424
103425
103426
103427
103428
103429
103488
103489
103490
103491
103492
103493
103494
103553
103554
103555
103556
103557
103558
103559
103618
103619
103620
103621
103622
103623
103624
103683
103684
103685
103686
103687
103688
103689
103749
103750
103751
103752
103753
103754
103755
103814
103815
103816
103817
103818
103819
103820
103821
103822
103823
103824
103825
103880
103881
103882
103883
103884
103885
103886
103887
103888
103889
103890
103891
103892
103946
103947
103948
103949
103950
103951
103952
103953
103954
103955
103956
103957
103958
104011
104012
104013
104014
104015
104016
104017
104018
104019
104020
104021
104022
104023
104024
104077
104078
104079
104080
104081
104082
104083
104084
104085
104086
104087
104088
104089
104142
104143
104144
104145
104146
104147
104148
104149
104150
104151
104152
104153
104154
104155
104207
104208
104209
104210
104211
104212
104213
104214
104215
104216
104217
104218
104219
104220
104273
104274
104275
104276
104277
104278
104279
104280
104281
104282
104283
104284
104285
104338
104339
104340
104341
104342
104343
104344
104345
104346
104347
104348
104349
104350
104403
104404
104405
104406
104407
104408
104409
104410
104411
104412
104413
104414
104415
104469
104470
104471
104472
104473
104474
104475
104476
104477
104478
104479
104480
104534
104535
104536
104537
104538
104539
104540
104541
104542
104543
104544
104594
104595
104596
104600
104601
104602
104603
104604
104605
104606
104607
104608
104609
104657
104658
104659
104660
104661
104662
104663
104665
104666
104667
104668
104669
104670
104671
104672
104673
104721
104722
104723
104724
104725
104726
104727
104728
104729
104730
104731
104732
104733
104734
104735
104736
104737
104784
104785
104786
104787
104788
104789
104790
104791
104792
104793
104794
104795
104796
104797
104798
104799
104800
104848
104849
104850
104851
104852
104853
104854
104855
104856
104857
104858
104859
104860
104861
104912
104913
104914
104915
104916
104917
104918
104919
104920
104921
104922
104923
104924
104925
104926
104975
104976
104977
104978
104979
104980
104981
104982
104983
104984
104985
104986
104987
104988
104989
104990
105040
105041
105042
105043
105044
105045
105046
105047
105048
105049
105050
105051
105052
105053
105054
105105
105106
105107
105108
105109
105110
105111
105112
105113
105114
105115
105116
105117
105118
105119
105170
105171
105172
105173
105174
105175
105176
105177
105178
105179
105180
105181
105182
105183
105235
105236
105237
105238
105239
105240
105241
105242
105243
105244
105245
105246
105300
105301
105302
105303
105304
105305
105306
105307
105308
105309
105365
105366
105367
105368
105369
105370
105371
105372
105430
105431
105432
105433
105434
105435
105436
105495
105496
105497
105498
105499
105500
105560
105561
105562
105563
105564
107585
107586
107649
107650
107651
107652
107653
107713
107714
107715
107716
107717
107718
107778
107779
107780
107781
107782
107783
107843
107844
107845
107846
107847
107848
107849
107908
107909
107910
107911
107912
107913
107914
107974
107975
107976
107977
107978
107979
107980
107981
107982
108040
108041
108042
108043
108044
108045
108046
108047
108048
108049
108050
108051
108052
108105
108106
108107
108108
108109
108110
108111
108112
108113
108114
108115
108116
108117
108118
108171
108172
108173
108174
108175
108176
108177
108178
108179
108180
108181
108182
108183
108236
108237
108238
108239
108240
108241
108242
108243
108244
108245
108246
108247
108248
108249
108302
108303
108304
108305
108306
108307
108308
108309
108310
108311
108312
108313
108314
108367
108368
108369
108370
108371
108372
108373
108374
108375
108376
108377
108378
108379
108380
108432
108433
108434
108435
108436
108437
108438
108439
108440
108441
108442
108443
108444
108445
108498
108499
108500
108501
108502
108503
108504
108505
108506
108507
108508
108509
108510
108563
108564
108565
108566
108567
108568
108569
108570
108571
108572
108573
108574
108575
108629
108630
108631
108632
108633
108634
108635
108636
108637
108638
108639
108640
108694
108695
108696
108697
108698
108699
108700
108701
108702
108703
108704
108705
108759
108760
108761
108762
108763
108764
108765
108766
108767
108768
108769
108825
108826
108827
108828
108829
108830
108831
108832
108833
108834
108883
108884
108885
108886
108887
108890
108891
108892
108893
108894
108895
108896
108897
108898
108947
108948
108949
108950
108951
108952
108953
108956
108957
108958
108959
108960
108961
108962
109010
109011
109012
109013
109014
109015
109016
109017
109018
109019
109022
109023
109074
109075
109076
109077
109078
109079
109080
109081
109082
109083
109084
109085
109138
109139
109140
109141
109142
109143
109144
109145
109146
109147
109148
109149
109150
109200
109201
109202
109203
109204
109205
109206
109207
109208
109209
109210
109211
109212
109213
109214
109215
109265
109266
109267
109268
109269
109270
109271
109272
109273
109274
109275
109276
109277
109278
109279
109330
109331
109332
109333
109334
109335
109336
109337
109338
109339
109340
109341
109342
109343
109395
109396
109397
109398
109399
109400
109401
109402
109403
109404
109405
109406
109407
109460
109461
109462
109463
109464
109465
109466
109467
109468
109469
109470
109525
109526
109527
109528
109529
109530
109531
109590
109591
109592
109593
109594
109595
109655
109656
109657
109658
109659
109720
109721
109722
109723
109785
109786
109787
111875
111876
111877
111939
111940
111941
111942
111943
112004
112005
112006
112007
112008
112069
112070
112071
112072
112073
112134
112135
112136
112137
112138
112139
112200
112201
112202
112203
112204
112205
112206
112207
112208
112209
112210
112265
112266
112267
112268
112269
112270
112271
112272
112273
112274
112275
112276
112277
112331
112332
112333
112334
112335
112336
112337
112338
112339
112340
112341
112342
112343
112396
112397
112398
112399
112400
112401
112402
112403
112404
112405
112406
112407
112408
112409
112462
112463
112464
112465
112466
112467
112468
112469
112470
112471
112472
112473
112474
112527
112528
112529
112530
112531
112532
112533
112534
112535
112536
112537
112538
112539
112592
112593
112594
112595
112596
112597
112598
112599
112600
112601
112602
112603
112604
112605
112658
112659
112660
112661
112662
112663
112664
112665
112666
112667
112668
112669
112670
112723
112724
112725
112726
112727
112728
112729
112730
112731
112732
112733
112734
112735
112789
112790
112791
112792
112793
112794
112795
112796
112797
112798
112799
112800
112854
112855
112856
112857
112858
112859
112860
112861
112862
112863
112864
112865
112919
112920
112921
112922
112923
112924
112925
112926
112927
112928
112929
112930
112985
112986
112987
112988
112989
112990
112991
112992
112993
112994
113050
113051
113052
113053
113054
113055
113056
113057
113058
113059
113110
113111
113116
113117
113118
113119
113120
113121
113122
113123
113173
113174
113175
113176
113177
113178
113179
113181
113182
113183
113184
113185
113186
113237
113238
113239
113240
113241
113242
113243
113244
113245
113300
113301
113302
113303
113304
113305
113306
113307
113308
113309
113310
113364
113365
113366
113367
113368
113369
113370
113371
113372
113373
113374
113375
113425
113426
113427
113428
113429
113430
113431
113432
113433
113434
113435
113436
113437
113438
113439
113440
113490
113491
113492
113493
113494
113495
113496
113497
113498
113499
113500
113501
113502
113503
113504
113555
113556
113557
113558
113559
113560
113561
113562
113563
113564
113565
113566
113567
113568
113620
113621
113622
113623
113624
113625
113626
113627
113628
113629
113630
113631
113685
113686
113687
113688
113689
113690
113691
113692
113750
113751
113752
113753
113754
113755
113815
113816
113817
113818
113819
113880
113881
113882
113883
113945
113946
113947
114010
114011
116296
116297
116298
116361
116362
116363
116364
116426
116427
116428
116429
116430
116431
116432
116433
116434
116435
116436
116491
116492
116493
116494
116495
116496
116497
116498
116499
116500
116501
116502
116556
116557
116558
116559
116560
116561
116562
116563
116564
116565
116566
116567
116568
116621
116622
116623
116624
116625
116626
116627
116628
116629
116630
116631
116632
116633
116634
116687
116688
116689
116690
116691
116692
116693
116694
116695
116696
116697
116698
116699
116752
116753
116754
116755
116756
116757
116758
116759
116760
116761
116762
116763
116764
116818
116819
116820
116821
116822
116823
116824
116825
116826
116827
116828
116829
116830
116883
116884
116885
116886
116887
116888
116889
116890
116891
116892
116893
116894
116895
116948
116949
116950
116951
116952
116953
116954
116955
116956
116957
116958
116959
116960
117014
117015
117016
117017
117018
117019
117020
117021
117022
117023
117024
117025
117079
117080
117081
117082
117083
117084
117085
117086
117087
117088
117089
117090
117145
117146
117147
117148
117149
117150
117151
117152
117153
117154
117155
117210
117211
117212
117213
117214
117215
117216
117217
117218
117219
117275
117276
117277
117278
117279
117280
117281
117282
117283
117284
117341
117342
117343
117344
117345
117346
117347
117348
117399
117400
117401
117402
117403
117404
117405
117407
117408
117409
117410
117411
117464
117465
117466
117467
117468
117469
117470
117528
117529
117530
117531
117532
117533
117534
117535
117591
117592
117593
117594
117595
117596
117597
117598
117599
117600
117650
117651
117652
117655
117656
117657
117658
117659
117660
117661
117662
117663
117664
117665
117715
117716
117717
117718
117719
117720
117721
117722
117723
117724
117725
117726
117727
117728
117729
117730
117780
117781
117782
117783
117784
117785
117786
117787
117788
117789
117790
117791
117792
117793
117845
117846
117847
117848
117849
117850
117851
117853
117854
117855
117856
117910
117911
117912
117913
117914
117915
117975
117976
117977
117978
117979
118040
118041
118042
118043
118105
118106
118107
118170
118171
120587
120588
120589
120651
120652
120653
120654
120655
120656
120657
120658
120659
120660
120661
120716
120717
120718
120719
120720
120721
120722
120723
120724
120725
120726
120727
120782
120783
120784
120785
120786
120787
120788
120789
120790
120791
120792
120793
120847
120848
120849
120850
120851
120852
120853
120854
120855
120856
120857
120858
120859
120912
120913
120914
120915
120916
120917
120918
120919
120920
120921
120922
120923
120924
120978
120979
120980
120981
120982
120983
120984
120985
120986
120987
120988
120989
121043
121044
121045
121046
121047
121048
121049
121050
121051
121052
121053
121054
121108
121109
121110
121111
121112
121113
121114
121115
121116
121117
121118
121119
121174
121175
121176
121177
121178
121179
121180
121181
121182
121183
121184
121239
121240
121241
121242
121243
121244
121245
121246
121247
121248
121249
121305
121306
121307
121308
121309
121310
121311
121312
121313
121314
121370
121371
121372
121373
121374
121375
121376
121377
121378
121379
121435
121436
121437
121438
121439
121440
121441
121442
121443
121444
121501
121502
121503
121504
121505
121506
121507
121508
121560
121561
121562
121563
121566
121567
121568
121569
121570
121571
121572
121573
121624
121625
121626
121627
121628
121629
121630
121632
121633
121634
121635
121688
121689
121690
121691
121692
121693
121694
121695
121696
121753
121754
121755
121756
121757
121758
121759
121760
121761
121818
121819
121820
121821
121822
121823
121824
121825
121826
121875
121876
121877
121883
121884
121885
121886
121887
121888
121889
121890
121891
121940
121941
121942
121943
121944
121948
121949
121950
121951
121952
121953
121954
121955
121956
122005
122006
122007
122008
122009
122014
122015
122016
122017
122018
122070
122071
122072
122073
122074
122135
122136
122137
122138
122139
122200
122201
122202
122203
122265
122266
122267
122330
122331
124877
124878
124879
124880
124881
124882
124883
124884
124885
124942
124943
124944
124945
124946
124947
124948
124949
124950
124951
124952
125007
125008
125009
125010
125011
125012
125013
125014
125015
125016
125017
125018
125072
125073
125074
125075
125076
125077
125078
125079
125080
125081
125082
125083
125138
125139
125140
125141
125142
125143
125144
125145
125146
125147
125148
125149
125203
125204
125205
125206
125207
125208
125209
125210
125211
125212
125213
125214
125268
125269
125270
125271
125272
125273
125274
125275
125276
125277
125278
125279
125334
125335
125336
125337
125338
125339
125340
125341
125342
125343
125344
125399
125400
125401
125402
125403
125404
125405
125406
125407
125408
125409
125464
125465
125466
125467
125468
125469
125470
125471
125472
125473
125474
125530
125531
125532
125533
125534
125535
125536
125537
125538
125539
125595
125596
125597
125598
125599
125600
125601
125602
125603
125604
125661
125662
125663
125664
125665
125666
125667
125668
125669
125726
125727
125728
125729
125730
125731
125732
125733
125785
125786
125787
125788
125789
125791
125792
125793
125794
125795
125796
125797
125849
125850
125851
125852
125853
125854
125855
125857
125858
125859
125860
125913
125914
125915
125916
125917
125918
125919
125920
125921
125978
125979
125980
125981
125982
125983
125984
125985
125986
126043
126044
126045
126046
126047
126048
126049
126050
126051
126100
126101
126109
126110
126111
126112
126113
126114
126115
126116
126165
126166
126167
126168
126174
126175
126176
126177
126178
126179
126180
126181
126230
126231
126232
126233
126242
126243
126244
126295
126296
126297
126298
126360
126361
126362
126363
126425
126426
126427
126490
126491
126492
129103
129104
129105
129106
129107
129108
129109
129110
129167
129168
129169
129170
129171
129172
129173
129174
129175
129176
129177
129232
129233
129234
129235
129236
129237
129238
129239
129240
129241
129242
129298
129299
129300
129301
129302
129303
129304
129305
129306
129307
129308
129363
129364
129365
129366
129367
129368
129369
129370
129371
129372
129373
129428
129429
129430
129431
129432
129433
129434
129435
129436
129437
129438
129494
129495
129496
129497
129498
129499
129500
129501
129502
129503
129559
129560
129561
129562
129563
129564
129565
129566
129567
129568
129624
129625
129626
129627
129628
129629
129630
129631
129632
129633
129690
129691
129692
129693
129694
129695
129696
129697
129698
129755
129756
129757
129758
129759
129760
129761
129762
129763
129820
129821
129822
129823
129824
129825
129826
129827
129828
129886
129887
129888
129889
129890
129891
129892
129893
129951
129952
129953
129954
129955
129956
129957
129958
130010
130011
130012
130013
130014
130017
130018
130019
130020
130021
130022
130074
130075
130076
130077
130078
130079
130080
130083
130084
130138
130139
130140
130141
130142
130143
130144
130145
130146
130203
130204
130205
130206
130207
130208
130209
130210
130211
130269
130270
130271
130272
130273
130274
130275
130276
130334
130335
130336
130337
130338
130339
130340
130341
130390
130391
130400
130401
130402
130403
130404
130405
130406
130455
130456
130467
130468
130469
130520
130521
130522
130585
130586
130587
130650
130651
133328
133329
133330
133331
133332
133333
133334
133393
133394
133395
133396
133397
133398
133399
133400
133458
133459
133460
133461
133462
133463
133464
133465
133466
133467
133523
133524
133525
133526
133527
133528
133529
133530
133531
133532
133588
133589
133590
133591
133592
133593
133594
133595
133596
133597
133598
133653
133654
133655
133656
133657
133658
133659
133660
133661
133662
133663
133719
133720
133721
133722
133723
133724
133725
133726
133727
133728
133784
133785
133786
133787
133788
133789
133790
133791
133792
133793
133850
133851
133852
133853
133854
133855
133856
133857
133858
133915
133916
133917
133918
133919
133920
133921
133922
133923
133980
133981
133982
133983
133984
133985
133986
133987
133988
134046
134047
134048
134049
134050
134051
134052
134053
134111
134112
134113
134114
134115
134116
134117
134118
134177
134178
134179
134180
134181
134182
134235
134236
134237
134238
134239
134243
134244
134245
134246
134299
134300
134301
134302
134303
134304
134305
134364
134365
134366
134367
134368
134369
134370
134371
134429
134430
134431
134432
134433
134434
134435
134436
134494
134495
134496
134497
134498
134499
134500
134501
134559
134560
134561
134562
134563
134564
134565
134566
134625
134626
134627
134628
134629
134630
134692
134693
134694
137619
137620
137621
137683
137684
137685
137686
137687
137688
137748
137749
137750
137751
137752
137753
137754
137813
137814
137815
137816
137817
137818
137819
137820
137879
137880
137881
137882
137883
137884
137885
137886
137944
137945
137946
137947
137948
137949
137950
137951
137952
138009
138010
138011
138012
138013
138014
138015
138016
138017
138075
138076
138077
138078
138079
138080
138081
138082
138140
138141
138142
138143
138144
138145
138146
138147
138206
138207
138208
138209
138210
138211
138212
138271
138272
138273
138274
138275
138276
138277
138337
138338
138339
138340
138341
138403
138404
138405
138406
138461
138462
138463
138525
138526
138527
138528
138529
138530
138590
138591
138592
138593
138594
138595
138655
138656
138657
138658
138659
138660
138720
138721
138722
138723
138724
138725
138785
138786
138787
138788
138789
138790
138851
138852
138853
138854
138855
138917
138918
138919
142040
142041
142042
142043
142105
142106
142107
142108
142109
142170
142171
142172
142173
142174
142175
142235
142236
142237
142238
142239
142240
142241
142300
142301
142302
142303
142304
142305
142306
142366
142367
142368
142369
142370
142371
142431
142432
142433
142434
142435
142436
142496
142497
142498
142499
142500
142562
142563
142564
142750
142751
142752
142753
142815
142816
142817
142818
142819
142880
142881
142882
142883
142884
142945
142946
142947
142948
142949
143010
143011
143012
143013
146462
146463
146464
146527
146528
146529
)


// ************************************************************************* //
