/*--------------------------------*- C++ -*----------------------------------*\
  =========                 |
  \\      /  F ield         | OpenFOAM: The Open Source CFD Toolbox
   \\    /   O peration     | Website:  https://openfoam.org
    \\  /    A nd           | Version:  6
     \\/     M anipulation  |
\*---------------------------------------------------------------------------*/
FoamFile
{
    version     2.0;
    format      ascii;
    class       labelList;
    location    "constant/region507/polyMesh";
    object      cellRegionAddressing;
}
// * * * * * * * * * * * * * * * * * * * * * * * * * * * * * * * * * * * * * //


672
(
229868
229869
229932
229933
233835
233836
233837
233838
233898
233899
233900
233901
233902
233963
233964
233965
233966
234028
234029
234030
237620
237625
237626
237627
237684
237685
237686
237687
237688
237689
237748
237749
237750
237751
237752
237753
237812
237813
237814
237815
237816
237817
237867
237868
237869
237870
237875
237876
237877
237878
237879
237880
237881
237931
237932
237933
237934
237935
237936
237938
237939
237940
237941
237942
237943
237944
237945
237995
237996
237997
237998
237999
238000
238001
238002
238003
238004
238005
238006
238007
238008
238059
238060
238061
238062
238063
238064
238065
238066
238067
238071
238072
238124
238125
238126
241713
241714
241715
241716
241717
241718
241719
241720
241721
241722
241723
241724
241778
241779
241780
241781
241782
241783
241784
241785
241786
241787
241788
241842
241843
241844
241845
241846
241847
241848
241849
241850
241851
241852
241905
241906
241907
241908
241909
241910
241911
241912
241913
241914
241915
241916
241963
241964
241965
241966
241967
241968
241969
241970
241971
241972
241973
241974
241975
241976
241977
241978
241979
241980
242027
242028
242029
242030
242031
242032
242033
242034
242035
242036
242037
242038
242039
242040
242041
242042
242043
242044
242091
242092
242093
242094
242095
242096
242097
242098
242099
242100
242101
242102
242103
242104
242105
242106
242107
242156
242157
242158
242159
242160
242161
242162
242163
242164
242165
242166
242167
242168
242169
242170
242171
242225
242226
242227
242228
242229
242230
242231
242232
242233
242234
242296
242297
245809
245810
245811
245812
245813
245814
245815
245816
245817
245818
245819
245820
245873
245874
245875
245876
245877
245878
245879
245880
245881
245882
245883
245884
245885
245937
245938
245939
245940
245941
245942
245943
245944
245945
245946
245947
245948
245949
246000
246001
246002
246003
246004
246005
246006
246007
246008
246009
246010
246011
246012
246013
246014
246063
246064
246065
246066
246067
246068
246069
246070
246071
246072
246073
246074
246075
246076
246077
246078
246125
246126
246127
246128
246129
246130
246131
246132
246133
246134
246135
246136
246137
246138
246139
246140
246141
246189
246190
246191
246192
246193
246194
246195
246196
246197
246198
246199
246200
246201
246202
246203
246204
246205
246254
246255
246256
246257
246258
246259
246260
246261
246262
246263
246264
246265
246266
246267
246321
246322
246323
246324
246325
246326
246327
246328
246329
246330
249905
249906
249907
249908
249909
249910
249911
249912
249913
249914
249915
249916
249969
249970
249971
249972
249973
249974
249975
249976
249977
249978
249979
249980
249981
250033
250034
250035
250036
250037
250038
250039
250040
250041
250042
250043
250044
250045
250046
250097
250098
250099
250100
250101
250102
250103
250104
250105
250106
250107
250108
250109
250110
250160
250161
250162
250163
250164
250165
250166
250167
250168
250169
250170
250171
250172
250173
250174
250223
250224
250225
250226
250227
250228
250229
250230
250231
250232
250233
250234
250235
250236
250237
250287
250288
250289
250290
250291
250292
250293
250294
250295
250296
250297
250298
250299
250300
250301
250352
250353
250354
250355
250356
250357
250358
250359
250360
250361
250362
250363
250419
250420
250421
250422
250423
250424
250425
250426
254002
254003
254004
254005
254006
254007
254008
254009
254010
254011
254012
254066
254067
254068
254069
254070
254071
254072
254073
254074
254075
254076
254077
254129
254130
254131
254132
254133
254134
254135
254136
254137
254138
254139
254140
254141
254142
254193
254194
254195
254196
254197
254198
254199
254200
254201
254202
254203
254204
254205
254206
254256
254257
254258
254259
254260
254261
254262
254263
254264
254265
254266
254267
254268
254269
254270
254320
254321
254322
254323
254324
254325
254326
254327
254328
254329
254330
254331
254332
254333
254334
254384
254385
254386
254387
254388
254389
254390
254391
254392
254393
254394
254395
254396
254397
254449
254450
254451
254452
254453
254454
254455
254456
254457
254458
254459
254517
254518
254519
254520
254521
258099
258100
258101
258102
258103
258104
258105
258106
258107
258163
258164
258165
258166
258167
258168
258169
258170
258171
258172
258226
258227
258228
258229
258230
258231
258232
258233
258234
258235
258236
258289
258290
258291
258292
258293
258294
258295
258296
258297
258298
258299
258300
258353
258354
258355
258356
258357
258358
258359
258360
258361
258362
258363
258364
258365
258416
258417
258418
258419
258420
258421
258422
258423
258424
258425
258426
258427
258428
258481
258482
258483
258484
258485
258486
258487
258488
258489
258490
258491
258492
258547
258548
258549
258550
258551
258552
258553
258554
258555
258613
258614
258615
258616
258617
)


// ************************************************************************* //
