/*--------------------------------*- C++ -*----------------------------------*\
  =========                 |
  \\      /  F ield         | OpenFOAM: The Open Source CFD Toolbox
   \\    /   O peration     | Website:  https://openfoam.org
    \\  /    A nd           | Version:  6
     \\/     M anipulation  |
\*---------------------------------------------------------------------------*/
FoamFile
{
    version     2.0;
    format      ascii;
    class       labelList;
    location    "constant/region507/polyMesh";
    object      faceRegionAddressing;
}
// * * * * * * * * * * * * * * * * * * * * * * * * * * * * * * * * * * * * * //


2333
(
682430
682431
682432
682434
682435
682621
682623
682626
694205
694206
694207
694208
694209
694210
694211
694212
694213
694215
694216
694393
694396
694397
694398
694399
694400
694401
694402
694403
694404
694406
694407
694587
694589
694590
694591
694592
694593
694594
694595
694597
694598
694781
694783
694784
694786
694789
705438
705439
705452
705453
705454
705455
705457
705460
705628
705629
705630
705631
705632
705633
705634
705635
705636
705637
705638
705639
705640
705641
705642
705644
705645
705819
705820
705821
705822
705823
705824
705825
705826
705827
705828
705829
705830
705831
705832
705833
705835
705836
706010
706011
706012
706013
706014
706015
706016
706017
706018
706019
706020
706021
706022
706023
706024
706026
706027
706174
706175
706176
706177
706178
706179
706180
706181
706182
706184
706185
706198
706199
706200
706201
706202
706203
706204
706205
706206
706207
706208
706209
706210
706211
706212
706213
706214
706215
706217
706218
706365
706366
706367
706368
706369
706370
706371
706372
706373
706374
706375
706376
706377
706378
706379
706381
706382
706386
706387
706388
706389
706390
706391
706392
706393
706394
706395
706396
706397
706398
706399
706400
706401
706402
706403
706404
706405
706406
706409
706556
706557
706558
706559
706560
706561
706562
706563
706564
706565
706566
706567
706568
706569
706570
706571
706572
706573
706574
706575
706576
706577
706578
706579
706580
706581
706582
706583
706585
706586
706588
706589
706591
706592
706593
706594
706596
706597
706747
706750
706751
706752
706753
706754
706755
706756
706757
706758
706759
706761
706762
706764
706765
706767
706768
706770
706773
706783
706785
706788
706941
706944
717588
717590
717591
717592
717593
717594
717595
717596
717597
717598
717599
717600
717601
717602
717603
717604
717605
717606
717607
717608
717609
717610
717611
717612
717613
717614
717615
717616
717617
717618
717619
717620
717622
717623
717782
717783
717784
717785
717786
717787
717788
717789
717790
717791
717792
717793
717794
717795
717796
717797
717798
717799
717800
717801
717802
717803
717804
717805
717806
717807
717808
717809
717810
717811
717813
717814
717973
717974
717975
717976
717977
717978
717979
717980
717981
717982
717983
717984
717985
717986
717987
717988
717989
717990
717991
717992
717993
717994
717995
717996
717997
717998
717999
718000
718001
718002
718004
718005
718161
718162
718163
718164
718165
718166
718167
718168
718169
718170
718171
718172
718173
718174
718175
718176
718177
718178
718179
718180
718181
718182
718183
718184
718185
718186
718187
718188
718189
718190
718191
718192
718193
718195
718196
718334
718335
718337
718338
718340
718341
718343
718344
718346
718347
718348
718349
718350
718351
718352
718353
718354
718355
718356
718357
718358
718359
718360
718361
718362
718363
718364
718365
718366
718367
718368
718369
718370
718371
718372
718373
718374
718375
718376
718377
718378
718379
718380
718381
718382
718383
718384
718386
718387
718525
718526
718528
718529
718531
718532
718533
718534
718535
718536
718537
718538
718539
718540
718541
718542
718543
718544
718545
718546
718547
718548
718549
718550
718551
718552
718553
718554
718555
718556
718557
718558
718559
718560
718561
718562
718563
718564
718565
718566
718567
718568
718569
718570
718571
718572
718573
718574
718575
718578
718716
718719
718720
718722
718723
718724
718725
718726
718727
718728
718729
718730
718731
718732
718733
718734
718735
718736
718737
718738
718739
718740
718741
718742
718743
718744
718745
718746
718747
718748
718749
718750
718751
718752
718753
718754
718755
718756
718757
718758
718759
718760
718761
718762
718763
718765
718766
718910
718913
718916
718918
718919
718921
718922
718924
718925
718926
718927
718928
718929
718930
718931
718932
718933
718934
718935
718936
718937
718938
718939
718940
718941
718942
718943
718944
718945
718946
718947
718948
718949
718950
718951
718952
718953
718954
718957
719116
719118
719119
719121
719122
719124
719125
719127
719128
719130
719131
719133
719134
719136
719137
719138
719139
719140
719141
719142
719145
719328
729748
729749
729750
729751
729752
729753
729754
729755
729756
729757
729758
729759
729760
729761
729762
729763
729764
729765
729766
729767
729768
729769
729770
729771
729772
729773
729774
729775
729776
729777
729778
729779
729780
729782
729783
729939
729940
729941
729942
729943
729944
729945
729946
729947
729948
729949
729950
729951
729952
729953
729954
729955
729956
729957
729958
729959
729960
729961
729962
729963
729964
729965
729966
729967
729968
729969
729970
729971
729972
729973
729974
729976
729977
730130
730131
730132
730133
730134
730135
730136
730137
730138
730139
730140
730141
730142
730143
730144
730145
730146
730147
730148
730149
730150
730151
730152
730153
730154
730155
730156
730157
730158
730159
730160
730161
730162
730163
730164
730165
730167
730168
730318
730319
730321
730322
730323
730324
730325
730326
730327
730328
730329
730330
730331
730332
730333
730334
730335
730336
730337
730338
730339
730340
730341
730342
730343
730344
730345
730346
730347
730348
730349
730350
730351
730352
730353
730354
730355
730356
730357
730358
730359
730361
730362
730506
730507
730509
730510
730511
730512
730513
730514
730515
730516
730517
730518
730519
730520
730521
730522
730523
730524
730525
730526
730527
730528
730529
730530
730531
730532
730533
730534
730535
730536
730537
730538
730539
730540
730541
730542
730543
730544
730545
730546
730547
730548
730549
730550
730553
730691
730692
730694
730695
730697
730698
730699
730700
730701
730702
730703
730704
730705
730706
730707
730708
730709
730710
730711
730712
730713
730714
730715
730716
730717
730718
730719
730720
730721
730722
730723
730724
730725
730726
730727
730728
730729
730730
730731
730732
730733
730734
730735
730736
730737
730738
730740
730741
730882
730885
730886
730888
730889
730890
730891
730892
730893
730894
730895
730896
730897
730898
730899
730900
730901
730902
730903
730904
730905
730906
730907
730908
730909
730910
730911
730912
730913
730914
730915
730916
730917
730918
730919
730920
730921
730922
730923
730924
730925
730926
730927
730929
730932
731076
731079
731082
731084
731085
731086
731087
731088
731089
731090
731091
731092
731093
731094
731095
731096
731097
731098
731099
731100
731101
731102
731103
731104
731105
731106
731107
731108
731109
731110
731111
731112
731113
731114
731117
731276
731279
731282
731284
731285
731287
731288
731290
731291
731293
731294
731296
731297
731299
731300
731302
731305
741908
741909
741911
741912
741913
741914
741915
741916
741917
741918
741919
741920
741921
741922
741923
741924
741925
741926
741927
741928
741929
741930
741931
741932
741933
741934
741935
741936
741937
741938
741939
741940
741942
741943
742099
742100
742102
742103
742104
742105
742106
742107
742108
742109
742110
742111
742112
742113
742114
742115
742116
742117
742118
742119
742120
742121
742122
742123
742124
742125
742126
742127
742128
742129
742130
742131
742132
742133
742134
742136
742137
742290
742291
742292
742293
742294
742295
742296
742297
742298
742299
742300
742301
742302
742303
742304
742305
742306
742307
742308
742309
742310
742311
742312
742313
742314
742315
742316
742317
742318
742319
742320
742321
742322
742323
742324
742325
742326
742327
742328
742330
742331
742481
742482
742483
742484
742485
742486
742487
742488
742489
742490
742491
742492
742493
742494
742495
742496
742497
742498
742499
742500
742501
742502
742503
742504
742505
742506
742507
742508
742509
742510
742511
742512
742513
742514
742515
742516
742517
742518
742519
742521
742522
742669
742670
742671
742672
742673
742674
742675
742676
742677
742678
742679
742680
742681
742682
742683
742684
742685
742686
742687
742688
742689
742690
742691
742692
742693
742694
742695
742696
742697
742698
742699
742700
742701
742702
742703
742704
742705
742706
742707
742708
742709
742710
742713
742857
742858
742860
742861
742862
742863
742864
742865
742866
742867
742868
742869
742870
742871
742872
742873
742874
742875
742876
742877
742878
742879
742880
742881
742882
742883
742884
742885
742886
742887
742888
742889
742890
742891
742892
742893
742894
742895
742896
742897
742898
742900
742901
743048
743051
743052
743053
743054
743055
743056
743057
743058
743059
743060
743061
743062
743063
743064
743065
743066
743067
743068
743069
743070
743071
743072
743073
743074
743075
743076
743077
743078
743079
743080
743081
743082
743083
743084
743085
743086
743087
743089
743092
743242
743245
743247
743248
743250
743251
743252
743253
743254
743255
743256
743257
743258
743259
743260
743261
743262
743263
743264
743265
743266
743267
743268
743269
743270
743271
743272
743273
743274
743277
743442
743445
743448
743450
743451
743453
743454
743456
743457
743459
743460
743462
754071
754072
754074
754075
754076
754077
754078
754079
754080
754081
754082
754083
754084
754085
754086
754087
754088
754089
754090
754091
754092
754093
754094
754095
754096
754097
754098
754099
754100
754102
754262
754263
754265
754266
754267
754268
754269
754270
754271
754272
754273
754274
754275
754276
754277
754278
754279
754280
754281
754282
754283
754284
754285
754286
754287
754288
754289
754290
754291
754292
754293
754294
754296
754450
754451
754453
754454
754455
754456
754457
754458
754459
754460
754461
754462
754463
754464
754465
754466
754467
754468
754469
754470
754471
754472
754473
754474
754475
754476
754477
754478
754479
754480
754481
754482
754483
754484
754485
754486
754487
754490
754641
754642
754643
754644
754645
754646
754647
754648
754649
754650
754651
754652
754653
754654
754655
754656
754657
754658
754659
754660
754661
754662
754663
754664
754665
754666
754667
754668
754669
754670
754671
754672
754673
754674
754675
754676
754677
754678
754681
754829
754830
754832
754833
754834
754835
754836
754837
754838
754839
754840
754841
754842
754843
754844
754845
754846
754847
754848
754849
754850
754851
754852
754853
754854
754855
754856
754857
754858
754859
754860
754861
754862
754863
754864
754865
754866
754867
754868
754869
754870
754872
755020
755021
755022
755023
755024
755025
755026
755027
755028
755029
755030
755031
755032
755033
755034
755035
755036
755037
755038
755039
755040
755041
755042
755043
755044
755045
755046
755047
755048
755049
755050
755051
755052
755053
755054
755055
755056
755057
755058
755059
755060
755211
755214
755215
755216
755217
755218
755219
755220
755221
755222
755223
755224
755225
755226
755227
755228
755229
755230
755231
755232
755233
755234
755235
755236
755237
755238
755239
755240
755241
755242
755243
755244
755245
755246
755247
755249
755405
755408
755411
755413
755414
755416
755417
755418
755419
755420
755421
755422
755423
755424
755425
755426
755427
755428
755429
755430
755431
755432
755434
755437
755608
755610
755611
755613
755614
755616
755617
755619
755622
766234
766235
766237
766238
766240
766241
766243
766244
766246
766247
766249
766250
766252
766253
766255
766256
766259
766425
766426
766428
766429
766431
766432
766434
766435
766437
766438
766440
766441
766443
766444
766446
766447
766449
766450
766453
766613
766614
766616
766617
766619
766620
766622
766623
766625
766626
766628
766629
766631
766632
766634
766635
766637
766638
766640
766641
766644
766801
766802
766804
766805
766807
766808
766810
766811
766813
766814
766816
766817
766819
766820
766822
766823
766825
766826
766828
766829
766831
766832
766835
766992
766993
766995
766996
766998
766999
767001
767002
767004
767005
767007
767008
767010
767011
767013
767014
767016
767017
767019
767020
767022
767023
767025
767026
767180
767183
767184
767186
767187
767189
767190
767192
767193
767195
767196
767198
767199
767201
767202
767204
767205
767207
767208
767210
767211
767213
767214
767217
767374
767377
767380
767381
767383
767384
767386
767387
767389
767390
767392
767393
767395
767396
767398
767399
767401
767402
767404
767405
767571
767574
767577
767578
767580
767581
767583
767584
767586
767587
767589
767590
767592
767768
767771
767774
767777
898940
898941
898942
899004
899005
899006
899007
899068
899069
899070
899071
899072
899131
899132
899133
899134
899135
899136
899196
899197
899198
899199
899200
899260
899261
899262
899263
899264
899324
899325
899326
899327
899328
899388
899389
899390
899391
899392
899451
899452
899453
899454
899455
899456
899515
899516
899517
899518
899519
899520
899579
899580
899581
899582
899583
899584
899644
899645
899646
899647
-670272
-670275
-670463
-670466
-682047
-682050
-682053
-682056
-682235
-682238
-682240
-682241
-682243
-682244
-682247
-682427
-682429
682433
-682438
-693279
-693294
-693297
-693470
-693473
-693476
-693479
-693482
-693485
-693661
-693664
-693667
-693670
-693673
-693676
-693852
-693855
-693858
-693861
-693864
-693867
-694015
-694016
-694018
-694019
-694021
-694022
-694024
-694025
-694040
-694043
-694046
-694049
-694052
-694055
-694058
-694202
-694203
694214
-694219
-694222
-694228
-694231
-694234
-694237
-694240
-694243
-694246
-694249
694405
-694410
-694413
-694416
-694419
-694422
-694425
-694428
-694431
-694434
-694437
694596
-694601
-694604
-694607
-694610
-694613
-694625
-694628
705437
-705441
-705442
-705444
-705445
-705447
-705448
-705449
-705450
-705451
705456
705459
705643
-705648
-705651
-705654
-705815
-705816
-705818
705834
-705839
-705842
-705845
-705993
-706003
-706006
-706007
-706008
-706009
706025
-706030
-706033
-706036
-706190
-706191
-706194
-706195
-706196
-706197
706216
-706221
-706224
-706227
706380
-706383
-706384
-706385
706407
706408
-706412
-706415
-706418
706584
706587
706590
706595
-706600
-706603
-706606
706766
706769
706771
706772
-706776
-706779
-706780
-706782
706784
706786
706787
-706791
-706794
-706797
-706958
-706961
-706964
-706967
-706970
-706973
-706976
-706979
-706982
-706985
-707170
-707173
717621
717812
-717817
718003
-718008
718194
-718199
-718202
718345
718385
-718390
-718393
718576
718577
-718581
718764
-718769
-718772
718955
718956
719143
729781
-729785
729975
-730315
-730316
730320
-730503
-730504
730508
730696
741910
741941
-741945
-742096
742101
-742287
-742478
-742479
-742666
-742667
-742854
742859
-754068
754073
754103
-754259
-754260
754264
754297
-754447
754452
754488
754491
-754638
-754639
754679
754682
-754826
754831
754873
-755017
755061
755064
755252
-766231
766258
-766262
-766422
-766423
766452
-766610
-766611
766643
-766798
766834
-766838
-766989
-766990
767028
767029
-767177
767216
767407
767408
767595
766236
766239
766242
766245
766248
766251
766254
766257
766260
766427
766430
766433
766436
766439
766442
766445
766448
766451
766454
766615
766618
766621
766624
766627
766630
766633
766636
766639
766642
766645
766803
766806
766809
766812
766815
766818
766821
766824
766827
766830
766833
766836
766994
766997
767000
767003
767006
767009
767012
767015
767018
767021
767024
767027
767030
767182
767185
767188
767191
767194
767197
767200
767203
767206
767209
767212
767215
767218
767376
767379
767382
767385
767388
767391
767394
767397
767400
767403
767406
767409
767573
767576
767579
767582
767585
767588
767591
767594
767597
767770
767773
767776
767779
767782
706183
-706187
-706188
705458
-705463
-682618
682622
682624
682625
-682629
-694390
694394
694395
-694584
694588
-694778
694782
694785
694787
694788
-705430
-705433
-705434
-705436
-705624
-705625
-705627
-705984
-705987
-705990
-706171
-706362
-706553
-706744
706748
706749
706760
706763
-706938
706942
706943
706945
706946
706947
706948
706949
-717585
717589
-717779
-717781
-717970
-717971
-717972
-718144
-718147
-718150
-718153
-718156
-718158
-718159
-718160
-718331
718336
718339
718342
-718522
718527
718530
-718713
718717
718718
718721
-718907
718911
718912
718914
718915
718917
718920
718923
-719113
719117
719120
719123
719126
719129
719132
719135
719144
-719325
719329
719330
719331
719332
719333
-729745
-729936
-730127
-730128
730166
-730170
-730171
730360
-730501
730551
730552
-730688
730693
730739
-730879
730883
730884
730887
730928
730930
730931
-731073
731077
731078
731080
731081
731083
731115
731116
-731273
731277
731278
731280
731281
731283
731286
731289
731292
731295
731298
731301
731303
731304
-741905
742135
-742139
742329
742520
742711
742712
742899
-742904
-743045
743049
743050
743088
743090
743091
-743239
743243
743244
743246
743249
743275
743276
-743439
743443
743444
743446
743447
743449
743452
743455
743458
743461
743463
743464
743465
754295
-754299
754489
754680
754871
755062
755063
-755208
755212
755213
755248
755250
755251
-755402
755406
755407
755409
755410
755412
755415
755433
755435
755436
-755605
755609
755612
755615
755618
755620
755621
767181
-767371
767375
767378
-767568
767572
767575
767593
767596
-767765
767769
767772
767775
767778
767780
767781
754101
-754105
-693300
)


// ************************************************************************* //
