/*--------------------------------*- C++ -*----------------------------------*\
  =========                 |
  \\      /  F ield         | OpenFOAM: The Open Source CFD Toolbox
   \\    /   O peration     | Website:  https://openfoam.org
    \\  /    A nd           | Version:  6
     \\/     M anipulation  |
\*---------------------------------------------------------------------------*/
FoamFile
{
    version     2.0;
    format      ascii;
    class       faceList;
    location    "constant/region507/polyMesh";
    object      faces;
}
// * * * * * * * * * * * * * * * * * * * * * * * * * * * * * * * * * * * * * //


2333
(
4(1 4 28 23)
4(3 27 28 4)
4(22 23 28 27)
4(4 28 29 5)
4(23 24 29 28)
4(4 7 32 28)
4(27 28 32 31)
4(28 29 33 32)
4(10 16 95 78)
4(15 94 95 16)
4(77 78 95 94)
4(11 17 96 79)
4(16 95 96 17)
4(78 79 96 95)
4(12 18 97 80)
4(17 96 97 18)
4(79 80 97 96)
4(18 97 98 19)
4(80 81 98 97)
4(15 21 111 94)
4(16 22 112 95)
4(21 111 112 22)
4(94 95 112 111)
4(17 23 113 96)
4(22 112 113 23)
4(95 96 113 112)
4(18 24 114 97)
4(23 113 114 24)
4(96 97 114 113)
4(24 114 115 25)
4(97 98 115 114)
4(22 27 127 112)
4(111 112 127 126)
4(23 28 128 113)
4(27 127 128 28)
4(112 113 128 127)
4(24 29 129 114)
4(28 128 129 29)
4(113 114 129 128)
4(29 129 130 30)
4(114 115 130 129)
4(28 32 140 128)
4(127 128 140 139)
4(29 33 141 129)
4(128 129 141 140)
4(129 130 142 141)
4(41 159 160 42)
4(146 147 160 159)
4(38 47 165 152)
4(46 164 165 47)
4(151 152 165 164)
4(39 48 166 153)
4(152 153 166 165)
4(153 154 167 166)
4(42 51 172 160)
4(50 171 172 51)
4(159 160 172 171)
4(43 52 173 161)
4(51 172 173 52)
4(160 161 173 172)
4(44 53 174 162)
4(52 173 174 53)
4(161 162 174 173)
4(45 54 175 163)
4(53 174 175 54)
4(162 163 175 174)
4(46 55 176 164)
4(54 175 176 55)
4(163 164 176 175)
4(55 176 177 56)
4(164 165 177 176)
4(51 58 185 172)
4(57 184 185 58)
4(171 172 185 184)
4(52 59 186 173)
4(58 185 186 59)
4(172 173 186 185)
4(53 60 187 174)
4(59 186 187 60)
4(173 174 187 186)
4(54 61 188 175)
4(60 187 188 61)
4(174 175 188 187)
4(55 62 189 176)
4(61 188 189 62)
4(175 176 189 188)
4(62 189 190 63)
4(176 177 190 189)
4(58 71 204 185)
4(70 203 204 71)
4(184 185 204 203)
4(59 72 205 186)
4(71 204 205 72)
4(185 186 205 204)
4(60 73 206 187)
4(72 205 206 73)
4(186 187 206 205)
4(61 74 207 188)
4(73 206 207 74)
4(187 188 207 206)
4(62 75 208 189)
4(74 207 208 75)
4(188 189 208 207)
4(75 208 209 76)
4(189 190 209 208)
4(65 78 214 195)
4(77 213 214 78)
4(194 195 214 213)
4(66 79 215 196)
4(78 214 215 79)
4(195 196 215 214)
4(67 80 216 197)
4(79 215 216 80)
4(196 197 216 215)
4(80 216 217 81)
4(197 198 217 216)
4(70 86 222 203)
4(85 221 222 86)
4(202 203 222 221)
4(71 87 223 204)
4(86 222 223 87)
4(203 204 223 222)
4(72 88 224 205)
4(87 223 224 88)
4(204 205 224 223)
4(73 89 225 206)
4(88 224 225 89)
4(205 206 225 224)
4(74 90 226 207)
4(89 225 226 90)
4(206 207 226 225)
4(75 91 227 208)
4(90 226 227 91)
4(207 208 227 226)
4(91 227 228 92)
4(208 209 228 227)
4(78 95 233 214)
4(94 232 233 95)
4(213 214 233 232)
4(79 96 234 215)
4(95 233 234 96)
4(214 215 234 233)
4(80 97 235 216)
4(96 234 235 97)
4(215 216 235 234)
4(81 98 236 217)
4(97 235 236 98)
4(216 217 236 235)
4(82 99 237 218)
4(98 236 237 99)
4(217 218 237 236)
4(99 237 238 100)
4(218 219 238 237)
4(85 102 240 221)
4(101 239 240 102)
4(220 221 240 239)
4(86 103 241 222)
4(102 240 241 103)
4(221 222 241 240)
4(87 104 242 223)
4(103 241 242 104)
4(222 223 242 241)
4(88 105 243 224)
4(104 242 243 105)
4(223 224 243 242)
4(89 106 244 225)
4(105 243 244 106)
4(224 225 244 243)
4(90 107 245 226)
4(106 244 245 107)
4(225 226 245 244)
4(91 108 246 227)
4(107 245 246 108)
4(226 227 246 245)
4(227 228 247 246)
4(95 112 252 233)
4(111 251 252 112)
4(232 233 252 251)
4(96 113 253 234)
4(112 252 253 113)
4(233 234 253 252)
4(97 114 254 235)
4(113 253 254 114)
4(234 235 254 253)
4(98 115 255 236)
4(114 254 255 115)
4(235 236 255 254)
4(99 116 256 237)
4(115 255 256 116)
4(236 237 256 255)
4(100 117 257 238)
4(116 256 257 117)
4(237 238 257 256)
4(101 118 258 239)
4(117 257 258 118)
4(238 239 258 257)
4(102 119 259 240)
4(118 258 259 119)
4(239 240 259 258)
4(103 120 260 241)
4(119 259 260 120)
4(240 241 260 259)
4(104 121 261 242)
4(241 242 261 260)
4(105 122 262 243)
4(242 243 262 261)
4(106 123 263 244)
4(243 244 263 262)
4(107 124 264 245)
4(123 263 264 124)
4(244 245 264 263)
4(124 264 265 125)
4(245 246 265 264)
4(112 127 270 252)
4(113 128 271 253)
4(127 270 271 128)
4(252 253 271 270)
4(114 129 272 254)
4(128 271 272 129)
4(253 254 272 271)
4(115 130 273 255)
4(129 272 273 130)
4(254 255 273 272)
4(116 131 274 256)
4(255 256 274 273)
4(117 132 275 257)
4(256 257 275 274)
4(118 133 276 258)
4(257 258 276 275)
4(119 134 277 259)
4(258 259 277 276)
4(259 260 278 277)
4(124 137 282 264)
4(263 264 282 281)
4(264 265 283 282)
4(128 140 288 271)
4(129 141 289 272)
4(144 157 319 306)
4(305 306 319 318)
4(145 158 320 307)
4(157 319 320 158)
4(306 307 320 319)
4(146 159 321 308)
4(158 320 321 159)
4(307 308 321 320)
4(147 160 322 309)
4(159 321 322 160)
4(308 309 322 321)
4(148 161 323 310)
4(160 322 323 161)
4(309 310 323 322)
4(149 162 324 311)
4(161 323 324 162)
4(310 311 324 323)
4(150 163 325 312)
4(162 324 325 163)
4(311 312 325 324)
4(151 164 326 313)
4(163 325 326 164)
4(312 313 326 325)
4(152 165 327 314)
4(164 326 327 165)
4(313 314 327 326)
4(153 166 328 315)
4(165 327 328 166)
4(314 315 328 327)
4(154 167 329 316)
4(166 328 329 167)
4(315 316 329 328)
4(167 329 330 168)
4(316 317 330 329)
4(158 170 334 320)
4(169 333 334 170)
4(319 320 334 333)
4(159 171 335 321)
4(170 334 335 171)
4(320 321 335 334)
4(160 172 336 322)
4(171 335 336 172)
4(321 322 336 335)
4(161 173 337 323)
4(172 336 337 173)
4(322 323 337 336)
4(162 174 338 324)
4(173 337 338 174)
4(323 324 338 337)
4(163 175 339 325)
4(174 338 339 175)
4(324 325 339 338)
4(164 176 340 326)
4(175 339 340 176)
4(325 326 340 339)
4(165 177 341 327)
4(176 340 341 177)
4(326 327 341 340)
4(166 178 342 328)
4(177 341 342 178)
4(327 328 342 341)
4(167 179 343 329)
4(178 342 343 179)
4(328 329 343 342)
4(179 343 344 180)
4(329 330 344 343)
4(170 183 349 334)
4(182 348 349 183)
4(333 334 349 348)
4(171 184 350 335)
4(183 349 350 184)
4(334 335 350 349)
4(172 185 351 336)
4(184 350 351 185)
4(335 336 351 350)
4(173 186 352 337)
4(185 351 352 186)
4(336 337 352 351)
4(174 187 353 338)
4(186 352 353 187)
4(337 338 353 352)
4(175 188 354 339)
4(187 353 354 188)
4(338 339 354 353)
4(176 189 355 340)
4(188 354 355 189)
4(339 340 355 354)
4(177 190 356 341)
4(189 355 356 190)
4(340 341 356 355)
4(178 191 357 342)
4(190 356 357 191)
4(341 342 357 356)
4(179 192 358 343)
4(191 357 358 192)
4(342 343 358 357)
4(192 358 359 193)
4(343 344 359 358)
4(182 201 369 348)
4(200 368 369 201)
4(347 348 369 368)
4(183 202 370 349)
4(201 369 370 202)
4(348 349 370 369)
4(184 203 371 350)
4(202 370 371 203)
4(349 350 371 370)
4(185 204 372 351)
4(203 371 372 204)
4(350 351 372 371)
4(186 205 373 352)
4(204 372 373 205)
4(351 352 373 372)
4(187 206 374 353)
4(205 373 374 206)
4(352 353 374 373)
4(188 207 375 354)
4(206 374 375 207)
4(353 354 375 374)
4(189 208 376 355)
4(207 375 376 208)
4(354 355 376 375)
4(190 209 377 356)
4(208 376 377 209)
4(355 356 377 376)
4(191 210 378 357)
4(209 377 378 210)
4(356 357 378 377)
4(192 211 379 358)
4(210 378 379 211)
4(357 358 379 378)
4(211 379 380 212)
4(358 359 380 379)
4(195 214 384 363)
4(213 383 384 214)
4(196 215 385 364)
4(214 384 385 215)
4(197 216 386 365)
4(215 385 386 216)
4(198 217 387 366)
4(216 386 387 217)
4(199 218 388 367)
4(217 387 388 218)
4(366 367 388 387)
4(200 219 389 368)
4(218 388 389 219)
4(367 368 389 388)
4(201 220 390 369)
4(219 389 390 220)
4(368 369 390 389)
4(202 221 391 370)
4(220 390 391 221)
4(369 370 391 390)
4(203 222 392 371)
4(221 391 392 222)
4(370 371 392 391)
4(204 223 393 372)
4(222 392 393 223)
4(371 372 393 392)
4(205 224 394 373)
4(223 393 394 224)
4(372 373 394 393)
4(206 225 395 374)
4(224 394 395 225)
4(373 374 395 394)
4(207 226 396 375)
4(225 395 396 226)
4(374 375 396 395)
4(208 227 397 376)
4(226 396 397 227)
4(375 376 397 396)
4(209 228 398 377)
4(227 397 398 228)
4(376 377 398 397)
4(210 229 399 378)
4(228 398 399 229)
4(377 378 399 398)
4(211 230 400 379)
4(229 399 400 230)
4(378 379 400 399)
4(230 400 401 231)
4(379 380 401 400)
4(214 233 405 384)
4(232 404 405 233)
4(215 234 406 385)
4(233 405 406 234)
4(216 235 407 386)
4(234 406 407 235)
4(385 386 407 406)
4(217 236 408 387)
4(235 407 408 236)
4(386 387 408 407)
4(218 237 409 388)
4(236 408 409 237)
4(387 388 409 408)
4(219 238 410 389)
4(237 409 410 238)
4(388 389 410 409)
4(220 239 411 390)
4(238 410 411 239)
4(389 390 411 410)
4(221 240 412 391)
4(239 411 412 240)
4(390 391 412 411)
4(222 241 413 392)
4(240 412 413 241)
4(391 392 413 412)
4(223 242 414 393)
4(241 413 414 242)
4(392 393 414 413)
4(224 243 415 394)
4(242 414 415 243)
4(393 394 415 414)
4(225 244 416 395)
4(243 415 416 244)
4(394 395 416 415)
4(226 245 417 396)
4(244 416 417 245)
4(395 396 417 416)
4(227 246 418 397)
4(245 417 418 246)
4(396 397 418 417)
4(228 247 419 398)
4(246 418 419 247)
4(397 398 419 418)
4(229 248 420 399)
4(247 419 420 248)
4(398 399 420 419)
4(230 249 421 400)
4(248 420 421 249)
4(399 400 421 420)
4(400 401 422 421)
4(233 252 425 405)
4(234 253 426 406)
4(252 425 426 253)
4(235 254 427 407)
4(253 426 427 254)
4(406 407 427 426)
4(236 255 428 408)
4(254 427 428 255)
4(407 408 428 427)
4(237 256 429 409)
4(255 428 429 256)
4(408 409 429 428)
4(238 257 430 410)
4(256 429 430 257)
4(409 410 430 429)
4(239 258 431 411)
4(257 430 431 258)
4(410 411 431 430)
4(240 259 432 412)
4(258 431 432 259)
4(411 412 432 431)
4(241 260 433 413)
4(259 432 433 260)
4(412 413 433 432)
4(242 261 434 414)
4(260 433 434 261)
4(413 414 434 433)
4(243 262 435 415)
4(261 434 435 262)
4(414 415 435 434)
4(244 263 436 416)
4(262 435 436 263)
4(415 416 436 435)
4(245 264 437 417)
4(263 436 437 264)
4(416 417 437 436)
4(246 265 438 418)
4(264 437 438 265)
4(417 418 438 437)
4(247 266 439 419)
4(265 438 439 266)
4(418 419 439 438)
4(248 267 440 420)
4(266 439 440 267)
4(419 420 440 439)
4(267 440 441 268)
4(420 421 441 440)
4(253 271 445 426)
4(254 272 446 427)
4(255 273 447 428)
4(427 428 447 446)
4(256 274 448 429)
4(428 429 448 447)
4(257 275 449 430)
4(429 430 449 448)
4(258 276 450 431)
4(275 449 450 276)
4(430 431 450 449)
4(259 277 451 432)
4(276 450 451 277)
4(431 432 451 450)
4(260 278 452 433)
4(277 451 452 278)
4(432 433 452 451)
4(261 279 453 434)
4(278 452 453 279)
4(433 434 453 452)
4(262 280 454 435)
4(279 453 454 280)
4(434 435 454 453)
4(263 281 455 436)
4(280 454 455 281)
4(435 436 455 454)
4(264 282 456 437)
4(281 455 456 282)
4(436 437 456 455)
4(265 283 457 438)
4(282 456 457 283)
4(437 438 457 456)
4(266 284 458 439)
4(283 457 458 284)
4(438 439 458 457)
4(267 285 459 440)
4(284 458 459 285)
4(439 440 459 458)
4(440 441 460 459)
4(276 292 462 450)
4(449 450 462 461)
4(277 293 463 451)
4(450 451 463 462)
4(278 294 464 452)
4(451 452 464 463)
4(279 295 465 453)
4(452 453 465 464)
4(280 296 466 454)
4(453 454 466 465)
4(281 297 467 455)
4(454 455 467 466)
4(282 298 468 456)
4(455 456 468 467)
4(283 299 469 457)
4(298 468 469 299)
4(456 457 469 468)
4(284 300 470 458)
4(299 469 470 300)
4(457 458 470 469)
4(458 459 471 470)
4(299 303 473 469)
4(306 319 489 476)
4(318 488 489 319)
4(475 476 489 488)
4(307 320 490 477)
4(319 489 490 320)
4(476 477 490 489)
4(308 321 491 478)
4(320 490 491 321)
4(477 478 491 490)
4(309 322 492 479)
4(321 491 492 322)
4(478 479 492 491)
4(310 323 493 480)
4(322 492 493 323)
4(479 480 493 492)
4(311 324 494 481)
4(323 493 494 324)
4(480 481 494 493)
4(312 325 495 482)
4(324 494 495 325)
4(481 482 495 494)
4(313 326 496 483)
4(325 495 496 326)
4(482 483 496 495)
4(314 327 497 484)
4(326 496 497 327)
4(483 484 497 496)
4(315 328 498 485)
4(327 497 498 328)
4(484 485 498 497)
4(316 329 499 486)
4(328 498 499 329)
4(485 486 499 498)
4(329 499 500 330)
4(486 487 500 499)
4(319 333 503 489)
4(332 502 503 333)
4(488 489 503 502)
4(320 334 504 490)
4(333 503 504 334)
4(489 490 504 503)
4(321 335 505 491)
4(334 504 505 335)
4(490 491 505 504)
4(322 336 506 492)
4(335 505 506 336)
4(491 492 506 505)
4(323 337 507 493)
4(336 506 507 337)
4(492 493 507 506)
4(324 338 508 494)
4(337 507 508 338)
4(493 494 508 507)
4(325 339 509 495)
4(338 508 509 339)
4(494 495 509 508)
4(326 340 510 496)
4(339 509 510 340)
4(495 496 510 509)
4(327 341 511 497)
4(340 510 511 341)
4(496 497 511 510)
4(328 342 512 498)
4(341 511 512 342)
4(497 498 512 511)
4(329 343 513 499)
4(342 512 513 343)
4(498 499 513 512)
4(330 344 514 500)
4(343 513 514 344)
4(499 500 514 513)
4(344 514 515 345)
4(500 501 515 514)
4(333 348 519 503)
4(347 518 519 348)
4(502 503 519 518)
4(334 349 520 504)
4(348 519 520 349)
4(503 504 520 519)
4(335 350 521 505)
4(349 520 521 350)
4(504 505 521 520)
4(336 351 522 506)
4(350 521 522 351)
4(505 506 522 521)
4(337 352 523 507)
4(351 522 523 352)
4(506 507 523 522)
4(338 353 524 508)
4(352 523 524 353)
4(507 508 524 523)
4(339 354 525 509)
4(353 524 525 354)
4(508 509 525 524)
4(340 355 526 510)
4(354 525 526 355)
4(509 510 526 525)
4(341 356 527 511)
4(355 526 527 356)
4(510 511 527 526)
4(342 357 528 512)
4(356 527 528 357)
4(511 512 528 527)
4(343 358 529 513)
4(357 528 529 358)
4(512 513 529 528)
4(344 359 530 514)
4(358 529 530 359)
4(513 514 530 529)
4(359 530 531 360)
4(514 515 531 530)
4(347 368 535 518)
4(367 534 535 368)
4(348 369 536 519)
4(368 535 536 369)
4(518 519 536 535)
4(349 370 537 520)
4(369 536 537 370)
4(519 520 537 536)
4(350 371 538 521)
4(370 537 538 371)
4(520 521 538 537)
4(351 372 539 522)
4(371 538 539 372)
4(521 522 539 538)
4(352 373 540 523)
4(372 539 540 373)
4(522 523 540 539)
4(353 374 541 524)
4(373 540 541 374)
4(523 524 541 540)
4(354 375 542 525)
4(374 541 542 375)
4(524 525 542 541)
4(355 376 543 526)
4(375 542 543 376)
4(525 526 543 542)
4(356 377 544 527)
4(376 543 544 377)
4(526 527 544 543)
4(357 378 545 528)
4(377 544 545 378)
4(527 528 545 544)
4(358 379 546 529)
4(378 545 546 379)
4(528 529 546 545)
4(359 380 547 530)
4(379 546 547 380)
4(529 530 547 546)
4(360 381 548 531)
4(380 547 548 381)
4(530 531 548 547)
4(381 548 549 382)
4(531 532 549 548)
4(367 388 553 534)
4(387 552 553 388)
4(368 389 554 535)
4(388 553 554 389)
4(534 535 554 553)
4(369 390 555 536)
4(389 554 555 390)
4(535 536 555 554)
4(370 391 556 537)
4(390 555 556 391)
4(536 537 556 555)
4(371 392 557 538)
4(391 556 557 392)
4(537 538 557 556)
4(372 393 558 539)
4(392 557 558 393)
4(538 539 558 557)
4(373 394 559 540)
4(393 558 559 394)
4(539 540 559 558)
4(374 395 560 541)
4(394 559 560 395)
4(540 541 560 559)
4(375 396 561 542)
4(395 560 561 396)
4(541 542 561 560)
4(376 397 562 543)
4(396 561 562 397)
4(542 543 562 561)
4(377 398 563 544)
4(397 562 563 398)
4(543 544 563 562)
4(378 399 564 545)
4(398 563 564 399)
4(544 545 564 563)
4(379 400 565 546)
4(399 564 565 400)
4(545 546 565 564)
4(380 401 566 547)
4(400 565 566 401)
4(546 547 566 565)
4(381 402 567 548)
4(401 566 567 402)
4(547 548 567 566)
4(548 549 568 567)
4(386 407 570 551)
4(406 569 570 407)
4(387 408 571 552)
4(407 570 571 408)
4(388 409 572 553)
4(408 571 572 409)
4(552 553 572 571)
4(389 410 573 554)
4(409 572 573 410)
4(553 554 573 572)
4(390 411 574 555)
4(410 573 574 411)
4(554 555 574 573)
4(391 412 575 556)
4(411 574 575 412)
4(555 556 575 574)
4(392 413 576 557)
4(412 575 576 413)
4(556 557 576 575)
4(393 414 577 558)
4(413 576 577 414)
4(557 558 577 576)
4(394 415 578 559)
4(414 577 578 415)
4(558 559 578 577)
4(395 416 579 560)
4(415 578 579 416)
4(559 560 579 578)
4(396 417 580 561)
4(416 579 580 417)
4(560 561 580 579)
4(397 418 581 562)
4(417 580 581 418)
4(561 562 581 580)
4(398 419 582 563)
4(418 581 582 419)
4(562 563 582 581)
4(399 420 583 564)
4(419 582 583 420)
4(563 564 583 582)
4(400 421 584 565)
4(420 583 584 421)
4(564 565 584 583)
4(401 422 585 566)
4(421 584 585 422)
4(565 566 585 584)
4(422 585 586 423)
4(566 567 586 585)
4(407 427 588 570)
4(408 428 589 571)
4(427 588 589 428)
4(409 429 590 572)
4(428 589 590 429)
4(571 572 590 589)
4(410 430 591 573)
4(429 590 591 430)
4(572 573 591 590)
4(411 431 592 574)
4(430 591 592 431)
4(573 574 592 591)
4(412 432 593 575)
4(431 592 593 432)
4(574 575 593 592)
4(413 433 594 576)
4(432 593 594 433)
4(575 576 594 593)
4(414 434 595 577)
4(433 594 595 434)
4(576 577 595 594)
4(415 435 596 578)
4(434 595 596 435)
4(577 578 596 595)
4(416 436 597 579)
4(435 596 597 436)
4(578 579 597 596)
4(417 437 598 580)
4(436 597 598 437)
4(579 580 598 597)
4(418 438 599 581)
4(437 598 599 438)
4(580 581 599 598)
4(419 439 600 582)
4(438 599 600 439)
4(581 582 600 599)
4(420 440 601 583)
4(439 600 601 440)
4(582 583 601 600)
4(421 441 602 584)
4(440 601 602 441)
4(583 584 602 601)
4(422 442 603 585)
4(584 585 603 602)
4(585 586 604 603)
4(428 447 606 589)
4(429 448 607 590)
4(430 449 608 591)
4(590 591 608 607)
4(431 450 609 592)
4(449 608 609 450)
4(591 592 609 608)
4(432 451 610 593)
4(450 609 610 451)
4(592 593 610 609)
4(433 452 611 594)
4(451 610 611 452)
4(593 594 611 610)
4(434 453 612 595)
4(452 611 612 453)
4(594 595 612 611)
4(435 454 613 596)
4(453 612 613 454)
4(595 596 613 612)
4(436 455 614 597)
4(454 613 614 455)
4(596 597 614 613)
4(437 456 615 598)
4(455 614 615 456)
4(597 598 615 614)
4(438 457 616 599)
4(456 615 616 457)
4(598 599 616 615)
4(439 458 617 600)
4(457 616 617 458)
4(599 600 617 616)
4(440 459 618 601)
4(458 617 618 459)
4(600 601 618 617)
4(601 602 619 618)
4(450 462 621 609)
4(451 463 622 610)
4(452 464 623 611)
4(610 611 623 622)
4(453 465 624 612)
4(611 612 624 623)
4(454 466 625 613)
4(612 613 625 624)
4(455 467 626 614)
4(613 614 626 625)
4(456 468 627 615)
4(614 615 627 626)
4(457 469 628 616)
4(615 616 628 627)
4(458 470 629 617)
4(616 617 629 628)
4(617 618 630 629)
4(476 489 645 632)
4(488 644 645 489)
4(477 490 646 633)
4(489 645 646 490)
4(632 633 646 645)
4(478 491 647 634)
4(490 646 647 491)
4(633 634 647 646)
4(479 492 648 635)
4(491 647 648 492)
4(634 635 648 647)
4(480 493 649 636)
4(492 648 649 493)
4(635 636 649 648)
4(481 494 650 637)
4(493 649 650 494)
4(636 637 650 649)
4(482 495 651 638)
4(494 650 651 495)
4(637 638 651 650)
4(483 496 652 639)
4(495 651 652 496)
4(638 639 652 651)
4(484 497 653 640)
4(496 652 653 497)
4(639 640 653 652)
4(485 498 654 641)
4(497 653 654 498)
4(640 641 654 653)
4(486 499 655 642)
4(498 654 655 499)
4(641 642 655 654)
4(499 655 656 500)
4(642 643 656 655)
4(489 503 659 645)
4(502 658 659 503)
4(490 504 660 646)
4(503 659 660 504)
4(645 646 660 659)
4(491 505 661 647)
4(504 660 661 505)
4(646 647 661 660)
4(492 506 662 648)
4(505 661 662 506)
4(647 648 662 661)
4(493 507 663 649)
4(506 662 663 507)
4(648 649 663 662)
4(494 508 664 650)
4(507 663 664 508)
4(649 650 664 663)
4(495 509 665 651)
4(508 664 665 509)
4(650 651 665 664)
4(496 510 666 652)
4(509 665 666 510)
4(651 652 666 665)
4(497 511 667 653)
4(510 666 667 511)
4(652 653 667 666)
4(498 512 668 654)
4(511 667 668 512)
4(653 654 668 667)
4(499 513 669 655)
4(512 668 669 513)
4(654 655 669 668)
4(500 514 670 656)
4(513 669 670 514)
4(655 656 670 669)
4(514 670 671 515)
4(656 657 671 670)
4(503 519 674 659)
4(518 673 674 519)
4(658 659 674 673)
4(504 520 675 660)
4(519 674 675 520)
4(659 660 675 674)
4(505 521 676 661)
4(520 675 676 521)
4(660 661 676 675)
4(506 522 677 662)
4(521 676 677 522)
4(661 662 677 676)
4(507 523 678 663)
4(522 677 678 523)
4(662 663 678 677)
4(508 524 679 664)
4(523 678 679 524)
4(663 664 679 678)
4(509 525 680 665)
4(524 679 680 525)
4(664 665 680 679)
4(510 526 681 666)
4(525 680 681 526)
4(665 666 681 680)
4(511 527 682 667)
4(526 681 682 527)
4(666 667 682 681)
4(512 528 683 668)
4(527 682 683 528)
4(667 668 683 682)
4(513 529 684 669)
4(528 683 684 529)
4(668 669 684 683)
4(514 530 685 670)
4(529 684 685 530)
4(669 670 685 684)
4(515 531 686 671)
4(530 685 686 531)
4(670 671 686 685)
4(531 686 687 532)
4(671 672 687 686)
4(519 536 690 674)
4(535 689 690 536)
4(673 674 690 689)
4(520 537 691 675)
4(536 690 691 537)
4(674 675 691 690)
4(521 538 692 676)
4(537 691 692 538)
4(675 676 692 691)
4(522 539 693 677)
4(538 692 693 539)
4(676 677 693 692)
4(523 540 694 678)
4(539 693 694 540)
4(677 678 694 693)
4(524 541 695 679)
4(540 694 695 541)
4(678 679 695 694)
4(525 542 696 680)
4(541 695 696 542)
4(679 680 696 695)
4(526 543 697 681)
4(542 696 697 543)
4(680 681 697 696)
4(527 544 698 682)
4(543 697 698 544)
4(681 682 698 697)
4(528 545 699 683)
4(544 698 699 545)
4(682 683 699 698)
4(529 546 700 684)
4(545 699 700 546)
4(683 684 700 699)
4(530 547 701 685)
4(546 700 701 547)
4(684 685 701 700)
4(531 548 702 686)
4(547 701 702 548)
4(685 686 702 701)
4(548 702 703 549)
4(686 687 703 702)
4(535 554 706 689)
4(553 705 706 554)
4(688 689 706 705)
4(536 555 707 690)
4(554 706 707 555)
4(689 690 707 706)
4(537 556 708 691)
4(555 707 708 556)
4(690 691 708 707)
4(538 557 709 692)
4(556 708 709 557)
4(691 692 709 708)
4(539 558 710 693)
4(557 709 710 558)
4(692 693 710 709)
4(540 559 711 694)
4(558 710 711 559)
4(693 694 711 710)
4(541 560 712 695)
4(559 711 712 560)
4(694 695 712 711)
4(542 561 713 696)
4(560 712 713 561)
4(695 696 713 712)
4(543 562 714 697)
4(561 713 714 562)
4(696 697 714 713)
4(544 563 715 698)
4(562 714 715 563)
4(697 698 715 714)
4(545 564 716 699)
4(563 715 716 564)
4(698 699 716 715)
4(546 565 717 700)
4(564 716 717 565)
4(699 700 717 716)
4(547 566 718 701)
4(565 717 718 566)
4(700 701 718 717)
4(548 567 719 702)
4(566 718 719 567)
4(701 702 719 718)
4(702 703 720 719)
4(553 572 722 705)
4(571 721 722 572)
4(554 573 723 706)
4(572 722 723 573)
4(705 706 723 722)
4(555 574 724 707)
4(573 723 724 574)
4(706 707 724 723)
4(556 575 725 708)
4(574 724 725 575)
4(707 708 725 724)
4(557 576 726 709)
4(575 725 726 576)
4(708 709 726 725)
4(558 577 727 710)
4(576 726 727 577)
4(709 710 727 726)
4(559 578 728 711)
4(577 727 728 578)
4(710 711 728 727)
4(560 579 729 712)
4(578 728 729 579)
4(711 712 729 728)
4(561 580 730 713)
4(579 729 730 580)
4(712 713 730 729)
4(562 581 731 714)
4(580 730 731 581)
4(713 714 731 730)
4(563 582 732 715)
4(581 731 732 582)
4(714 715 732 731)
4(564 583 733 716)
4(582 732 733 583)
4(715 716 733 732)
4(565 584 734 717)
4(583 733 734 584)
4(716 717 734 733)
4(566 585 735 718)
4(584 734 735 585)
4(717 718 735 734)
4(585 735 736 586)
4(718 719 736 735)
4(572 590 739 722)
4(573 591 740 723)
4(590 739 740 591)
4(722 723 740 739)
4(574 592 741 724)
4(591 740 741 592)
4(723 724 741 740)
4(575 593 742 725)
4(592 741 742 593)
4(724 725 742 741)
4(576 594 743 726)
4(593 742 743 594)
4(725 726 743 742)
4(577 595 744 727)
4(594 743 744 595)
4(726 727 744 743)
4(578 596 745 728)
4(595 744 745 596)
4(727 728 745 744)
4(579 597 746 729)
4(596 745 746 597)
4(728 729 746 745)
4(580 598 747 730)
4(597 746 747 598)
4(729 730 747 746)
4(581 599 748 731)
4(598 747 748 599)
4(730 731 748 747)
4(582 600 749 732)
4(599 748 749 600)
4(731 732 749 748)
4(583 601 750 733)
4(600 749 750 601)
4(732 733 750 749)
4(584 602 751 734)
4(601 750 751 602)
4(733 734 751 750)
4(585 603 752 735)
4(734 735 752 751)
4(735 736 753 752)
4(591 608 755 740)
4(592 609 756 741)
4(740 741 756 755)
4(593 610 757 742)
4(741 742 757 756)
4(594 611 758 743)
4(610 757 758 611)
4(742 743 758 757)
4(595 612 759 744)
4(611 758 759 612)
4(743 744 759 758)
4(596 613 760 745)
4(612 759 760 613)
4(744 745 760 759)
4(597 614 761 746)
4(613 760 761 614)
4(745 746 761 760)
4(598 615 762 747)
4(614 761 762 615)
4(746 747 762 761)
4(599 616 763 748)
4(615 762 763 616)
4(747 748 763 762)
4(600 617 764 749)
4(616 763 764 617)
4(748 749 764 763)
4(601 618 765 750)
4(617 764 765 618)
4(749 750 765 764)
4(750 751 766 765)
4(611 623 768 758)
4(612 624 769 759)
4(613 625 770 760)
4(759 760 770 769)
4(614 626 771 761)
4(760 761 771 770)
4(615 627 772 762)
4(761 762 772 771)
4(616 628 773 763)
4(762 763 773 772)
4(617 629 774 764)
4(763 764 774 773)
4(633 646 789 777)
4(645 788 789 646)
4(634 647 790 778)
4(646 789 790 647)
4(777 778 790 789)
4(635 648 791 779)
4(647 790 791 648)
4(778 779 791 790)
4(636 649 792 780)
4(648 791 792 649)
4(779 780 792 791)
4(637 650 793 781)
4(649 792 793 650)
4(780 781 793 792)
4(638 651 794 782)
4(650 793 794 651)
4(781 782 794 793)
4(639 652 795 783)
4(651 794 795 652)
4(782 783 795 794)
4(640 653 796 784)
4(652 795 796 653)
4(783 784 796 795)
4(641 654 797 785)
4(653 796 797 654)
4(784 785 797 796)
4(642 655 798 786)
4(654 797 798 655)
4(785 786 798 797)
4(655 798 799 656)
4(646 660 803 789)
4(659 802 803 660)
4(647 661 804 790)
4(660 803 804 661)
4(789 790 804 803)
4(648 662 805 791)
4(661 804 805 662)
4(790 791 805 804)
4(649 663 806 792)
4(662 805 806 663)
4(791 792 806 805)
4(650 664 807 793)
4(663 806 807 664)
4(792 793 807 806)
4(651 665 808 794)
4(664 807 808 665)
4(793 794 808 807)
4(652 666 809 795)
4(665 808 809 666)
4(794 795 809 808)
4(653 667 810 796)
4(666 809 810 667)
4(795 796 810 809)
4(654 668 811 797)
4(667 810 811 668)
4(796 797 811 810)
4(655 669 812 798)
4(668 811 812 669)
4(797 798 812 811)
4(656 670 813 799)
4(669 812 813 670)
4(798 799 813 812)
4(670 813 814 671)
4(659 674 817 802)
4(673 816 817 674)
4(660 675 818 803)
4(674 817 818 675)
4(802 803 818 817)
4(661 676 819 804)
4(675 818 819 676)
4(803 804 819 818)
4(662 677 820 805)
4(676 819 820 677)
4(804 805 820 819)
4(663 678 821 806)
4(677 820 821 678)
4(805 806 821 820)
4(664 679 822 807)
4(678 821 822 679)
4(806 807 822 821)
4(665 680 823 808)
4(679 822 823 680)
4(807 808 823 822)
4(666 681 824 809)
4(680 823 824 681)
4(808 809 824 823)
4(667 682 825 810)
4(681 824 825 682)
4(809 810 825 824)
4(668 683 826 811)
4(682 825 826 683)
4(810 811 826 825)
4(669 684 827 812)
4(683 826 827 684)
4(811 812 827 826)
4(670 685 828 813)
4(684 827 828 685)
4(812 813 828 827)
4(671 686 829 814)
4(685 828 829 686)
4(686 829 830 687)
4(674 690 833 817)
4(689 832 833 690)
4(816 817 833 832)
4(675 691 834 818)
4(690 833 834 691)
4(817 818 834 833)
4(676 692 835 819)
4(691 834 835 692)
4(818 819 835 834)
4(677 693 836 820)
4(692 835 836 693)
4(819 820 836 835)
4(678 694 837 821)
4(693 836 837 694)
4(820 821 837 836)
4(679 695 838 822)
4(694 837 838 695)
4(821 822 838 837)
4(680 696 839 823)
4(695 838 839 696)
4(822 823 839 838)
4(681 697 840 824)
4(696 839 840 697)
4(823 824 840 839)
4(682 698 841 825)
4(697 840 841 698)
4(824 825 841 840)
4(683 699 842 826)
4(698 841 842 699)
4(825 826 842 841)
4(684 700 843 827)
4(699 842 843 700)
4(826 827 843 842)
4(685 701 844 828)
4(700 843 844 701)
4(827 828 844 843)
4(686 702 845 829)
4(701 844 845 702)
4(702 845 846 703)
4(689 706 848 832)
4(705 847 848 706)
4(690 707 849 833)
4(706 848 849 707)
4(832 833 849 848)
4(691 708 850 834)
4(707 849 850 708)
4(833 834 850 849)
4(692 709 851 835)
4(708 850 851 709)
4(834 835 851 850)
4(693 710 852 836)
4(709 851 852 710)
4(835 836 852 851)
4(694 711 853 837)
4(710 852 853 711)
4(836 837 853 852)
4(695 712 854 838)
4(711 853 854 712)
4(837 838 854 853)
4(696 713 855 839)
4(712 854 855 713)
4(838 839 855 854)
4(697 714 856 840)
4(713 855 856 714)
4(839 840 856 855)
4(698 715 857 841)
4(714 856 857 715)
4(840 841 857 856)
4(699 716 858 842)
4(715 857 858 716)
4(841 842 858 857)
4(700 717 859 843)
4(716 858 859 717)
4(842 843 859 858)
4(701 718 860 844)
4(717 859 860 718)
4(843 844 860 859)
4(702 719 861 845)
4(718 860 861 719)
4(844 845 861 860)
4(719 861 862 720)
4(706 723 864 848)
4(722 863 864 723)
4(847 848 864 863)
4(707 724 865 849)
4(723 864 865 724)
4(848 849 865 864)
4(708 725 866 850)
4(724 865 866 725)
4(849 850 866 865)
4(709 726 867 851)
4(725 866 867 726)
4(850 851 867 866)
4(710 727 868 852)
4(726 867 868 727)
4(851 852 868 867)
4(711 728 869 853)
4(727 868 869 728)
4(852 853 869 868)
4(712 729 870 854)
4(728 869 870 729)
4(853 854 870 869)
4(713 730 871 855)
4(729 870 871 730)
4(854 855 871 870)
4(714 731 872 856)
4(730 871 872 731)
4(855 856 872 871)
4(715 732 873 857)
4(731 872 873 732)
4(856 857 873 872)
4(716 733 874 858)
4(732 873 874 733)
4(857 858 874 873)
4(717 734 875 859)
4(733 874 875 734)
4(858 859 875 874)
4(718 735 876 860)
4(734 875 876 735)
4(859 860 876 875)
4(719 736 877 861)
4(735 876 877 736)
4(723 740 880 864)
4(724 741 881 865)
4(740 880 881 741)
4(864 865 881 880)
4(725 742 882 866)
4(741 881 882 742)
4(865 866 882 881)
4(726 743 883 867)
4(742 882 883 743)
4(866 867 883 882)
4(727 744 884 868)
4(743 883 884 744)
4(867 868 884 883)
4(728 745 885 869)
4(744 884 885 745)
4(868 869 885 884)
4(729 746 886 870)
4(745 885 886 746)
4(869 870 886 885)
4(730 747 887 871)
4(746 886 887 747)
4(870 871 887 886)
4(731 748 888 872)
4(747 887 888 748)
4(871 872 888 887)
4(732 749 889 873)
4(748 888 889 749)
4(872 873 889 888)
4(733 750 890 874)
4(749 889 890 750)
4(873 874 890 889)
4(734 751 891 875)
4(750 890 891 751)
4(874 875 891 890)
4(735 752 892 876)
4(875 876 892 891)
4(741 756 895 881)
4(742 757 896 882)
4(743 758 897 883)
4(882 883 897 896)
4(744 759 898 884)
4(883 884 898 897)
4(745 760 899 885)
4(759 898 899 760)
4(884 885 899 898)
4(746 761 900 886)
4(760 899 900 761)
4(885 886 900 899)
4(747 762 901 887)
4(761 900 901 762)
4(886 887 901 900)
4(748 763 902 888)
4(762 901 902 763)
4(887 888 902 901)
4(749 764 903 889)
4(763 902 903 764)
4(888 889 903 902)
4(750 765 904 890)
4(889 890 904 903)
4(890 891 905 904)
4(760 770 907 899)
4(898 899 907 906)
4(761 771 908 900)
4(899 900 908 907)
4(762 772 909 901)
4(900 901 909 908)
4(763 773 910 902)
4(901 902 910 909)
4(902 903 911 910)
4(778 790 923 913)
4(789 922 923 790)
4(779 791 924 914)
4(790 923 924 791)
4(780 792 925 915)
4(791 924 925 792)
4(781 793 926 916)
4(792 925 926 793)
4(782 794 927 917)
4(793 926 927 794)
4(783 795 928 918)
4(794 927 928 795)
4(784 796 929 919)
4(795 928 929 796)
4(785 797 930 920)
4(796 929 930 797)
4(797 930 931 798)
4(790 804 935 923)
4(803 934 935 804)
4(791 805 936 924)
4(804 935 936 805)
4(792 806 937 925)
4(805 936 937 806)
4(793 807 938 926)
4(806 937 938 807)
4(794 808 939 927)
4(807 938 939 808)
4(795 809 940 928)
4(808 939 940 809)
4(796 810 941 929)
4(809 940 941 810)
4(797 811 942 930)
4(810 941 942 811)
4(798 812 943 931)
4(811 942 943 812)
4(812 943 944 813)
4(803 818 947 934)
4(817 946 947 818)
4(804 819 948 935)
4(818 947 948 819)
4(805 820 949 936)
4(819 948 949 820)
4(806 821 950 937)
4(820 949 950 821)
4(807 822 951 938)
4(821 950 951 822)
4(808 823 952 939)
4(822 951 952 823)
4(809 824 953 940)
4(823 952 953 824)
4(810 825 954 941)
4(824 953 954 825)
4(811 826 955 942)
4(825 954 955 826)
4(812 827 956 943)
4(826 955 956 827)
4(827 956 957 828)
4(817 833 959 946)
4(832 958 959 833)
4(818 834 960 947)
4(833 959 960 834)
4(819 835 961 948)
4(834 960 961 835)
4(820 836 962 949)
4(835 961 962 836)
4(821 837 963 950)
4(836 962 963 837)
4(822 838 964 951)
4(837 963 964 838)
4(823 839 965 952)
4(838 964 965 839)
4(824 840 966 953)
4(839 965 966 840)
4(825 841 967 954)
4(840 966 967 841)
4(826 842 968 955)
4(841 967 968 842)
4(827 843 969 956)
4(842 968 969 843)
4(843 969 970 844)
4(833 849 974 959)
4(848 973 974 849)
4(834 850 975 960)
4(849 974 975 850)
4(835 851 976 961)
4(850 975 976 851)
4(836 852 977 962)
4(851 976 977 852)
4(837 853 978 963)
4(852 977 978 853)
4(838 854 979 964)
4(853 978 979 854)
4(839 855 980 965)
4(854 979 980 855)
4(840 856 981 966)
4(855 980 981 856)
4(841 857 982 967)
4(856 981 982 857)
4(842 858 983 968)
4(857 982 983 858)
4(843 859 984 969)
4(858 983 984 859)
4(844 860 985 970)
4(859 984 985 860)
4(848 864 988 973)
4(849 865 989 974)
4(864 988 989 865)
4(850 866 990 975)
4(865 989 990 866)
4(851 867 991 976)
4(866 990 991 867)
4(852 868 992 977)
4(867 991 992 868)
4(853 869 993 978)
4(868 992 993 869)
4(854 870 994 979)
4(869 993 994 870)
4(855 871 995 980)
4(870 994 995 871)
4(856 872 996 981)
4(871 995 996 872)
4(857 873 997 982)
4(872 996 997 873)
4(858 874 998 983)
4(873 997 998 874)
4(859 875 999 984)
4(874 998 999 875)
4(875 999 1000 876)
4(865 881 1002 989)
4(866 882 1003 990)
4(867 883 1004 991)
4(882 1003 1004 883)
4(868 884 1005 992)
4(883 1004 1005 884)
4(869 885 1006 993)
4(884 1005 1006 885)
4(870 886 1007 994)
4(885 1006 1007 886)
4(871 887 1008 995)
4(886 1007 1008 887)
4(872 888 1009 996)
4(887 1008 1009 888)
4(873 889 1010 997)
4(888 1009 1010 889)
4(874 890 1011 998)
4(889 1010 1011 890)
4(875 891 1012 999)
4(890 1011 1012 891)
4(883 897 1015 1004)
4(884 898 1016 1005)
4(885 899 1017 1006)
4(898 1016 1017 899)
4(886 900 1018 1007)
4(899 1017 1018 900)
4(887 901 1019 1008)
4(900 1018 1019 901)
4(888 902 1020 1009)
4(901 1019 1020 902)
4(889 903 1021 1010)
4(902 1020 1021 903)
4(890 904 1022 1011)
4(899 907 1025 1017)
4(900 908 1026 1018)
4(901 909 1027 1019)
4(902 910 1028 1020)
4(143 144 306 305)
4(305 306 476 475)
4(475 476 632 631)
4(144 145 307 306)
4(306 307 477 476)
4(476 477 633 632)
4(632 633 777 776)
4(145 146 308 307)
4(307 308 478 477)
4(477 478 634 633)
4(633 634 778 777)
4(777 778 913 912)
4(35 36 147 146)
4(146 147 309 308)
4(308 309 479 478)
4(478 479 635 634)
4(634 635 779 778)
4(778 779 914 913)
4(147 148 310 309)
4(309 310 480 479)
4(479 480 636 635)
4(635 636 780 779)
4(779 780 915 914)
4(148 149 311 310)
4(310 311 481 480)
4(480 481 637 636)
4(636 637 781 780)
4(780 781 916 915)
4(149 150 312 311)
4(311 312 482 481)
4(481 482 638 637)
4(637 638 782 781)
4(781 782 917 916)
4(150 151 313 312)
4(312 313 483 482)
4(482 483 639 638)
4(638 639 783 782)
4(782 783 918 917)
4(37 38 152 151)
4(151 152 314 313)
4(313 314 484 483)
4(483 484 640 639)
4(639 640 784 783)
4(783 784 919 918)
4(38 39 153 152)
4(152 153 315 314)
4(314 315 485 484)
4(484 485 641 640)
4(640 641 785 784)
4(784 785 920 919)
4(39 40 154 153)
4(153 154 316 315)
4(315 316 486 485)
4(485 486 642 641)
4(641 642 786 785)
4(785 786 921 920)
4(154 155 317 316)
4(316 317 487 486)
4(486 487 643 642)
4(642 643 787 786)
4(0 3 4 1)
4(1 4 5 2)
4(3 6 7 4)
4(4 7 8 5)
4(9 15 16 10)
4(10 16 17 11)
4(11 17 18 12)
4(12 18 19 13)
4(14 20 21 15)
4(15 21 22 16)
4(0 1 23 22)
4(16 22 23 17)
4(1 2 24 23)
4(17 23 24 18)
4(18 24 25 19)
4(0 22 27 3)
4(21 26 27 22)
4(2 5 29 24)
4(24 29 30 25)
4(35 41 42 36)
4(37 46 47 38)
4(38 47 48 39)
4(41 50 51 42)
4(42 51 52 43)
4(43 52 53 44)
4(44 53 54 45)
4(45 54 55 46)
4(46 55 56 47)
4(50 57 58 51)
4(51 58 59 52)
4(52 59 60 53)
4(53 60 61 54)
4(54 61 62 55)
4(55 62 63 56)
4(57 70 71 58)
4(58 71 72 59)
4(59 72 73 60)
4(60 73 74 61)
4(61 74 75 62)
4(62 75 76 63)
4(9 10 78 77)
4(64 77 78 65)
4(10 11 79 78)
4(65 78 79 66)
4(11 12 80 79)
4(66 79 80 67)
4(12 13 81 80)
4(67 80 81 68)
4(69 85 86 70)
4(70 86 87 71)
4(71 87 88 72)
4(72 88 89 73)
4(73 89 90 74)
4(74 90 91 75)
4(75 91 92 76)
4(9 77 94 15)
4(14 15 94 93)
4(13 19 98 81)
4(81 98 99 82)
4(82 99 100 83)
4(84 101 102 85)
4(85 102 103 86)
4(86 103 104 87)
4(87 104 105 88)
4(88 105 106 89)
4(89 106 107 90)
4(90 107 108 91)
4(91 108 109 92)
4(19 25 115 98)
4(98 115 116 99)
4(99 116 117 100)
4(100 117 118 101)
4(101 118 119 102)
4(102 119 120 103)
4(103 120 121 104)
4(104 121 122 105)
4(105 122 123 106)
4(106 123 124 107)
4(107 124 125 108)
4(25 30 130 115)
4(115 130 131 116)
4(116 131 132 117)
4(117 132 133 118)
4(118 133 134 119)
4(119 134 135 120)
4(123 136 137 124)
4(124 137 138 125)
4(36 42 160 147)
4(42 43 161 160)
4(147 160 161 148)
4(43 44 162 161)
4(148 161 162 149)
4(44 45 163 162)
4(149 162 163 150)
4(37 151 164 46)
4(45 46 164 163)
4(150 163 164 151)
4(47 165 166 48)
4(48 166 167 49)
4(47 56 177 165)
4(165 177 178 166)
4(166 178 179 167)
4(167 179 180 168)
4(169 182 183 170)
4(50 171 184 57)
4(170 183 184 171)
4(56 63 190 177)
4(177 190 191 178)
4(178 191 192 179)
4(179 192 193 180)
4(67 68 198 197)
4(181 200 201 182)
4(182 201 202 183)
4(57 184 203 70)
4(69 70 203 202)
4(183 202 203 184)
4(63 76 209 190)
4(190 209 210 191)
4(191 210 211 192)
4(192 211 212 193)
4(82 83 219 218)
4(199 218 219 200)
4(200 219 220 201)
4(69 202 221 85)
4(84 85 221 220)
4(201 220 221 202)
4(76 92 228 209)
4(209 228 229 210)
4(210 229 230 211)
4(211 230 231 212)
4(83 100 238 219)
4(84 220 239 101)
4(100 101 239 238)
4(219 238 239 220)
4(92 109 247 228)
4(108 246 247 109)
4(228 247 248 229)
4(229 248 249 230)
4(230 249 250 231)
4(120 260 261 121)
4(121 261 262 122)
4(122 262 263 123)
4(108 125 265 246)
4(246 265 266 247)
4(247 266 267 248)
4(248 267 268 249)
4(132 275 276 133)
4(133 276 277 134)
4(120 135 278 260)
4(134 277 278 135)
4(260 278 279 261)
4(261 279 280 262)
4(123 263 281 136)
4(262 280 281 263)
4(136 281 282 137)
4(125 138 283 265)
4(137 282 283 138)
4(265 283 284 266)
4(266 284 285 267)
4(267 285 286 268)
4(275 291 292 276)
4(276 292 293 277)
4(277 293 294 278)
4(278 294 295 279)
4(279 295 296 280)
4(280 296 297 281)
4(281 297 298 282)
4(282 298 299 283)
4(283 299 300 284)
4(284 300 301 285)
4(298 302 303 299)
4(299 303 304 300)
4(155 168 330 317)
4(168 180 344 330)
4(330 344 345 331)
4(180 193 359 344)
4(344 359 360 345)
4(193 212 380 359)
4(359 380 381 360)
4(360 381 382 361)
4(365 366 387 386)
4(212 231 401 380)
4(380 401 402 381)
4(381 402 403 382)
4(231 250 422 401)
4(249 421 422 250)
4(401 422 423 402)
4(249 268 441 421)
4(421 441 442 422)
4(422 442 443 423)
4(268 286 460 441)
4(285 459 460 286)
4(285 301 471 459)
4(317 330 500 487)
4(330 331 501 500)
4(331 345 515 501)
4(346 517 534 367)
4(366 367 534 533)
4(517 518 535 534)
4(366 533 552 387)
4(386 387 552 551)
4(533 534 553 552)
4(551 552 571 570)
4(631 632 645 644)
4(487 500 656 643)
4(500 501 657 656)
4(488 644 658 502)
4(644 645 659 658)
4(502 658 673 518)
4(518 673 689 535)
4(534 535 689 688)
4(534 688 705 553)
4(552 553 705 704)
4(552 704 721 571)
4(704 705 722 721)
4(632 776 788 645)
4(776 777 789 788)
4(786 787 799 798)
4(645 788 802 659)
4(658 659 802 801)
4(788 789 803 802)
4(799 800 814 813)
4(658 801 816 673)
4(801 802 817 816)
4(813 814 829 828)
4(814 815 830 829)
4(673 816 832 689)
4(688 689 832 831)
4(828 829 845 844)
4(829 830 846 845)
4(688 831 847 705)
4(831 832 848 847)
4(845 846 862 861)
4(705 847 863 722)
4(860 861 877 876)
4(861 862 878 877)
4(876 877 893 892)
4(777 912 922 789)
4(786 798 931 921)
4(798 799 932 931)
4(789 922 934 803)
4(802 803 934 933)
4(799 813 944 932)
4(802 933 946 817)
4(816 817 946 945)
4(813 828 957 944)
4(816 945 958 832)
4(828 844 970 957)
4(844 845 971 970)
4(832 958 973 848)
4(847 848 973 972)
4(845 861 986 971)
4(860 985 986 861)
4(847 972 987 863)
4(860 876 1000 985)
4(876 892 1013 1000)
4(891 1012 1013 892)
4(891 905 1023 1012)
4(912 913 923 922)
4(913 914 924 923)
4(914 915 925 924)
4(915 916 926 925)
4(916 917 927 926)
4(917 918 928 927)
4(918 919 929 928)
4(919 920 930 929)
4(920 921 931 930)
4(922 923 935 934)
4(923 924 936 935)
4(924 925 937 936)
4(925 926 938 937)
4(926 927 939 938)
4(927 928 940 939)
4(928 929 941 940)
4(929 930 942 941)
4(930 931 943 942)
4(931 932 944 943)
4(933 934 947 946)
4(934 935 948 947)
4(935 936 949 948)
4(936 937 950 949)
4(937 938 951 950)
4(938 939 952 951)
4(939 940 953 952)
4(940 941 954 953)
4(941 942 955 954)
4(942 943 956 955)
4(943 944 957 956)
4(945 946 959 958)
4(946 947 960 959)
4(947 948 961 960)
4(948 949 962 961)
4(949 950 963 962)
4(950 951 964 963)
4(951 952 965 964)
4(952 953 966 965)
4(953 954 967 966)
4(954 955 968 967)
4(955 956 969 968)
4(956 957 970 969)
4(958 959 974 973)
4(959 960 975 974)
4(960 961 976 975)
4(961 962 977 976)
4(962 963 978 977)
4(963 964 979 978)
4(964 965 980 979)
4(965 966 981 980)
4(966 967 982 981)
4(967 968 983 982)
4(968 969 984 983)
4(969 970 985 984)
4(970 971 986 985)
4(972 973 988 987)
4(973 974 989 988)
4(974 975 990 989)
4(975 976 991 990)
4(976 977 992 991)
4(977 978 993 992)
4(978 979 994 993)
4(979 980 995 994)
4(980 981 996 995)
4(981 982 997 996)
4(982 983 998 997)
4(983 984 999 998)
4(984 985 1000 999)
4(988 989 1002 1001)
4(989 990 1003 1002)
4(990 991 1004 1003)
4(991 992 1005 1004)
4(992 993 1006 1005)
4(993 994 1007 1006)
4(994 995 1008 1007)
4(995 996 1009 1008)
4(996 997 1010 1009)
4(997 998 1011 1010)
4(998 999 1012 1011)
4(999 1000 1013 1012)
4(1003 1004 1015 1014)
4(1004 1005 1016 1015)
4(1005 1006 1017 1016)
4(1006 1007 1018 1017)
4(1007 1008 1019 1018)
4(1008 1009 1020 1019)
4(1009 1010 1021 1020)
4(1010 1011 1022 1021)
4(1011 1012 1023 1022)
4(1016 1017 1025 1024)
4(1017 1018 1026 1025)
4(1018 1019 1027 1026)
4(1019 1020 1028 1027)
4(1020 1021 1029 1028)
4(68 81 217 198)
4(81 82 218 217)
4(198 217 218 199)
4(40 49 167 154)
4(154 167 168 155)
4(3 27 31 6)
4(6 31 32 7)
4(5 8 33 29)
4(7 32 33 8)
4(29 33 34 30)
4(14 93 110 20)
4(20 110 111 21)
4(93 94 111 110)
4(21 111 126 26)
4(26 126 127 27)
4(27 127 139 31)
4(31 139 140 32)
4(32 140 141 33)
4(30 34 142 130)
4(33 141 142 34)
4(143 156 157 144)
4(144 157 158 145)
4(35 146 159 41)
4(145 158 159 146)
4(157 169 170 158)
4(41 159 171 50)
4(158 170 171 159)
4(64 65 195 194)
4(65 66 196 195)
4(66 67 197 196)
4(64 194 213 77)
4(77 213 232 94)
4(94 232 251 111)
4(111 251 269 126)
4(126 269 270 127)
4(251 252 270 269)
4(130 273 274 131)
4(131 274 275 132)
4(127 270 287 139)
4(139 287 288 140)
4(270 271 288 287)
4(140 288 289 141)
4(271 272 289 288)
4(130 142 290 273)
4(141 289 290 142)
4(272 273 290 289)
4(143 305 318 156)
4(156 318 319 157)
4(157 319 333 169)
4(318 332 333 319)
4(169 333 348 182)
4(181 182 348 347)
4(332 347 348 333)
4(194 195 363 362)
4(195 196 364 363)
4(196 197 365 364)
4(197 198 366 365)
4(198 199 367 366)
4(181 347 368 200)
4(199 200 368 367)
4(346 367 368 347)
4(194 362 383 213)
4(362 363 384 383)
4(363 364 385 384)
4(364 365 386 385)
4(213 383 404 232)
4(383 384 405 404)
4(384 385 406 405)
4(232 404 424 251)
4(251 424 425 252)
4(404 405 425 424)
4(405 406 426 425)
4(252 425 444 270)
4(270 444 445 271)
4(425 426 445 444)
4(271 445 446 272)
4(426 427 446 445)
4(272 446 447 273)
4(273 447 448 274)
4(274 448 449 275)
4(275 449 461 291)
4(291 461 462 292)
4(292 462 463 293)
4(293 463 464 294)
4(294 464 465 295)
4(295 465 466 296)
4(296 466 467 297)
4(297 467 468 298)
4(300 470 471 301)
4(298 468 472 302)
4(302 472 473 303)
4(468 469 473 472)
4(300 304 474 470)
4(303 473 474 304)
4(469 470 474 473)
4(305 475 488 318)
4(318 488 502 332)
4(332 502 518 347)
4(346 347 518 517)
4(345 360 531 515)
4(360 361 532 531)
4(515 531 532 516)
4(361 382 549 532)
4(385 386 551 550)
4(382 403 568 549)
4(402 567 568 403)
4(385 550 569 406)
4(550 551 570 569)
4(402 423 586 567)
4(406 569 587 426)
4(426 587 588 427)
4(569 570 588 587)
4(570 571 589 588)
4(441 602 603 442)
4(423 443 604 586)
4(442 603 604 443)
4(427 588 605 446)
4(446 605 606 447)
4(588 589 606 605)
4(447 606 607 448)
4(589 590 607 606)
4(448 607 608 449)
4(441 460 619 602)
4(459 618 619 460)
4(449 608 620 461)
4(461 620 621 462)
4(608 609 621 620)
4(462 621 622 463)
4(609 610 622 621)
4(463 622 623 464)
4(464 623 624 465)
4(465 624 625 466)
4(466 625 626 467)
4(467 626 627 468)
4(468 627 628 469)
4(469 628 629 470)
4(459 471 630 618)
4(470 629 630 471)
4(475 631 644 488)
4(501 515 671 657)
4(515 516 672 671)
4(516 532 687 672)
4(532 549 703 687)
4(549 568 720 703)
4(567 719 720 568)
4(567 586 736 719)
4(719 736 737 720)
4(571 721 738 589)
4(589 738 739 590)
4(721 722 739 738)
4(602 751 752 603)
4(586 604 753 736)
4(603 752 753 604)
4(590 739 754 607)
4(607 754 755 608)
4(739 740 755 754)
4(608 755 756 609)
4(609 756 757 610)
4(602 619 766 751)
4(618 765 766 619)
4(610 757 767 622)
4(622 767 768 623)
4(757 758 768 767)
4(623 768 769 624)
4(758 759 769 768)
4(624 769 770 625)
4(625 770 771 626)
4(626 771 772 627)
4(627 772 773 628)
4(628 773 774 629)
4(618 630 775 765)
4(629 774 775 630)
4(764 765 775 774)
4(657 671 814 800)
4(671 672 815 814)
4(672 687 830 815)
4(687 703 846 830)
4(703 720 862 846)
4(720 737 878 862)
4(736 877 878 737)
4(722 863 879 739)
4(739 879 880 740)
4(863 864 880 879)
4(751 891 892 752)
4(736 753 893 877)
4(752 892 893 753)
4(740 880 894 755)
4(755 894 895 756)
4(880 881 895 894)
4(756 895 896 757)
4(881 882 896 895)
4(757 896 897 758)
4(758 897 898 759)
4(764 903 904 765)
4(751 766 905 891)
4(765 904 905 766)
4(759 898 906 769)
4(769 906 907 770)
4(770 907 908 771)
4(771 908 909 772)
4(772 909 910 773)
4(764 774 911 903)
4(773 910 911 774)
4(863 987 988 864)
4(864 988 1001 880)
4(880 1001 1002 881)
4(881 1002 1003 882)
4(882 1003 1014 896)
4(896 1014 1015 897)
4(897 1015 1016 898)
4(903 1021 1022 904)
4(904 1022 1023 905)
4(898 1016 1024 906)
4(906 1024 1025 907)
4(907 1025 1026 908)
4(908 1026 1027 909)
4(909 1027 1028 910)
4(903 911 1029 1021)
4(910 1028 1029 911)
4(643 656 799 787)
4(656 657 800 799)
4(39 48 49 40)
)


// ************************************************************************* //
