/*--------------------------------*- C++ -*----------------------------------*\
  =========                 |
  \\      /  F ield         | OpenFOAM: The Open Source CFD Toolbox
   \\    /   O peration     | Website:  https://openfoam.org
    \\  /    A nd           | Version:  6
     \\/     M anipulation  |
\*---------------------------------------------------------------------------*/
FoamFile
{
    version     2.0;
    format      ascii;
    class       labelList;
    note        "nPoints:1030  nCells:672  nFaces:2333  nInternalFaces:1699";
    location    "constant/region507/polyMesh";
    object      neighbour;
}
// * * * * * * * * * * * * * * * * * * * * * * * * * * * * * * * * * * * * * //


1699
(
1
2
14
3
15
3
17
18
5
9
53
6
10
54
7
11
55
12
56
9
10
13
67
11
14
68
12
15
69
16
70
14
81
15
17
82
16
18
83
19
84
18
92
19
93
94
24
98
22
29
103
23
104
105
25
30
109
26
31
110
27
32
111
28
33
112
29
34
113
35
114
31
36
120
32
37
121
33
38
122
34
39
123
35
40
124
41
125
37
47
132
38
48
133
39
49
134
40
50
135
41
51
136
52
137
43
53
141
44
54
142
45
55
143
56
144
47
60
149
48
61
150
49
62
151
50
63
152
51
64
153
52
65
154
66
155
54
67
159
55
68
160
56
69
161
57
70
162
58
71
163
72
164
60
74
166
61
75
167
62
76
168
63
77
169
64
78
170
65
79
171
66
80
172
173
68
81
177
69
82
178
70
83
179
71
84
180
72
85
181
73
86
182
74
87
183
75
88
184
76
89
185
77
186
78
187
79
188
80
90
189
91
190
82
83
92
194
84
93
195
85
94
196
86
197
87
198
88
199
89
200
201
91
205
206
93
94
96
222
97
107
223
98
108
224
99
109
225
100
110
226
101
111
227
102
112
228
103
113
229
104
114
230
105
115
231
106
116
232
117
233
108
118
235
109
119
236
110
120
237
111
121
238
112
122
239
113
123
240
114
124
241
115
125
242
116
126
243
117
127
244
128
245
119
130
248
120
131
249
121
132
250
122
133
251
123
134
252
124
135
253
125
136
254
126
137
255
127
138
256
128
139
257
140
258
130
147
261
131
148
262
132
149
263
133
150
264
134
151
265
135
152
266
136
153
267
137
154
268
138
155
269
139
156
270
140
157
271
158
272
142
159
143
160
144
161
145
162
146
163
275
147
164
276
148
165
277
149
166
278
150
167
279
151
168
280
152
169
281
153
170
282
154
171
283
155
172
284
156
173
285
157
174
286
158
175
287
176
288
160
177
161
178
162
179
291
163
180
292
164
181
293
165
182
294
166
183
295
167
184
296
168
185
297
169
186
298
170
187
299
171
188
300
172
189
301
173
190
302
174
191
303
175
192
304
176
193
305
306
178
179
194
180
195
308
181
196
309
182
197
310
183
198
311
184
199
312
185
200
313
186
201
314
187
202
315
188
203
316
189
204
317
190
205
318
191
206
319
192
207
320
193
208
321
209
322
195
196
197
325
198
326
199
327
200
210
328
201
211
329
202
212
330
203
213
331
204
214
332
205
215
333
206
216
334
207
217
335
208
218
336
209
219
337
338
211
339
212
340
213
341
214
342
215
343
216
344
217
345
218
220
346
219
221
347
348
221
223
234
349
224
235
350
225
236
351
226
237
352
227
238
353
228
239
354
229
240
355
230
241
356
231
242
357
232
243
358
233
244
359
245
360
235
247
361
236
248
362
237
249
363
238
250
364
239
251
365
240
252
366
241
253
367
242
254
368
243
255
369
244
256
370
245
257
371
246
258
372
259
373
248
261
374
249
262
375
250
263
376
251
264
377
252
265
378
253
266
379
254
267
380
255
268
381
256
269
382
257
270
383
258
271
384
259
272
385
273
386
261
276
262
277
388
263
278
389
264
279
390
265
280
391
266
281
392
267
282
393
268
283
394
269
284
395
270
285
396
271
286
397
272
287
398
273
288
399
274
289
400
290
401
276
293
277
294
402
278
295
403
279
296
404
280
297
405
281
298
406
282
299
407
283
300
408
284
301
409
285
302
410
286
303
411
287
304
412
288
305
413
289
306
414
290
307
415
416
292
308
293
309
294
310
417
295
311
418
296
312
419
297
313
420
298
314
421
299
315
422
300
316
423
301
317
424
302
318
425
303
319
426
304
320
427
305
321
428
306
322
429
307
323
430
324
431
309
310
325
311
326
432
312
327
433
313
328
434
314
329
435
315
330
436
316
331
437
317
332
438
318
333
439
319
334
440
320
335
441
321
336
442
322
337
443
323
338
444
324
445
446
326
327
328
447
329
339
448
330
340
449
331
341
450
332
342
451
333
343
452
334
344
453
335
345
454
336
346
455
337
347
456
338
348
457
458
340
341
342
459
343
460
344
461
345
462
346
463
347
464
348
465
466
350
361
351
362
467
352
363
468
353
364
469
354
365
470
355
366
471
356
367
472
357
368
473
358
369
474
359
370
475
360
371
476
372
477
362
374
363
375
478
364
376
479
365
377
480
366
378
481
367
379
482
368
380
483
369
381
484
370
382
485
371
383
486
372
384
487
373
385
488
386
489
375
388
490
376
389
491
377
390
492
378
391
493
379
392
494
380
393
495
381
394
496
382
395
497
383
396
498
384
397
499
385
398
500
386
399
501
387
400
502
401
503
389
403
504
390
404
505
391
405
506
392
406
507
393
407
508
394
408
509
395
409
510
396
410
511
397
411
512
398
412
513
399
413
514
400
414
515
401
415
516
416
517
403
418
518
404
419
519
405
420
520
406
421
521
407
422
522
408
423
523
409
424
524
410
425
525
411
426
526
412
427
527
413
428
528
414
429
529
415
430
530
416
431
531
532
418
432
419
433
533
420
434
534
421
435
535
422
436
536
423
437
537
424
438
538
425
439
539
426
440
540
427
441
541
428
442
542
429
443
543
430
444
544
431
445
545
446
546
433
434
447
548
435
448
549
436
449
550
437
450
551
438
451
552
439
452
553
440
453
554
441
454
555
442
455
556
443
456
557
444
457
558
445
458
559
446
560
561
448
449
562
450
563
451
459
564
452
460
565
453
461
566
454
462
567
455
463
568
456
464
569
457
465
570
458
466
571
572
460
461
462
573
463
574
464
575
465
576
466
577
468
478
469
479
578
470
480
579
471
481
580
472
482
581
473
483
582
474
484
583
475
485
584
476
486
585
477
487
586
488
479
491
480
492
587
481
493
588
482
494
589
483
495
590
484
496
591
485
497
592
486
498
593
487
499
594
488
500
595
489
501
596
502
491
504
492
505
597
493
506
598
494
507
599
495
508
600
496
509
601
497
510
602
498
511
603
499
512
604
500
513
605
501
514
606
502
515
607
503
516
517
505
519
608
506
520
609
507
521
610
508
522
611
509
523
612
510
524
613
511
525
614
512
526
615
513
527
616
514
528
617
515
529
618
516
530
619
517
531
532
519
533
520
534
620
521
535
621
522
536
622
523
537
623
524
538
624
525
539
625
526
540
626
527
541
627
528
542
628
529
543
629
530
544
630
531
545
631
532
546
632
547
534
548
633
535
549
634
536
550
635
537
551
636
538
552
637
539
553
638
540
554
639
541
555
640
542
556
641
543
557
642
544
558
643
545
559
644
546
560
645
547
561
549
550
562
646
551
563
647
552
564
648
553
565
649
554
566
650
555
567
651
556
568
652
557
569
653
558
570
654
559
571
655
560
572
656
561
657
563
564
565
658
566
659
567
573
660
568
574
661
569
575
662
570
576
663
571
577
664
572
665
666
574
667
575
668
576
669
577
670
671
579
587
580
588
581
589
582
590
583
591
584
592
585
593
586
594
595
588
598
589
599
590
600
591
601
592
602
593
603
594
604
595
605
596
606
607
598
609
599
610
600
611
601
612
602
613
603
614
604
615
605
616
606
617
607
618
619
609
620
610
621
611
622
612
623
613
624
614
625
615
626
616
627
617
628
618
629
619
630
631
621
634
622
635
623
636
624
637
625
638
626
639
627
640
628
641
629
642
630
643
631
644
632
645
634
635
646
636
647
637
648
638
649
639
650
640
651
641
652
642
653
643
654
644
655
645
656
657
647
648
649
658
650
659
651
660
652
661
653
662
654
663
655
664
656
665
657
666
659
660
661
667
662
668
663
669
664
670
665
671
666
668
669
670
671
)


// ************************************************************************* //
