/*--------------------------------*- C++ -*----------------------------------*\
  =========                 |
  \\      /  F ield         | OpenFOAM: The Open Source CFD Toolbox
   \\    /   O peration     | Website:  https://openfoam.org
    \\  /    A nd           | Version:  6
     \\/     M anipulation  |
\*---------------------------------------------------------------------------*/
FoamFile
{
    version     2.0;
    format      ascii;
    class       labelList;
    location    "constant/region507/polyMesh";
    object      pointRegionAddressing;
}
// * * * * * * * * * * * * * * * * * * * * * * * * * * * * * * * * * * * * * //


1030
(
237099
237100
237101
237164
237165
237166
237229
237230
237231
241193
241194
241195
241196
241197
241257
241258
241259
241260
241261
241262
241322
241323
241324
241325
241326
241327
241388
241389
241390
241391
241392
241454
241455
241456
241457
245102
245103
245107
245108
245109
245110
245167
245168
245169
245170
245171
245172
245173
245174
245175
245232
245233
245234
245235
245236
245237
245238
245297
245298
245299
245300
245301
245302
245303
245353
245354
245355
245356
245357
245361
245362
245363
245364
245365
245366
245367
245368
245418
245419
245420
245421
245422
245423
245424
245425
245426
245427
245428
245429
245430
245431
245432
245433
245482
245483
245484
245485
245486
245487
245488
245489
245490
245491
245492
245493
245494
245495
245496
245497
245498
245547
245548
245549
245550
245551
245552
245553
245554
245555
245556
245557
245558
245559
245560
245561
245562
245613
245614
245615
245616
245617
245618
245619
245620
245621
245622
245625
245626
245627
245679
245680
245681
245682
249324
249325
249326
249327
249328
249329
249330
249331
249332
249333
249334
249335
249336
249389
249390
249391
249392
249393
249394
249395
249396
249397
249398
249399
249400
249401
249455
249456
249457
249458
249459
249460
249461
249462
249463
249464
249465
249466
249519
249520
249521
249522
249523
249524
249525
249526
249527
249528
249529
249530
249531
249578
249579
249580
249581
249582
249583
249584
249585
249586
249587
249588
249589
249590
249591
249592
249593
249594
249595
249596
249643
249644
249645
249646
249647
249648
249649
249650
249651
249652
249653
249654
249655
249656
249657
249658
249659
249660
249661
249708
249709
249710
249711
249712
249713
249714
249715
249716
249717
249718
249719
249720
249721
249722
249723
249724
249725
249726
249773
249774
249775
249776
249777
249778
249779
249780
249781
249782
249783
249784
249785
249786
249787
249788
249789
249790
249838
249839
249840
249841
249842
249843
249844
249845
249846
249847
249848
249849
249850
249851
249852
249853
249854
249855
249904
249905
249906
249907
249909
249910
249911
249912
249913
249914
249915
249916
249917
249918
249919
249981
249982
249983
253549
253550
253551
253552
253553
253554
253555
253556
253557
253558
253559
253560
253561
253614
253615
253616
253617
253618
253619
253620
253621
253622
253623
253624
253625
253626
253627
253679
253680
253681
253682
253683
253684
253685
253686
253687
253688
253689
253690
253691
253692
253743
253744
253745
253746
253747
253748
253749
253750
253751
253752
253753
253754
253755
253756
253757
253758
253803
253804
253805
253806
253807
253808
253809
253810
253811
253812
253813
253814
253815
253816
253817
253818
253819
253820
253821
253822
253823
253868
253869
253870
253871
253872
253873
253874
253875
253876
253877
253878
253879
253880
253881
253882
253883
253884
253885
253886
253887
253888
253933
253934
253935
253936
253937
253938
253939
253940
253941
253942
253943
253944
253945
253946
253947
253948
253949
253950
253951
253952
253998
253999
254000
254001
254002
254003
254004
254005
254006
254007
254008
254009
254010
254011
254012
254013
254014
254015
254016
254017
254064
254065
254066
254067
254068
254069
254070
254071
254072
254073
254074
254075
254076
254077
254078
254079
254080
254134
254135
254136
254137
254138
254139
254140
254141
254142
254143
254144
254206
254207
254208
257774
257775
257776
257777
257778
257779
257780
257781
257782
257783
257784
257785
257786
257839
257840
257841
257842
257843
257844
257845
257846
257847
257848
257849
257850
257851
257852
257904
257905
257906
257907
257908
257909
257910
257911
257912
257913
257914
257915
257916
257917
257918
257968
257969
257970
257971
257972
257973
257974
257975
257976
257977
257978
257979
257980
257981
257982
257983
258032
258033
258034
258035
258036
258037
258038
258039
258040
258041
258042
258043
258044
258045
258046
258047
258048
258095
258096
258097
258098
258099
258100
258101
258102
258103
258104
258105
258106
258107
258108
258109
258110
258111
258112
258113
258160
258161
258162
258163
258164
258165
258166
258167
258168
258169
258170
258171
258172
258173
258174
258175
258176
258177
258225
258226
258227
258228
258229
258230
258231
258232
258233
258234
258235
258236
258237
258238
258239
258240
258241
258242
258291
258292
258293
258294
258295
258296
258297
258298
258299
258300
258301
258302
258303
258304
258305
258359
258360
258361
258362
258363
258364
258365
258366
258367
258368
258369
261999
262000
262001
262002
262003
262004
262005
262006
262007
262008
262009
262010
262011
262064
262065
262066
262067
262068
262069
262070
262071
262072
262073
262074
262075
262076
262077
262129
262130
262131
262132
262133
262134
262135
262136
262137
262138
262139
262140
262141
262142
262143
262194
262195
262196
262197
262198
262199
262200
262201
262202
262203
262204
262205
262206
262207
262208
262258
262259
262260
262261
262262
262263
262264
262265
262266
262267
262268
262269
262270
262271
262272
262273
262322
262323
262324
262325
262326
262327
262328
262329
262330
262331
262332
262333
262334
262335
262336
262337
262338
262387
262388
262389
262390
262391
262392
262393
262394
262395
262396
262397
262398
262399
262400
262401
262402
262403
262452
262453
262454
262455
262456
262457
262458
262459
262460
262461
262462
262463
262464
262465
262466
262467
262518
262519
262520
262521
262522
262523
262524
262525
262526
262527
262528
262529
262530
262586
262587
262588
262589
262590
262591
262592
262593
262594
266225
266226
266227
266228
266229
266230
266231
266232
266233
266234
266235
266236
266290
266291
266292
266293
266294
266295
266296
266297
266298
266299
266300
266301
266302
266354
266355
266356
266357
266358
266359
266360
266361
266362
266363
266364
266365
266366
266367
266368
266419
266420
266421
266422
266423
266424
266425
266426
266427
266428
266429
266430
266431
266432
266433
266483
266484
266485
266486
266487
266488
266489
266490
266491
266492
266493
266494
266495
266496
266497
266498
266548
266549
266550
266551
266552
266553
266554
266555
266556
266557
266558
266559
266560
266561
266562
266563
266613
266614
266615
266616
266617
266618
266619
266620
266621
266622
266623
266624
266625
266626
266627
266628
266678
266679
266680
266681
266682
266683
266684
266685
266686
266687
266688
266689
266690
266691
266692
266744
266745
266746
266747
266748
266749
266750
266751
266752
266753
266754
266755
266813
266814
266815
266816
266817
266818
270451
270452
270453
270454
270455
270456
270457
270458
270459
270460
270516
270517
270518
270519
270520
270521
270522
270523
270524
270525
270526
270580
270581
270582
270583
270584
270585
270586
270587
270588
270589
270590
270591
270644
270645
270646
270647
270648
270649
270650
270651
270652
270653
270654
270655
270656
270709
270710
270711
270712
270713
270714
270715
270716
270717
270718
270719
270720
270721
270722
270773
270774
270775
270776
270777
270778
270779
270780
270781
270782
270783
270784
270785
270786
270787
270838
270839
270840
270841
270842
270843
270844
270845
270846
270847
270848
270849
270850
270851
270904
270905
270906
270907
270908
270909
270910
270911
270912
270913
270914
270915
270916
270971
270972
270973
270974
270975
270976
270977
270978
270979
270980
271038
271039
271040
271041
271042
271043
)


// ************************************************************************* //
