/*--------------------------------*- C++ -*----------------------------------*\
  =========                 |
  \\      /  F ield         | OpenFOAM: The Open Source CFD Toolbox
   \\    /   O peration     | Website:  https://openfoam.org
    \\  /    A nd           | Version:  6
     \\/     M anipulation  |
\*---------------------------------------------------------------------------*/
FoamFile
{
    version     2.0;
    format      ascii;
    class       vectorField;
    location    "constant/region507/polyMesh";
    object      points;
}
// * * * * * * * * * * * * * * * * * * * * * * * * * * * * * * * * * * * * * //


1030
(
(2.86e-06 4.55e-07 3.64e-06)
(2.925e-06 4.55e-07 3.64e-06)
(2.99e-06 4.549999999999999e-07 3.64e-06)
(2.86e-06 5.2e-07 3.64e-06)
(2.925e-06 5.2e-07 3.64e-06)
(2.99e-06 5.2e-07 3.64e-06)
(2.860000000000001e-06 5.85e-07 3.64e-06)
(2.925e-06 5.849999999999998e-07 3.64e-06)
(2.99e-06 5.849999999999999e-07 3.639999999999999e-06)
(2.795e-06 3.25e-07 3.705e-06)
(2.86e-06 3.25e-07 3.705e-06)
(2.925e-06 3.25e-07 3.705e-06)
(2.99e-06 3.25e-07 3.705e-06)
(3.055e-06 3.25e-07 3.705000000000001e-06)
(2.73e-06 3.899999999999999e-07 3.705000000000001e-06)
(2.795e-06 3.899999999999999e-07 3.705000000000001e-06)
(2.86e-06 3.899999999999999e-07 3.705000000000001e-06)
(2.924999999999999e-06 3.899999999999999e-07 3.705000000000001e-06)
(2.990000000000001e-06 3.899999999999999e-07 3.705e-06)
(3.055e-06 3.899999999999999e-07 3.705e-06)
(2.73e-06 4.55e-07 3.704999999999999e-06)
(2.795e-06 4.549999999999999e-07 3.705000000000001e-06)
(2.86e-06 4.549999999999999e-07 3.704999999999999e-06)
(2.925e-06 4.55e-07 3.704999999999999e-06)
(2.99e-06 4.549999999999999e-07 3.705000000000001e-06)
(3.055e-06 4.55e-07 3.704999999999999e-06)
(2.795e-06 5.2e-07 3.705e-06)
(2.86e-06 5.2e-07 3.705000000000001e-06)
(2.925e-06 5.2e-07 3.705000000000001e-06)
(2.99e-06 5.2e-07 3.705e-06)
(3.055000000000001e-06 5.2e-07 3.705e-06)
(2.860000000000001e-06 5.85e-07 3.705e-06)
(2.925e-06 5.849999999999999e-07 3.705e-06)
(2.99e-06 5.849999999999999e-07 3.705e-06)
(3.055e-06 5.849999999999999e-07 3.705e-06)
(3.38e-06 0 3.77e-06)
(3.445e-06 0 3.770000000000001e-06)
(3.705e-06 0 3.77e-06)
(3.769999999999999e-06 0 3.77e-06)
(3.835e-06 0 3.770000000000001e-06)
(3.9e-06 0 3.769999999999999e-06)
(3.379999999999999e-06 6.499999999999999e-08 3.770000000000001e-06)
(3.445e-06 6.5e-08 3.77e-06)
(3.51e-06 6.5e-08 3.77e-06)
(3.575e-06 6.5e-08 3.769999999999999e-06)
(3.64e-06 6.5e-08 3.770000000000001e-06)
(3.705e-06 6.5e-08 3.77e-06)
(3.769999999999999e-06 6.5e-08 3.770000000000001e-06)
(3.835000000000001e-06 6.5e-08 3.77e-06)
(3.9e-06 6.5e-08 3.77e-06)
(3.38e-06 1.3e-07 3.77e-06)
(3.445e-06 1.3e-07 3.770000000000001e-06)
(3.51e-06 1.3e-07 3.77e-06)
(3.575e-06 1.3e-07 3.769999999999999e-06)
(3.64e-06 1.3e-07 3.77e-06)
(3.705e-06 1.3e-07 3.769999999999999e-06)
(3.769999999999999e-06 1.3e-07 3.769999999999999e-06)
(3.379999999999999e-06 1.95e-07 3.770000000000001e-06)
(3.445e-06 1.95e-07 3.77e-06)
(3.51e-06 1.95e-07 3.769999999999999e-06)
(3.575e-06 1.95e-07 3.77e-06)
(3.64e-06 1.95e-07 3.77e-06)
(3.705e-06 1.95e-07 3.769999999999999e-06)
(3.769999999999999e-06 1.95e-07 3.77e-06)
(2.795e-06 2.6e-07 3.77e-06)
(2.860000000000001e-06 2.6e-07 3.769999999999999e-06)
(2.925e-06 2.6e-07 3.77e-06)
(2.99e-06 2.6e-07 3.77e-06)
(3.055e-06 2.6e-07 3.770000000000001e-06)
(3.314999999999999e-06 2.6e-07 3.77e-06)
(3.38e-06 2.599999999999999e-07 3.770000000000001e-06)
(3.445e-06 2.6e-07 3.769999999999999e-06)
(3.509999999999999e-06 2.6e-07 3.77e-06)
(3.575e-06 2.6e-07 3.77e-06)
(3.64e-06 2.6e-07 3.77e-06)
(3.705e-06 2.6e-07 3.77e-06)
(3.77e-06 2.6e-07 3.770000000000001e-06)
(2.795e-06 3.25e-07 3.77e-06)
(2.86e-06 3.25e-07 3.769999999999999e-06)
(2.925e-06 3.25e-07 3.77e-06)
(2.99e-06 3.25e-07 3.77e-06)
(3.055e-06 3.25e-07 3.769999999999999e-06)
(3.120000000000001e-06 3.25e-07 3.77e-06)
(3.185e-06 3.25e-07 3.77e-06)
(3.25e-06 3.25e-07 3.769999999999999e-06)
(3.315000000000001e-06 3.25e-07 3.77e-06)
(3.379999999999999e-06 3.25e-07 3.769999999999999e-06)
(3.445e-06 3.25e-07 3.770000000000001e-06)
(3.509999999999999e-06 3.25e-07 3.77e-06)
(3.575e-06 3.25e-07 3.77e-06)
(3.64e-06 3.250000000000001e-07 3.77e-06)
(3.705e-06 3.25e-07 3.769999999999999e-06)
(3.77e-06 3.25e-07 3.77e-06)
(2.73e-06 3.899999999999999e-07 3.77e-06)
(2.795e-06 3.900000000000001e-07 3.769999999999999e-06)
(2.86e-06 3.899999999999999e-07 3.769999999999999e-06)
(2.925e-06 3.900000000000001e-07 3.77e-06)
(2.990000000000001e-06 3.899999999999999e-07 3.77e-06)
(3.055e-06 3.899999999999999e-07 3.77e-06)
(3.120000000000001e-06 3.899999999999999e-07 3.77e-06)
(3.185e-06 3.899999999999999e-07 3.77e-06)
(3.25e-06 3.899999999999999e-07 3.769999999999999e-06)
(3.315e-06 3.899999999999999e-07 3.77e-06)
(3.38e-06 3.899999999999999e-07 3.77e-06)
(3.445e-06 3.900000000000001e-07 3.77e-06)
(3.51e-06 3.900000000000001e-07 3.77e-06)
(3.575e-06 3.900000000000001e-07 3.77e-06)
(3.64e-06 3.900000000000001e-07 3.77e-06)
(3.705e-06 3.900000000000001e-07 3.769999999999999e-06)
(3.77e-06 3.899999999999999e-07 3.77e-06)
(2.73e-06 4.55e-07 3.769999999999999e-06)
(2.795e-06 4.55e-07 3.77e-06)
(2.86e-06 4.55e-07 3.770000000000001e-06)
(2.925e-06 4.55e-07 3.770000000000001e-06)
(2.99e-06 4.55e-07 3.77e-06)
(3.055e-06 4.55e-07 3.77e-06)
(3.120000000000001e-06 4.55e-07 3.77e-06)
(3.185e-06 4.55e-07 3.77e-06)
(3.25e-06 4.55e-07 3.77e-06)
(3.315000000000001e-06 4.55e-07 3.77e-06)
(3.379999999999999e-06 4.55e-07 3.77e-06)
(3.445e-06 4.55e-07 3.77e-06)
(3.510000000000001e-06 4.55e-07 3.769999999999999e-06)
(3.575e-06 4.55e-07 3.77e-06)
(3.64e-06 4.55e-07 3.77e-06)
(3.704999999999999e-06 4.55e-07 3.770000000000001e-06)
(2.795e-06 5.2e-07 3.77e-06)
(2.86e-06 5.2e-07 3.769999999999999e-06)
(2.925e-06 5.2e-07 3.77e-06)
(2.99e-06 5.2e-07 3.77e-06)
(3.055000000000001e-06 5.2e-07 3.77e-06)
(3.120000000000001e-06 5.2e-07 3.77e-06)
(3.185e-06 5.2e-07 3.769999999999999e-06)
(3.25e-06 5.2e-07 3.769999999999999e-06)
(3.314999999999999e-06 5.2e-07 3.770000000000001e-06)
(3.379999999999999e-06 5.199999999999999e-07 3.77e-06)
(3.575e-06 5.2e-07 3.77e-06)
(3.64e-06 5.2e-07 3.769999999999999e-06)
(3.705e-06 5.2e-07 3.770000000000001e-06)
(2.860000000000001e-06 5.85e-07 3.769999999999999e-06)
(2.925e-06 5.849999999999999e-07 3.769999999999999e-06)
(2.99e-06 5.849999999999999e-07 3.77e-06)
(3.055e-06 5.849999999999999e-07 3.77e-06)
(3.185e-06 0 3.835e-06)
(3.25e-06 0 3.835e-06)
(3.315e-06 0 3.835000000000001e-06)
(3.38e-06 0 3.835e-06)
(3.445e-06 0 3.835000000000001e-06)
(3.51e-06 0 3.835000000000001e-06)
(3.575e-06 0 3.835e-06)
(3.64e-06 0 3.835000000000001e-06)
(3.705e-06 0 3.835000000000001e-06)
(3.77e-06 0 3.835e-06)
(3.835e-06 0 3.835000000000001e-06)
(3.9e-06 0 3.835e-06)
(3.965e-06 0 3.835e-06)
(3.185e-06 6.5e-08 3.835e-06)
(3.25e-06 6.5e-08 3.835000000000001e-06)
(3.315e-06 6.5e-08 3.835000000000001e-06)
(3.379999999999999e-06 6.499999999999999e-08 3.835e-06)
(3.445e-06 6.5e-08 3.835000000000001e-06)
(3.509999999999999e-06 6.5e-08 3.835e-06)
(3.575e-06 6.5e-08 3.835000000000001e-06)
(3.64e-06 6.5e-08 3.835000000000001e-06)
(3.705e-06 6.5e-08 3.835000000000001e-06)
(3.77e-06 6.5e-08 3.835e-06)
(3.835000000000001e-06 6.5e-08 3.835000000000001e-06)
(3.9e-06 6.5e-08 3.834999999999999e-06)
(3.965e-06 6.5e-08 3.835e-06)
(3.25e-06 1.3e-07 3.835e-06)
(3.315e-06 1.3e-07 3.835000000000001e-06)
(3.38e-06 1.3e-07 3.835e-06)
(3.445e-06 1.3e-07 3.835000000000001e-06)
(3.51e-06 1.3e-07 3.835e-06)
(3.575e-06 1.3e-07 3.835e-06)
(3.64e-06 1.3e-07 3.835000000000001e-06)
(3.705e-06 1.3e-07 3.835000000000001e-06)
(3.769999999999999e-06 1.3e-07 3.835000000000001e-06)
(3.835e-06 1.3e-07 3.835000000000001e-06)
(3.9e-06 1.3e-07 3.835e-06)
(3.964999999999999e-06 1.3e-07 3.835000000000001e-06)
(3.185e-06 1.95e-07 3.835000000000001e-06)
(3.25e-06 1.949999999999999e-07 3.835000000000001e-06)
(3.315e-06 1.95e-07 3.835e-06)
(3.379999999999999e-06 1.95e-07 3.835000000000001e-06)
(3.445e-06 1.95e-07 3.835e-06)
(3.51e-06 1.95e-07 3.835e-06)
(3.575e-06 1.95e-07 3.835000000000001e-06)
(3.64e-06 1.95e-07 3.835000000000001e-06)
(3.705e-06 1.95e-07 3.835000000000001e-06)
(3.769999999999999e-06 1.95e-07 3.835000000000001e-06)
(3.835000000000001e-06 1.95e-07 3.835000000000001e-06)
(3.9e-06 1.95e-07 3.835e-06)
(3.964999999999999e-06 1.95e-07 3.835000000000001e-06)
(2.795e-06 2.6e-07 3.835000000000001e-06)
(2.860000000000001e-06 2.6e-07 3.835000000000001e-06)
(2.925e-06 2.6e-07 3.835000000000001e-06)
(2.99e-06 2.6e-07 3.835000000000001e-06)
(3.055e-06 2.6e-07 3.835000000000001e-06)
(3.120000000000001e-06 2.6e-07 3.835000000000001e-06)
(3.185e-06 2.6e-07 3.835000000000001e-06)
(3.25e-06 2.6e-07 3.835000000000001e-06)
(3.315e-06 2.6e-07 3.835e-06)
(3.38e-06 2.599999999999999e-07 3.835000000000001e-06)
(3.445e-06 2.6e-07 3.835e-06)
(3.509999999999999e-06 2.6e-07 3.835000000000001e-06)
(3.575e-06 2.6e-07 3.835e-06)
(3.64e-06 2.6e-07 3.835000000000001e-06)
(3.705e-06 2.6e-07 3.835e-06)
(3.77e-06 2.6e-07 3.835000000000001e-06)
(3.835000000000001e-06 2.6e-07 3.835e-06)
(3.9e-06 2.6e-07 3.835000000000001e-06)
(3.964999999999999e-06 2.6e-07 3.835e-06)
(2.795e-06 3.25e-07 3.835000000000001e-06)
(2.86e-06 3.25e-07 3.835e-06)
(2.925e-06 3.25e-07 3.835e-06)
(2.99e-06 3.25e-07 3.835000000000001e-06)
(3.055e-06 3.25e-07 3.835000000000001e-06)
(3.120000000000001e-06 3.25e-07 3.835000000000001e-06)
(3.185e-06 3.25e-07 3.835e-06)
(3.25e-06 3.25e-07 3.835000000000001e-06)
(3.315e-06 3.25e-07 3.835000000000001e-06)
(3.379999999999999e-06 3.25e-07 3.835e-06)
(3.445e-06 3.250000000000001e-07 3.835000000000001e-06)
(3.509999999999999e-06 3.25e-07 3.835e-06)
(3.575e-06 3.25e-07 3.835e-06)
(3.64e-06 3.25e-07 3.835000000000001e-06)
(3.705e-06 3.25e-07 3.835e-06)
(3.77e-06 3.250000000000001e-07 3.835000000000001e-06)
(3.835e-06 3.25e-07 3.835000000000001e-06)
(3.9e-06 3.25e-07 3.835e-06)
(3.965e-06 3.25e-07 3.835000000000001e-06)
(2.795e-06 3.899999999999999e-07 3.835e-06)
(2.86e-06 3.899999999999999e-07 3.835e-06)
(2.925e-06 3.899999999999999e-07 3.835e-06)
(2.990000000000001e-06 3.899999999999999e-07 3.835e-06)
(3.055e-06 3.899999999999999e-07 3.835e-06)
(3.120000000000001e-06 3.899999999999999e-07 3.835000000000001e-06)
(3.185e-06 3.899999999999999e-07 3.835e-06)
(3.25e-06 3.899999999999999e-07 3.835e-06)
(3.315e-06 3.899999999999999e-07 3.835000000000001e-06)
(3.38e-06 3.899999999999999e-07 3.835e-06)
(3.445e-06 3.900000000000001e-07 3.835000000000001e-06)
(3.51e-06 3.899999999999999e-07 3.835000000000001e-06)
(3.575e-06 3.900000000000001e-07 3.835000000000001e-06)
(3.64e-06 3.900000000000001e-07 3.835000000000001e-06)
(3.705e-06 3.900000000000001e-07 3.835000000000001e-06)
(3.77e-06 3.900000000000001e-07 3.835000000000001e-06)
(3.835e-06 3.900000000000001e-07 3.835000000000001e-06)
(3.9e-06 3.900000000000001e-07 3.835e-06)
(3.964999999999999e-06 3.900000000000001e-07 3.835e-06)
(2.795e-06 4.55e-07 3.835000000000001e-06)
(2.86e-06 4.55e-07 3.835000000000001e-06)
(2.925e-06 4.55e-07 3.835000000000001e-06)
(2.99e-06 4.55e-07 3.835000000000001e-06)
(3.055e-06 4.55e-07 3.834999999999999e-06)
(3.120000000000001e-06 4.55e-07 3.834999999999999e-06)
(3.185e-06 4.55e-07 3.835000000000001e-06)
(3.25e-06 4.55e-07 3.835000000000001e-06)
(3.315e-06 4.55e-07 3.835000000000001e-06)
(3.379999999999999e-06 4.55e-07 3.835000000000001e-06)
(3.445e-06 4.55e-07 3.835e-06)
(3.51e-06 4.55e-07 3.834999999999999e-06)
(3.575e-06 4.55e-07 3.835000000000001e-06)
(3.64e-06 4.55e-07 3.835000000000001e-06)
(3.704999999999999e-06 4.55e-07 3.835000000000001e-06)
(3.77e-06 4.55e-07 3.835000000000001e-06)
(3.835000000000001e-06 4.55e-07 3.835000000000001e-06)
(3.9e-06 4.55e-07 3.834999999999999e-06)
(2.795e-06 5.2e-07 3.835e-06)
(2.86e-06 5.2e-07 3.835000000000001e-06)
(2.925e-06 5.2e-07 3.835000000000001e-06)
(2.99e-06 5.2e-07 3.835e-06)
(3.055000000000001e-06 5.2e-07 3.835000000000001e-06)
(3.120000000000001e-06 5.2e-07 3.835000000000001e-06)
(3.185e-06 5.2e-07 3.835e-06)
(3.25e-06 5.2e-07 3.835000000000001e-06)
(3.315e-06 5.2e-07 3.835000000000001e-06)
(3.379999999999999e-06 5.199999999999999e-07 3.835000000000001e-06)
(3.445e-06 5.2e-07 3.835000000000001e-06)
(3.51e-06 5.2e-07 3.835000000000001e-06)
(3.575e-06 5.2e-07 3.835e-06)
(3.64e-06 5.2e-07 3.835000000000001e-06)
(3.705e-06 5.2e-07 3.835000000000001e-06)
(3.77e-06 5.2e-07 3.835000000000001e-06)
(3.835e-06 5.2e-07 3.835000000000001e-06)
(3.9e-06 5.2e-07 3.835000000000001e-06)
(2.860000000000001e-06 5.85e-07 3.835000000000001e-06)
(2.925e-06 5.849999999999999e-07 3.835000000000001e-06)
(2.99e-06 5.849999999999999e-07 3.835000000000001e-06)
(3.055e-06 5.849999999999999e-07 3.835e-06)
(3.185e-06 5.85e-07 3.835000000000001e-06)
(3.25e-06 5.849999999999999e-07 3.835e-06)
(3.315e-06 5.85e-07 3.835000000000001e-06)
(3.379999999999999e-06 5.849999999999999e-07 3.835e-06)
(3.445e-06 5.849999999999999e-07 3.835000000000001e-06)
(3.51e-06 5.849999999999999e-07 3.835000000000001e-06)
(3.575e-06 5.85e-07 3.835e-06)
(3.64e-06 5.849999999999999e-07 3.835000000000001e-06)
(3.705e-06 5.849999999999998e-07 3.835000000000001e-06)
(3.769999999999999e-06 5.85e-07 3.835e-06)
(3.835000000000001e-06 5.849999999999998e-07 3.835000000000001e-06)
(3.64e-06 6.5e-07 3.835000000000001e-06)
(3.704999999999999e-06 6.5e-07 3.834999999999999e-06)
(3.77e-06 6.500000000000001e-07 3.835000000000001e-06)
(3.185e-06 0 3.9e-06)
(3.25e-06 0 3.9e-06)
(3.315e-06 0 3.9e-06)
(3.38e-06 0 3.9e-06)
(3.445e-06 0 3.9e-06)
(3.509999999999999e-06 0 3.9e-06)
(3.575e-06 0 3.9e-06)
(3.64e-06 0 3.9e-06)
(3.705e-06 0 3.9e-06)
(3.77e-06 0 3.9e-06)
(3.835e-06 0 3.9e-06)
(3.9e-06 0 3.9e-06)
(3.964999999999999e-06 0 3.9e-06)
(3.185e-06 6.5e-08 3.9e-06)
(3.25e-06 6.5e-08 3.9e-06)
(3.315e-06 6.5e-08 3.9e-06)
(3.379999999999999e-06 6.499999999999999e-08 3.900000000000001e-06)
(3.445e-06 6.5e-08 3.9e-06)
(3.509999999999999e-06 6.5e-08 3.9e-06)
(3.575e-06 6.5e-08 3.9e-06)
(3.64e-06 6.5e-08 3.9e-06)
(3.705e-06 6.5e-08 3.900000000000001e-06)
(3.77e-06 6.5e-08 3.9e-06)
(3.835000000000001e-06 6.5e-08 3.9e-06)
(3.9e-06 6.500000000000001e-08 3.9e-06)
(3.965e-06 6.5e-08 3.9e-06)
(4.03e-06 6.500000000000001e-08 3.900000000000001e-06)
(3.185e-06 1.3e-07 3.9e-06)
(3.25e-06 1.3e-07 3.9e-06)
(3.315e-06 1.3e-07 3.9e-06)
(3.38e-06 1.3e-07 3.9e-06)
(3.445e-06 1.3e-07 3.900000000000001e-06)
(3.509999999999999e-06 1.3e-07 3.9e-06)
(3.575e-06 1.3e-07 3.9e-06)
(3.64e-06 1.3e-07 3.9e-06)
(3.705e-06 1.3e-07 3.9e-06)
(3.77e-06 1.3e-07 3.900000000000001e-06)
(3.835e-06 1.3e-07 3.9e-06)
(3.9e-06 1.3e-07 3.9e-06)
(3.964999999999999e-06 1.3e-07 3.9e-06)
(4.03e-06 1.3e-07 3.9e-06)
(3.120000000000001e-06 1.95e-07 3.9e-06)
(3.185e-06 1.95e-07 3.9e-06)
(3.25e-06 1.949999999999999e-07 3.9e-06)
(3.315e-06 1.95e-07 3.9e-06)
(3.379999999999999e-06 1.95e-07 3.9e-06)
(3.445e-06 1.95e-07 3.899999999999999e-06)
(3.509999999999999e-06 1.95e-07 3.9e-06)
(3.575e-06 1.95e-07 3.9e-06)
(3.64e-06 1.95e-07 3.9e-06)
(3.705e-06 1.95e-07 3.9e-06)
(3.77e-06 1.95e-07 3.899999999999999e-06)
(3.835000000000001e-06 1.95e-07 3.900000000000001e-06)
(3.9e-06 1.95e-07 3.9e-06)
(3.964999999999999e-06 1.95e-07 3.9e-06)
(4.03e-06 1.95e-07 3.9e-06)
(4.095e-06 1.95e-07 3.9e-06)
(2.795e-06 2.6e-07 3.9e-06)
(2.860000000000001e-06 2.6e-07 3.9e-06)
(2.925e-06 2.6e-07 3.9e-06)
(2.99e-06 2.6e-07 3.9e-06)
(3.055e-06 2.6e-07 3.9e-06)
(3.120000000000001e-06 2.6e-07 3.9e-06)
(3.185e-06 2.6e-07 3.9e-06)
(3.25e-06 2.6e-07 3.9e-06)
(3.315e-06 2.6e-07 3.9e-06)
(3.38e-06 2.599999999999999e-07 3.9e-06)
(3.445e-06 2.6e-07 3.9e-06)
(3.509999999999999e-06 2.6e-07 3.9e-06)
(3.575e-06 2.6e-07 3.9e-06)
(3.64e-06 2.6e-07 3.9e-06)
(3.705e-06 2.6e-07 3.9e-06)
(3.770000000000001e-06 2.6e-07 3.9e-06)
(3.835000000000001e-06 2.6e-07 3.9e-06)
(3.9e-06 2.600000000000001e-07 3.9e-06)
(3.964999999999999e-06 2.6e-07 3.9e-06)
(4.03e-06 2.600000000000001e-07 3.9e-06)
(4.095e-06 2.599999999999999e-07 3.9e-06)
(2.795e-06 3.25e-07 3.9e-06)
(2.86e-06 3.25e-07 3.9e-06)
(2.925e-06 3.25e-07 3.9e-06)
(2.99e-06 3.25e-07 3.9e-06)
(3.055e-06 3.25e-07 3.9e-06)
(3.120000000000001e-06 3.25e-07 3.9e-06)
(3.185e-06 3.25e-07 3.9e-06)
(3.25e-06 3.25e-07 3.9e-06)
(3.315e-06 3.25e-07 3.9e-06)
(3.379999999999999e-06 3.25e-07 3.9e-06)
(3.445e-06 3.25e-07 3.9e-06)
(3.509999999999999e-06 3.25e-07 3.9e-06)
(3.575e-06 3.25e-07 3.9e-06)
(3.64e-06 3.25e-07 3.9e-06)
(3.705e-06 3.25e-07 3.9e-06)
(3.77e-06 3.25e-07 3.9e-06)
(3.835e-06 3.25e-07 3.9e-06)
(3.9e-06 3.25e-07 3.9e-06)
(3.964999999999999e-06 3.25e-07 3.9e-06)
(4.03e-06 3.25e-07 3.9e-06)
(4.095e-06 3.25e-07 3.9e-06)
(2.795e-06 3.899999999999999e-07 3.9e-06)
(2.86e-06 3.899999999999999e-07 3.9e-06)
(2.925e-06 3.899999999999999e-07 3.9e-06)
(2.990000000000001e-06 3.899999999999999e-07 3.9e-06)
(3.055e-06 3.899999999999999e-07 3.900000000000001e-06)
(3.120000000000001e-06 3.900000000000001e-07 3.9e-06)
(3.185e-06 3.899999999999999e-07 3.9e-06)
(3.25e-06 3.899999999999999e-07 3.9e-06)
(3.315e-06 3.899999999999999e-07 3.9e-06)
(3.38e-06 3.899999999999999e-07 3.900000000000001e-06)
(3.445e-06 3.900000000000001e-07 3.9e-06)
(3.51e-06 3.900000000000001e-07 3.9e-06)
(3.575e-06 3.899999999999999e-07 3.9e-06)
(3.64e-06 3.900000000000001e-07 3.9e-06)
(3.705e-06 3.900000000000001e-07 3.900000000000001e-06)
(3.77e-06 3.900000000000001e-07 3.9e-06)
(3.835e-06 3.900000000000001e-07 3.9e-06)
(3.9e-06 3.899999999999999e-07 3.9e-06)
(3.964999999999999e-06 3.900000000000001e-07 3.9e-06)
(4.03e-06 3.899999999999999e-07 3.900000000000001e-06)
(2.795e-06 4.55e-07 3.900000000000001e-06)
(2.86e-06 4.55e-07 3.9e-06)
(2.925e-06 4.55e-07 3.9e-06)
(2.99e-06 4.55e-07 3.9e-06)
(3.055e-06 4.55e-07 3.9e-06)
(3.120000000000001e-06 4.55e-07 3.900000000000001e-06)
(3.185e-06 4.55e-07 3.9e-06)
(3.25e-06 4.55e-07 3.9e-06)
(3.315e-06 4.55e-07 3.9e-06)
(3.379999999999999e-06 4.55e-07 3.9e-06)
(3.445e-06 4.55e-07 3.900000000000001e-06)
(3.509999999999999e-06 4.55e-07 3.9e-06)
(3.575e-06 4.55e-07 3.9e-06)
(3.64e-06 4.55e-07 3.9e-06)
(3.704999999999999e-06 4.55e-07 3.9e-06)
(3.77e-06 4.55e-07 3.900000000000001e-06)
(3.835000000000001e-06 4.55e-07 3.9e-06)
(3.9e-06 4.549999999999999e-07 3.9e-06)
(3.964999999999999e-06 4.55e-07 3.9e-06)
(4.03e-06 4.55e-07 3.9e-06)
(2.86e-06 5.2e-07 3.9e-06)
(2.925e-06 5.2e-07 3.9e-06)
(2.99e-06 5.2e-07 3.9e-06)
(3.055e-06 5.2e-07 3.900000000000001e-06)
(3.120000000000001e-06 5.2e-07 3.9e-06)
(3.185e-06 5.2e-07 3.9e-06)
(3.25e-06 5.2e-07 3.9e-06)
(3.315e-06 5.2e-07 3.9e-06)
(3.379999999999999e-06 5.199999999999999e-07 3.900000000000001e-06)
(3.445e-06 5.2e-07 3.9e-06)
(3.509999999999999e-06 5.2e-07 3.9e-06)
(3.575e-06 5.2e-07 3.9e-06)
(3.64e-06 5.2e-07 3.9e-06)
(3.705e-06 5.2e-07 3.900000000000001e-06)
(3.77e-06 5.2e-07 3.9e-06)
(3.835e-06 5.2e-07 3.9e-06)
(3.9e-06 5.200000000000001e-07 3.9e-06)
(3.185e-06 5.85e-07 3.9e-06)
(3.25e-06 5.849999999999999e-07 3.9e-06)
(3.315e-06 5.85e-07 3.9e-06)
(3.379999999999999e-06 5.849999999999998e-07 3.9e-06)
(3.445e-06 5.849999999999999e-07 3.9e-06)
(3.509999999999999e-06 5.849999999999999e-07 3.9e-06)
(3.575e-06 5.849999999999998e-07 3.9e-06)
(3.64e-06 5.849999999999999e-07 3.9e-06)
(3.705e-06 5.849999999999999e-07 3.9e-06)
(3.77e-06 5.85e-07 3.9e-06)
(3.835000000000001e-06 5.849999999999999e-07 3.9e-06)
(3.64e-06 6.5e-07 3.9e-06)
(3.704999999999999e-06 6.5e-07 3.9e-06)
(3.77e-06 6.5e-07 3.9e-06)
(3.185e-06 0 3.964999999999999e-06)
(3.25e-06 0 3.964999999999999e-06)
(3.315e-06 0 3.965e-06)
(3.38e-06 0 3.964999999999999e-06)
(3.445e-06 0 3.964999999999999e-06)
(3.51e-06 0 3.964999999999999e-06)
(3.575e-06 0 3.965e-06)
(3.64e-06 0 3.965000000000001e-06)
(3.705e-06 0 3.964999999999999e-06)
(3.77e-06 0 3.965e-06)
(3.835e-06 0 3.965e-06)
(3.9e-06 0 3.964999999999999e-06)
(3.965e-06 0 3.964999999999999e-06)
(3.185e-06 6.5e-08 3.965e-06)
(3.25e-06 6.5e-08 3.964999999999999e-06)
(3.315e-06 6.5e-08 3.964999999999999e-06)
(3.379999999999999e-06 6.499999999999999e-08 3.965e-06)
(3.445e-06 6.5e-08 3.964999999999999e-06)
(3.51e-06 6.5e-08 3.964999999999999e-06)
(3.575e-06 6.5e-08 3.964999999999999e-06)
(3.64e-06 6.5e-08 3.965e-06)
(3.705e-06 6.5e-08 3.964999999999999e-06)
(3.77e-06 6.5e-08 3.965e-06)
(3.835000000000001e-06 6.5e-08 3.964999999999999e-06)
(3.9e-06 6.5e-08 3.965e-06)
(3.965e-06 6.5e-08 3.964999999999999e-06)
(4.03e-06 6.499999999999999e-08 3.965e-06)
(3.185e-06 1.3e-07 3.964999999999999e-06)
(3.25e-06 1.3e-07 3.964999999999999e-06)
(3.315e-06 1.3e-07 3.964999999999999e-06)
(3.38e-06 1.3e-07 3.965000000000001e-06)
(3.445e-06 1.3e-07 3.965000000000001e-06)
(3.51e-06 1.3e-07 3.965e-06)
(3.575e-06 1.3e-07 3.965e-06)
(3.639999999999999e-06 1.3e-07 3.965000000000001e-06)
(3.705e-06 1.3e-07 3.964999999999999e-06)
(3.769999999999999e-06 1.3e-07 3.965e-06)
(3.835e-06 1.3e-07 3.965e-06)
(3.9e-06 1.3e-07 3.965000000000001e-06)
(3.964999999999999e-06 1.3e-07 3.964999999999999e-06)
(4.03e-06 1.3e-07 3.965e-06)
(4.095000000000001e-06 1.3e-07 3.965e-06)
(3.120000000000001e-06 1.95e-07 3.964999999999999e-06)
(3.185e-06 1.95e-07 3.965000000000001e-06)
(3.25e-06 1.95e-07 3.964999999999999e-06)
(3.315e-06 1.95e-07 3.964999999999999e-06)
(3.379999999999999e-06 1.95e-07 3.965e-06)
(3.445e-06 1.95e-07 3.965e-06)
(3.51e-06 1.950000000000001e-07 3.964999999999999e-06)
(3.575e-06 1.95e-07 3.964999999999999e-06)
(3.64e-06 1.95e-07 3.965000000000001e-06)
(3.705e-06 1.95e-07 3.964999999999999e-06)
(3.769999999999999e-06 1.95e-07 3.965e-06)
(3.835000000000001e-06 1.95e-07 3.965e-06)
(3.9e-06 1.95e-07 3.965e-06)
(3.964999999999999e-06 1.95e-07 3.964999999999999e-06)
(4.03e-06 1.95e-07 3.964999999999999e-06)
(4.095000000000001e-06 1.95e-07 3.965e-06)
(3.055e-06 2.6e-07 3.965e-06)
(3.120000000000001e-06 2.6e-07 3.965e-06)
(3.185e-06 2.6e-07 3.965e-06)
(3.25e-06 2.6e-07 3.964999999999999e-06)
(3.315e-06 2.6e-07 3.965e-06)
(3.38e-06 2.599999999999999e-07 3.965e-06)
(3.445e-06 2.6e-07 3.965e-06)
(3.509999999999999e-06 2.6e-07 3.964999999999999e-06)
(3.575e-06 2.6e-07 3.965e-06)
(3.639999999999999e-06 2.6e-07 3.965e-06)
(3.705e-06 2.6e-07 3.964999999999999e-06)
(3.77e-06 2.6e-07 3.965e-06)
(3.835000000000001e-06 2.6e-07 3.964999999999999e-06)
(3.9e-06 2.6e-07 3.965e-06)
(3.965e-06 2.6e-07 3.964999999999999e-06)
(4.03e-06 2.599999999999999e-07 3.965e-06)
(4.095000000000001e-06 2.600000000000001e-07 3.965e-06)
(2.925e-06 3.25e-07 3.964999999999999e-06)
(2.99e-06 3.25e-07 3.964999999999999e-06)
(3.055e-06 3.25e-07 3.965e-06)
(3.120000000000001e-06 3.25e-07 3.964999999999999e-06)
(3.185e-06 3.25e-07 3.965e-06)
(3.25e-06 3.25e-07 3.964999999999999e-06)
(3.315e-06 3.25e-07 3.965e-06)
(3.379999999999999e-06 3.25e-07 3.965e-06)
(3.445e-06 3.25e-07 3.964999999999999e-06)
(3.51e-06 3.25e-07 3.964999999999999e-06)
(3.575e-06 3.25e-07 3.965e-06)
(3.64e-06 3.25e-07 3.964999999999999e-06)
(3.705e-06 3.25e-07 3.964999999999999e-06)
(3.77e-06 3.25e-07 3.964999999999999e-06)
(3.835e-06 3.25e-07 3.965e-06)
(3.9e-06 3.25e-07 3.964999999999999e-06)
(3.965e-06 3.25e-07 3.964999999999999e-06)
(4.03e-06 3.25e-07 3.965e-06)
(4.095000000000001e-06 3.25e-07 3.964999999999999e-06)
(2.925e-06 3.899999999999999e-07 3.965e-06)
(2.990000000000001e-06 3.899999999999999e-07 3.964999999999999e-06)
(3.055e-06 3.899999999999999e-07 3.964999999999999e-06)
(3.120000000000001e-06 3.899999999999999e-07 3.964999999999999e-06)
(3.185e-06 3.899999999999999e-07 3.964999999999999e-06)
(3.25e-06 3.899999999999999e-07 3.964999999999999e-06)
(3.315e-06 3.899999999999999e-07 3.964999999999999e-06)
(3.38e-06 3.899999999999999e-07 3.965e-06)
(3.445e-06 3.900000000000001e-07 3.965e-06)
(3.51e-06 3.900000000000001e-07 3.965e-06)
(3.575e-06 3.900000000000001e-07 3.964999999999999e-06)
(3.64e-06 3.900000000000001e-07 3.964999999999999e-06)
(3.705e-06 3.900000000000001e-07 3.964999999999999e-06)
(3.77e-06 3.900000000000001e-07 3.965e-06)
(3.835e-06 3.900000000000001e-07 3.964999999999999e-06)
(3.9e-06 3.900000000000001e-07 3.965e-06)
(3.964999999999999e-06 3.900000000000001e-07 3.965e-06)
(4.03e-06 3.899999999999999e-07 3.965e-06)
(2.925e-06 4.55e-07 3.964999999999999e-06)
(2.99e-06 4.55e-07 3.964999999999999e-06)
(3.055e-06 4.55e-07 3.964999999999999e-06)
(3.120000000000001e-06 4.55e-07 3.965e-06)
(3.185e-06 4.55e-07 3.964999999999999e-06)
(3.25e-06 4.55e-07 3.964999999999999e-06)
(3.315e-06 4.55e-07 3.965e-06)
(3.379999999999999e-06 4.55e-07 3.964999999999999e-06)
(3.445e-06 4.55e-07 3.964999999999999e-06)
(3.51e-06 4.55e-07 3.965e-06)
(3.575e-06 4.55e-07 3.965e-06)
(3.64e-06 4.55e-07 3.964999999999999e-06)
(3.704999999999999e-06 4.55e-07 3.965000000000001e-06)
(3.77e-06 4.55e-07 3.965e-06)
(3.835000000000001e-06 4.55e-07 3.965e-06)
(3.9e-06 4.55e-07 3.964999999999999e-06)
(3.964999999999999e-06 4.55e-07 3.964999999999999e-06)
(4.03e-06 4.55e-07 3.965e-06)
(2.99e-06 5.2e-07 3.964999999999999e-06)
(3.055e-06 5.2e-07 3.964999999999999e-06)
(3.120000000000001e-06 5.2e-07 3.964999999999999e-06)
(3.185e-06 5.2e-07 3.965e-06)
(3.25e-06 5.2e-07 3.964999999999999e-06)
(3.314999999999999e-06 5.2e-07 3.965e-06)
(3.379999999999999e-06 5.199999999999999e-07 3.965e-06)
(3.445e-06 5.2e-07 3.965e-06)
(3.510000000000001e-06 5.2e-07 3.964999999999999e-06)
(3.575e-06 5.2e-07 3.964999999999999e-06)
(3.64e-06 5.2e-07 3.965000000000001e-06)
(3.705e-06 5.2e-07 3.964999999999999e-06)
(3.77e-06 5.2e-07 3.965e-06)
(3.835e-06 5.2e-07 3.965e-06)
(3.9e-06 5.2e-07 3.964999999999999e-06)
(3.185e-06 5.85e-07 3.965000000000001e-06)
(3.25e-06 5.85e-07 3.964999999999999e-06)
(3.315000000000001e-06 5.85e-07 3.964999999999999e-06)
(3.379999999999999e-06 5.85e-07 3.965e-06)
(3.445e-06 5.849999999999999e-07 3.965e-06)
(3.51e-06 5.85e-07 3.964999999999999e-06)
(3.575e-06 5.85e-07 3.965e-06)
(3.64e-06 5.849999999999999e-07 3.965e-06)
(3.705e-06 5.849999999999999e-07 3.964999999999999e-06)
(3.769999999999999e-06 5.85e-07 3.965e-06)
(3.835000000000001e-06 5.85e-07 3.965e-06)
(3.185e-06 0 4.03e-06)
(3.25e-06 0 4.03e-06)
(3.315e-06 0 4.03e-06)
(3.38e-06 0 4.03e-06)
(3.445e-06 0 4.03e-06)
(3.51e-06 0 4.03e-06)
(3.575e-06 0 4.03e-06)
(3.64e-06 0 4.03e-06)
(3.705e-06 0 4.03e-06)
(3.77e-06 0 4.03e-06)
(3.835e-06 0 4.03e-06)
(3.9e-06 0 4.03e-06)
(3.964999999999999e-06 0 4.03e-06)
(3.185e-06 6.5e-08 4.03e-06)
(3.25e-06 6.5e-08 4.03e-06)
(3.315e-06 6.5e-08 4.03e-06)
(3.379999999999999e-06 6.499999999999999e-08 4.03e-06)
(3.445e-06 6.5e-08 4.03e-06)
(3.51e-06 6.5e-08 4.03e-06)
(3.575e-06 6.5e-08 4.03e-06)
(3.64e-06 6.5e-08 4.03e-06)
(3.705e-06 6.500000000000001e-08 4.03e-06)
(3.77e-06 6.5e-08 4.03e-06)
(3.835000000000001e-06 6.5e-08 4.03e-06)
(3.9e-06 6.5e-08 4.03e-06)
(3.965e-06 6.5e-08 4.03e-06)
(4.03e-06 6.500000000000001e-08 4.03e-06)
(3.185e-06 1.3e-07 4.03e-06)
(3.25e-06 1.3e-07 4.03e-06)
(3.315e-06 1.3e-07 4.03e-06)
(3.38e-06 1.3e-07 4.03e-06)
(3.445e-06 1.3e-07 4.03e-06)
(3.51e-06 1.3e-07 4.03e-06)
(3.575e-06 1.3e-07 4.03e-06)
(3.64e-06 1.3e-07 4.03e-06)
(3.705e-06 1.3e-07 4.03e-06)
(3.769999999999999e-06 1.3e-07 4.03e-06)
(3.835e-06 1.3e-07 4.03e-06)
(3.9e-06 1.3e-07 4.03e-06)
(3.964999999999999e-06 1.3e-07 4.03e-06)
(4.03e-06 1.3e-07 4.03e-06)
(4.095e-06 1.3e-07 4.03e-06)
(3.185e-06 1.95e-07 4.03e-06)
(3.25e-06 1.95e-07 4.03e-06)
(3.315e-06 1.95e-07 4.03e-06)
(3.379999999999999e-06 1.95e-07 4.03e-06)
(3.445e-06 1.95e-07 4.03e-06)
(3.51e-06 1.95e-07 4.03e-06)
(3.575e-06 1.95e-07 4.03e-06)
(3.64e-06 1.95e-07 4.03e-06)
(3.705e-06 1.95e-07 4.03e-06)
(3.769999999999999e-06 1.95e-07 4.03e-06)
(3.835000000000001e-06 1.95e-07 4.03e-06)
(3.9e-06 1.95e-07 4.03e-06)
(3.964999999999999e-06 1.95e-07 4.03e-06)
(4.03e-06 1.95e-07 4.03e-06)
(4.095e-06 1.95e-07 4.03e-06)
(3.120000000000001e-06 2.6e-07 4.03e-06)
(3.185e-06 2.6e-07 4.03e-06)
(3.25e-06 2.6e-07 4.03e-06)
(3.315e-06 2.6e-07 4.03e-06)
(3.38e-06 2.599999999999999e-07 4.03e-06)
(3.445e-06 2.6e-07 4.03e-06)
(3.509999999999999e-06 2.6e-07 4.03e-06)
(3.575e-06 2.6e-07 4.03e-06)
(3.64e-06 2.6e-07 4.03e-06)
(3.705e-06 2.600000000000001e-07 4.03e-06)
(3.77e-06 2.6e-07 4.03e-06)
(3.835000000000001e-06 2.6e-07 4.03e-06)
(3.9e-06 2.6e-07 4.03e-06)
(3.964999999999999e-06 2.6e-07 4.03e-06)
(4.03e-06 2.600000000000001e-07 4.03e-06)
(4.095e-06 2.599999999999999e-07 4.03e-06)
(3.055e-06 3.25e-07 4.030000000000001e-06)
(3.120000000000001e-06 3.25e-07 4.03e-06)
(3.185e-06 3.25e-07 4.03e-06)
(3.25e-06 3.25e-07 4.03e-06)
(3.315e-06 3.25e-07 4.03e-06)
(3.379999999999999e-06 3.25e-07 4.03e-06)
(3.445e-06 3.25e-07 4.03e-06)
(3.51e-06 3.25e-07 4.03e-06)
(3.575e-06 3.25e-07 4.03e-06)
(3.64e-06 3.25e-07 4.03e-06)
(3.705e-06 3.25e-07 4.03e-06)
(3.77e-06 3.25e-07 4.03e-06)
(3.835e-06 3.25e-07 4.03e-06)
(3.9e-06 3.25e-07 4.03e-06)
(3.964999999999999e-06 3.25e-07 4.03e-06)
(4.03e-06 3.25e-07 4.030000000000001e-06)
(4.095e-06 3.25e-07 4.03e-06)
(3.055e-06 3.899999999999999e-07 4.03e-06)
(3.120000000000001e-06 3.899999999999999e-07 4.03e-06)
(3.185e-06 3.899999999999999e-07 4.03e-06)
(3.25e-06 3.899999999999999e-07 4.03e-06)
(3.315e-06 3.899999999999999e-07 4.03e-06)
(3.38e-06 3.899999999999999e-07 4.03e-06)
(3.445e-06 3.900000000000001e-07 4.03e-06)
(3.51e-06 3.900000000000001e-07 4.03e-06)
(3.575e-06 3.900000000000001e-07 4.030000000000001e-06)
(3.64e-06 3.900000000000001e-07 4.03e-06)
(3.705e-06 3.900000000000001e-07 4.03e-06)
(3.77e-06 3.900000000000001e-07 4.03e-06)
(3.835e-06 3.900000000000001e-07 4.03e-06)
(3.9e-06 3.899999999999999e-07 4.03e-06)
(3.964999999999999e-06 3.900000000000001e-07 4.03e-06)
(4.03e-06 3.899999999999999e-07 4.030000000000001e-06)
(4.095e-06 3.900000000000001e-07 4.03e-06)
(3.055e-06 4.55e-07 4.03e-06)
(3.120000000000001e-06 4.55e-07 4.03e-06)
(3.185e-06 4.55e-07 4.03e-06)
(3.25e-06 4.55e-07 4.03e-06)
(3.315e-06 4.55e-07 4.03e-06)
(3.379999999999999e-06 4.55e-07 4.03e-06)
(3.445e-06 4.55e-07 4.03e-06)
(3.51e-06 4.55e-07 4.03e-06)
(3.575e-06 4.55e-07 4.03e-06)
(3.64e-06 4.55e-07 4.03e-06)
(3.704999999999999e-06 4.55e-07 4.03e-06)
(3.77e-06 4.55e-07 4.03e-06)
(3.835000000000001e-06 4.55e-07 4.03e-06)
(3.9e-06 4.55e-07 4.03e-06)
(3.964999999999999e-06 4.55e-07 4.03e-06)
(4.03e-06 4.55e-07 4.03e-06)
(3.120000000000001e-06 5.2e-07 4.03e-06)
(3.185e-06 5.2e-07 4.03e-06)
(3.25e-06 5.2e-07 4.03e-06)
(3.315e-06 5.2e-07 4.03e-06)
(3.379999999999999e-06 5.199999999999999e-07 4.03e-06)
(3.445e-06 5.2e-07 4.03e-06)
(3.51e-06 5.2e-07 4.03e-06)
(3.575e-06 5.2e-07 4.03e-06)
(3.64e-06 5.2e-07 4.03e-06)
(3.705e-06 5.200000000000001e-07 4.03e-06)
(3.77e-06 5.2e-07 4.03e-06)
(3.835e-06 5.2e-07 4.03e-06)
(3.9e-06 5.2e-07 4.03e-06)
(3.315e-06 5.85e-07 4.03e-06)
(3.379999999999999e-06 5.849999999999999e-07 4.03e-06)
(3.445e-06 5.85e-07 4.03e-06)
(3.51e-06 5.849999999999999e-07 4.03e-06)
(3.575e-06 5.85e-07 4.03e-06)
(3.64e-06 5.849999999999999e-07 4.03e-06)
(3.705e-06 5.85e-07 4.03e-06)
(3.769999999999999e-06 5.85e-07 4.03e-06)
(3.835000000000001e-06 5.85e-07 4.03e-06)
(3.25e-06 0 4.095e-06)
(3.315e-06 0 4.095e-06)
(3.38e-06 0 4.095e-06)
(3.445e-06 0 4.095e-06)
(3.509999999999999e-06 0 4.095e-06)
(3.575e-06 0 4.095e-06)
(3.64e-06 0 4.095e-06)
(3.705e-06 0 4.095e-06)
(3.77e-06 0 4.095000000000001e-06)
(3.835e-06 0 4.095e-06)
(3.9e-06 0 4.095e-06)
(3.965e-06 0 4.095e-06)
(3.25e-06 6.5e-08 4.095000000000001e-06)
(3.315e-06 6.5e-08 4.095000000000001e-06)
(3.379999999999999e-06 6.499999999999999e-08 4.095000000000001e-06)
(3.445e-06 6.499999999999999e-08 4.095e-06)
(3.509999999999999e-06 6.5e-08 4.095e-06)
(3.575e-06 6.5e-08 4.095e-06)
(3.64e-06 6.5e-08 4.095e-06)
(3.705e-06 6.5e-08 4.095e-06)
(3.77e-06 6.5e-08 4.095000000000001e-06)
(3.835000000000001e-06 6.5e-08 4.095000000000001e-06)
(3.9e-06 6.5e-08 4.095e-06)
(3.965e-06 6.499999999999999e-08 4.095000000000001e-06)
(4.03e-06 6.500000000000001e-08 4.095000000000001e-06)
(3.185e-06 1.3e-07 4.095e-06)
(3.25e-06 1.3e-07 4.095000000000001e-06)
(3.315e-06 1.3e-07 4.095000000000001e-06)
(3.38e-06 1.3e-07 4.095e-06)
(3.445e-06 1.3e-07 4.095e-06)
(3.509999999999999e-06 1.3e-07 4.095000000000001e-06)
(3.575e-06 1.3e-07 4.095e-06)
(3.64e-06 1.3e-07 4.095e-06)
(3.705e-06 1.3e-07 4.095000000000001e-06)
(3.77e-06 1.3e-07 4.095e-06)
(3.835e-06 1.3e-07 4.095e-06)
(3.9e-06 1.3e-07 4.095000000000001e-06)
(3.964999999999999e-06 1.3e-07 4.095e-06)
(4.03e-06 1.3e-07 4.095e-06)
(4.095000000000001e-06 1.3e-07 4.095000000000001e-06)
(3.185e-06 1.95e-07 4.095e-06)
(3.25e-06 1.95e-07 4.095e-06)
(3.315e-06 1.95e-07 4.095000000000001e-06)
(3.379999999999999e-06 1.95e-07 4.095e-06)
(3.445e-06 1.95e-07 4.095e-06)
(3.509999999999999e-06 1.95e-07 4.095e-06)
(3.575e-06 1.95e-07 4.095000000000001e-06)
(3.64e-06 1.95e-07 4.095e-06)
(3.705e-06 1.95e-07 4.095000000000001e-06)
(3.77e-06 1.95e-07 4.095e-06)
(3.835000000000001e-06 1.95e-07 4.095000000000001e-06)
(3.9e-06 1.95e-07 4.095e-06)
(3.964999999999999e-06 1.95e-07 4.095000000000001e-06)
(4.03e-06 1.95e-07 4.095e-06)
(4.095000000000001e-06 1.95e-07 4.095000000000001e-06)
(3.120000000000001e-06 2.6e-07 4.095e-06)
(3.185e-06 2.6e-07 4.095e-06)
(3.25e-06 2.6e-07 4.095000000000001e-06)
(3.314999999999999e-06 2.6e-07 4.095e-06)
(3.38e-06 2.599999999999999e-07 4.095000000000001e-06)
(3.445e-06 2.599999999999999e-07 4.095e-06)
(3.509999999999999e-06 2.6e-07 4.095000000000001e-06)
(3.575e-06 2.6e-07 4.095000000000001e-06)
(3.64e-06 2.6e-07 4.095e-06)
(3.705e-06 2.6e-07 4.095000000000001e-06)
(3.770000000000001e-06 2.6e-07 4.095e-06)
(3.835000000000001e-06 2.6e-07 4.095000000000001e-06)
(3.9e-06 2.6e-07 4.095000000000001e-06)
(3.965e-06 2.599999999999999e-07 4.095e-06)
(4.03e-06 2.600000000000001e-07 4.095000000000001e-06)
(4.095000000000001e-06 2.599999999999999e-07 4.095e-06)
(3.120000000000001e-06 3.25e-07 4.095000000000001e-06)
(3.185e-06 3.25e-07 4.095e-06)
(3.25e-06 3.25e-07 4.095000000000001e-06)
(3.315e-06 3.250000000000001e-07 4.095000000000001e-06)
(3.379999999999999e-06 3.25e-07 4.095e-06)
(3.445e-06 3.25e-07 4.095e-06)
(3.509999999999999e-06 3.25e-07 4.095000000000001e-06)
(3.575e-06 3.25e-07 4.095000000000001e-06)
(3.64e-06 3.250000000000001e-07 4.095e-06)
(3.705e-06 3.25e-07 4.095e-06)
(3.77e-06 3.25e-07 4.095e-06)
(3.835e-06 3.25e-07 4.095000000000001e-06)
(3.9e-06 3.25e-07 4.095000000000001e-06)
(3.965e-06 3.250000000000001e-07 4.095000000000001e-06)
(4.03e-06 3.25e-07 4.095e-06)
(4.095000000000001e-06 3.25e-07 4.095000000000001e-06)
(3.120000000000001e-06 3.899999999999999e-07 4.095000000000001e-06)
(3.185e-06 3.899999999999999e-07 4.095e-06)
(3.25e-06 3.899999999999999e-07 4.095000000000001e-06)
(3.315e-06 3.899999999999999e-07 4.095000000000001e-06)
(3.38e-06 3.899999999999999e-07 4.095e-06)
(3.445e-06 3.900000000000001e-07 4.095e-06)
(3.51e-06 3.900000000000001e-07 4.095e-06)
(3.575e-06 3.900000000000001e-07 4.095e-06)
(3.64e-06 3.899999999999999e-07 4.095e-06)
(3.705e-06 3.900000000000001e-07 4.095e-06)
(3.77e-06 3.900000000000001e-07 4.095e-06)
(3.835e-06 3.900000000000001e-07 4.095e-06)
(3.9e-06 3.900000000000001e-07 4.095e-06)
(3.964999999999999e-06 3.900000000000001e-07 4.095e-06)
(4.03e-06 3.899999999999999e-07 4.095e-06)
(4.095000000000001e-06 3.900000000000001e-07 4.095000000000001e-06)
(3.120000000000001e-06 4.55e-07 4.095e-06)
(3.185e-06 4.55e-07 4.095e-06)
(3.25e-06 4.55e-07 4.095e-06)
(3.315e-06 4.55e-07 4.095e-06)
(3.379999999999999e-06 4.55e-07 4.095000000000001e-06)
(3.445e-06 4.55e-07 4.095000000000001e-06)
(3.51e-06 4.55e-07 4.095000000000001e-06)
(3.575e-06 4.55e-07 4.095e-06)
(3.64e-06 4.55e-07 4.095e-06)
(3.704999999999999e-06 4.55e-07 4.095e-06)
(3.77e-06 4.55e-07 4.095e-06)
(3.835000000000001e-06 4.55e-07 4.095e-06)
(3.9e-06 4.549999999999999e-07 4.095000000000001e-06)
(3.965e-06 4.55e-07 4.095000000000001e-06)
(4.03e-06 4.55e-07 4.095000000000001e-06)
(3.185e-06 5.2e-07 4.095e-06)
(3.25e-06 5.2e-07 4.095000000000001e-06)
(3.315e-06 5.2e-07 4.095000000000001e-06)
(3.379999999999999e-06 5.199999999999999e-07 4.095e-06)
(3.445e-06 5.199999999999999e-07 4.095e-06)
(3.509999999999999e-06 5.2e-07 4.095e-06)
(3.575e-06 5.2e-07 4.095e-06)
(3.64e-06 5.2e-07 4.095e-06)
(3.705e-06 5.2e-07 4.095e-06)
(3.77e-06 5.2e-07 4.095e-06)
(3.835e-06 5.2e-07 4.095e-06)
(3.9e-06 5.2e-07 4.095e-06)
(3.445e-06 5.849999999999999e-07 4.095e-06)
(3.509999999999999e-06 5.85e-07 4.095e-06)
(3.575e-06 5.85e-07 4.095e-06)
(3.64e-06 5.849999999999999e-07 4.095e-06)
(3.705e-06 5.849999999999998e-07 4.095e-06)
(3.77e-06 5.85e-07 4.095e-06)
(3.315e-06 0 4.16e-06)
(3.38e-06 0 4.16e-06)
(3.445e-06 0 4.16e-06)
(3.51e-06 0 4.16e-06)
(3.575e-06 0 4.16e-06)
(3.64e-06 0 4.16e-06)
(3.705e-06 0 4.16e-06)
(3.77e-06 0 4.16e-06)
(3.835e-06 0 4.16e-06)
(3.9e-06 0 4.16e-06)
(3.315e-06 6.5e-08 4.160000000000001e-06)
(3.379999999999999e-06 6.499999999999999e-08 4.159999999999999e-06)
(3.445e-06 6.5e-08 4.16e-06)
(3.51e-06 6.5e-08 4.16e-06)
(3.575e-06 6.5e-08 4.160000000000001e-06)
(3.64e-06 6.5e-08 4.16e-06)
(3.705e-06 6.5e-08 4.16e-06)
(3.77e-06 6.5e-08 4.16e-06)
(3.835000000000001e-06 6.5e-08 4.160000000000001e-06)
(3.9e-06 6.5e-08 4.16e-06)
(3.965e-06 6.5e-08 4.16e-06)
(3.25e-06 1.3e-07 4.16e-06)
(3.315e-06 1.3e-07 4.16e-06)
(3.38e-06 1.3e-07 4.16e-06)
(3.445e-06 1.3e-07 4.16e-06)
(3.51e-06 1.3e-07 4.159999999999999e-06)
(3.575e-06 1.3e-07 4.159999999999999e-06)
(3.64e-06 1.3e-07 4.16e-06)
(3.705e-06 1.3e-07 4.16e-06)
(3.769999999999999e-06 1.3e-07 4.159999999999999e-06)
(3.835e-06 1.3e-07 4.159999999999999e-06)
(3.9e-06 1.3e-07 4.16e-06)
(3.964999999999999e-06 1.3e-07 4.16e-06)
(3.185e-06 1.95e-07 4.159999999999999e-06)
(3.25e-06 1.95e-07 4.16e-06)
(3.315e-06 1.95e-07 4.16e-06)
(3.379999999999999e-06 1.95e-07 4.16e-06)
(3.445e-06 1.95e-07 4.16e-06)
(3.51e-06 1.95e-07 4.16e-06)
(3.575e-06 1.95e-07 4.16e-06)
(3.64e-06 1.95e-07 4.159999999999999e-06)
(3.705e-06 1.95e-07 4.16e-06)
(3.769999999999999e-06 1.95e-07 4.159999999999999e-06)
(3.835000000000001e-06 1.95e-07 4.16e-06)
(3.9e-06 1.95e-07 4.16e-06)
(3.964999999999999e-06 1.95e-07 4.16e-06)
(3.185e-06 2.6e-07 4.16e-06)
(3.25e-06 2.6e-07 4.16e-06)
(3.315e-06 2.6e-07 4.16e-06)
(3.38e-06 2.599999999999999e-07 4.159999999999999e-06)
(3.445e-06 2.6e-07 4.16e-06)
(3.509999999999999e-06 2.6e-07 4.16e-06)
(3.575e-06 2.6e-07 4.16e-06)
(3.64e-06 2.6e-07 4.16e-06)
(3.705e-06 2.6e-07 4.16e-06)
(3.77e-06 2.6e-07 4.16e-06)
(3.835000000000001e-06 2.6e-07 4.16e-06)
(3.9e-06 2.6e-07 4.16e-06)
(3.965e-06 2.6e-07 4.16e-06)
(4.03e-06 2.600000000000001e-07 4.159999999999999e-06)
(3.120000000000001e-06 3.25e-07 4.160000000000001e-06)
(3.185e-06 3.25e-07 4.16e-06)
(3.25e-06 3.25e-07 4.16e-06)
(3.315e-06 3.25e-07 4.160000000000001e-06)
(3.379999999999999e-06 3.250000000000001e-07 4.16e-06)
(3.445e-06 3.25e-07 4.16e-06)
(3.509999999999999e-06 3.25e-07 4.16e-06)
(3.575e-06 3.25e-07 4.16e-06)
(3.64e-06 3.25e-07 4.16e-06)
(3.705e-06 3.25e-07 4.16e-06)
(3.77e-06 3.25e-07 4.160000000000001e-06)
(3.835e-06 3.25e-07 4.159999999999999e-06)
(3.9e-06 3.25e-07 4.16e-06)
(3.965000000000001e-06 3.25e-07 4.160000000000001e-06)
(4.03e-06 3.25e-07 4.159999999999999e-06)
(3.120000000000001e-06 3.899999999999999e-07 4.160000000000001e-06)
(3.185e-06 3.899999999999999e-07 4.16e-06)
(3.25e-06 3.899999999999999e-07 4.16e-06)
(3.315e-06 3.899999999999999e-07 4.16e-06)
(3.38e-06 3.899999999999999e-07 4.159999999999999e-06)
(3.445e-06 3.900000000000001e-07 4.159999999999999e-06)
(3.51e-06 3.900000000000001e-07 4.160000000000001e-06)
(3.575e-06 3.900000000000001e-07 4.16e-06)
(3.64e-06 3.900000000000001e-07 4.16e-06)
(3.705e-06 3.900000000000001e-07 4.16e-06)
(3.77e-06 3.900000000000001e-07 4.16e-06)
(3.835e-06 3.900000000000001e-07 4.16e-06)
(3.9e-06 3.900000000000001e-07 4.16e-06)
(3.964999999999999e-06 3.900000000000001e-07 4.159999999999999e-06)
(3.185e-06 4.55e-07 4.160000000000001e-06)
(3.25e-06 4.55e-07 4.16e-06)
(3.315e-06 4.55e-07 4.16e-06)
(3.379999999999999e-06 4.549999999999999e-07 4.16e-06)
(3.445e-06 4.55e-07 4.16e-06)
(3.51e-06 4.55e-07 4.159999999999999e-06)
(3.575e-06 4.55e-07 4.16e-06)
(3.64e-06 4.55e-07 4.16e-06)
(3.704999999999999e-06 4.55e-07 4.159999999999999e-06)
(3.77e-06 4.55e-07 4.16e-06)
(3.835000000000001e-06 4.55e-07 4.16e-06)
(3.9e-06 4.55e-07 4.160000000000001e-06)
(3.965e-06 4.55e-07 4.16e-06)
(3.315e-06 5.2e-07 4.16e-06)
(3.379999999999999e-06 5.199999999999999e-07 4.159999999999999e-06)
(3.445e-06 5.2e-07 4.16e-06)
(3.51e-06 5.2e-07 4.160000000000001e-06)
(3.575e-06 5.2e-07 4.16e-06)
(3.64e-06 5.2e-07 4.16e-06)
(3.705e-06 5.2e-07 4.16e-06)
(3.77e-06 5.2e-07 4.16e-06)
(3.835e-06 5.2e-07 4.16e-06)
(3.9e-06 5.2e-07 4.16e-06)
(3.445e-06 5.849999999999999e-07 4.16e-06)
(3.51e-06 5.849999999999999e-07 4.16e-06)
(3.575e-06 5.85e-07 4.159999999999999e-06)
(3.64e-06 5.849999999999999e-07 4.16e-06)
(3.705e-06 5.849999999999999e-07 4.16e-06)
(3.769999999999999e-06 5.85e-07 4.16e-06)
)


// ************************************************************************* //
