/*--------------------------------*- C++ -*----------------------------------*\
  =========                 |
  \\      /  F ield         | OpenFOAM: The Open Source CFD Toolbox
   \\    /   O peration     | Website:  https://openfoam.org
    \\  /    A nd           | Version:  6
     \\/     M anipulation  |
\*---------------------------------------------------------------------------*/
FoamFile
{
    version     2.0;
    format      ascii;
    class       labelList;
    location    "constant/region12/polyMesh";
    object      cellRegionAddressing;
}
// * * * * * * * * * * * * * * * * * * * * * * * * * * * * * * * * * * * * * //


878
(
2248
2249
2250
2251
2252
2253
2254
2312
2313
2314
2315
2316
2317
2318
2319
2320
2321
2322
2376
2377
2378
2379
2380
2381
2382
2383
2384
2385
2386
2440
2441
2442
2443
2444
2445
2446
2447
2448
2449
2450
2451
2503
2504
2505
2506
2507
2508
2509
2510
2511
2512
2513
2514
2515
2567
2568
2569
2570
2571
2572
2573
2574
2575
2576
2577
2578
2579
2631
2632
2633
2634
2635
2636
2637
2638
2639
2640
2641
2642
2643
2695
2696
2697
2698
2699
2700
2701
2702
2703
2704
2705
2706
2759
2760
2761
2762
2763
2764
2765
2766
2767
2768
2769
2770
2823
2824
2825
2826
2827
2828
2829
2830
2831
2832
2833
2834
2888
2889
2890
2891
2892
2893
2894
2895
2896
2897
2953
2954
2955
2956
2957
2958
2959
2960
2961
3019
3020
3021
3022
3023
3024
6344
6345
6346
6347
6348
6349
6350
6351
6408
6409
6410
6411
6412
6413
6414
6415
6416
6417
6418
6472
6473
6474
6475
6476
6477
6478
6479
6480
6481
6482
6483
6536
6537
6538
6539
6540
6541
6542
6543
6544
6545
6546
6547
6599
6600
6601
6602
6603
6604
6605
6606
6607
6608
6609
6610
6611
6663
6664
6665
6666
6667
6668
6669
6670
6671
6672
6673
6674
6675
6727
6728
6729
6730
6731
6732
6733
6734
6735
6736
6737
6738
6739
6791
6792
6793
6794
6795
6796
6797
6798
6799
6800
6801
6802
6855
6856
6857
6858
6859
6860
6861
6862
6863
6864
6865
6866
6920
6921
6922
6923
6924
6925
6926
6927
6928
6929
6930
6984
6985
6986
6987
6988
6989
6990
6991
6992
6993
7049
7050
7051
7052
7053
7054
7055
7056
7057
7117
7118
7119
10440
10441
10442
10443
10444
10445
10446
10447
10448
10504
10505
10506
10507
10508
10509
10510
10511
10512
10513
10514
10568
10569
10570
10571
10572
10573
10574
10575
10576
10577
10578
10632
10633
10634
10635
10636
10637
10638
10639
10640
10641
10642
10643
10695
10696
10697
10698
10699
10700
10701
10702
10703
10704
10705
10706
10707
10759
10760
10761
10762
10763
10764
10765
10766
10767
10768
10769
10770
10771
10823
10824
10825
10826
10827
10828
10829
10830
10831
10832
10833
10834
10835
10887
10888
10889
10890
10891
10892
10893
10894
10895
10896
10897
10898
10952
10953
10954
10955
10956
10957
10958
10959
10960
10961
10962
11016
11017
11018
11019
11020
11021
11022
11023
11024
11025
11026
11081
11082
11083
11084
11085
11086
11087
11088
11089
11147
11148
11149
11150
11151
11152
14477
14536
14537
14538
14539
14540
14541
14542
14543
14544
14600
14601
14602
14603
14604
14605
14606
14607
14608
14609
14664
14665
14666
14667
14668
14669
14670
14671
14672
14673
14674
14728
14729
14730
14731
14732
14733
14734
14735
14736
14737
14738
14792
14793
14794
14795
14796
14797
14798
14799
14800
14801
14802
14803
14855
14856
14857
14858
14859
14860
14861
14862
14863
14864
14865
14866
14867
14919
14920
14921
14922
14923
14924
14925
14926
14927
14928
14929
14930
14931
14984
14985
14986
14987
14988
14989
14990
14991
14992
14993
14994
14995
15048
15049
15050
15051
15052
15053
15054
15055
15056
15057
15058
15113
15114
15115
15116
15117
15118
15119
15120
15121
15122
15178
15179
15180
15181
15182
15183
15184
15185
15245
15246
15247
15248
18570
18571
18572
18573
18632
18633
18634
18635
18636
18637
18638
18639
18696
18697
18698
18699
18700
18701
18702
18703
18704
18705
18760
18761
18762
18763
18764
18765
18766
18767
18768
18769
18770
18824
18825
18826
18827
18828
18829
18830
18831
18832
18833
18834
18888
18889
18890
18891
18892
18893
18894
18895
18896
18897
18898
18899
18952
18953
18954
18955
18956
18957
18958
18959
18960
18961
18962
18963
19016
19017
19018
19019
19020
19021
19022
19023
19024
19025
19026
19027
19080
19081
19082
19083
19084
19085
19086
19087
19088
19089
19090
19091
19145
19146
19147
19148
19149
19150
19151
19152
19153
19154
19210
19211
19212
19213
19214
19215
19216
19217
19275
19276
19277
19278
19279
19280
22665
22666
22667
22668
22669
22729
22730
22731
22732
22733
22734
22735
22793
22794
22795
22796
22797
22798
22799
22800
22856
22857
22858
22859
22860
22861
22862
22863
22864
22865
22920
22921
22922
22923
22924
22925
22926
22927
22928
22929
22930
22984
22985
22986
22987
22988
22989
22990
22991
22992
22993
22994
23048
23049
23050
23051
23052
23053
23054
23055
23056
23057
23058
23112
23113
23114
23115
23116
23117
23118
23119
23120
23121
23122
23177
23178
23179
23180
23181
23182
23183
23184
23185
23186
23242
23243
23244
23245
23246
23247
23248
23249
23307
23308
23309
23310
23311
23312
23373
23374
23375
26761
26762
26763
26764
26765
26825
26826
26827
26828
26829
26830
26831
26889
26890
26891
26892
26893
26894
26895
26896
26953
26954
26955
26956
26957
26958
26959
26960
26961
27016
27017
27018
27019
27020
27021
27022
27023
27024
27025
27080
27081
27082
27083
27084
27085
27086
27087
27088
27089
27145
27146
27147
27148
27149
27150
27151
27152
27153
27209
27210
27211
27212
27213
27214
27215
27216
27217
27274
27275
27276
27277
27278
27279
27280
27281
27339
27340
27341
27342
27343
27344
27404
27405
27406
27407
30923
30924
30925
30926
30987
30988
30989
30990
30991
31051
31052
31053
31054
31055
31056
31115
31116
31117
31118
31119
31120
31179
31180
31181
31182
31183
31243
31244
31245
31246
31247
31308
31309
31310
31372
31373
31374
31436
31437
31438
)


// ************************************************************************* //
