/*--------------------------------*- C++ -*----------------------------------*\
  =========                 |
  \\      /  F ield         | OpenFOAM: The Open Source CFD Toolbox
   \\    /   O peration     | Website:  https://openfoam.org
    \\  /    A nd           | Version:  6
     \\/     M anipulation  |
\*---------------------------------------------------------------------------*/
FoamFile
{
    version     2.0;
    format      ascii;
    class       faceList;
    location    "constant/region12/polyMesh";
    object      faces;
}
// * * * * * * * * * * * * * * * * * * * * * * * * * * * * * * * * * * * * * //


2970
(
4(1 9 178 169)
4(8 177 178 9)
4(168 169 178 177)
4(2 10 179 170)
4(9 178 179 10)
4(169 170 179 178)
4(3 11 180 171)
4(10 179 180 11)
4(170 171 180 179)
4(4 12 181 172)
4(11 180 181 12)
4(171 172 181 180)
4(5 13 182 173)
4(12 181 182 13)
4(172 173 182 181)
4(6 14 183 174)
4(13 182 183 14)
4(173 174 183 182)
4(14 183 184 15)
4(174 175 184 183)
4(9 21 190 178)
4(20 189 190 21)
4(177 178 190 189)
4(10 22 191 179)
4(21 190 191 22)
4(178 179 191 190)
4(11 23 192 180)
4(22 191 192 23)
4(179 180 192 191)
4(12 24 193 181)
4(23 192 193 24)
4(180 181 193 192)
4(13 25 194 182)
4(24 193 194 25)
4(181 182 194 193)
4(14 26 195 183)
4(25 194 195 26)
4(182 183 195 194)
4(15 27 196 184)
4(26 195 196 27)
4(183 184 196 195)
4(16 28 197 185)
4(27 196 197 28)
4(184 185 197 196)
4(17 29 198 186)
4(28 197 198 29)
4(185 186 198 197)
4(18 30 199 187)
4(29 198 199 30)
4(186 187 199 198)
4(30 199 200 31)
4(187 188 200 199)
4(21 33 203 190)
4(32 202 203 33)
4(189 190 203 202)
4(22 34 204 191)
4(33 203 204 34)
4(190 191 204 203)
4(23 35 205 192)
4(34 204 205 35)
4(191 192 205 204)
4(24 36 206 193)
4(35 205 206 36)
4(192 193 206 205)
4(25 37 207 194)
4(36 206 207 37)
4(193 194 207 206)
4(26 38 208 195)
4(37 207 208 38)
4(194 195 208 207)
4(27 39 209 196)
4(38 208 209 39)
4(195 196 209 208)
4(28 40 210 197)
4(39 209 210 40)
4(196 197 210 209)
4(29 41 211 198)
4(40 210 211 41)
4(197 198 211 210)
4(30 42 212 199)
4(41 211 212 42)
4(198 199 212 211)
4(42 212 213 43)
4(199 200 213 212)
4(33 47 217 203)
4(46 216 217 47)
4(202 203 217 216)
4(34 48 218 204)
4(47 217 218 48)
4(203 204 218 217)
4(35 49 219 205)
4(48 218 219 49)
4(204 205 219 218)
4(36 50 220 206)
4(49 219 220 50)
4(205 206 220 219)
4(37 51 221 207)
4(50 220 221 51)
4(206 207 221 220)
4(38 52 222 208)
4(51 221 222 52)
4(207 208 222 221)
4(39 53 223 209)
4(52 222 223 53)
4(208 209 223 222)
4(40 54 224 210)
4(53 223 224 54)
4(209 210 224 223)
4(41 55 225 211)
4(54 224 225 55)
4(210 211 225 224)
4(42 56 226 212)
4(55 225 226 56)
4(211 212 226 225)
4(43 57 227 213)
4(56 226 227 57)
4(212 213 227 226)
4(57 227 228 58)
4(213 214 228 227)
4(46 60 230 216)
4(59 229 230 60)
4(215 216 230 229)
4(47 61 231 217)
4(60 230 231 61)
4(216 217 231 230)
4(48 62 232 218)
4(61 231 232 62)
4(217 218 232 231)
4(49 63 233 219)
4(62 232 233 63)
4(218 219 233 232)
4(50 64 234 220)
4(63 233 234 64)
4(219 220 234 233)
4(51 65 235 221)
4(64 234 235 65)
4(220 221 235 234)
4(52 66 236 222)
4(65 235 236 66)
4(221 222 236 235)
4(53 67 237 223)
4(66 236 237 67)
4(222 223 237 236)
4(54 68 238 224)
4(67 237 238 68)
4(223 224 238 237)
4(55 69 239 225)
4(68 238 239 69)
4(224 225 239 238)
4(56 70 240 226)
4(69 239 240 70)
4(225 226 240 239)
4(57 71 241 227)
4(70 240 241 71)
4(226 227 241 240)
4(71 241 242 72)
4(227 228 242 241)
4(60 74 244 230)
4(73 243 244 74)
4(229 230 244 243)
4(61 75 245 231)
4(74 244 245 75)
4(230 231 245 244)
4(62 76 246 232)
4(75 245 246 76)
4(231 232 246 245)
4(63 77 247 233)
4(76 246 247 77)
4(232 233 247 246)
4(64 78 248 234)
4(77 247 248 78)
4(233 234 248 247)
4(65 79 249 235)
4(78 248 249 79)
4(234 235 249 248)
4(66 80 250 236)
4(79 249 250 80)
4(235 236 250 249)
4(67 81 251 237)
4(80 250 251 81)
4(236 237 251 250)
4(68 82 252 238)
4(81 251 252 82)
4(237 238 252 251)
4(69 83 253 239)
4(82 252 253 83)
4(238 239 253 252)
4(70 84 254 240)
4(83 253 254 84)
4(239 240 254 253)
4(71 85 255 241)
4(84 254 255 85)
4(240 241 255 254)
4(85 255 256 86)
4(241 242 256 255)
4(74 88 258 244)
4(87 257 258 88)
4(243 244 258 257)
4(75 89 259 245)
4(88 258 259 89)
4(244 245 259 258)
4(76 90 260 246)
4(89 259 260 90)
4(245 246 260 259)
4(77 91 261 247)
4(90 260 261 91)
4(246 247 261 260)
4(78 92 262 248)
4(91 261 262 92)
4(247 248 262 261)
4(79 93 263 249)
4(92 262 263 93)
4(248 249 263 262)
4(80 94 264 250)
4(93 263 264 94)
4(249 250 264 263)
4(81 95 265 251)
4(94 264 265 95)
4(250 251 265 264)
4(82 96 266 252)
4(95 265 266 96)
4(251 252 266 265)
4(83 97 267 253)
4(96 266 267 97)
4(252 253 267 266)
4(84 98 268 254)
4(97 267 268 98)
4(253 254 268 267)
4(85 99 269 255)
4(98 268 269 99)
4(254 255 269 268)
4(255 256 270 269)
4(88 102 272 258)
4(101 271 272 102)
4(257 258 272 271)
4(89 103 273 259)
4(102 272 273 103)
4(258 259 273 272)
4(90 104 274 260)
4(103 273 274 104)
4(259 260 274 273)
4(91 105 275 261)
4(104 274 275 105)
4(260 261 275 274)
4(92 106 276 262)
4(105 275 276 106)
4(261 262 276 275)
4(93 107 277 263)
4(106 276 277 107)
4(262 263 277 276)
4(94 108 278 264)
4(107 277 278 108)
4(263 264 278 277)
4(95 109 279 265)
4(108 278 279 109)
4(264 265 279 278)
4(96 110 280 266)
4(109 279 280 110)
4(265 266 280 279)
4(97 111 281 267)
4(110 280 281 111)
4(266 267 281 280)
4(98 112 282 268)
4(111 281 282 112)
4(267 268 282 281)
4(112 282 283 113)
4(268 269 283 282)
4(102 115 285 272)
4(114 284 285 115)
4(271 272 285 284)
4(103 116 286 273)
4(115 285 286 116)
4(272 273 286 285)
4(104 117 287 274)
4(116 286 287 117)
4(273 274 287 286)
4(105 118 288 275)
4(117 287 288 118)
4(274 275 288 287)
4(106 119 289 276)
4(118 288 289 119)
4(275 276 289 288)
4(107 120 290 277)
4(119 289 290 120)
4(276 277 290 289)
4(108 121 291 278)
4(120 290 291 121)
4(277 278 291 290)
4(109 122 292 279)
4(121 291 292 122)
4(278 279 292 291)
4(110 123 293 280)
4(122 292 293 123)
4(279 280 293 292)
4(111 124 294 281)
4(123 293 294 124)
4(280 281 294 293)
4(112 125 295 282)
4(124 294 295 125)
4(281 282 295 294)
4(125 295 296 126)
4(282 283 296 295)
4(115 128 298 285)
4(116 129 299 286)
4(128 298 299 129)
4(285 286 299 298)
4(117 130 300 287)
4(129 299 300 130)
4(286 287 300 299)
4(118 131 301 288)
4(130 300 301 131)
4(287 288 301 300)
4(119 132 302 289)
4(131 301 302 132)
4(288 289 302 301)
4(120 133 303 290)
4(132 302 303 133)
4(289 290 303 302)
4(121 134 304 291)
4(133 303 304 134)
4(290 291 304 303)
4(122 135 305 292)
4(134 304 305 135)
4(291 292 305 304)
4(123 136 306 293)
4(135 305 306 136)
4(292 293 306 305)
4(124 137 307 294)
4(136 306 307 137)
4(293 294 307 306)
4(125 138 308 295)
4(137 307 308 138)
4(294 295 308 307)
4(295 296 309 308)
4(129 141 311 299)
4(298 299 311 310)
4(130 142 312 300)
4(141 311 312 142)
4(299 300 312 311)
4(131 143 313 301)
4(142 312 313 143)
4(300 301 313 312)
4(132 144 314 302)
4(143 313 314 144)
4(301 302 314 313)
4(133 145 315 303)
4(144 314 315 145)
4(302 303 315 314)
4(134 146 316 304)
4(145 315 316 146)
4(303 304 316 315)
4(135 147 317 305)
4(146 316 317 147)
4(304 305 317 316)
4(136 148 318 306)
4(147 317 318 148)
4(305 306 318 317)
4(137 149 319 307)
4(148 318 319 149)
4(306 307 319 318)
4(149 319 320 150)
4(307 308 320 319)
4(142 152 322 312)
4(311 312 322 321)
4(143 153 323 313)
4(312 313 323 322)
4(144 154 324 314)
4(153 323 324 154)
4(313 314 324 323)
4(145 155 325 315)
4(154 324 325 155)
4(314 315 325 324)
4(146 156 326 316)
4(155 325 326 156)
4(315 316 326 325)
4(147 157 327 317)
4(156 326 327 157)
4(316 317 327 326)
4(148 158 328 318)
4(157 327 328 158)
4(317 318 328 327)
4(149 159 329 319)
4(158 328 329 159)
4(318 319 329 328)
4(319 320 330 329)
4(154 162 332 324)
4(155 163 333 325)
4(156 164 334 326)
4(325 326 334 333)
4(157 165 335 327)
4(326 327 335 334)
4(158 166 336 328)
4(327 328 336 335)
4(169 178 349 339)
4(177 348 349 178)
4(338 339 349 348)
4(170 179 350 340)
4(178 349 350 179)
4(339 340 350 349)
4(171 180 351 341)
4(179 350 351 180)
4(340 341 351 350)
4(172 181 352 342)
4(180 351 352 181)
4(341 342 352 351)
4(173 182 353 343)
4(181 352 353 182)
4(342 343 353 352)
4(174 183 354 344)
4(182 353 354 183)
4(343 344 354 353)
4(175 184 355 345)
4(183 354 355 184)
4(344 345 355 354)
4(184 355 356 185)
4(345 346 356 355)
4(178 190 361 349)
4(189 360 361 190)
4(348 349 361 360)
4(179 191 362 350)
4(190 361 362 191)
4(349 350 362 361)
4(180 192 363 351)
4(191 362 363 192)
4(350 351 363 362)
4(181 193 364 352)
4(192 363 364 193)
4(351 352 364 363)
4(182 194 365 353)
4(193 364 365 194)
4(352 353 365 364)
4(183 195 366 354)
4(194 365 366 195)
4(353 354 366 365)
4(184 196 367 355)
4(195 366 367 196)
4(354 355 367 366)
4(185 197 368 356)
4(196 367 368 197)
4(355 356 368 367)
4(186 198 369 357)
4(197 368 369 198)
4(356 357 369 368)
4(187 199 370 358)
4(198 369 370 199)
4(357 358 370 369)
4(199 370 371 200)
4(358 359 371 370)
4(190 203 374 361)
4(202 373 374 203)
4(360 361 374 373)
4(191 204 375 362)
4(203 374 375 204)
4(361 362 375 374)
4(192 205 376 363)
4(204 375 376 205)
4(362 363 376 375)
4(193 206 377 364)
4(205 376 377 206)
4(363 364 377 376)
4(194 207 378 365)
4(206 377 378 207)
4(364 365 378 377)
4(195 208 379 366)
4(207 378 379 208)
4(365 366 379 378)
4(196 209 380 367)
4(208 379 380 209)
4(366 367 380 379)
4(197 210 381 368)
4(209 380 381 210)
4(367 368 381 380)
4(198 211 382 369)
4(210 381 382 211)
4(368 369 382 381)
4(199 212 383 370)
4(211 382 383 212)
4(369 370 383 382)
4(200 213 384 371)
4(212 383 384 213)
4(370 371 384 383)
4(213 384 385 214)
4(203 217 388 374)
4(216 387 388 217)
4(373 374 388 387)
4(204 218 389 375)
4(217 388 389 218)
4(374 375 389 388)
4(205 219 390 376)
4(218 389 390 219)
4(375 376 390 389)
4(206 220 391 377)
4(219 390 391 220)
4(376 377 391 390)
4(207 221 392 378)
4(220 391 392 221)
4(377 378 392 391)
4(208 222 393 379)
4(221 392 393 222)
4(378 379 393 392)
4(209 223 394 380)
4(222 393 394 223)
4(379 380 394 393)
4(210 224 395 381)
4(223 394 395 224)
4(380 381 395 394)
4(211 225 396 382)
4(224 395 396 225)
4(381 382 396 395)
4(212 226 397 383)
4(225 396 397 226)
4(382 383 397 396)
4(213 227 398 384)
4(226 397 398 227)
4(383 384 398 397)
4(227 398 399 228)
4(384 385 399 398)
4(216 230 401 387)
4(229 400 401 230)
4(386 387 401 400)
4(217 231 402 388)
4(230 401 402 231)
4(387 388 402 401)
4(218 232 403 389)
4(231 402 403 232)
4(388 389 403 402)
4(219 233 404 390)
4(232 403 404 233)
4(389 390 404 403)
4(220 234 405 391)
4(233 404 405 234)
4(390 391 405 404)
4(221 235 406 392)
4(234 405 406 235)
4(391 392 406 405)
4(222 236 407 393)
4(235 406 407 236)
4(392 393 407 406)
4(223 237 408 394)
4(236 407 408 237)
4(393 394 408 407)
4(224 238 409 395)
4(237 408 409 238)
4(394 395 409 408)
4(225 239 410 396)
4(238 409 410 239)
4(395 396 410 409)
4(226 240 411 397)
4(239 410 411 240)
4(396 397 411 410)
4(227 241 412 398)
4(240 411 412 241)
4(397 398 412 411)
4(241 412 413 242)
4(398 399 413 412)
4(230 244 415 401)
4(243 414 415 244)
4(400 401 415 414)
4(231 245 416 402)
4(244 415 416 245)
4(401 402 416 415)
4(232 246 417 403)
4(245 416 417 246)
4(402 403 417 416)
4(233 247 418 404)
4(246 417 418 247)
4(403 404 418 417)
4(234 248 419 405)
4(247 418 419 248)
4(404 405 419 418)
4(235 249 420 406)
4(248 419 420 249)
4(405 406 420 419)
4(236 250 421 407)
4(249 420 421 250)
4(406 407 421 420)
4(237 251 422 408)
4(250 421 422 251)
4(407 408 422 421)
4(238 252 423 409)
4(251 422 423 252)
4(408 409 423 422)
4(239 253 424 410)
4(252 423 424 253)
4(409 410 424 423)
4(240 254 425 411)
4(253 424 425 254)
4(410 411 425 424)
4(241 255 426 412)
4(254 425 426 255)
4(411 412 426 425)
4(255 426 427 256)
4(412 413 427 426)
4(244 258 429 415)
4(257 428 429 258)
4(414 415 429 428)
4(245 259 430 416)
4(258 429 430 259)
4(415 416 430 429)
4(246 260 431 417)
4(259 430 431 260)
4(416 417 431 430)
4(247 261 432 418)
4(260 431 432 261)
4(417 418 432 431)
4(248 262 433 419)
4(261 432 433 262)
4(418 419 433 432)
4(249 263 434 420)
4(262 433 434 263)
4(419 420 434 433)
4(250 264 435 421)
4(263 434 435 264)
4(420 421 435 434)
4(251 265 436 422)
4(264 435 436 265)
4(421 422 436 435)
4(252 266 437 423)
4(265 436 437 266)
4(422 423 437 436)
4(253 267 438 424)
4(266 437 438 267)
4(423 424 438 437)
4(254 268 439 425)
4(267 438 439 268)
4(424 425 439 438)
4(255 269 440 426)
4(268 439 440 269)
4(425 426 440 439)
4(426 427 441 440)
4(258 272 443 429)
4(271 442 443 272)
4(428 429 443 442)
4(259 273 444 430)
4(272 443 444 273)
4(429 430 444 443)
4(260 274 445 431)
4(273 444 445 274)
4(430 431 445 444)
4(261 275 446 432)
4(274 445 446 275)
4(431 432 446 445)
4(262 276 447 433)
4(275 446 447 276)
4(432 433 447 446)
4(263 277 448 434)
4(276 447 448 277)
4(433 434 448 447)
4(264 278 449 435)
4(277 448 449 278)
4(434 435 449 448)
4(265 279 450 436)
4(278 449 450 279)
4(435 436 450 449)
4(266 280 451 437)
4(279 450 451 280)
4(436 437 451 450)
4(267 281 452 438)
4(280 451 452 281)
4(437 438 452 451)
4(268 282 453 439)
4(281 452 453 282)
4(438 439 453 452)
4(282 453 454 283)
4(439 440 454 453)
4(272 285 456 443)
4(273 286 457 444)
4(285 456 457 286)
4(443 444 457 456)
4(274 287 458 445)
4(286 457 458 287)
4(444 445 458 457)
4(275 288 459 446)
4(287 458 459 288)
4(445 446 459 458)
4(276 289 460 447)
4(288 459 460 289)
4(446 447 460 459)
4(277 290 461 448)
4(289 460 461 290)
4(447 448 461 460)
4(278 291 462 449)
4(290 461 462 291)
4(448 449 462 461)
4(279 292 463 450)
4(291 462 463 292)
4(449 450 463 462)
4(280 293 464 451)
4(292 463 464 293)
4(450 451 464 463)
4(281 294 465 452)
4(293 464 465 294)
4(451 452 465 464)
4(282 295 466 453)
4(294 465 466 295)
4(452 453 466 465)
4(295 466 467 296)
4(453 454 467 466)
4(286 299 469 457)
4(298 468 469 299)
4(456 457 469 468)
4(287 300 470 458)
4(299 469 470 300)
4(457 458 470 469)
4(288 301 471 459)
4(300 470 471 301)
4(458 459 471 470)
4(289 302 472 460)
4(301 471 472 302)
4(459 460 472 471)
4(290 303 473 461)
4(302 472 473 303)
4(460 461 473 472)
4(291 304 474 462)
4(303 473 474 304)
4(461 462 474 473)
4(292 305 475 463)
4(304 474 475 305)
4(462 463 475 474)
4(293 306 476 464)
4(305 475 476 306)
4(463 464 476 475)
4(294 307 477 465)
4(306 476 477 307)
4(464 465 477 476)
4(295 308 478 466)
4(307 477 478 308)
4(465 466 478 477)
4(466 467 479 478)
4(299 311 481 469)
4(300 312 482 470)
4(311 481 482 312)
4(469 470 482 481)
4(301 313 483 471)
4(312 482 483 313)
4(470 471 483 482)
4(302 314 484 472)
4(313 483 484 314)
4(471 472 484 483)
4(303 315 485 473)
4(314 484 485 315)
4(472 473 485 484)
4(304 316 486 474)
4(315 485 486 316)
4(473 474 486 485)
4(305 317 487 475)
4(316 486 487 317)
4(474 475 487 486)
4(306 318 488 476)
4(317 487 488 318)
4(475 476 488 487)
4(307 319 489 477)
4(318 488 489 319)
4(476 477 489 488)
4(319 489 490 320)
4(477 478 490 489)
4(312 322 492 482)
4(313 323 493 483)
4(314 324 494 484)
4(483 484 494 493)
4(315 325 495 485)
4(484 485 495 494)
4(316 326 496 486)
4(325 495 496 326)
4(485 486 496 495)
4(317 327 497 487)
4(326 496 497 327)
4(486 487 497 496)
4(318 328 498 488)
4(327 497 498 328)
4(487 488 498 497)
4(319 329 499 489)
4(488 489 499 498)
4(326 334 502 496)
4(327 335 503 497)
4(339 349 518 508)
4(348 517 518 349)
4(507 508 518 517)
4(340 350 519 509)
4(349 518 519 350)
4(508 509 519 518)
4(341 351 520 510)
4(350 519 520 351)
4(509 510 520 519)
4(342 352 521 511)
4(351 520 521 352)
4(510 511 521 520)
4(343 353 522 512)
4(352 521 522 353)
4(511 512 522 521)
4(344 354 523 513)
4(353 522 523 354)
4(512 513 523 522)
4(345 355 524 514)
4(354 523 524 355)
4(513 514 524 523)
4(346 356 525 515)
4(355 524 525 356)
4(514 515 525 524)
4(356 525 526 357)
4(515 516 526 525)
4(349 361 530 518)
4(360 529 530 361)
4(517 518 530 529)
4(350 362 531 519)
4(361 530 531 362)
4(518 519 531 530)
4(351 363 532 520)
4(362 531 532 363)
4(519 520 532 531)
4(352 364 533 521)
4(363 532 533 364)
4(520 521 533 532)
4(353 365 534 522)
4(364 533 534 365)
4(521 522 534 533)
4(354 366 535 523)
4(365 534 535 366)
4(522 523 535 534)
4(355 367 536 524)
4(366 535 536 367)
4(523 524 536 535)
4(356 368 537 525)
4(367 536 537 368)
4(524 525 537 536)
4(357 369 538 526)
4(368 537 538 369)
4(525 526 538 537)
4(358 370 539 527)
4(369 538 539 370)
4(526 527 539 538)
4(370 539 540 371)
4(361 374 542 530)
4(373 541 542 374)
4(529 530 542 541)
4(362 375 543 531)
4(374 542 543 375)
4(530 531 543 542)
4(363 376 544 532)
4(375 543 544 376)
4(531 532 544 543)
4(364 377 545 533)
4(376 544 545 377)
4(532 533 545 544)
4(365 378 546 534)
4(377 545 546 378)
4(533 534 546 545)
4(366 379 547 535)
4(378 546 547 379)
4(534 535 547 546)
4(367 380 548 536)
4(379 547 548 380)
4(535 536 548 547)
4(368 381 549 537)
4(380 548 549 381)
4(536 537 549 548)
4(369 382 550 538)
4(381 549 550 382)
4(537 538 550 549)
4(370 383 551 539)
4(382 550 551 383)
4(538 539 551 550)
4(383 551 552 384)
4(539 540 552 551)
4(374 388 556 542)
4(387 555 556 388)
4(541 542 556 555)
4(375 389 557 543)
4(388 556 557 389)
4(542 543 557 556)
4(376 390 558 544)
4(389 557 558 390)
4(543 544 558 557)
4(377 391 559 545)
4(390 558 559 391)
4(544 545 559 558)
4(378 392 560 546)
4(391 559 560 392)
4(545 546 560 559)
4(379 393 561 547)
4(392 560 561 393)
4(546 547 561 560)
4(380 394 562 548)
4(393 561 562 394)
4(547 548 562 561)
4(381 395 563 549)
4(394 562 563 395)
4(548 549 563 562)
4(382 396 564 550)
4(395 563 564 396)
4(549 550 564 563)
4(383 397 565 551)
4(396 564 565 397)
4(550 551 565 564)
4(384 398 566 552)
4(397 565 566 398)
4(551 552 566 565)
4(398 566 567 399)
4(387 401 569 555)
4(400 568 569 401)
4(388 402 570 556)
4(401 569 570 402)
4(555 556 570 569)
4(389 403 571 557)
4(402 570 571 403)
4(556 557 571 570)
4(390 404 572 558)
4(403 571 572 404)
4(557 558 572 571)
4(391 405 573 559)
4(404 572 573 405)
4(558 559 573 572)
4(392 406 574 560)
4(405 573 574 406)
4(559 560 574 573)
4(393 407 575 561)
4(406 574 575 407)
4(560 561 575 574)
4(394 408 576 562)
4(407 575 576 408)
4(561 562 576 575)
4(395 409 577 563)
4(408 576 577 409)
4(562 563 577 576)
4(396 410 578 564)
4(409 577 578 410)
4(563 564 578 577)
4(397 411 579 565)
4(410 578 579 411)
4(564 565 579 578)
4(398 412 580 566)
4(411 579 580 412)
4(565 566 580 579)
4(412 580 581 413)
4(566 567 581 580)
4(401 415 583 569)
4(414 582 583 415)
4(568 569 583 582)
4(402 416 584 570)
4(415 583 584 416)
4(569 570 584 583)
4(403 417 585 571)
4(416 584 585 417)
4(570 571 585 584)
4(404 418 586 572)
4(417 585 586 418)
4(571 572 586 585)
4(405 419 587 573)
4(418 586 587 419)
4(572 573 587 586)
4(406 420 588 574)
4(419 587 588 420)
4(573 574 588 587)
4(407 421 589 575)
4(420 588 589 421)
4(574 575 589 588)
4(408 422 590 576)
4(421 589 590 422)
4(575 576 590 589)
4(409 423 591 577)
4(422 590 591 423)
4(576 577 591 590)
4(410 424 592 578)
4(423 591 592 424)
4(577 578 592 591)
4(411 425 593 579)
4(424 592 593 425)
4(578 579 593 592)
4(412 426 594 580)
4(425 593 594 426)
4(579 580 594 593)
4(426 594 595 427)
4(580 581 595 594)
4(415 429 597 583)
4(428 596 597 429)
4(582 583 597 596)
4(416 430 598 584)
4(429 597 598 430)
4(583 584 598 597)
4(417 431 599 585)
4(430 598 599 431)
4(584 585 599 598)
4(418 432 600 586)
4(431 599 600 432)
4(585 586 600 599)
4(419 433 601 587)
4(432 600 601 433)
4(586 587 601 600)
4(420 434 602 588)
4(433 601 602 434)
4(587 588 602 601)
4(421 435 603 589)
4(434 602 603 435)
4(588 589 603 602)
4(422 436 604 590)
4(435 603 604 436)
4(589 590 604 603)
4(423 437 605 591)
4(436 604 605 437)
4(590 591 605 604)
4(424 438 606 592)
4(437 605 606 438)
4(591 592 606 605)
4(425 439 607 593)
4(438 606 607 439)
4(592 593 607 606)
4(426 440 608 594)
4(439 607 608 440)
4(593 594 608 607)
4(594 595 609 608)
4(429 443 611 597)
4(430 444 612 598)
4(443 611 612 444)
4(597 598 612 611)
4(431 445 613 599)
4(444 612 613 445)
4(598 599 613 612)
4(432 446 614 600)
4(445 613 614 446)
4(599 600 614 613)
4(433 447 615 601)
4(446 614 615 447)
4(600 601 615 614)
4(434 448 616 602)
4(447 615 616 448)
4(601 602 616 615)
4(435 449 617 603)
4(448 616 617 449)
4(602 603 617 616)
4(436 450 618 604)
4(449 617 618 450)
4(603 604 618 617)
4(437 451 619 605)
4(450 618 619 451)
4(604 605 619 618)
4(438 452 620 606)
4(451 619 620 452)
4(605 606 620 619)
4(439 453 621 607)
4(452 620 621 453)
4(606 607 621 620)
4(453 621 622 454)
4(607 608 622 621)
4(444 457 625 612)
4(456 624 625 457)
4(611 612 625 624)
4(445 458 626 613)
4(457 625 626 458)
4(612 613 626 625)
4(446 459 627 614)
4(458 626 627 459)
4(613 614 627 626)
4(447 460 628 615)
4(459 627 628 460)
4(614 615 628 627)
4(448 461 629 616)
4(460 628 629 461)
4(615 616 629 628)
4(449 462 630 617)
4(461 629 630 462)
4(616 617 630 629)
4(450 463 631 618)
4(462 630 631 463)
4(617 618 631 630)
4(451 464 632 619)
4(463 631 632 464)
4(618 619 632 631)
4(452 465 633 620)
4(464 632 633 465)
4(619 620 633 632)
4(453 466 634 621)
4(465 633 634 466)
4(620 621 634 633)
4(466 634 635 467)
4(621 622 635 634)
4(457 469 637 625)
4(458 470 638 626)
4(469 637 638 470)
4(625 626 638 637)
4(459 471 639 627)
4(470 638 639 471)
4(626 627 639 638)
4(460 472 640 628)
4(471 639 640 472)
4(627 628 640 639)
4(461 473 641 629)
4(472 640 641 473)
4(628 629 641 640)
4(462 474 642 630)
4(473 641 642 474)
4(629 630 642 641)
4(463 475 643 631)
4(474 642 643 475)
4(630 631 643 642)
4(464 476 644 632)
4(475 643 644 476)
4(631 632 644 643)
4(465 477 645 633)
4(476 644 645 477)
4(632 633 645 644)
4(466 478 646 634)
4(477 645 646 478)
4(633 634 646 645)
4(634 635 647 646)
4(470 482 649 638)
4(471 483 650 639)
4(638 639 650 649)
4(472 484 651 640)
4(483 650 651 484)
4(639 640 651 650)
4(473 485 652 641)
4(484 651 652 485)
4(640 641 652 651)
4(474 486 653 642)
4(485 652 653 486)
4(641 642 653 652)
4(475 487 654 643)
4(486 653 654 487)
4(642 643 654 653)
4(476 488 655 644)
4(487 654 655 488)
4(643 644 655 654)
4(477 489 656 645)
4(488 655 656 489)
4(644 645 656 655)
4(645 646 657 656)
4(484 494 659 651)
4(485 495 660 652)
4(486 496 661 653)
4(652 653 661 660)
4(487 497 662 654)
4(653 654 662 661)
4(488 498 663 655)
4(654 655 663 662)
4(655 656 664 663)
4(512 675 676 513)
4(668 669 676 675)
4(508 518 681 671)
4(517 680 681 518)
4(670 671 681 680)
4(509 519 682 672)
4(518 681 682 519)
4(671 672 682 681)
4(510 520 683 673)
4(519 682 683 520)
4(672 673 683 682)
4(511 521 684 674)
4(520 683 684 521)
4(673 674 684 683)
4(512 522 685 675)
4(521 684 685 522)
4(674 675 685 684)
4(513 523 686 676)
4(522 685 686 523)
4(675 676 686 685)
4(514 524 687 677)
4(523 686 687 524)
4(676 677 687 686)
4(515 525 688 678)
4(524 687 688 525)
4(677 678 688 687)
4(525 688 689 526)
4(518 530 692 681)
4(529 691 692 530)
4(680 681 692 691)
4(519 531 693 682)
4(530 692 693 531)
4(681 682 693 692)
4(520 532 694 683)
4(531 693 694 532)
4(682 683 694 693)
4(521 533 695 684)
4(532 694 695 533)
4(683 684 695 694)
4(522 534 696 685)
4(533 695 696 534)
4(684 685 696 695)
4(523 535 697 686)
4(534 696 697 535)
4(685 686 697 696)
4(524 536 698 687)
4(535 697 698 536)
4(686 687 698 697)
4(525 537 699 688)
4(536 698 699 537)
4(687 688 699 698)
4(526 538 700 689)
4(537 699 700 538)
4(688 689 700 699)
4(538 700 701 539)
4(689 690 701 700)
4(530 542 704 692)
4(541 703 704 542)
4(691 692 704 703)
4(531 543 705 693)
4(542 704 705 543)
4(692 693 705 704)
4(532 544 706 694)
4(543 705 706 544)
4(693 694 706 705)
4(533 545 707 695)
4(544 706 707 545)
4(694 695 707 706)
4(534 546 708 696)
4(545 707 708 546)
4(695 696 708 707)
4(535 547 709 697)
4(546 708 709 547)
4(696 697 709 708)
4(536 548 710 698)
4(547 709 710 548)
4(697 698 710 709)
4(537 549 711 699)
4(548 710 711 549)
4(698 699 711 710)
4(538 550 712 700)
4(549 711 712 550)
4(699 700 712 711)
4(539 551 713 701)
4(550 712 713 551)
4(700 701 713 712)
4(551 713 714 552)
4(701 702 714 713)
4(542 556 716 704)
4(555 715 716 556)
4(703 704 716 715)
4(543 557 717 705)
4(556 716 717 557)
4(704 705 717 716)
4(544 558 718 706)
4(557 717 718 558)
4(705 706 718 717)
4(545 559 719 707)
4(558 718 719 559)
4(706 707 719 718)
4(546 560 720 708)
4(559 719 720 560)
4(707 708 720 719)
4(547 561 721 709)
4(560 720 721 561)
4(708 709 721 720)
4(548 562 722 710)
4(561 721 722 562)
4(709 710 722 721)
4(549 563 723 711)
4(562 722 723 563)
4(710 711 723 722)
4(550 564 724 712)
4(563 723 724 564)
4(711 712 724 723)
4(551 565 725 713)
4(564 724 725 565)
4(712 713 725 724)
4(565 725 726 566)
4(713 714 726 725)
4(556 570 730 716)
4(569 729 730 570)
4(715 716 730 729)
4(557 571 731 717)
4(570 730 731 571)
4(716 717 731 730)
4(558 572 732 718)
4(571 731 732 572)
4(717 718 732 731)
4(559 573 733 719)
4(572 732 733 573)
4(718 719 733 732)
4(560 574 734 720)
4(573 733 734 574)
4(719 720 734 733)
4(561 575 735 721)
4(574 734 735 575)
4(720 721 735 734)
4(562 576 736 722)
4(575 735 736 576)
4(721 722 736 735)
4(563 577 737 723)
4(576 736 737 577)
4(722 723 737 736)
4(564 578 738 724)
4(577 737 738 578)
4(723 724 738 737)
4(565 579 739 725)
4(578 738 739 579)
4(724 725 739 738)
4(566 580 740 726)
4(579 739 740 580)
4(725 726 740 739)
4(580 740 741 581)
4(726 727 741 740)
4(569 583 743 729)
4(582 742 743 583)
4(570 584 744 730)
4(583 743 744 584)
4(729 730 744 743)
4(571 585 745 731)
4(584 744 745 585)
4(730 731 745 744)
4(572 586 746 732)
4(585 745 746 586)
4(731 732 746 745)
4(573 587 747 733)
4(586 746 747 587)
4(732 733 747 746)
4(574 588 748 734)
4(587 747 748 588)
4(733 734 748 747)
4(575 589 749 735)
4(588 748 749 589)
4(734 735 749 748)
4(576 590 750 736)
4(589 749 750 590)
4(735 736 750 749)
4(577 591 751 737)
4(590 750 751 591)
4(736 737 751 750)
4(578 592 752 738)
4(591 751 752 592)
4(737 738 752 751)
4(579 593 753 739)
4(592 752 753 593)
4(738 739 753 752)
4(580 594 754 740)
4(593 753 754 594)
4(739 740 754 753)
4(594 754 755 595)
4(740 741 755 754)
4(583 597 757 743)
4(584 598 758 744)
4(597 757 758 598)
4(743 744 758 757)
4(585 599 759 745)
4(598 758 759 599)
4(744 745 759 758)
4(586 600 760 746)
4(599 759 760 600)
4(745 746 760 759)
4(587 601 761 747)
4(600 760 761 601)
4(746 747 761 760)
4(588 602 762 748)
4(601 761 762 602)
4(747 748 762 761)
4(589 603 763 749)
4(602 762 763 603)
4(748 749 763 762)
4(590 604 764 750)
4(603 763 764 604)
4(749 750 764 763)
4(591 605 765 751)
4(604 764 765 605)
4(750 751 765 764)
4(592 606 766 752)
4(605 765 766 606)
4(751 752 766 765)
4(593 607 767 753)
4(606 766 767 607)
4(752 753 767 766)
4(594 608 768 754)
4(607 767 768 608)
4(753 754 768 767)
4(608 768 769 609)
4(754 755 769 768)
4(598 612 771 758)
4(611 770 771 612)
4(757 758 771 770)
4(599 613 772 759)
4(612 771 772 613)
4(758 759 772 771)
4(600 614 773 760)
4(613 772 773 614)
4(759 760 773 772)
4(601 615 774 761)
4(614 773 774 615)
4(760 761 774 773)
4(602 616 775 762)
4(615 774 775 616)
4(761 762 775 774)
4(603 617 776 763)
4(616 775 776 617)
4(762 763 776 775)
4(604 618 777 764)
4(617 776 777 618)
4(763 764 777 776)
4(605 619 778 765)
4(618 777 778 619)
4(764 765 778 777)
4(606 620 779 766)
4(619 778 779 620)
4(765 766 779 778)
4(607 621 780 767)
4(620 779 780 621)
4(766 767 780 779)
4(608 622 781 768)
4(621 780 781 622)
4(767 768 781 780)
4(768 769 782 781)
4(612 625 784 771)
4(613 626 785 772)
4(625 784 785 626)
4(771 772 785 784)
4(614 627 786 773)
4(626 785 786 627)
4(772 773 786 785)
4(615 628 787 774)
4(627 786 787 628)
4(773 774 787 786)
4(616 629 788 775)
4(628 787 788 629)
4(774 775 788 787)
4(617 630 789 776)
4(629 788 789 630)
4(775 776 789 788)
4(618 631 790 777)
4(630 789 790 631)
4(776 777 790 789)
4(619 632 791 778)
4(631 790 791 632)
4(777 778 791 790)
4(620 633 792 779)
4(632 791 792 633)
4(778 779 792 791)
4(621 634 793 780)
4(633 792 793 634)
4(779 780 793 792)
4(634 793 794 635)
4(780 781 794 793)
4(626 638 796 785)
4(627 639 797 786)
4(638 796 797 639)
4(785 786 797 796)
4(628 640 798 787)
4(639 797 798 640)
4(786 787 798 797)
4(629 641 799 788)
4(640 798 799 641)
4(787 788 799 798)
4(630 642 800 789)
4(641 799 800 642)
4(788 789 800 799)
4(631 643 801 790)
4(642 800 801 643)
4(789 790 801 800)
4(632 644 802 791)
4(643 801 802 644)
4(790 791 802 801)
4(633 645 803 792)
4(644 802 803 645)
4(791 792 803 802)
4(634 646 804 793)
4(645 803 804 646)
4(792 793 804 803)
4(639 650 807 797)
4(640 651 808 798)
4(797 798 808 807)
4(641 652 809 799)
4(798 799 809 808)
4(642 653 810 800)
4(652 809 810 653)
4(799 800 810 809)
4(643 654 811 801)
4(653 810 811 654)
4(800 801 811 810)
4(644 655 812 802)
4(654 811 812 655)
4(801 802 812 811)
4(645 656 813 803)
4(655 812 813 656)
4(802 803 813 812)
4(653 661 816 810)
4(654 662 817 811)
4(655 663 818 812)
4(666 673 829 822)
4(672 828 829 673)
4(821 822 829 828)
4(667 674 830 823)
4(673 829 830 674)
4(822 823 830 829)
4(668 675 831 824)
4(674 830 831 675)
4(823 824 831 830)
4(675 831 832 676)
4(824 825 832 831)
4(671 681 836 827)
4(680 835 836 681)
4(672 682 837 828)
4(681 836 837 682)
4(827 828 837 836)
4(673 683 838 829)
4(682 837 838 683)
4(828 829 838 837)
4(674 684 839 830)
4(683 838 839 684)
4(829 830 839 838)
4(675 685 840 831)
4(684 839 840 685)
4(830 831 840 839)
4(676 686 841 832)
4(685 840 841 686)
4(831 832 841 840)
4(677 687 842 833)
4(686 841 842 687)
4(832 833 842 841)
4(687 842 843 688)
4(833 834 843 842)
4(681 692 847 836)
4(691 846 847 692)
4(682 693 848 837)
4(692 847 848 693)
4(836 837 848 847)
4(683 694 849 838)
4(693 848 849 694)
4(837 838 849 848)
4(684 695 850 839)
4(694 849 850 695)
4(838 839 850 849)
4(685 696 851 840)
4(695 850 851 696)
4(839 840 851 850)
4(686 697 852 841)
4(696 851 852 697)
4(840 841 852 851)
4(687 698 853 842)
4(697 852 853 698)
4(841 842 853 852)
4(688 699 854 843)
4(698 853 854 699)
4(842 843 854 853)
4(689 700 855 844)
4(699 854 855 700)
4(843 844 855 854)
4(700 855 856 701)
4(692 704 859 847)
4(703 858 859 704)
4(846 847 859 858)
4(693 705 860 848)
4(704 859 860 705)
4(847 848 860 859)
4(694 706 861 849)
4(705 860 861 706)
4(848 849 861 860)
4(695 707 862 850)
4(706 861 862 707)
4(849 850 862 861)
4(696 708 863 851)
4(707 862 863 708)
4(850 851 863 862)
4(697 709 864 852)
4(708 863 864 709)
4(851 852 864 863)
4(698 710 865 853)
4(709 864 865 710)
4(852 853 865 864)
4(699 711 866 854)
4(710 865 866 711)
4(853 854 866 865)
4(700 712 867 855)
4(711 866 867 712)
4(854 855 867 866)
4(701 713 868 856)
4(712 867 868 713)
4(855 856 868 867)
4(713 868 869 714)
4(704 716 871 859)
4(715 870 871 716)
4(858 859 871 870)
4(705 717 872 860)
4(716 871 872 717)
4(859 860 872 871)
4(706 718 873 861)
4(717 872 873 718)
4(860 861 873 872)
4(707 719 874 862)
4(718 873 874 719)
4(861 862 874 873)
4(708 720 875 863)
4(719 874 875 720)
4(862 863 875 874)
4(709 721 876 864)
4(720 875 876 721)
4(863 864 876 875)
4(710 722 877 865)
4(721 876 877 722)
4(864 865 877 876)
4(711 723 878 866)
4(722 877 878 723)
4(865 866 878 877)
4(712 724 879 867)
4(723 878 879 724)
4(866 867 879 878)
4(713 725 880 868)
4(724 879 880 725)
4(867 868 880 879)
4(725 880 881 726)
4(868 869 881 880)
4(716 730 884 871)
4(729 883 884 730)
4(870 871 884 883)
4(717 731 885 872)
4(730 884 885 731)
4(871 872 885 884)
4(718 732 886 873)
4(731 885 886 732)
4(872 873 886 885)
4(719 733 887 874)
4(732 886 887 733)
4(873 874 887 886)
4(720 734 888 875)
4(733 887 888 734)
4(874 875 888 887)
4(721 735 889 876)
4(734 888 889 735)
4(875 876 889 888)
4(722 736 890 877)
4(735 889 890 736)
4(876 877 890 889)
4(723 737 891 878)
4(736 890 891 737)
4(877 878 891 890)
4(724 738 892 879)
4(737 891 892 738)
4(878 879 892 891)
4(725 739 893 880)
4(738 892 893 739)
4(879 880 893 892)
4(726 740 894 881)
4(739 893 894 740)
4(880 881 894 893)
4(740 894 895 741)
4(730 744 897 884)
4(743 896 897 744)
4(883 884 897 896)
4(731 745 898 885)
4(744 897 898 745)
4(884 885 898 897)
4(732 746 899 886)
4(745 898 899 746)
4(885 886 899 898)
4(733 747 900 887)
4(746 899 900 747)
4(886 887 900 899)
4(734 748 901 888)
4(747 900 901 748)
4(887 888 901 900)
4(735 749 902 889)
4(748 901 902 749)
4(888 889 902 901)
4(736 750 903 890)
4(749 902 903 750)
4(889 890 903 902)
4(737 751 904 891)
4(750 903 904 751)
4(890 891 904 903)
4(738 752 905 892)
4(751 904 905 752)
4(891 892 905 904)
4(739 753 906 893)
4(752 905 906 753)
4(892 893 906 905)
4(740 754 907 894)
4(753 906 907 754)
4(893 894 907 906)
4(754 907 908 755)
4(744 758 910 897)
4(757 909 910 758)
4(896 897 910 909)
4(745 759 911 898)
4(758 910 911 759)
4(897 898 911 910)
4(746 760 912 899)
4(759 911 912 760)
4(898 899 912 911)
4(747 761 913 900)
4(760 912 913 761)
4(899 900 913 912)
4(748 762 914 901)
4(761 913 914 762)
4(900 901 914 913)
4(749 763 915 902)
4(762 914 915 763)
4(901 902 915 914)
4(750 764 916 903)
4(763 915 916 764)
4(902 903 916 915)
4(751 765 917 904)
4(764 916 917 765)
4(903 904 917 916)
4(752 766 918 905)
4(765 917 918 766)
4(904 905 918 917)
4(753 767 919 906)
4(766 918 919 767)
4(905 906 919 918)
4(754 768 920 907)
4(767 919 920 768)
4(906 907 920 919)
4(768 920 921 769)
4(758 771 923 910)
4(759 772 924 911)
4(771 923 924 772)
4(910 911 924 923)
4(760 773 925 912)
4(772 924 925 773)
4(911 912 925 924)
4(761 774 926 913)
4(773 925 926 774)
4(912 913 926 925)
4(762 775 927 914)
4(774 926 927 775)
4(913 914 927 926)
4(763 776 928 915)
4(775 927 928 776)
4(914 915 928 927)
4(764 777 929 916)
4(776 928 929 777)
4(915 916 929 928)
4(765 778 930 917)
4(777 929 930 778)
4(916 917 930 929)
4(766 779 931 918)
4(778 930 931 779)
4(917 918 931 930)
4(767 780 932 919)
4(779 931 932 780)
4(918 919 932 931)
4(768 781 933 920)
4(780 932 933 781)
4(919 920 933 932)
4(772 785 936 924)
4(773 786 937 925)
4(785 936 937 786)
4(924 925 937 936)
4(774 787 938 926)
4(786 937 938 787)
4(925 926 938 937)
4(775 788 939 927)
4(787 938 939 788)
4(926 927 939 938)
4(776 789 940 928)
4(788 939 940 789)
4(927 928 940 939)
4(777 790 941 929)
4(789 940 941 790)
4(928 929 941 940)
4(778 791 942 930)
4(790 941 942 791)
4(929 930 942 941)
4(779 792 943 931)
4(791 942 943 792)
4(930 931 943 942)
4(780 793 944 932)
4(792 943 944 793)
4(931 932 944 943)
4(786 797 947 937)
4(787 798 948 938)
4(797 947 948 798)
4(937 938 948 947)
4(788 799 949 939)
4(798 948 949 799)
4(938 939 949 948)
4(789 800 950 940)
4(799 949 950 800)
4(939 940 950 949)
4(790 801 951 941)
4(800 950 951 801)
4(940 941 951 950)
4(791 802 952 942)
4(801 951 952 802)
4(941 942 952 951)
4(792 803 953 943)
4(802 952 953 803)
4(942 943 953 952)
4(798 808 956 948)
4(799 809 957 949)
4(800 810 958 950)
4(949 950 958 957)
4(801 811 959 951)
4(950 951 959 958)
4(802 812 960 952)
4(951 952 960 959)
4(821 828 969 963)
4(827 968 969 828)
4(962 963 969 968)
4(822 829 970 964)
4(828 969 970 829)
4(963 964 970 969)
4(823 830 971 965)
4(829 970 971 830)
4(964 965 971 970)
4(824 831 972 966)
4(830 971 972 831)
4(965 966 972 971)
4(831 972 973 832)
4(966 967 973 972)
4(828 837 977 969)
4(836 976 977 837)
4(968 969 977 976)
4(829 838 978 970)
4(837 977 978 838)
4(969 970 978 977)
4(830 839 979 971)
4(838 978 979 839)
4(970 971 979 978)
4(831 840 980 972)
4(839 979 980 840)
4(971 972 980 979)
4(832 841 981 973)
4(840 980 981 841)
4(972 973 981 980)
4(833 842 982 974)
4(841 981 982 842)
4(973 974 982 981)
4(842 982 983 843)
4(974 975 983 982)
4(837 848 987 977)
4(847 986 987 848)
4(976 977 987 986)
4(838 849 988 978)
4(848 987 988 849)
4(977 978 988 987)
4(839 850 989 979)
4(849 988 989 850)
4(978 979 989 988)
4(840 851 990 980)
4(850 989 990 851)
4(979 980 990 989)
4(841 852 991 981)
4(851 990 991 852)
4(980 981 991 990)
4(842 853 992 982)
4(852 991 992 853)
4(981 982 992 991)
4(843 854 993 983)
4(853 992 993 854)
4(982 983 993 992)
4(854 993 994 855)
4(983 984 994 993)
4(847 859 997 986)
4(858 996 997 859)
4(848 860 998 987)
4(859 997 998 860)
4(986 987 998 997)
4(849 861 999 988)
4(860 998 999 861)
4(987 988 999 998)
4(850 862 1000 989)
4(861 999 1000 862)
4(988 989 1000 999)
4(851 863 1001 990)
4(862 1000 1001 863)
4(989 990 1001 1000)
4(852 864 1002 991)
4(863 1001 1002 864)
4(990 991 1002 1001)
4(853 865 1003 992)
4(864 1002 1003 865)
4(991 992 1003 1002)
4(854 866 1004 993)
4(865 1003 1004 866)
4(992 993 1004 1003)
4(855 867 1005 994)
4(866 1004 1005 867)
4(993 994 1005 1004)
4(867 1005 1006 868)
4(994 995 1006 1005)
4(859 871 1009 997)
4(870 1008 1009 871)
4(996 997 1009 1008)
4(860 872 1010 998)
4(871 1009 1010 872)
4(997 998 1010 1009)
4(861 873 1011 999)
4(872 1010 1011 873)
4(998 999 1011 1010)
4(862 874 1012 1000)
4(873 1011 1012 874)
4(999 1000 1012 1011)
4(863 875 1013 1001)
4(874 1012 1013 875)
4(1000 1001 1013 1012)
4(864 876 1014 1002)
4(875 1013 1014 876)
4(1001 1002 1014 1013)
4(865 877 1015 1003)
4(876 1014 1015 877)
4(1002 1003 1015 1014)
4(866 878 1016 1004)
4(877 1015 1016 878)
4(1003 1004 1016 1015)
4(867 879 1017 1005)
4(878 1016 1017 879)
4(1004 1005 1017 1016)
4(868 880 1018 1006)
4(879 1017 1018 880)
4(1005 1006 1018 1017)
4(880 1018 1019 881)
4(871 884 1021 1009)
4(883 1020 1021 884)
4(1008 1009 1021 1020)
4(872 885 1022 1010)
4(884 1021 1022 885)
4(1009 1010 1022 1021)
4(873 886 1023 1011)
4(885 1022 1023 886)
4(1010 1011 1023 1022)
4(874 887 1024 1012)
4(886 1023 1024 887)
4(1011 1012 1024 1023)
4(875 888 1025 1013)
4(887 1024 1025 888)
4(1012 1013 1025 1024)
4(876 889 1026 1014)
4(888 1025 1026 889)
4(1013 1014 1026 1025)
4(877 890 1027 1015)
4(889 1026 1027 890)
4(1014 1015 1027 1026)
4(878 891 1028 1016)
4(890 1027 1028 891)
4(1015 1016 1028 1027)
4(879 892 1029 1017)
4(891 1028 1029 892)
4(1016 1017 1029 1028)
4(880 893 1030 1018)
4(892 1029 1030 893)
4(1017 1018 1030 1029)
4(893 1030 1031 894)
4(884 897 1033 1021)
4(896 1032 1033 897)
4(885 898 1034 1022)
4(897 1033 1034 898)
4(1021 1022 1034 1033)
4(886 899 1035 1023)
4(898 1034 1035 899)
4(1022 1023 1035 1034)
4(887 900 1036 1024)
4(899 1035 1036 900)
4(1023 1024 1036 1035)
4(888 901 1037 1025)
4(900 1036 1037 901)
4(1024 1025 1037 1036)
4(889 902 1038 1026)
4(901 1037 1038 902)
4(1025 1026 1038 1037)
4(890 903 1039 1027)
4(902 1038 1039 903)
4(1026 1027 1039 1038)
4(891 904 1040 1028)
4(903 1039 1040 904)
4(1027 1028 1040 1039)
4(892 905 1041 1029)
4(904 1040 1041 905)
4(1028 1029 1041 1040)
4(893 906 1042 1030)
4(905 1041 1042 906)
4(1029 1030 1042 1041)
4(906 1042 1043 907)
4(897 910 1045 1033)
4(898 911 1046 1034)
4(910 1045 1046 911)
4(1033 1034 1046 1045)
4(899 912 1047 1035)
4(911 1046 1047 912)
4(1034 1035 1047 1046)
4(900 913 1048 1036)
4(912 1047 1048 913)
4(1035 1036 1048 1047)
4(901 914 1049 1037)
4(913 1048 1049 914)
4(1036 1037 1049 1048)
4(902 915 1050 1038)
4(914 1049 1050 915)
4(1037 1038 1050 1049)
4(903 916 1051 1039)
4(915 1050 1051 916)
4(1038 1039 1051 1050)
4(904 917 1052 1040)
4(916 1051 1052 917)
4(1039 1040 1052 1051)
4(905 918 1053 1041)
4(917 1052 1053 918)
4(1040 1041 1053 1052)
4(906 919 1054 1042)
4(918 1053 1054 919)
4(1041 1042 1054 1053)
4(919 1054 1055 920)
4(911 924 1057 1046)
4(912 925 1058 1047)
4(924 1057 1058 925)
4(1046 1047 1058 1057)
4(913 926 1059 1048)
4(925 1058 1059 926)
4(1047 1048 1059 1058)
4(914 927 1060 1049)
4(926 1059 1060 927)
4(1048 1049 1060 1059)
4(915 928 1061 1050)
4(927 1060 1061 928)
4(1049 1050 1061 1060)
4(916 929 1062 1051)
4(928 1061 1062 929)
4(1050 1051 1062 1061)
4(917 930 1063 1052)
4(929 1062 1063 930)
4(1051 1052 1063 1062)
4(918 931 1064 1053)
4(930 1063 1064 931)
4(1052 1053 1064 1063)
4(919 932 1065 1054)
4(931 1064 1065 932)
4(1053 1054 1065 1064)
4(925 937 1068 1058)
4(926 938 1069 1059)
4(937 1068 1069 938)
4(1058 1059 1069 1068)
4(927 939 1070 1060)
4(938 1069 1070 939)
4(1059 1060 1070 1069)
4(928 940 1071 1061)
4(939 1070 1071 940)
4(1060 1061 1071 1070)
4(929 941 1072 1062)
4(940 1071 1072 941)
4(1061 1062 1072 1071)
4(930 942 1073 1063)
4(941 1072 1073 942)
4(1062 1063 1073 1072)
4(931 943 1074 1064)
4(942 1073 1074 943)
4(1063 1064 1074 1073)
4(938 948 1077 1069)
4(939 949 1078 1070)
4(1069 1070 1078 1077)
4(940 950 1079 1071)
4(949 1078 1079 950)
4(1070 1071 1079 1078)
4(941 951 1080 1072)
4(950 1079 1080 951)
4(1071 1072 1080 1079)
4(942 952 1081 1073)
4(951 1080 1081 952)
4(1072 1073 1081 1080)
4(950 958 1084 1079)
4(951 959 1085 1080)
4(963 969 1094 1088)
4(968 1093 1094 969)
4(964 970 1095 1089)
4(969 1094 1095 970)
4(965 971 1096 1090)
4(970 1095 1096 971)
4(966 972 1097 1091)
4(971 1096 1097 972)
4(972 1097 1098 973)
4(969 977 1102 1094)
4(976 1101 1102 977)
4(970 978 1103 1095)
4(977 1102 1103 978)
4(971 979 1104 1096)
4(978 1103 1104 979)
4(1095 1096 1104 1103)
4(972 980 1105 1097)
4(979 1104 1105 980)
4(1096 1097 1105 1104)
4(973 981 1106 1098)
4(980 1105 1106 981)
4(1097 1098 1106 1105)
4(974 982 1107 1099)
4(981 1106 1107 982)
4(1098 1099 1107 1106)
4(982 1107 1108 983)
4(977 987 1111 1102)
4(986 1110 1111 987)
4(978 988 1112 1103)
4(987 1111 1112 988)
4(979 989 1113 1104)
4(988 1112 1113 989)
4(1103 1104 1113 1112)
4(980 990 1114 1105)
4(989 1113 1114 990)
4(1104 1105 1114 1113)
4(981 991 1115 1106)
4(990 1114 1115 991)
4(1105 1106 1115 1114)
4(982 992 1116 1107)
4(991 1115 1116 992)
4(1106 1107 1116 1115)
4(983 993 1117 1108)
4(992 1116 1117 993)
4(1107 1108 1117 1116)
4(993 1117 1118 994)
4(987 998 1122 1111)
4(997 1121 1122 998)
4(988 999 1123 1112)
4(998 1122 1123 999)
4(989 1000 1124 1113)
4(999 1123 1124 1000)
4(1112 1113 1124 1123)
4(990 1001 1125 1114)
4(1000 1124 1125 1001)
4(1113 1114 1125 1124)
4(991 1002 1126 1115)
4(1001 1125 1126 1002)
4(1114 1115 1126 1125)
4(992 1003 1127 1116)
4(1002 1126 1127 1003)
4(1115 1116 1127 1126)
4(993 1004 1128 1117)
4(1003 1127 1128 1004)
4(1116 1117 1128 1127)
4(994 1005 1129 1118)
4(1004 1128 1129 1005)
4(1117 1118 1129 1128)
4(1005 1129 1130 1006)
4(997 1009 1132 1121)
4(1008 1131 1132 1009)
4(998 1010 1133 1122)
4(1009 1132 1133 1010)
4(999 1011 1134 1123)
4(1010 1133 1134 1011)
4(1000 1012 1135 1124)
4(1011 1134 1135 1012)
4(1123 1124 1135 1134)
4(1001 1013 1136 1125)
4(1012 1135 1136 1013)
4(1124 1125 1136 1135)
4(1002 1014 1137 1126)
4(1013 1136 1137 1014)
4(1125 1126 1137 1136)
4(1003 1015 1138 1127)
4(1014 1137 1138 1015)
4(1126 1127 1138 1137)
4(1004 1016 1139 1128)
4(1015 1138 1139 1016)
4(1127 1128 1139 1138)
4(1005 1017 1140 1129)
4(1016 1139 1140 1017)
4(1128 1129 1140 1139)
4(1017 1140 1141 1018)
4(1009 1021 1143 1132)
4(1010 1022 1144 1133)
4(1021 1143 1144 1022)
4(1011 1023 1145 1134)
4(1022 1144 1145 1023)
4(1012 1024 1146 1135)
4(1023 1145 1146 1024)
4(1134 1135 1146 1145)
4(1013 1025 1147 1136)
4(1024 1146 1147 1025)
4(1135 1136 1147 1146)
4(1014 1026 1148 1137)
4(1025 1147 1148 1026)
4(1136 1137 1148 1147)
4(1015 1027 1149 1138)
4(1026 1148 1149 1027)
4(1137 1138 1149 1148)
4(1016 1028 1150 1139)
4(1027 1149 1150 1028)
4(1138 1139 1150 1149)
4(1017 1029 1151 1140)
4(1028 1150 1151 1029)
4(1029 1151 1152 1030)
4(1022 1034 1154 1144)
4(1033 1153 1154 1034)
4(1023 1035 1155 1145)
4(1034 1154 1155 1035)
4(1024 1036 1156 1146)
4(1035 1155 1156 1036)
4(1145 1146 1156 1155)
4(1025 1037 1157 1147)
4(1036 1156 1157 1037)
4(1146 1147 1157 1156)
4(1026 1038 1158 1148)
4(1037 1157 1158 1038)
4(1147 1148 1158 1157)
4(1027 1039 1159 1149)
4(1038 1158 1159 1039)
4(1148 1149 1159 1158)
4(1028 1040 1160 1150)
4(1039 1159 1160 1040)
4(1149 1150 1160 1159)
4(1029 1041 1161 1151)
4(1040 1160 1161 1041)
4(1041 1161 1162 1042)
4(1034 1046 1164 1154)
4(1035 1047 1165 1155)
4(1046 1164 1165 1047)
4(1036 1048 1166 1156)
4(1047 1165 1166 1048)
4(1037 1049 1167 1157)
4(1048 1166 1167 1049)
4(1156 1157 1167 1166)
4(1038 1050 1168 1158)
4(1049 1167 1168 1050)
4(1157 1158 1168 1167)
4(1039 1051 1169 1159)
4(1050 1168 1169 1051)
4(1158 1159 1169 1168)
4(1040 1052 1170 1160)
4(1051 1169 1170 1052)
4(1041 1053 1171 1161)
4(1052 1170 1171 1053)
4(1053 1171 1172 1054)
4(1047 1058 1174 1165)
4(1048 1059 1175 1166)
4(1058 1174 1175 1059)
4(1049 1060 1176 1167)
4(1059 1175 1176 1060)
4(1166 1167 1176 1175)
4(1050 1061 1177 1168)
4(1060 1176 1177 1061)
4(1167 1168 1177 1176)
4(1051 1062 1178 1169)
4(1061 1177 1178 1062)
4(1168 1169 1178 1177)
4(1052 1063 1179 1170)
4(1062 1178 1179 1063)
4(1053 1064 1180 1171)
4(1063 1179 1180 1064)
4(1059 1069 1183 1175)
4(1060 1070 1184 1176)
4(1069 1183 1184 1070)
4(1175 1176 1184 1183)
4(1061 1071 1185 1177)
4(1070 1184 1185 1071)
4(1176 1177 1185 1184)
4(1062 1072 1186 1178)
4(1071 1185 1186 1072)
4(1177 1178 1186 1185)
4(1063 1073 1187 1179)
4(1072 1186 1187 1073)
4(1070 1078 1190 1184)
4(1071 1079 1191 1185)
4(1072 1080 1192 1186)
4(1096 1104 1200 1195)
4(1103 1199 1200 1104)
4(1097 1105 1201 1196)
4(1104 1200 1201 1105)
4(1098 1106 1202 1197)
4(1105 1201 1202 1106)
4(1106 1202 1203 1107)
4(1104 1113 1206 1200)
4(1112 1205 1206 1113)
4(1105 1114 1207 1201)
4(1113 1206 1207 1114)
4(1106 1115 1208 1202)
4(1114 1207 1208 1115)
4(1107 1116 1209 1203)
4(1115 1208 1209 1116)
4(1116 1209 1210 1117)
4(1113 1124 1213 1206)
4(1123 1212 1213 1124)
4(1114 1125 1214 1207)
4(1124 1213 1214 1125)
4(1115 1126 1215 1208)
4(1125 1214 1215 1126)
4(1116 1127 1216 1209)
4(1126 1215 1216 1127)
4(1117 1128 1217 1210)
4(1127 1216 1217 1128)
4(1128 1217 1218 1129)
4(1124 1135 1220 1213)
4(1134 1219 1220 1135)
4(1125 1136 1221 1214)
4(1135 1220 1221 1136)
4(1126 1137 1222 1215)
4(1136 1221 1222 1137)
4(1127 1138 1223 1216)
4(1137 1222 1223 1138)
4(1128 1139 1224 1217)
4(1138 1223 1224 1139)
4(1135 1146 1227 1220)
4(1145 1226 1227 1146)
4(1136 1147 1228 1221)
4(1146 1227 1228 1147)
4(1137 1148 1229 1222)
4(1147 1228 1229 1148)
4(1138 1149 1230 1223)
4(1148 1229 1230 1149)
4(1149 1230 1231 1150)
4(1146 1156 1233 1227)
4(1147 1157 1234 1228)
4(1156 1233 1234 1157)
4(1148 1158 1235 1229)
4(1157 1234 1235 1158)
4(1149 1159 1236 1230)
4(1158 1235 1236 1159)
4(1157 1167 1239 1234)
4(1166 1238 1239 1167)
4(1158 1168 1240 1235)
4(1167 1239 1240 1168)
4(1168 1240 1241 1169)
4(1167 1176 1243 1239)
4(1175 1242 1243 1176)
4(1168 1177 1244 1240)
4(1176 1243 1244 1177)
4(1177 1244 1245 1178)
4(1176 1184 1247 1243)
4(1177 1185 1248 1244)
4(45 59 60 46)
4(59 73 74 60)
4(73 87 88 74)
4(87 101 102 88)
4(101 114 115 102)
4(114 127 128 115)
4(0 8 9 1)
4(8 20 21 9)
4(20 32 33 21)
4(32 46 47 33)
4(46 60 61 47)
4(60 74 75 61)
4(74 88 89 75)
4(88 102 103 89)
4(102 115 116 103)
4(115 128 129 116)
4(128 140 141 129)
4(1 9 10 2)
4(9 21 22 10)
4(21 33 34 22)
4(33 47 48 34)
4(47 61 62 48)
4(61 75 76 62)
4(75 89 90 76)
4(89 103 104 90)
4(103 116 117 104)
4(116 129 130 117)
4(129 141 142 130)
4(141 151 152 142)
4(2 10 11 3)
4(10 22 23 11)
4(22 34 35 23)
4(34 48 49 35)
4(48 62 63 49)
4(62 76 77 63)
4(76 90 91 77)
4(90 104 105 91)
4(104 117 118 105)
4(117 130 131 118)
4(130 142 143 131)
4(142 152 153 143)
4(3 11 12 4)
4(11 23 24 12)
4(23 35 36 24)
4(35 49 50 36)
4(49 63 64 50)
4(63 77 78 64)
4(77 91 92 78)
4(91 105 106 92)
4(105 118 119 106)
4(118 131 132 119)
4(131 143 144 132)
4(143 153 154 144)
4(153 161 162 154)
4(4 12 13 5)
4(12 24 25 13)
4(24 36 37 25)
4(36 50 51 37)
4(50 64 65 51)
4(64 78 79 65)
4(78 92 93 79)
4(92 106 107 93)
4(106 119 120 107)
4(119 132 133 120)
4(132 144 145 133)
4(144 154 155 145)
4(154 162 163 155)
4(5 13 14 6)
4(13 25 26 14)
4(25 37 38 26)
4(37 51 52 38)
4(51 65 66 52)
4(65 79 80 66)
4(79 93 94 80)
4(93 107 108 94)
4(107 120 121 108)
4(120 133 134 121)
4(133 145 146 134)
4(145 155 156 146)
4(155 163 164 156)
4(6 14 15 7)
4(14 26 27 15)
4(26 38 39 27)
4(38 52 53 39)
4(52 66 67 53)
4(66 80 81 67)
4(80 94 95 81)
4(94 108 109 95)
4(108 121 122 109)
4(121 134 135 122)
4(134 146 147 135)
4(146 156 157 147)
4(156 164 165 157)
4(15 27 28 16)
4(27 39 40 28)
4(39 53 54 40)
4(53 67 68 54)
4(67 81 82 68)
4(81 95 96 82)
4(95 109 110 96)
4(109 122 123 110)
4(122 135 136 123)
4(135 147 148 136)
4(147 157 158 148)
4(157 165 166 158)
4(16 28 29 17)
4(28 40 41 29)
4(40 54 55 41)
4(54 68 69 55)
4(68 82 83 69)
4(82 96 97 83)
4(96 110 111 97)
4(110 123 124 111)
4(123 136 137 124)
4(136 148 149 137)
4(148 158 159 149)
4(158 166 167 159)
4(17 29 30 18)
4(29 41 42 30)
4(41 55 56 42)
4(55 69 70 56)
4(69 83 84 70)
4(83 97 98 84)
4(97 111 112 98)
4(111 124 125 112)
4(124 137 138 125)
4(137 149 150 138)
4(149 159 160 150)
4(18 30 31 19)
4(30 42 43 31)
4(42 56 57 43)
4(56 70 71 57)
4(70 84 85 71)
4(84 98 99 85)
4(98 112 113 99)
4(112 125 126 113)
4(125 138 139 126)
4(43 57 58 44)
4(57 71 72 58)
4(71 85 86 72)
4(85 99 100 86)
4(159 329 330 160)
4(159 167 337 329)
4(0 168 177 8)
4(8 177 189 20)
4(19 31 200 188)
4(20 189 202 32)
4(31 43 213 200)
4(43 44 214 213)
4(200 213 214 201)
4(32 202 216 46)
4(45 46 216 215)
4(44 58 228 214)
4(45 215 229 59)
4(58 72 242 228)
4(59 229 243 73)
4(72 86 256 242)
4(73 243 257 87)
4(86 100 270 256)
4(99 269 270 100)
4(87 257 271 101)
4(99 113 283 269)
4(101 271 284 114)
4(113 126 296 283)
4(114 284 297 127)
4(127 297 298 128)
4(284 285 298 297)
4(126 139 309 296)
4(138 308 309 139)
4(128 298 310 140)
4(140 310 311 141)
4(138 150 320 308)
4(141 311 321 151)
4(151 321 322 152)
4(152 322 323 153)
4(150 160 330 320)
4(153 323 331 161)
4(161 331 332 162)
4(323 324 332 331)
4(162 332 333 163)
4(324 325 333 332)
4(163 333 334 164)
4(164 334 335 165)
4(165 335 336 166)
4(166 336 337 167)
4(328 329 337 336)
4(177 348 360 189)
4(188 200 371 359)
4(200 201 372 371)
4(189 360 373 202)
4(201 214 385 372)
4(371 372 385 384)
4(202 373 387 216)
4(215 216 387 386)
4(214 228 399 385)
4(215 386 400 229)
4(228 242 413 399)
4(229 400 414 243)
4(242 256 427 413)
4(243 414 428 257)
4(256 270 441 427)
4(269 440 441 270)
4(257 428 442 271)
4(269 283 454 440)
4(271 442 455 284)
4(284 455 456 285)
4(442 443 456 455)
4(283 296 467 454)
4(285 456 468 298)
4(296 309 479 467)
4(308 478 479 309)
4(310 480 481 311)
4(308 320 490 478)
4(311 481 491 321)
4(321 491 492 322)
4(481 482 492 491)
4(322 492 493 323)
4(482 483 493 492)
4(323 493 494 324)
4(324 494 495 325)
4(328 498 499 329)
4(320 330 500 490)
4(329 499 500 330)
4(325 495 501 333)
4(333 501 502 334)
4(495 496 502 501)
4(334 502 503 335)
4(496 497 503 502)
4(328 336 504 498)
4(335 503 504 336)
4(497 498 504 503)
4(348 517 529 360)
4(360 529 541 373)
4(371 384 552 540)
4(384 385 553 552)
4(373 541 555 387)
4(386 387 555 554)
4(385 399 567 553)
4(552 553 567 566)
4(386 554 568 400)
4(554 555 569 568)
4(399 413 581 567)
4(400 568 582 414)
4(413 427 595 581)
4(414 582 596 428)
4(427 441 609 595)
4(440 608 609 441)
4(428 596 610 442)
4(442 610 611 443)
4(596 597 611 610)
4(440 454 622 608)
4(608 622 623 609)
4(443 611 624 456)
4(454 467 635 622)
4(456 624 636 468)
4(467 479 647 635)
4(481 648 649 482)
4(637 638 649 648)
4(482 649 650 483)
4(483 650 658 493)
4(493 658 659 494)
4(650 651 659 658)
4(494 659 660 495)
4(651 652 660 659)
4(495 660 661 496)
4(496 661 662 497)
4(497 662 663 498)
4(498 663 664 499)
4(507 670 680 517)
4(517 680 691 529)
4(529 691 703 541)
4(540 552 714 702)
4(541 703 715 555)
4(552 566 726 714)
4(566 567 727 726)
4(555 715 729 569)
4(568 569 729 728)
4(567 581 741 727)
4(568 728 742 582)
4(728 729 743 742)
4(581 595 755 741)
4(582 742 756 596)
4(596 756 757 597)
4(742 743 757 756)
4(595 609 769 755)
4(597 757 770 611)
4(609 623 782 769)
4(622 781 782 623)
4(611 770 783 624)
4(770 771 784 783)
4(622 635 794 781)
4(637 795 796 638)
4(784 785 796 795)
4(638 796 806 649)
4(649 806 807 650)
4(796 797 807 806)
4(650 807 808 651)
4(651 808 809 652)
4(652 809 815 660)
4(660 815 816 661)
4(809 810 816 815)
4(661 816 817 662)
4(810 811 817 816)
4(662 817 818 663)
4(811 812 818 817)
4(663 818 819 664)
4(812 813 819 818)
4(680 835 846 691)
4(691 846 858 703)
4(703 858 870 715)
4(714 726 881 869)
4(726 727 882 881)
4(715 870 883 729)
4(727 741 895 882)
4(881 882 895 894)
4(729 883 896 743)
4(741 755 908 895)
4(894 895 908 907)
4(743 896 909 757)
4(755 769 921 908)
4(907 908 921 920)
4(757 909 922 770)
4(770 922 923 771)
4(769 782 934 921)
4(771 923 935 784)
4(784 935 936 785)
4(785 936 946 796)
4(796 946 947 797)
4(936 937 947 946)
4(797 947 955 807)
4(807 955 956 808)
4(947 948 956 955)
4(808 956 957 809)
4(948 949 957 956)
4(809 957 958 810)
4(810 958 959 811)
4(811 959 960 812)
4(812 960 961 813)
4(846 985 996 858)
4(985 986 997 996)
4(858 996 1008 870)
4(1006 1007 1019 1018)
4(870 1008 1020 883)
4(881 894 1031 1019)
4(1018 1019 1031 1030)
4(883 1020 1032 896)
4(1020 1021 1033 1032)
4(894 907 1043 1031)
4(1030 1031 1043 1042)
4(896 1032 1044 909)
4(1032 1033 1045 1044)
4(907 920 1055 1043)
4(1042 1043 1055 1054)
4(1045 1046 1057 1056)
4(1054 1055 1066 1065)
4(936 1067 1068 937)
4(1057 1058 1068 1067)
4(1064 1065 1075 1074)
4(937 1068 1076 947)
4(947 1076 1077 948)
4(1068 1069 1077 1076)
4(948 1077 1078 949)
4(949 1078 1083 957)
4(957 1083 1084 958)
4(1078 1079 1084 1083)
4(958 1084 1085 959)
4(959 1085 1086 960)
4(1087 1088 1094 1093)
4(1088 1089 1095 1094)
4(1089 1090 1096 1095)
4(1090 1091 1097 1096)
4(1091 1092 1098 1097)
4(1093 1094 1102 1101)
4(1094 1095 1103 1102)
4(1099 1100 1108 1107)
4(976 1101 1110 986)
4(1101 1102 1111 1110)
4(1102 1103 1112 1111)
4(1108 1109 1118 1117)
4(986 1110 1121 997)
4(996 997 1121 1120)
4(1110 1111 1122 1121)
4(1111 1112 1123 1122)
4(1118 1119 1130 1129)
4(1120 1121 1132 1131)
4(1121 1122 1133 1132)
4(1122 1123 1134 1133)
4(1006 1018 1141 1130)
4(1129 1130 1141 1140)
4(1020 1142 1143 1021)
4(1131 1132 1143 1142)
4(1132 1133 1144 1143)
4(1133 1134 1145 1144)
4(1139 1140 1151 1150)
4(1018 1030 1152 1141)
4(1140 1141 1152 1151)
4(1021 1143 1153 1033)
4(1143 1144 1154 1153)
4(1144 1145 1155 1154)
4(1150 1151 1161 1160)
4(1030 1042 1162 1152)
4(1151 1152 1162 1161)
4(1033 1153 1163 1045)
4(1045 1163 1164 1046)
4(1153 1154 1164 1163)
4(1154 1155 1165 1164)
4(1155 1156 1166 1165)
4(1159 1160 1170 1169)
4(1160 1161 1171 1170)
4(1042 1054 1172 1162)
4(1161 1162 1172 1171)
4(1046 1164 1173 1057)
4(1057 1173 1174 1058)
4(1164 1165 1174 1173)
4(1165 1166 1175 1174)
4(1169 1170 1179 1178)
4(1170 1171 1180 1179)
4(1054 1065 1181 1172)
4(1064 1180 1181 1065)
4(1171 1172 1181 1180)
4(1058 1174 1182 1068)
4(1068 1182 1183 1069)
4(1174 1175 1183 1182)
4(1178 1179 1187 1186)
4(1064 1074 1188 1180)
4(1179 1180 1188 1187)
4(1069 1183 1189 1077)
4(1077 1189 1190 1078)
4(1078 1190 1191 1079)
4(1095 1096 1195 1194)
4(1096 1097 1196 1195)
4(1097 1098 1197 1196)
4(1098 1099 1198 1197)
4(1095 1194 1199 1103)
4(1194 1195 1200 1199)
4(1195 1196 1201 1200)
4(1196 1197 1202 1201)
4(1099 1107 1203 1198)
4(1197 1198 1203 1202)
4(1107 1108 1204 1203)
4(1103 1199 1205 1112)
4(1199 1200 1206 1205)
4(1200 1201 1207 1206)
4(1201 1202 1208 1207)
4(1202 1203 1209 1208)
4(1108 1117 1210 1204)
4(1203 1204 1210 1209)
4(1117 1118 1211 1210)
4(1112 1205 1212 1123)
4(1205 1206 1213 1212)
4(1206 1207 1214 1213)
4(1207 1208 1215 1214)
4(1208 1209 1216 1215)
4(1209 1210 1217 1216)
4(1118 1129 1218 1211)
4(1210 1211 1218 1217)
4(1123 1212 1219 1134)
4(1212 1213 1220 1219)
4(1213 1214 1221 1220)
4(1214 1215 1222 1221)
4(1215 1216 1223 1222)
4(1216 1217 1224 1223)
4(1129 1140 1225 1218)
4(1139 1224 1225 1140)
4(1217 1218 1225 1224)
4(1134 1219 1226 1145)
4(1219 1220 1227 1226)
4(1220 1221 1228 1227)
4(1221 1222 1229 1228)
4(1222 1223 1230 1229)
4(1139 1150 1231 1224)
4(1223 1224 1231 1230)
4(1145 1226 1232 1155)
4(1155 1232 1233 1156)
4(1226 1227 1233 1232)
4(1227 1228 1234 1233)
4(1228 1229 1235 1234)
4(1229 1230 1236 1235)
4(1150 1160 1237 1231)
4(1159 1236 1237 1160)
4(1230 1231 1237 1236)
4(1156 1233 1238 1166)
4(1233 1234 1239 1238)
4(1234 1235 1240 1239)
4(1159 1169 1241 1236)
4(1235 1236 1241 1240)
4(1166 1238 1242 1175)
4(1238 1239 1243 1242)
4(1239 1240 1244 1243)
4(1169 1178 1245 1241)
4(1240 1241 1245 1244)
4(1175 1242 1246 1183)
4(1242 1243 1247 1246)
4(1243 1244 1248 1247)
4(1178 1186 1249 1245)
4(1244 1245 1249 1248)
4(468 469 481 480)
4(468 636 637 469)
4(469 637 648 481)
4(298 468 480 310)
4(909 910 923 922)
4(909 1044 1045 910)
4(910 1045 1056 923)
4(0 1 169 168)
4(1 2 170 169)
4(2 3 171 170)
4(3 4 172 171)
4(4 5 173 172)
4(5 6 174 173)
4(6 7 175 174)
4(7 15 184 175)
4(15 16 185 184)
4(175 184 185 176)
4(16 17 186 185)
4(17 18 187 186)
4(18 19 188 187)
4(168 169 339 338)
4(169 170 340 339)
4(170 171 341 340)
4(171 172 342 341)
4(172 173 343 342)
4(173 174 344 343)
4(174 175 345 344)
4(175 176 346 345)
4(168 338 348 177)
4(176 185 356 346)
4(185 186 357 356)
4(346 356 357 347)
4(186 187 358 357)
4(187 188 359 358)
4(338 339 508 507)
4(339 340 509 508)
4(340 341 510 509)
4(341 342 511 510)
4(342 343 512 511)
4(343 344 513 512)
4(505 512 513 506)
4(344 345 514 513)
4(345 346 515 514)
4(346 347 516 515)
4(338 507 517 348)
4(347 357 526 516)
4(357 358 527 526)
4(358 359 528 527)
4(359 371 540 528)
4(527 528 540 539)
4(505 506 669 668)
4(507 508 671 670)
4(508 509 672 671)
4(509 510 673 672)
4(665 672 673 666)
4(510 511 674 673)
4(666 673 674 667)
4(505 668 675 512)
4(511 512 675 674)
4(667 674 675 668)
4(506 513 676 669)
4(513 514 677 676)
4(514 515 678 677)
4(515 516 679 678)
4(516 526 689 679)
4(678 679 689 688)
4(526 527 690 689)
4(527 539 701 690)
4(539 540 702 701)
4(665 666 822 821)
4(666 667 823 822)
4(667 668 824 823)
4(668 669 825 824)
4(670 671 827 826)
4(665 821 828 672)
4(671 672 828 827)
4(820 827 828 821)
4(669 676 832 825)
4(676 677 833 832)
4(677 678 834 833)
4(670 826 835 680)
4(826 827 836 835)
4(678 688 843 834)
4(688 689 844 843)
4(689 690 845 844)
4(835 836 847 846)
4(690 701 856 845)
4(844 845 856 855)
4(701 702 857 856)
4(702 714 869 857)
4(856 857 869 868)
4(820 821 963 962)
4(821 822 964 963)
4(822 823 965 964)
4(823 824 966 965)
4(824 825 967 966)
4(820 962 968 827)
4(825 832 973 967)
4(832 833 974 973)
4(833 834 975 974)
4(827 968 976 836)
4(834 843 983 975)
4(843 844 984 983)
4(836 976 986 847)
4(846 847 986 985)
4(844 855 994 984)
4(855 856 995 994)
4(856 868 1006 995)
4(868 869 1007 1006)
4(869 881 1019 1007)
4(962 963 1088 1087)
4(963 964 1089 1088)
4(964 965 1090 1089)
4(965 966 1091 1090)
4(966 967 1092 1091)
4(962 1087 1093 968)
4(967 973 1098 1092)
4(973 974 1099 1098)
4(974 975 1100 1099)
4(968 1093 1101 976)
4(975 983 1108 1100)
4(983 984 1109 1108)
4(984 994 1118 1109)
4(994 995 1119 1118)
4(995 1006 1130 1119)
4(996 1120 1131 1008)
4(1008 1131 1142 1020)
4(489 490 500 499)
4(478 646 647 479)
4(478 490 657 646)
4(489 656 657 490)
4(489 499 664 656)
4(635 647 805 794)
4(646 804 805 647)
4(793 794 805 804)
4(646 657 814 804)
4(656 813 814 657)
4(803 804 814 813)
4(656 664 819 813)
4(781 933 934 782)
4(920 921 934 933)
4(781 794 945 933)
4(793 944 945 794)
4(932 933 945 944)
4(793 804 954 944)
4(803 953 954 804)
4(943 944 954 953)
4(803 813 961 953)
4(952 953 961 960)
4(920 933 1066 1055)
4(932 1065 1066 933)
4(932 944 1075 1065)
4(943 1074 1075 944)
4(943 953 1082 1074)
4(952 1081 1082 953)
4(1073 1074 1082 1081)
4(1079 1080 1085 1084)
4(952 960 1086 1081)
4(1080 1081 1086 1085)
4(1073 1187 1188 1074)
4(1183 1184 1190 1189)
4(1184 1185 1191 1190)
4(1079 1191 1192 1080)
4(1185 1186 1192 1191)
4(1073 1081 1193 1187)
4(1080 1192 1193 1081)
4(1186 1187 1193 1192)
4(1183 1246 1247 1184)
4(1184 1247 1248 1185)
4(1185 1248 1249 1186)
4(923 924 936 935)
4(923 1056 1057 924)
4(924 1057 1067 936)
4(624 625 637 636)
4(624 783 784 625)
4(625 784 795 637)
)


// ************************************************************************* //
