/*--------------------------------*- C++ -*----------------------------------*\
  =========                 |
  \\      /  F ield         | OpenFOAM: The Open Source CFD Toolbox
   \\    /   O peration     | Website:  https://openfoam.org
    \\  /    A nd           | Version:  6
     \\/     M anipulation  |
\*---------------------------------------------------------------------------*/
FoamFile
{
    version     2.0;
    format      ascii;
    class       labelList;
    location    "constant/region12/polyMesh";
    object      faceRegionAddressing;
}
// * * * * * * * * * * * * * * * * * * * * * * * * * * * * * * * * * * * * * //


2970
(
6710
6711
6712
6713
6714
6715
6716
6717
6718
6719
6720
6721
6722
6723
6724
6725
6726
6727
6729
6730
6901
6902
6903
6904
6905
6906
6907
6908
6909
6910
6911
6912
6913
6914
6915
6916
6917
6918
6919
6920
6921
6922
6923
6924
6925
6926
6927
6928
6929
6930
6932
6933
7092
7093
7094
7095
7096
7097
7098
7099
7100
7101
7102
7103
7104
7105
7106
7107
7108
7109
7110
7111
7112
7113
7114
7115
7116
7117
7118
7119
7120
7121
7123
7124
7283
7284
7285
7286
7287
7288
7289
7290
7291
7292
7293
7294
7295
7296
7297
7298
7299
7300
7301
7302
7303
7304
7305
7306
7307
7308
7309
7310
7311
7312
7313
7314
7315
7317
7318
7471
7472
7473
7474
7475
7476
7477
7478
7479
7480
7481
7482
7483
7484
7485
7486
7487
7488
7489
7490
7491
7492
7493
7494
7495
7496
7497
7498
7499
7500
7501
7502
7503
7504
7505
7506
7508
7509
7662
7663
7664
7665
7666
7667
7668
7669
7670
7671
7672
7673
7674
7675
7676
7677
7678
7679
7680
7681
7682
7683
7684
7685
7686
7687
7688
7689
7690
7691
7692
7693
7694
7695
7696
7697
7699
7700
7853
7854
7855
7856
7857
7858
7859
7860
7861
7862
7863
7864
7865
7866
7867
7868
7869
7870
7871
7872
7873
7874
7875
7876
7877
7878
7879
7880
7881
7882
7883
7884
7885
7886
7887
7888
7891
8044
8045
8046
8047
8048
8049
8050
8051
8052
8053
8054
8055
8056
8057
8058
8059
8060
8061
8062
8063
8064
8065
8066
8067
8068
8069
8070
8071
8072
8073
8074
8075
8076
8078
8079
8235
8236
8237
8238
8239
8240
8241
8242
8243
8244
8245
8246
8247
8248
8249
8250
8251
8252
8253
8254
8255
8256
8257
8258
8259
8260
8261
8262
8263
8264
8265
8266
8267
8269
8270
8426
8429
8430
8431
8432
8433
8434
8435
8436
8437
8438
8439
8440
8441
8442
8443
8444
8445
8446
8447
8448
8449
8450
8451
8452
8453
8454
8455
8456
8457
8458
8461
8620
8622
8623
8624
8625
8626
8627
8628
8629
8630
8631
8632
8633
8634
8635
8636
8637
8638
8639
8640
8641
8642
8643
8644
8645
8646
8648
8649
8814
8816
8817
8819
8820
8821
8822
8823
8824
8825
8826
8827
8828
8829
8830
8831
8832
8833
8834
8835
8836
8837
8840
9011
9014
9017
9019
9020
9022
9023
9025
18870
18871
18872
18873
18874
18875
18876
18877
18878
18879
18880
18881
18882
18883
18884
18885
18886
18887
18888
18889
18890
18892
18893
19061
19062
19063
19064
19065
19066
19067
19068
19069
19070
19071
19072
19073
19074
19075
19076
19077
19078
19079
19080
19081
19082
19083
19084
19085
19086
19087
19088
19089
19090
19092
19093
19252
19253
19254
19255
19256
19257
19258
19259
19260
19261
19262
19263
19264
19265
19266
19267
19268
19269
19270
19271
19272
19273
19274
19275
19276
19277
19278
19279
19280
19281
19282
19283
19284
19286
19443
19444
19445
19446
19447
19448
19449
19450
19451
19452
19453
19454
19455
19456
19457
19458
19459
19460
19461
19462
19463
19464
19465
19466
19467
19468
19469
19470
19471
19472
19473
19474
19475
19477
19478
19631
19632
19633
19634
19635
19636
19637
19638
19639
19640
19641
19642
19643
19644
19645
19646
19647
19648
19649
19650
19651
19652
19653
19654
19655
19656
19657
19658
19659
19660
19661
19662
19663
19664
19665
19666
19668
19669
19822
19823
19824
19825
19826
19827
19828
19829
19830
19831
19832
19833
19834
19835
19836
19837
19838
19839
19840
19841
19842
19843
19844
19845
19846
19847
19848
19849
19850
19851
19852
19853
19854
19855
19856
19857
19859
19860
20013
20014
20015
20016
20017
20018
20019
20020
20021
20022
20023
20024
20025
20026
20027
20028
20029
20030
20031
20032
20033
20034
20035
20036
20037
20038
20039
20040
20041
20042
20043
20044
20045
20046
20047
20048
20051
20204
20205
20206
20207
20208
20209
20210
20211
20212
20213
20214
20215
20216
20217
20218
20219
20220
20221
20222
20223
20224
20225
20226
20227
20228
20229
20230
20231
20232
20233
20234
20235
20236
20238
20239
20395
20398
20399
20400
20401
20402
20403
20404
20405
20406
20407
20408
20409
20410
20411
20412
20413
20414
20415
20416
20417
20418
20419
20420
20421
20422
20423
20424
20425
20426
20427
20429
20430
20589
20590
20591
20592
20593
20594
20595
20596
20597
20598
20599
20600
20601
20602
20603
20604
20605
20606
20607
20608
20609
20610
20611
20612
20613
20614
20615
20616
20617
20618
20621
20780
20783
20784
20785
20786
20787
20788
20789
20790
20791
20792
20793
20794
20795
20796
20797
20798
20799
20800
20801
20802
20803
20804
20805
20806
20808
20809
20974
20977
20980
20982
20983
20985
20986
20987
20988
20989
20990
20991
20992
20993
20994
20995
20997
21177
21180
31030
31031
31032
31033
31034
31035
31036
31037
31038
31039
31040
31041
31042
31043
31044
31045
31046
31047
31048
31049
31050
31051
31052
31053
31055
31056
31221
31222
31223
31224
31225
31226
31227
31228
31229
31230
31231
31232
31233
31234
31235
31236
31237
31238
31239
31240
31241
31242
31243
31244
31245
31246
31247
31248
31249
31250
31252
31412
31413
31414
31415
31416
31417
31418
31419
31420
31421
31422
31423
31424
31425
31426
31427
31428
31429
31430
31431
31432
31433
31434
31435
31436
31437
31438
31439
31440
31441
31443
31444
31603
31604
31605
31606
31607
31608
31609
31610
31611
31612
31613
31614
31615
31616
31617
31618
31619
31620
31621
31622
31623
31624
31625
31626
31627
31628
31629
31630
31631
31632
31633
31634
31635
31637
31791
31792
31794
31795
31796
31797
31798
31799
31800
31801
31802
31803
31804
31805
31806
31807
31808
31809
31810
31811
31812
31813
31814
31815
31816
31817
31818
31819
31820
31821
31822
31823
31824
31825
31826
31828
31829
31982
31983
31984
31985
31986
31987
31988
31989
31990
31991
31992
31993
31994
31995
31996
31997
31998
31999
32000
32001
32002
32003
32004
32005
32006
32007
32008
32009
32010
32011
32012
32013
32014
32015
32016
32017
32019
32020
32173
32174
32175
32176
32177
32178
32179
32180
32181
32182
32183
32184
32185
32186
32187
32188
32189
32190
32191
32192
32193
32194
32195
32196
32197
32198
32199
32200
32201
32202
32203
32204
32205
32206
32207
32208
32211
32364
32367
32368
32369
32370
32371
32372
32373
32374
32375
32376
32377
32378
32379
32380
32381
32382
32383
32384
32385
32386
32387
32388
32389
32390
32391
32392
32393
32394
32395
32396
32398
32399
32558
32559
32560
32561
32562
32563
32564
32565
32566
32567
32568
32569
32570
32571
32572
32573
32574
32575
32576
32577
32578
32579
32580
32581
32582
32583
32584
32585
32586
32587
32589
32590
32749
32752
32753
32754
32755
32756
32757
32758
32759
32760
32761
32762
32763
32764
32765
32766
32767
32768
32769
32770
32771
32772
32773
32774
32775
32776
32777
32778
32781
32943
32946
32948
32949
32950
32951
32952
32953
32954
32955
32956
32957
32958
32959
32960
32961
32962
32963
32964
32965
32966
32969
33140
33143
33146
33148
33149
33151
33152
33154
33157
43015
43016
43190
43191
43192
43193
43194
43195
43196
43197
43198
43199
43200
43201
43202
43203
43204
43205
43206
43207
43208
43209
43210
43211
43212
43213
43215
43381
43382
43383
43384
43385
43386
43387
43388
43389
43390
43391
43392
43393
43394
43395
43396
43397
43398
43399
43400
43401
43402
43403
43404
43405
43406
43407
43409
43410
43572
43573
43574
43575
43576
43577
43578
43579
43580
43581
43582
43583
43584
43585
43586
43587
43588
43589
43590
43591
43592
43593
43594
43595
43596
43597
43598
43599
43600
43601
43603
43604
43763
43764
43765
43766
43767
43768
43769
43770
43771
43772
43773
43774
43775
43776
43777
43778
43779
43780
43781
43782
43783
43784
43785
43786
43787
43788
43789
43790
43791
43792
43794
43795
43954
43955
43956
43957
43958
43959
43960
43961
43962
43963
43964
43965
43966
43967
43968
43969
43970
43971
43972
43973
43974
43975
43976
43977
43978
43979
43980
43981
43982
43983
43984
43985
43986
43988
43989
44142
44143
44145
44146
44147
44148
44149
44150
44151
44152
44153
44154
44155
44156
44157
44158
44159
44160
44161
44162
44163
44164
44165
44166
44167
44168
44169
44170
44171
44172
44173
44174
44175
44176
44177
44179
44180
44333
44336
44337
44338
44339
44340
44341
44342
44343
44344
44345
44346
44347
44348
44349
44350
44351
44352
44353
44354
44355
44356
44357
44358
44359
44360
44361
44362
44363
44364
44365
44366
44367
44368
44370
44371
44527
44528
44529
44530
44531
44532
44533
44534
44535
44536
44537
44538
44539
44540
44541
44542
44543
44544
44545
44546
44547
44548
44549
44550
44551
44552
44553
44554
44555
44556
44557
44558
44559
44562
44718
44721
44722
44723
44724
44725
44726
44727
44728
44729
44730
44731
44732
44733
44734
44735
44736
44737
44738
44739
44740
44741
44742
44743
44744
44745
44746
44747
44749
44750
44912
44915
44916
44917
44918
44919
44920
44921
44922
44923
44924
44925
44926
44927
44928
44929
44930
44931
44932
44933
44934
44935
44936
44937
44938
45106
45109
45111
45112
45114
45115
45116
45117
45118
45119
45120
45121
45122
45123
45124
45125
45126
45306
45309
45312
55165
55166
55167
55168
55169
55170
55171
55172
55173
55175
55176
55350
55351
55353
55354
55355
55356
55357
55358
55359
55360
55361
55362
55363
55364
55365
55366
55367
55368
55369
55370
55372
55373
55541
55542
55544
55545
55546
55547
55548
55549
55550
55551
55552
55553
55554
55555
55556
55557
55558
55559
55560
55561
55562
55563
55564
55565
55566
55567
55569
55732
55733
55734
55735
55736
55737
55738
55739
55740
55741
55742
55743
55744
55745
55746
55747
55748
55749
55750
55751
55752
55753
55754
55755
55756
55757
55758
55759
55760
55761
55763
55923
55924
55925
55926
55927
55928
55929
55930
55931
55932
55933
55934
55935
55936
55937
55938
55939
55940
55941
55942
55943
55944
55945
55946
55947
55948
55949
55950
55951
55952
55954
55955
56114
56115
56116
56117
56118
56119
56120
56121
56122
56123
56124
56125
56126
56127
56128
56129
56130
56131
56132
56133
56134
56135
56136
56137
56138
56139
56140
56141
56142
56143
56144
56145
56146
56148
56305
56306
56307
56308
56309
56310
56311
56312
56313
56314
56315
56316
56317
56318
56319
56320
56321
56322
56323
56324
56325
56326
56327
56328
56329
56330
56331
56332
56333
56334
56335
56336
56337
56339
56496
56497
56498
56499
56500
56501
56502
56503
56504
56505
56506
56507
56508
56509
56510
56511
56512
56513
56514
56515
56516
56517
56518
56519
56520
56521
56522
56523
56524
56525
56526
56527
56528
56530
56687
56690
56691
56692
56693
56694
56695
56696
56697
56698
56699
56700
56701
56702
56703
56704
56705
56706
56707
56708
56709
56710
56711
56712
56713
56714
56715
56716
56717
56718
56719
56881
56884
56885
56886
56887
56888
56889
56890
56891
56892
56893
56894
56895
56896
56897
56898
56899
56900
56901
56902
56903
56904
56905
56906
56907
57075
57078
57079
57080
57081
57082
57083
57084
57085
57086
57087
57088
57089
57090
57091
57092
57093
57094
57095
57269
57272
57275
57277
57278
57280
57281
57283
67322
67323
67324
67325
67326
67327
67328
67329
67330
67331
67332
67333
67335
67336
67513
67514
67515
67516
67517
67518
67519
67520
67521
67522
67523
67524
67525
67526
67527
67528
67529
67530
67532
67533
67704
67705
67706
67707
67708
67709
67710
67711
67712
67713
67714
67715
67716
67717
67718
67719
67720
67721
67722
67723
67724
67726
67727
67892
67893
67895
67896
67897
67898
67899
67900
67901
67902
67903
67904
67905
67906
67907
67908
67909
67910
67911
67912
67913
67914
67915
67916
67917
67918
67920
67921
68083
68084
68085
68086
68087
68088
68089
68090
68091
68092
68093
68094
68095
68096
68097
68098
68099
68100
68101
68102
68103
68104
68105
68106
68107
68108
68109
68110
68111
68112
68114
68274
68275
68276
68277
68278
68279
68280
68281
68282
68283
68284
68285
68286
68287
68288
68289
68290
68291
68292
68293
68294
68295
68296
68297
68298
68299
68300
68301
68302
68303
68305
68465
68466
68468
68469
68470
68471
68472
68473
68474
68475
68476
68477
68478
68479
68480
68481
68482
68483
68484
68485
68486
68487
68488
68489
68490
68491
68492
68493
68494
68496
68656
68659
68660
68661
68662
68663
68664
68665
68666
68667
68668
68669
68670
68671
68672
68673
68674
68675
68676
68677
68678
68679
68680
68681
68682
68683
68684
68685
68687
68850
68853
68854
68855
68856
68857
68858
68859
68860
68861
68862
68863
68864
68865
68866
68867
68868
68869
68870
68871
68872
68873
68874
68875
68876
69044
69047
69048
69049
69050
69051
69052
69053
69054
69055
69056
69057
69058
69059
69060
69061
69062
69063
69064
69238
69241
69243
69244
69245
69246
69247
69248
69249
69250
69251
69252
69435
69438
79482
79483
79485
79486
79488
79489
79491
79492
79495
79673
79674
79676
79677
79679
79680
79681
79682
79683
79684
79685
79686
79687
79688
79689
79690
79692
79864
79865
79867
79868
79870
79871
79872
79873
79874
79875
79876
79877
79878
79879
79880
79881
79882
79883
79884
79886
80055
80056
80058
80059
80061
80062
80063
80064
80065
80066
80067
80068
80069
80070
80071
80072
80073
80074
80075
80076
80077
80078
80080
80243
80244
80246
80247
80249
80250
80252
80253
80254
80255
80256
80257
80258
80259
80260
80261
80262
80263
80264
80265
80266
80267
80268
80269
80271
80434
80437
80438
80440
80441
80443
80444
80445
80446
80447
80448
80449
80450
80451
80452
80453
80454
80455
80456
80457
80458
80459
80462
80628
80629
80631
80632
80634
80635
80636
80637
80638
80639
80640
80641
80642
80643
80644
80645
80646
80647
80648
80649
80650
80653
80819
80822
80823
80825
80826
80828
80829
80830
80831
80832
80833
80834
80835
80836
80837
80838
80840
80841
80844
81013
81016
81017
81019
81020
81021
81022
81023
81024
81025
81026
81027
81028
81029
81031
81032
81207
81210
81211
81212
81213
81214
81215
81216
81217
81218
81219
81220
81401
81404
81407
91839
91840
91842
91843
91845
91846
91849
92030
92031
92033
92034
92036
92037
92039
92040
92043
92221
92222
92224
92225
92227
92228
92230
92231
92233
92234
92237
92412
92413
92415
92416
92418
92419
92421
92422
92424
92425
92603
92604
92606
92607
92609
92610
92612
92613
92616
92794
92797
92798
92800
92801
92803
92804
92988
92989
92991
92992
92995
93179
93180
93182
93183
93186
93370
93373
919272
919273
919274
919275
919276
919277
919332
919333
919334
919335
919336
919337
919338
919339
919340
919341
919342
919396
919397
919398
919399
919400
919401
919402
919403
919404
919405
919406
919407
919460
919461
919462
919463
919464
919465
919466
919467
919468
919469
919470
919471
919524
919525
919526
919527
919528
919529
919530
919531
919532
919533
919534
919535
919536
919588
919589
919590
919591
919592
919593
919594
919595
919596
919597
919598
919599
919600
919652
919653
919654
919655
919656
919657
919658
919659
919660
919661
919662
919663
919664
919716
919717
919718
919719
919720
919721
919722
919723
919724
919725
919726
919727
919728
919781
919782
919783
919784
919785
919786
919787
919788
919789
919790
919791
919792
919845
919846
919847
919848
919849
919850
919851
919852
919853
919854
919855
919856
919909
919910
919911
919912
919913
919914
919915
919916
919917
919918
919919
919973
919974
919975
919976
919977
919978
919979
919980
919981
920039
920040
920041
920042
8839
9026
-6707
-6898
6931
-7089
7122
-7126
-7127
-7280
-7281
7316
-7468
7507
-7659
7698
-7850
7889
7890
-8041
8077
-8232
8268
-8423
8427
8428
8459
8460
-8617
8621
8647
-8811
8815
8818
8838
-9008
9012
9013
9015
9016
9018
9021
9024
9027
9028
-19058
19091
-19095
-19249
19285
19287
-19440
-19441
19476
-19628
19667
-19819
19858
-20010
20049
20050
-20201
20237
-20392
20396
20397
20428
-20586
20619
20620
20781
20807
-20971
20975
20976
20978
20979
20981
20984
20996
20998
20999
-21174
21178
21179
21181
21182
21183
21184
21185
-31218
-31409
31442
-31446
-31600
-31601
31636
31638
-31788
31793
31827
-31979
32018
-32170
32209
32210
-32361
32365
32366
32397
-32402
-32555
32588
-32746
32779
32944
32945
32947
-33137
33141
33142
33144
33145
33147
33150
33153
33156
-43187
-43378
-43569
43602
-43760
43793
-43797
-43951
-43952
43987
-44139
44144
44178
-44330
44334
44335
44369
-44524
44560
44561
-44715
44720
44748
44913
44914
-45103
45107
45108
45110
45113
-45303
45307
45308
45310
45311
45313
45314
45316
45317
-55538
-55729
-55920
55953
-55957
-56111
56147
56149
-56302
56338
56340
-56493
56529
56531
-56684
56688
56720
-56878
56882
-57072
57076
57077
-57266
57270
57271
57273
57274
57276
57279
57282
57285
-67889
67894
-68080
68115
-68271
68304
68306
-68462
68467
68495
68497
-68653
68658
68686
68688
68852
68879
69045
69046
69067
-69235
69239
69240
69242
-69432
69436
69437
69439
69442
79484
79487
79490
79493
79496
79675
79678
79693
-79861
79866
79869
79887
-80052
-80053
80057
80060
80081
80245
80248
80251
80270
80272
80435
80436
80439
80442
80460
80461
80463
-80625
80630
80633
80651
80652
80654
-80816
80820
80821
80824
80827
80839
80842
80843
80845
-81010
81014
81015
81018
81030
81033
81034
81035
81036
-81204
81208
81209
81221
81222
81224
-81398
81402
81405
-91649
-91652
-91655
-91658
-91836
91841
91844
91847
91848
91850
-91852
-92027
92032
92035
92038
92041
92042
92044
-92046
-92218
92223
92226
92229
92232
92235
92236
92238
-92409
92414
92417
92420
92423
92426
92427
92428
92429
-92600
92605
92608
92611
92614
92615
92617
-92791
92795
92796
92799
92802
92805
92806
92807
92808
-92985
92990
92993
92994
92996
-93176
93181
93184
93185
93187
-93367
93372
93375
93376
93378
20782
32750
-32940
-20777
56689
68657
-68847
-6520
-6523
-6526
-6529
-6532
-6535
-6538
6728
-6732
-6733
-6735
-6738
-6741
-18680
-18683
-18686
-18689
-18692
-18695
-18698
-18701
-18867
18891
-18895
-18896
-18898
-18901
-30840
-30843
-30846
-30849
-30852
-30855
-30856
-30858
-30861
-30864
-31027
31054
-31058
-31061
31251
31253
-42824
-43000
-43003
-43006
-43007
-43009
-43010
-43011
-43012
-43013
43014
-43018
-43021
-43024
43214
43216
-43218
43408
-43412
-54975
-54978
-54981
-54984
-55160
-55162
-55163
-55164
55174
-55178
-55181
-55347
55352
55371
-55375
-55378
55543
55568
55570
-55572
55762
55764
-67132
-67135
-67138
-67141
-67144
-67319
67334
-67338
-67341
-67510
67531
-67535
-67701
-67702
67725
-67729
67919
-67923
68113
-79292
-79295
-79298
-79301
-79304
-79479
79494
-79498
-79501
-79670
79691
-79695
79885
-79889
80079
-80240
-80431
21000
32780
32967
32968
33155
44939
44940
44941
45127
45128
45129
45315
56721
56722
56908
56909
56910
57096
57097
57098
57284
57286
68877
68878
69065
69066
69253
69254
69255
69440
69441
69443
81223
81403
81406
81408
81409
81410
81411
81412
93371
93374
93377
56883
68851
-69041
32751
44719
-44909
)


// ************************************************************************* //
