/*--------------------------------*- C++ -*----------------------------------*\
  =========                 |
  \\      /  F ield         | OpenFOAM: The Open Source CFD Toolbox
   \\    /   O peration     | Website:  https://openfoam.org
    \\  /    A nd           | Version:  6
     \\/     M anipulation  |
\*---------------------------------------------------------------------------*/
FoamFile
{
    version     2.0;
    format      ascii;
    class       labelList;
    note        "nPoints:1250  nCells:878  nFaces:2970  nInternalFaces:2298";
    location    "constant/region12/polyMesh";
    object      neighbour;
}
// * * * * * * * * * * * * * * * * * * * * * * * * * * * * * * * * * * * * * //


2298
(
1
7
141
2
8
142
3
9
143
4
10
144
5
11
145
6
12
146
13
147
8
18
149
9
19
150
10
20
151
11
21
152
12
22
153
13
23
154
14
24
155
15
25
156
16
26
157
17
27
158
28
159
19
29
160
20
30
161
21
31
162
22
32
163
23
33
164
24
34
165
25
35
166
26
36
167
27
37
168
28
38
169
39
170
30
42
172
31
43
173
32
44
174
33
45
175
34
46
176
35
47
177
36
48
178
37
49
179
38
50
180
39
51
181
40
52
182
53
183
42
54
184
43
55
185
44
56
186
45
57
187
46
58
188
47
59
189
48
60
190
49
61
191
50
62
192
51
63
193
52
64
194
53
65
195
66
196
55
67
197
56
68
198
57
69
199
58
70
200
59
71
201
60
72
202
61
73
203
62
74
204
63
75
205
64
76
206
65
77
207
66
78
208
79
209
68
80
210
69
81
211
70
82
212
71
83
213
72
84
214
73
85
215
74
86
216
75
87
217
76
88
218
77
89
219
78
90
220
79
91
221
222
81
92
223
82
93
224
83
94
225
84
95
226
85
96
227
86
97
228
87
98
229
88
99
230
89
100
231
90
101
232
91
102
233
103
234
93
104
235
94
105
236
95
106
237
96
107
238
97
108
239
98
109
240
99
110
241
100
111
242
101
112
243
102
113
244
103
114
245
115
246
105
106
116
247
107
117
248
108
118
249
109
119
250
110
120
251
111
121
252
112
122
253
113
123
254
114
124
255
115
125
256
257
117
258
118
126
259
119
127
260
120
128
261
121
129
262
122
130
263
123
131
264
124
132
265
125
133
266
134
267
127
268
128
269
129
135
270
130
136
271
131
137
272
132
138
273
133
139
274
134
140
275
276
136
137
138
277
139
278
140
279
142
149
280
143
150
281
144
151
282
145
152
283
146
153
284
147
154
285
148
155
286
156
287
150
160
289
151
161
290
152
162
291
153
163
292
154
164
293
155
165
294
156
166
295
157
167
296
158
168
297
159
169
298
170
299
161
172
300
162
173
301
163
174
302
164
175
303
165
176
304
166
177
305
167
178
306
168
179
307
169
180
308
170
181
309
171
182
310
183
173
185
311
174
186
312
175
187
313
176
188
314
177
189
315
178
190
316
179
191
317
180
192
318
181
193
319
182
194
320
183
195
321
196
322
185
197
323
186
198
324
187
199
325
188
200
326
189
201
327
190
202
328
191
203
329
192
204
330
193
205
331
194
206
332
195
207
333
196
208
334
209
335
198
210
336
199
211
337
200
212
338
201
213
339
202
214
340
203
215
341
204
216
342
205
217
343
206
218
344
207
219
345
208
220
346
209
221
347
222
348
211
223
349
212
224
350
213
225
351
214
226
352
215
227
353
216
228
354
217
229
355
218
230
356
219
231
357
220
232
358
221
233
359
222
234
360
361
224
235
362
225
236
363
226
237
364
227
238
365
228
239
366
229
240
367
230
241
368
231
242
369
232
243
370
233
244
371
234
245
372
246
373
236
237
247
374
238
248
375
239
249
376
240
250
377
241
251
378
242
252
379
243
253
380
244
254
381
245
255
382
246
256
383
257
384
248
258
385
249
259
386
250
260
387
251
261
388
252
262
389
253
263
390
254
264
391
255
265
392
256
266
393
257
267
394
395
259
260
268
396
261
269
397
262
270
398
263
271
399
264
272
400
265
273
401
266
274
402
267
275
403
276
404
269
270
271
405
272
406
273
277
407
274
278
408
275
279
409
276
410
278
279
281
289
412
282
290
413
283
291
414
284
292
415
285
293
416
286
294
417
287
295
418
288
296
419
297
420
290
300
421
291
301
422
292
302
423
293
303
424
294
304
425
295
305
426
296
306
427
297
307
428
298
308
429
299
309
430
310
301
311
431
302
312
432
303
313
433
304
314
434
305
315
435
306
316
436
307
317
437
308
318
438
309
319
439
310
320
440
321
441
312
324
442
313
325
443
314
326
444
315
327
445
316
328
446
317
329
447
318
330
448
319
331
449
320
332
450
321
333
451
322
334
452
335
324
336
325
337
453
326
338
454
327
339
455
328
340
456
329
341
457
330
342
458
331
343
459
332
344
460
333
345
461
334
346
462
335
347
463
348
464
337
349
465
338
350
466
339
351
467
340
352
468
341
353
469
342
354
470
343
355
471
344
356
472
345
357
473
346
358
474
347
359
475
348
360
476
361
477
350
362
478
351
363
479
352
364
480
353
365
481
354
366
482
355
367
483
356
368
484
357
369
485
358
370
486
359
371
487
360
372
488
361
373
489
490
363
364
374
491
365
375
492
366
376
493
367
377
494
368
378
495
369
379
496
370
380
497
371
381
498
372
382
499
373
383
500
384
501
375
385
503
376
386
504
377
387
505
378
388
506
379
389
507
380
390
508
381
391
509
382
392
510
383
393
511
384
394
512
395
513
386
387
396
514
388
397
515
389
398
516
390
399
517
391
400
518
392
401
519
393
402
520
394
403
521
395
404
522
523
397
398
524
399
405
525
400
406
526
401
407
527
402
408
528
403
409
529
404
410
530
531
406
407
408
532
409
533
410
534
535
417
539
413
421
540
414
422
541
415
423
542
416
424
543
417
425
544
418
426
545
419
427
546
420
428
547
429
422
431
548
423
432
549
424
433
550
425
434
551
426
435
552
427
436
553
428
437
554
429
438
555
430
439
556
440
557
432
442
558
433
443
559
434
444
560
435
445
561
436
446
562
437
447
563
438
448
564
439
449
565
440
450
566
441
451
567
452
568
443
453
569
444
454
570
445
455
571
446
456
572
447
457
573
448
458
574
449
459
575
450
460
576
451
461
577
452
462
578
463
579
454
466
580
455
467
581
456
468
582
457
469
583
458
470
584
459
471
585
460
472
586
461
473
587
462
474
588
463
475
589
464
476
590
477
591
466
478
467
479
592
468
480
593
469
481
594
470
482
595
471
483
596
472
484
597
473
485
598
474
486
599
475
487
600
476
488
601
477
489
602
490
603
479
480
491
604
481
492
605
482
493
606
483
494
607
484
495
608
485
496
609
486
497
610
487
498
611
488
499
612
489
500
613
490
501
614
502
615
492
503
616
493
504
617
494
505
618
495
506
619
496
507
620
497
508
621
498
509
622
499
510
623
500
511
624
501
512
625
502
513
626
627
504
505
514
628
506
515
629
507
516
630
508
517
631
509
518
632
510
519
633
511
520
634
512
521
635
513
522
636
523
637
515
516
524
638
517
525
639
518
526
640
519
527
641
520
528
642
521
529
643
522
530
644
523
531
645
525
526
646
527
647
528
532
648
529
533
649
530
534
650
531
535
651
533
534
535
537
542
653
538
543
654
539
544
655
545
656
541
548
542
549
657
543
550
658
544
551
659
545
552
660
546
553
661
547
554
662
555
663
549
558
550
559
664
551
560
665
552
561
666
553
562
667
554
563
668
555
564
669
556
565
670
557
566
671
567
559
569
672
560
570
673
561
571
674
562
572
675
563
573
676
564
574
677
565
575
678
566
576
679
567
577
680
568
578
681
579
570
580
682
571
581
683
572
582
684
573
583
685
574
584
686
575
585
687
576
586
688
577
587
689
578
588
690
579
589
691
590
692
581
592
693
582
593
694
583
594
695
584
595
696
585
596
697
586
597
698
587
598
699
588
599
700
589
600
701
590
601
702
591
602
703
603
593
604
704
594
605
705
595
606
706
596
607
707
597
608
708
598
609
709
599
610
710
600
611
711
601
612
712
602
613
713
603
614
714
615
605
616
715
606
617
716
607
618
717
608
619
718
609
620
719
610
621
720
611
622
721
612
623
722
613
624
723
614
625
724
615
626
725
627
617
618
628
726
619
629
727
620
630
728
621
631
729
622
632
730
623
633
731
624
634
732
625
635
733
626
636
734
627
637
735
629
630
638
736
631
639
737
632
640
738
633
641
739
634
642
740
635
643
741
636
644
742
637
645
743
639
640
646
744
641
647
745
642
648
746
643
649
747
644
650
748
645
651
749
647
648
649
750
650
751
651
752
653
657
753
654
658
754
655
659
755
656
660
756
661
757
658
664
758
659
665
759
660
666
760
661
667
761
662
668
762
663
669
763
670
764
665
673
765
666
674
766
667
675
767
668
676
768
669
677
769
670
678
770
671
679
771
680
772
673
682
674
683
773
675
684
774
676
685
775
677
686
776
678
687
777
679
688
778
680
689
779
681
690
780
691
781
683
693
782
684
694
783
685
695
784
686
696
785
687
697
786
688
698
787
689
699
788
690
700
789
691
701
790
692
702
791
703
694
704
792
695
705
793
696
706
794
697
707
795
698
708
796
699
709
797
700
710
798
701
711
799
702
712
800
703
713
801
714
705
715
706
716
802
707
717
803
708
718
804
709
719
805
710
720
806
711
721
807
712
722
808
713
723
809
714
724
810
725
716
717
726
811
718
727
812
719
728
813
720
729
814
721
730
815
722
731
816
723
732
817
724
733
818
725
734
819
735
727
728
736
820
729
737
821
730
738
822
731
739
823
732
740
824
733
741
825
734
742
826
735
743
827
737
738
744
828
739
745
829
740
746
830
741
747
831
742
748
832
743
749
833
745
746
834
747
750
835
748
751
836
749
752
837
751
752
754
758
755
759
756
760
757
761
762
759
765
760
766
761
767
838
762
768
839
763
769
840
764
770
841
771
766
773
767
774
768
775
842
769
776
843
770
777
844
771
778
845
772
779
846
780
774
783
775
784
776
785
847
777
786
848
778
787
849
779
788
850
780
789
851
781
790
852
791
783
792
784
793
785
794
786
795
853
787
796
854
788
797
855
789
798
856
790
799
857
791
800
858
801
793
794
802
795
803
796
804
859
797
805
860
798
806
861
799
807
862
800
808
863
801
809
810
803
811
804
812
805
813
864
806
814
865
807
815
866
808
816
867
809
817
868
810
818
819
812
813
820
814
821
815
822
869
816
823
870
817
824
871
818
825
819
826
827
821
822
828
823
829
872
824
830
873
825
831
874
826
832
827
833
829
830
834
875
831
835
876
832
836
877
833
837
835
836
837
839
842
840
843
841
844
845
843
847
844
848
845
849
846
850
851
848
853
849
854
850
855
851
856
852
857
858
854
859
855
860
856
861
857
862
858
863
860
864
861
865
862
866
863
867
868
865
866
869
867
870
868
871
870
872
871
873
874
873
875
874
876
877
876
877
)


// ************************************************************************* //
