/*--------------------------------*- C++ -*----------------------------------*\
  =========                 |
  \\      /  F ield         | OpenFOAM: The Open Source CFD Toolbox
   \\    /   O peration     | Website:  https://openfoam.org
    \\  /    A nd           | Version:  6
     \\/     M anipulation  |
\*---------------------------------------------------------------------------*/
FoamFile
{
    version     2.0;
    format      ascii;
    class       labelList;
    location    "constant/region12/polyMesh";
    object      pointRegionAddressing;
}
// * * * * * * * * * * * * * * * * * * * * * * * * * * * * * * * * * * * * * //


1250
(
2283
2284
2285
2286
2287
2288
2289
2290
2348
2349
2350
2351
2352
2353
2354
2355
2356
2357
2358
2359
2413
2414
2415
2416
2417
2418
2419
2420
2421
2422
2423
2424
2478
2479
2480
2481
2482
2483
2484
2485
2486
2487
2488
2489
2490
2542
2543
2544
2545
2546
2547
2548
2549
2550
2551
2552
2553
2554
2555
2607
2608
2609
2610
2611
2612
2613
2614
2615
2616
2617
2618
2619
2620
2672
2673
2674
2675
2676
2677
2678
2679
2680
2681
2682
2683
2684
2685
2737
2738
2739
2740
2741
2742
2743
2744
2745
2746
2747
2748
2749
2750
2802
2803
2804
2805
2806
2807
2808
2809
2810
2811
2812
2813
2814
2867
2868
2869
2870
2871
2872
2873
2874
2875
2876
2877
2878
2879
2932
2933
2934
2935
2936
2937
2938
2939
2940
2941
2942
2943
2944
2998
2999
3000
3001
3002
3003
3004
3005
3006
3007
3008
3064
3065
3066
3067
3068
3069
3070
3071
3072
3073
3131
3132
3133
3134
3135
3136
3137
6508
6509
6510
6511
6512
6513
6514
6515
6516
6573
6574
6575
6576
6577
6578
6579
6580
6581
6582
6583
6584
6638
6639
6640
6641
6642
6643
6644
6645
6646
6647
6648
6649
6650
6703
6704
6705
6706
6707
6708
6709
6710
6711
6712
6713
6714
6715
6767
6768
6769
6770
6771
6772
6773
6774
6775
6776
6777
6778
6779
6780
6832
6833
6834
6835
6836
6837
6838
6839
6840
6841
6842
6843
6844
6845
6897
6898
6899
6900
6901
6902
6903
6904
6905
6906
6907
6908
6909
6910
6962
6963
6964
6965
6966
6967
6968
6969
6970
6971
6972
6973
6974
6975
7027
7028
7029
7030
7031
7032
7033
7034
7035
7036
7037
7038
7039
7092
7093
7094
7095
7096
7097
7098
7099
7100
7101
7102
7103
7104
7157
7158
7159
7160
7161
7162
7163
7164
7165
7166
7167
7168
7169
7223
7224
7225
7226
7227
7228
7229
7230
7231
7232
7233
7289
7290
7291
7292
7293
7294
7295
7296
7297
7298
7356
7357
7358
7359
7360
7361
7362
10733
10734
10735
10736
10737
10738
10739
10740
10741
10742
10798
10799
10800
10801
10802
10803
10804
10805
10806
10807
10808
10809
10863
10864
10865
10866
10867
10868
10869
10870
10871
10872
10873
10874
10875
10928
10929
10930
10931
10932
10933
10934
10935
10936
10937
10938
10939
10940
10992
10993
10994
10995
10996
10997
10998
10999
11000
11001
11002
11003
11004
11005
11057
11058
11059
11060
11061
11062
11063
11064
11065
11066
11067
11068
11069
11070
11122
11123
11124
11125
11126
11127
11128
11129
11130
11131
11132
11133
11134
11135
11187
11188
11189
11190
11191
11192
11193
11194
11195
11196
11197
11198
11199
11200
11252
11253
11254
11255
11256
11257
11258
11259
11260
11261
11262
11263
11264
11317
11318
11319
11320
11321
11322
11323
11324
11325
11326
11327
11328
11329
11383
11384
11385
11386
11387
11388
11389
11390
11391
11392
11393
11394
11448
11449
11450
11451
11452
11453
11454
11455
11456
11457
11458
11514
11515
11516
11517
11518
11519
11520
11521
11522
11523
11583
11584
11585
11586
14898
14899
14958
14959
14960
14961
14962
14963
14964
14965
14966
14967
15023
15024
15025
15026
15027
15028
15029
15030
15031
15032
15033
15034
15088
15089
15090
15091
15092
15093
15094
15095
15096
15097
15098
15099
15153
15154
15155
15156
15157
15158
15159
15160
15161
15162
15163
15164
15165
15217
15218
15219
15220
15221
15222
15223
15224
15225
15226
15227
15228
15229
15230
15282
15283
15284
15285
15286
15287
15288
15289
15290
15291
15292
15293
15294
15295
15347
15348
15349
15350
15351
15352
15353
15354
15355
15356
15357
15358
15359
15360
15412
15413
15414
15415
15416
15417
15418
15419
15420
15421
15422
15423
15424
15425
15477
15478
15479
15480
15481
15482
15483
15484
15485
15486
15487
15488
15489
15490
15543
15544
15545
15546
15547
15548
15549
15550
15551
15552
15553
15554
15608
15609
15610
15611
15612
15613
15614
15615
15616
15617
15618
15619
15674
15675
15676
15677
15678
15679
15680
15681
15682
15683
15741
15742
15743
15744
15745
15746
15747
19120
19121
19122
19123
19124
19183
19184
19185
19186
19187
19188
19189
19190
19191
19192
19248
19249
19250
19251
19252
19253
19254
19255
19256
19257
19258
19313
19314
19315
19316
19317
19318
19319
19320
19321
19322
19323
19324
19378
19379
19380
19381
19382
19383
19384
19385
19386
19387
19388
19389
19443
19444
19445
19446
19447
19448
19449
19450
19451
19452
19453
19454
19455
19507
19508
19509
19510
19511
19512
19513
19514
19515
19516
19517
19518
19519
19520
19572
19573
19574
19575
19576
19577
19578
19579
19580
19581
19582
19583
19584
19585
19637
19638
19639
19640
19641
19642
19643
19644
19645
19646
19647
19648
19649
19650
19703
19704
19705
19706
19707
19708
19709
19710
19711
19712
19713
19714
19715
19768
19769
19770
19771
19772
19773
19774
19775
19776
19777
19778
19779
19834
19835
19836
19837
19838
19839
19840
19841
19842
19843
19844
19900
19901
19902
19903
19904
19905
19906
19907
19908
19968
19969
19970
19971
19972
23344
23345
23346
23347
23348
23349
23408
23409
23410
23411
23412
23413
23414
23415
23416
23473
23474
23475
23476
23477
23478
23479
23480
23481
23482
23483
23538
23539
23540
23541
23542
23543
23544
23545
23546
23547
23548
23549
23603
23604
23605
23606
23607
23608
23609
23610
23611
23612
23613
23614
23668
23669
23670
23671
23672
23673
23674
23675
23676
23677
23678
23679
23680
23733
23734
23735
23736
23737
23738
23739
23740
23741
23742
23743
23744
23745
23798
23799
23800
23801
23802
23803
23804
23805
23806
23807
23808
23809
23810
23863
23864
23865
23866
23867
23868
23869
23870
23871
23872
23873
23874
23875
23928
23929
23930
23931
23932
23933
23934
23935
23936
23937
23938
23939
23940
23994
23995
23996
23997
23998
23999
24000
24001
24002
24003
24004
24060
24061
24062
24063
24064
24065
24066
24067
24068
24126
24127
24128
24129
24130
24131
24132
27569
27570
27571
27572
27573
27574
27634
27635
27636
27637
27638
27639
27640
27641
27699
27700
27701
27702
27703
27704
27705
27706
27707
27763
27764
27765
27766
27767
27768
27769
27770
27771
27772
27773
27828
27829
27830
27831
27832
27833
27834
27835
27836
27837
27838
27839
27893
27894
27895
27896
27897
27898
27899
27900
27901
27902
27903
27904
27958
27959
27960
27961
27962
27963
27964
27965
27966
27967
27968
27969
28023
28024
28025
28026
28027
28028
28029
28030
28031
28032
28033
28034
28088
28089
28090
28091
28092
28093
28094
28095
28096
28097
28098
28099
28154
28155
28156
28157
28158
28159
28160
28161
28162
28163
28164
28220
28221
28222
28223
28224
28225
28226
28227
28228
28286
28287
28288
28289
28290
28291
28292
28353
28354
28355
28356
31794
31795
31796
31797
31798
31799
31859
31860
31861
31862
31863
31864
31865
31866
31924
31925
31926
31927
31928
31929
31930
31931
31932
31989
31990
31991
31992
31993
31994
31995
31996
31997
31998
32053
32054
32055
32056
32057
32058
32059
32060
32061
32062
32063
32118
32119
32120
32121
32122
32123
32124
32125
32126
32127
32128
32183
32184
32185
32186
32187
32188
32189
32190
32191
32192
32193
32249
32250
32251
32252
32253
32254
32255
32256
32257
32258
32314
32315
32316
32317
32318
32319
32320
32321
32322
32323
32380
32381
32382
32383
32384
32385
32386
32387
32388
32446
32447
32448
32449
32450
32451
32452
32512
32513
32514
32515
32516
36086
36087
36088
36089
36090
36151
36152
36153
36154
36155
36156
36216
36217
36218
36219
36220
36221
36222
36281
36282
36283
36284
36285
36286
36287
36346
36347
36348
36349
36350
36351
36352
36411
36412
36413
36414
36415
36416
36476
36477
36478
36479
36480
36481
36542
36543
36544
36545
36607
36608
36609
36610
36672
36673
36674
36675
)


// ************************************************************************* //
