/*--------------------------------*- C++ -*----------------------------------*\
  =========                 |
  \\      /  F ield         | OpenFOAM: The Open Source CFD Toolbox
   \\    /   O peration     | Website:  https://openfoam.org
    \\  /    A nd           | Version:  6
     \\/     M anipulation  |
\*---------------------------------------------------------------------------*/
FoamFile
{
    version     2.0;
    format      ascii;
    class       vectorField;
    location    "constant/region12/polyMesh";
    object      points;
}
// * * * * * * * * * * * * * * * * * * * * * * * * * * * * * * * * * * * * * //


1250
(
(5.2e-07 2.275e-06 0)
(5.849999999999999e-07 2.275e-06 0)
(6.5e-07 2.275e-06 0)
(7.149999999999999e-07 2.274999999999999e-06 0)
(7.800000000000002e-07 2.275e-06 0)
(8.449999999999999e-07 2.275e-06 0)
(9.1e-07 2.275e-06 0)
(9.75e-07 2.275e-06 0)
(5.2e-07 2.34e-06 0)
(5.849999999999999e-07 2.34e-06 0)
(6.5e-07 2.34e-06 0)
(7.149999999999999e-07 2.34e-06 0)
(7.800000000000002e-07 2.34e-06 0)
(8.450000000000001e-07 2.34e-06 0)
(9.099999999999998e-07 2.34e-06 0)
(9.75e-07 2.34e-06 0)
(1.04e-06 2.34e-06 0)
(1.105e-06 2.34e-06 0)
(1.17e-06 2.34e-06 0)
(1.235e-06 2.34e-06 0)
(5.2e-07 2.405e-06 0)
(5.849999999999999e-07 2.405e-06 0)
(6.5e-07 2.405e-06 0)
(7.150000000000001e-07 2.405e-06 0)
(7.799999999999998e-07 2.405e-06 0)
(8.450000000000001e-07 2.405e-06 0)
(9.100000000000001e-07 2.405e-06 0)
(9.75e-07 2.405e-06 0)
(1.04e-06 2.405e-06 0)
(1.105e-06 2.405e-06 0)
(1.17e-06 2.405e-06 0)
(1.235e-06 2.405e-06 0)
(5.2e-07 2.47e-06 0)
(5.85e-07 2.47e-06 0)
(6.5e-07 2.47e-06 0)
(7.150000000000001e-07 2.47e-06 0)
(7.799999999999998e-07 2.47e-06 0)
(8.450000000000001e-07 2.47e-06 0)
(9.099999999999998e-07 2.47e-06 0)
(9.75e-07 2.47e-06 0)
(1.04e-06 2.47e-06 0)
(1.105e-06 2.47e-06 0)
(1.17e-06 2.47e-06 0)
(1.235e-06 2.47e-06 0)
(1.3e-06 2.47e-06 0)
(4.55e-07 2.535e-06 0)
(5.2e-07 2.535e-06 0)
(5.849999999999999e-07 2.535e-06 0)
(6.5e-07 2.535e-06 0)
(7.149999999999999e-07 2.535e-06 0)
(7.799999999999998e-07 2.535e-06 0)
(8.450000000000001e-07 2.534999999999999e-06 0)
(9.100000000000001e-07 2.535e-06 0)
(9.75e-07 2.535e-06 0)
(1.04e-06 2.535e-06 0)
(1.105e-06 2.535e-06 0)
(1.17e-06 2.535e-06 0)
(1.235e-06 2.535e-06 0)
(1.3e-06 2.535e-06 0)
(4.55e-07 2.6e-06 0)
(5.2e-07 2.6e-06 0)
(5.85e-07 2.6e-06 0)
(6.5e-07 2.6e-06 0)
(7.149999999999999e-07 2.600000000000001e-06 0)
(7.799999999999998e-07 2.6e-06 0)
(8.450000000000001e-07 2.6e-06 0)
(9.1e-07 2.6e-06 0)
(9.75e-07 2.6e-06 0)
(1.04e-06 2.600000000000001e-06 0)
(1.105e-06 2.6e-06 0)
(1.17e-06 2.6e-06 0)
(1.235e-06 2.6e-06 0)
(1.3e-06 2.6e-06 0)
(4.55e-07 2.664999999999999e-06 0)
(5.2e-07 2.665e-06 0)
(5.849999999999999e-07 2.665e-06 0)
(6.5e-07 2.664999999999999e-06 0)
(7.149999999999999e-07 2.665e-06 0)
(7.799999999999998e-07 2.665e-06 0)
(8.450000000000001e-07 2.664999999999999e-06 0)
(9.1e-07 2.665e-06 0)
(9.75e-07 2.665e-06 0)
(1.04e-06 2.665e-06 0)
(1.105e-06 2.665e-06 0)
(1.17e-06 2.665e-06 0)
(1.235e-06 2.665e-06 0)
(1.3e-06 2.665e-06 0)
(4.55e-07 2.73e-06 0)
(5.2e-07 2.73e-06 0)
(5.849999999999999e-07 2.73e-06 0)
(6.5e-07 2.73e-06 0)
(7.150000000000001e-07 2.729999999999999e-06 0)
(7.799999999999998e-07 2.73e-06 0)
(8.450000000000001e-07 2.73e-06 0)
(9.1e-07 2.73e-06 0)
(9.75e-07 2.73e-06 0)
(1.04e-06 2.73e-06 0)
(1.105e-06 2.73e-06 0)
(1.17e-06 2.73e-06 0)
(1.235e-06 2.73e-06 0)
(1.3e-06 2.73e-06 0)
(4.55e-07 2.795e-06 0)
(5.2e-07 2.795e-06 0)
(5.849999999999999e-07 2.795e-06 0)
(6.5e-07 2.795e-06 0)
(7.149999999999999e-07 2.795e-06 0)
(7.799999999999998e-07 2.795e-06 0)
(8.450000000000001e-07 2.794999999999999e-06 0)
(9.1e-07 2.795e-06 0)
(9.75e-07 2.795e-06 0)
(1.04e-06 2.795e-06 0)
(1.105e-06 2.795e-06 0)
(1.17e-06 2.795e-06 0)
(1.235e-06 2.795e-06 0)
(4.549999999999999e-07 2.86e-06 0)
(5.2e-07 2.86e-06 0)
(5.849999999999999e-07 2.860000000000001e-06 0)
(6.5e-07 2.860000000000001e-06 0)
(7.149999999999999e-07 2.86e-06 0)
(7.799999999999998e-07 2.86e-06 0)
(8.450000000000001e-07 2.860000000000001e-06 0)
(9.099999999999998e-07 2.860000000000001e-06 0)
(9.75e-07 2.86e-06 0)
(1.04e-06 2.86e-06 0)
(1.105e-06 2.860000000000001e-06 0)
(1.17e-06 2.860000000000001e-06 0)
(1.235e-06 2.860000000000001e-06 0)
(4.55e-07 2.925e-06 0)
(5.2e-07 2.924999999999999e-06 0)
(5.849999999999999e-07 2.925e-06 0)
(6.5e-07 2.925e-06 0)
(7.150000000000001e-07 2.925e-06 0)
(7.799999999999998e-07 2.925e-06 0)
(8.450000000000001e-07 2.924999999999999e-06 0)
(9.100000000000001e-07 2.925e-06 0)
(9.75e-07 2.925e-06 0)
(1.04e-06 2.925e-06 0)
(1.105e-06 2.925e-06 0)
(1.17e-06 2.924999999999999e-06 0)
(1.235e-06 2.925e-06 0)
(5.2e-07 2.99e-06 0)
(5.849999999999999e-07 2.990000000000001e-06 0)
(6.5e-07 2.99e-06 0)
(7.150000000000001e-07 2.99e-06 0)
(7.800000000000002e-07 2.99e-06 0)
(8.450000000000001e-07 2.99e-06 0)
(9.099999999999998e-07 2.99e-06 0)
(9.75e-07 2.99e-06 0)
(1.04e-06 2.99e-06 0)
(1.105e-06 2.99e-06 0)
(1.17e-06 2.99e-06 0)
(5.849999999999999e-07 3.055e-06 0)
(6.5e-07 3.055e-06 0)
(7.150000000000001e-07 3.055e-06 0)
(7.800000000000002e-07 3.055e-06 0)
(8.450000000000001e-07 3.055000000000001e-06 0)
(9.100000000000001e-07 3.055e-06 0)
(9.75e-07 3.055e-06 0)
(1.04e-06 3.055e-06 0)
(1.105e-06 3.055e-06 0)
(1.17e-06 3.055e-06 0)
(7.149999999999999e-07 3.119999999999999e-06 0)
(7.799999999999998e-07 3.119999999999999e-06 0)
(8.450000000000001e-07 3.119999999999999e-06 0)
(9.1e-07 3.119999999999999e-06 0)
(9.75e-07 3.119999999999999e-06 0)
(1.04e-06 3.119999999999999e-06 0)
(1.105e-06 3.120000000000001e-06 0)
(5.199999999999999e-07 2.275e-06 6.5e-08)
(5.849999999999999e-07 2.275e-06 6.5e-08)
(6.5e-07 2.275e-06 6.5e-08)
(7.149999999999999e-07 2.275e-06 6.5e-08)
(7.800000000000002e-07 2.275e-06 6.499999999999999e-08)
(8.449999999999999e-07 2.275e-06 6.5e-08)
(9.1e-07 2.275e-06 6.5e-08)
(9.75e-07 2.275e-06 6.5e-08)
(1.04e-06 2.275e-06 6.5e-08)
(5.199999999999999e-07 2.34e-06 6.499999999999999e-08)
(5.849999999999999e-07 2.34e-06 6.5e-08)
(6.500000000000001e-07 2.34e-06 6.5e-08)
(7.149999999999999e-07 2.34e-06 6.5e-08)
(7.800000000000002e-07 2.34e-06 6.5e-08)
(8.450000000000001e-07 2.34e-06 6.5e-08)
(9.1e-07 2.34e-06 6.5e-08)
(9.75e-07 2.34e-06 6.5e-08)
(1.04e-06 2.34e-06 6.500000000000001e-08)
(1.105e-06 2.34e-06 6.5e-08)
(1.17e-06 2.34e-06 6.5e-08)
(1.235e-06 2.34e-06 6.5e-08)
(5.2e-07 2.405e-06 6.5e-08)
(5.849999999999999e-07 2.405000000000001e-06 6.499999999999999e-08)
(6.5e-07 2.405e-06 6.499999999999999e-08)
(7.150000000000001e-07 2.405000000000001e-06 6.5e-08)
(7.799999999999998e-07 2.405000000000001e-06 6.5e-08)
(8.450000000000001e-07 2.405e-06 6.5e-08)
(9.100000000000001e-07 2.405e-06 6.5e-08)
(9.75e-07 2.405000000000001e-06 6.500000000000001e-08)
(1.04e-06 2.405e-06 6.5e-08)
(1.105e-06 2.405e-06 6.5e-08)
(1.17e-06 2.405e-06 6.5e-08)
(1.235e-06 2.405e-06 6.500000000000001e-08)
(1.3e-06 2.405e-06 6.500000000000001e-08)
(5.2e-07 2.47e-06 6.5e-08)
(5.85e-07 2.47e-06 6.500000000000001e-08)
(6.500000000000001e-07 2.47e-06 6.5e-08)
(7.150000000000001e-07 2.47e-06 6.5e-08)
(7.799999999999998e-07 2.47e-06 6.5e-08)
(8.450000000000001e-07 2.47e-06 6.500000000000001e-08)
(9.099999999999998e-07 2.47e-06 6.5e-08)
(9.75e-07 2.47e-06 6.499999999999999e-08)
(1.04e-06 2.47e-06 6.5e-08)
(1.105e-06 2.47e-06 6.500000000000001e-08)
(1.17e-06 2.47e-06 6.5e-08)
(1.235e-06 2.47e-06 6.499999999999999e-08)
(1.3e-06 2.47e-06 6.5e-08)
(4.55e-07 2.535e-06 6.5e-08)
(5.2e-07 2.535e-06 6.5e-08)
(5.849999999999999e-07 2.535e-06 6.5e-08)
(6.5e-07 2.535e-06 6.5e-08)
(7.149999999999999e-07 2.534999999999999e-06 6.5e-08)
(7.799999999999998e-07 2.534999999999999e-06 6.5e-08)
(8.450000000000001e-07 2.535e-06 6.5e-08)
(9.1e-07 2.535e-06 6.5e-08)
(9.75e-07 2.535e-06 6.5e-08)
(1.04e-06 2.535e-06 6.5e-08)
(1.105e-06 2.535e-06 6.5e-08)
(1.17e-06 2.535e-06 6.5e-08)
(1.235e-06 2.535e-06 6.5e-08)
(1.3e-06 2.535e-06 6.5e-08)
(4.55e-07 2.6e-06 6.5e-08)
(5.2e-07 2.6e-06 6.5e-08)
(5.85e-07 2.6e-06 6.499999999999999e-08)
(6.5e-07 2.6e-06 6.5e-08)
(7.149999999999999e-07 2.6e-06 6.5e-08)
(7.799999999999998e-07 2.6e-06 6.500000000000001e-08)
(8.450000000000001e-07 2.6e-06 6.499999999999999e-08)
(9.100000000000001e-07 2.6e-06 6.5e-08)
(9.75e-07 2.6e-06 6.5e-08)
(1.04e-06 2.6e-06 6.5e-08)
(1.105e-06 2.6e-06 6.500000000000001e-08)
(1.17e-06 2.6e-06 6.5e-08)
(1.235e-06 2.6e-06 6.5e-08)
(1.3e-06 2.6e-06 6.5e-08)
(4.55e-07 2.664999999999999e-06 6.5e-08)
(5.2e-07 2.665e-06 6.500000000000001e-08)
(5.849999999999999e-07 2.665e-06 6.500000000000001e-08)
(6.500000000000001e-07 2.664999999999999e-06 6.5e-08)
(7.149999999999999e-07 2.665e-06 6.500000000000001e-08)
(7.799999999999998e-07 2.665e-06 6.500000000000001e-08)
(8.450000000000001e-07 2.665e-06 6.5e-08)
(9.1e-07 2.665e-06 6.5e-08)
(9.75e-07 2.664999999999999e-06 6.5e-08)
(1.04e-06 2.664999999999999e-06 6.499999999999999e-08)
(1.105e-06 2.665e-06 6.499999999999999e-08)
(1.17e-06 2.665e-06 6.5e-08)
(1.235e-06 2.665e-06 6.499999999999999e-08)
(1.3e-06 2.665e-06 6.499999999999999e-08)
(4.55e-07 2.73e-06 6.5e-08)
(5.2e-07 2.73e-06 6.500000000000001e-08)
(5.849999999999999e-07 2.73e-06 6.5e-08)
(6.5e-07 2.73e-06 6.5e-08)
(7.150000000000001e-07 2.729999999999999e-06 6.5e-08)
(7.799999999999998e-07 2.73e-06 6.5e-08)
(8.450000000000001e-07 2.73e-06 6.500000000000001e-08)
(9.1e-07 2.73e-06 6.5e-08)
(9.75e-07 2.73e-06 6.500000000000001e-08)
(1.04e-06 2.73e-06 6.499999999999999e-08)
(1.105e-06 2.73e-06 6.5e-08)
(1.17e-06 2.73e-06 6.5e-08)
(1.235e-06 2.73e-06 6.5e-08)
(1.3e-06 2.73e-06 6.5e-08)
(4.55e-07 2.795e-06 6.5e-08)
(5.2e-07 2.795e-06 6.5e-08)
(5.849999999999999e-07 2.795e-06 6.5e-08)
(6.500000000000001e-07 2.795e-06 6.5e-08)
(7.149999999999999e-07 2.794999999999999e-06 6.5e-08)
(7.799999999999998e-07 2.795e-06 6.5e-08)
(8.450000000000001e-07 2.794999999999999e-06 6.5e-08)
(9.1e-07 2.795e-06 6.5e-08)
(9.75e-07 2.795e-06 6.5e-08)
(1.04e-06 2.795e-06 6.5e-08)
(1.105e-06 2.795e-06 6.5e-08)
(1.17e-06 2.795e-06 6.5e-08)
(1.235e-06 2.795e-06 6.499999999999999e-08)
(4.549999999999999e-07 2.86e-06 6.5e-08)
(5.2e-07 2.86e-06 6.499999999999999e-08)
(5.849999999999999e-07 2.860000000000001e-06 6.5e-08)
(6.5e-07 2.86e-06 6.5e-08)
(7.149999999999999e-07 2.86e-06 6.5e-08)
(7.799999999999998e-07 2.86e-06 6.500000000000001e-08)
(8.450000000000001e-07 2.860000000000001e-06 6.499999999999999e-08)
(9.099999999999998e-07 2.860000000000001e-06 6.5e-08)
(9.75e-07 2.860000000000001e-06 6.5e-08)
(1.04e-06 2.86e-06 6.499999999999999e-08)
(1.105e-06 2.860000000000001e-06 6.5e-08)
(1.17e-06 2.860000000000001e-06 6.5e-08)
(1.235e-06 2.860000000000001e-06 6.500000000000001e-08)
(4.549999999999999e-07 2.925e-06 6.5e-08)
(5.2e-07 2.925e-06 6.5e-08)
(5.849999999999998e-07 2.925e-06 6.5e-08)
(6.5e-07 2.925e-06 6.500000000000001e-08)
(7.150000000000001e-07 2.925e-06 6.5e-08)
(7.799999999999998e-07 2.925e-06 6.500000000000001e-08)
(8.450000000000001e-07 2.925e-06 6.5e-08)
(9.099999999999998e-07 2.925e-06 6.5e-08)
(9.75e-07 2.925e-06 6.5e-08)
(1.04e-06 2.925e-06 6.499999999999999e-08)
(1.105e-06 2.925e-06 6.5e-08)
(1.17e-06 2.925e-06 6.5e-08)
(1.235e-06 2.925e-06 6.500000000000001e-08)
(5.2e-07 2.99e-06 6.5e-08)
(5.849999999999999e-07 2.99e-06 6.5e-08)
(6.500000000000001e-07 2.99e-06 6.5e-08)
(7.150000000000001e-07 2.99e-06 6.5e-08)
(7.800000000000002e-07 2.99e-06 6.5e-08)
(8.450000000000001e-07 2.990000000000001e-06 6.5e-08)
(9.100000000000001e-07 2.99e-06 6.5e-08)
(9.75e-07 2.99e-06 6.5e-08)
(1.04e-06 2.99e-06 6.5e-08)
(1.105e-06 2.99e-06 6.5e-08)
(1.17e-06 2.99e-06 6.500000000000001e-08)
(5.849999999999999e-07 3.055e-06 6.5e-08)
(6.5e-07 3.055e-06 6.499999999999999e-08)
(7.150000000000001e-07 3.055e-06 6.5e-08)
(7.800000000000002e-07 3.055e-06 6.5e-08)
(8.450000000000001e-07 3.055e-06 6.5e-08)
(9.100000000000001e-07 3.055e-06 6.5e-08)
(9.75e-07 3.055e-06 6.5e-08)
(1.04e-06 3.055e-06 6.499999999999999e-08)
(1.105e-06 3.055e-06 6.5e-08)
(1.17e-06 3.055e-06 6.5e-08)
(7.149999999999999e-07 3.119999999999999e-06 6.500000000000001e-08)
(7.799999999999998e-07 3.119999999999999e-06 6.5e-08)
(8.450000000000001e-07 3.119999999999999e-06 6.499999999999999e-08)
(9.1e-07 3.119999999999999e-06 6.499999999999999e-08)
(9.75e-07 3.119999999999999e-06 6.5e-08)
(1.04e-06 3.119999999999999e-06 6.499999999999999e-08)
(1.105e-06 3.120000000000001e-06 6.499999999999999e-08)
(5.200000000000001e-07 2.275e-06 1.3e-07)
(5.849999999999999e-07 2.275e-06 1.3e-07)
(6.5e-07 2.275e-06 1.3e-07)
(7.149999999999999e-07 2.275e-06 1.3e-07)
(7.800000000000002e-07 2.275e-06 1.3e-07)
(8.449999999999999e-07 2.275e-06 1.3e-07)
(9.1e-07 2.275e-06 1.3e-07)
(9.75e-07 2.275e-06 1.3e-07)
(1.04e-06 2.275e-06 1.3e-07)
(1.105e-06 2.275e-06 1.3e-07)
(5.200000000000001e-07 2.34e-06 1.3e-07)
(5.85e-07 2.34e-06 1.3e-07)
(6.5e-07 2.34e-06 1.3e-07)
(7.149999999999999e-07 2.34e-06 1.3e-07)
(7.800000000000002e-07 2.34e-06 1.3e-07)
(8.450000000000001e-07 2.34e-06 1.3e-07)
(9.099999999999998e-07 2.34e-06 1.3e-07)
(9.75e-07 2.34e-06 1.3e-07)
(1.04e-06 2.34e-06 1.3e-07)
(1.105e-06 2.34e-06 1.3e-07)
(1.17e-06 2.34e-06 1.3e-07)
(1.235e-06 2.34e-06 1.3e-07)
(5.200000000000001e-07 2.405e-06 1.3e-07)
(5.85e-07 2.405e-06 1.3e-07)
(6.5e-07 2.405e-06 1.3e-07)
(7.150000000000001e-07 2.405e-06 1.3e-07)
(7.799999999999998e-07 2.405e-06 1.3e-07)
(8.450000000000001e-07 2.405e-06 1.3e-07)
(9.099999999999998e-07 2.405e-06 1.3e-07)
(9.75e-07 2.405e-06 1.3e-07)
(1.04e-06 2.405000000000001e-06 1.3e-07)
(1.105e-06 2.405e-06 1.3e-07)
(1.17e-06 2.405e-06 1.3e-07)
(1.235e-06 2.405e-06 1.3e-07)
(1.3e-06 2.405e-06 1.3e-07)
(5.200000000000001e-07 2.47e-06 1.3e-07)
(5.85e-07 2.47e-06 1.3e-07)
(6.5e-07 2.47e-06 1.3e-07)
(7.150000000000001e-07 2.47e-06 1.3e-07)
(7.799999999999998e-07 2.47e-06 1.3e-07)
(8.450000000000001e-07 2.47e-06 1.3e-07)
(9.099999999999998e-07 2.47e-06 1.3e-07)
(9.75e-07 2.47e-06 1.3e-07)
(1.04e-06 2.47e-06 1.3e-07)
(1.105e-06 2.47e-06 1.3e-07)
(1.17e-06 2.47e-06 1.3e-07)
(1.235e-06 2.47e-06 1.3e-07)
(1.3e-06 2.47e-06 1.3e-07)
(4.55e-07 2.535e-06 1.3e-07)
(5.200000000000001e-07 2.535e-06 1.3e-07)
(5.85e-07 2.534999999999999e-06 1.3e-07)
(6.5e-07 2.535e-06 1.3e-07)
(7.149999999999999e-07 2.535e-06 1.3e-07)
(7.799999999999998e-07 2.535e-06 1.3e-07)
(8.450000000000001e-07 2.534999999999999e-06 1.3e-07)
(9.1e-07 2.535e-06 1.3e-07)
(9.75e-07 2.535e-06 1.3e-07)
(1.04e-06 2.535e-06 1.3e-07)
(1.105e-06 2.535e-06 1.3e-07)
(1.17e-06 2.535e-06 1.3e-07)
(1.235e-06 2.535e-06 1.3e-07)
(1.3e-06 2.535e-06 1.3e-07)
(4.55e-07 2.6e-06 1.3e-07)
(5.200000000000001e-07 2.6e-06 1.3e-07)
(5.85e-07 2.6e-06 1.3e-07)
(6.5e-07 2.6e-06 1.3e-07)
(7.149999999999999e-07 2.6e-06 1.3e-07)
(7.799999999999998e-07 2.6e-06 1.3e-07)
(8.450000000000001e-07 2.6e-06 1.3e-07)
(9.1e-07 2.6e-06 1.3e-07)
(9.75e-07 2.6e-06 1.3e-07)
(1.04e-06 2.6e-06 1.3e-07)
(1.105e-06 2.6e-06 1.3e-07)
(1.17e-06 2.6e-06 1.3e-07)
(1.235e-06 2.6e-06 1.3e-07)
(1.3e-06 2.6e-06 1.3e-07)
(4.55e-07 2.665e-06 1.3e-07)
(5.2e-07 2.665e-06 1.3e-07)
(5.849999999999999e-07 2.665e-06 1.3e-07)
(6.5e-07 2.664999999999999e-06 1.3e-07)
(7.149999999999999e-07 2.665e-06 1.3e-07)
(7.799999999999998e-07 2.665e-06 1.3e-07)
(8.450000000000001e-07 2.665e-06 1.3e-07)
(9.1e-07 2.665e-06 1.3e-07)
(9.75e-07 2.665e-06 1.3e-07)
(1.04e-06 2.665e-06 1.3e-07)
(1.105e-06 2.665e-06 1.3e-07)
(1.17e-06 2.665e-06 1.3e-07)
(1.235e-06 2.665e-06 1.3e-07)
(1.3e-06 2.665e-06 1.3e-07)
(4.55e-07 2.73e-06 1.3e-07)
(5.200000000000001e-07 2.73e-06 1.3e-07)
(5.849999999999999e-07 2.73e-06 1.3e-07)
(6.5e-07 2.73e-06 1.3e-07)
(7.150000000000001e-07 2.73e-06 1.3e-07)
(7.799999999999998e-07 2.73e-06 1.3e-07)
(8.450000000000001e-07 2.73e-06 1.3e-07)
(9.1e-07 2.73e-06 1.3e-07)
(9.75e-07 2.73e-06 1.3e-07)
(1.04e-06 2.73e-06 1.3e-07)
(1.105e-06 2.73e-06 1.3e-07)
(1.17e-06 2.73e-06 1.3e-07)
(1.235e-06 2.73e-06 1.3e-07)
(1.3e-06 2.73e-06 1.3e-07)
(4.549999999999999e-07 2.795e-06 1.3e-07)
(5.200000000000001e-07 2.795e-06 1.3e-07)
(5.85e-07 2.795e-06 1.3e-07)
(6.5e-07 2.795e-06 1.3e-07)
(7.149999999999999e-07 2.795e-06 1.3e-07)
(7.799999999999998e-07 2.795e-06 1.3e-07)
(8.450000000000001e-07 2.795e-06 1.3e-07)
(9.099999999999998e-07 2.795e-06 1.3e-07)
(9.75e-07 2.795e-06 1.3e-07)
(1.04e-06 2.794999999999999e-06 1.3e-07)
(1.105e-06 2.795e-06 1.3e-07)
(1.17e-06 2.795e-06 1.3e-07)
(1.235e-06 2.795e-06 1.3e-07)
(4.549999999999999e-07 2.860000000000001e-06 1.3e-07)
(5.200000000000001e-07 2.86e-06 1.3e-07)
(5.85e-07 2.86e-06 1.3e-07)
(6.5e-07 2.860000000000001e-06 1.3e-07)
(7.149999999999999e-07 2.86e-06 1.3e-07)
(7.799999999999998e-07 2.86e-06 1.3e-07)
(8.450000000000001e-07 2.860000000000001e-06 1.3e-07)
(9.099999999999998e-07 2.860000000000001e-06 1.3e-07)
(9.75e-07 2.859999999999999e-06 1.3e-07)
(1.04e-06 2.86e-06 1.3e-07)
(1.105e-06 2.860000000000001e-06 1.3e-07)
(1.17e-06 2.86e-06 1.3e-07)
(1.235e-06 2.860000000000001e-06 1.3e-07)
(5.200000000000001e-07 2.924999999999999e-06 1.3e-07)
(5.85e-07 2.925e-06 1.3e-07)
(6.5e-07 2.925e-06 1.3e-07)
(7.150000000000001e-07 2.924999999999999e-06 1.3e-07)
(7.799999999999998e-07 2.925e-06 1.3e-07)
(8.450000000000001e-07 2.924999999999999e-06 1.3e-07)
(9.099999999999998e-07 2.925e-06 1.3e-07)
(9.75e-07 2.925e-06 1.3e-07)
(1.04e-06 2.924999999999999e-06 1.3e-07)
(1.105e-06 2.925e-06 1.3e-07)
(1.17e-06 2.924999999999999e-06 1.3e-07)
(1.235e-06 2.925e-06 1.3e-07)
(5.200000000000001e-07 2.99e-06 1.3e-07)
(5.85e-07 2.99e-06 1.3e-07)
(6.5e-07 2.99e-06 1.3e-07)
(7.150000000000001e-07 2.99e-06 1.3e-07)
(7.800000000000002e-07 2.99e-06 1.3e-07)
(8.450000000000001e-07 2.99e-06 1.3e-07)
(9.099999999999998e-07 2.99e-06 1.3e-07)
(9.75e-07 2.99e-06 1.3e-07)
(1.04e-06 2.99e-06 1.3e-07)
(1.105e-06 2.99e-06 1.3e-07)
(1.17e-06 2.99e-06 1.3e-07)
(5.849999999999999e-07 3.055e-06 1.3e-07)
(6.5e-07 3.055e-06 1.3e-07)
(7.150000000000001e-07 3.055e-06 1.3e-07)
(7.800000000000002e-07 3.055e-06 1.3e-07)
(8.450000000000001e-07 3.055000000000001e-06 1.3e-07)
(9.1e-07 3.055e-06 1.3e-07)
(9.75e-07 3.055e-06 1.3e-07)
(1.04e-06 3.055e-06 1.3e-07)
(1.105e-06 3.055e-06 1.3e-07)
(1.17e-06 3.055e-06 1.3e-07)
(8.450000000000001e-07 3.119999999999999e-06 1.3e-07)
(9.1e-07 3.119999999999999e-06 1.3e-07)
(9.75e-07 3.119999999999999e-06 1.3e-07)
(1.04e-06 3.119999999999999e-06 1.3e-07)
(8.449999999999999e-07 2.21e-06 1.95e-07)
(9.100000000000001e-07 2.21e-06 1.95e-07)
(5.2e-07 2.275e-06 1.95e-07)
(5.849999999999999e-07 2.275e-06 1.95e-07)
(6.5e-07 2.275e-06 1.95e-07)
(7.149999999999999e-07 2.275e-06 1.95e-07)
(7.800000000000002e-07 2.275e-06 1.95e-07)
(8.449999999999999e-07 2.275e-06 1.95e-07)
(9.1e-07 2.275e-06 1.95e-07)
(9.75e-07 2.275e-06 1.95e-07)
(1.04e-06 2.275e-06 1.95e-07)
(1.105e-06 2.275e-06 1.95e-07)
(5.2e-07 2.34e-06 1.95e-07)
(5.849999999999999e-07 2.34e-06 1.95e-07)
(6.5e-07 2.34e-06 1.95e-07)
(7.149999999999999e-07 2.34e-06 1.95e-07)
(7.800000000000002e-07 2.34e-06 1.95e-07)
(8.450000000000001e-07 2.34e-06 1.95e-07)
(9.1e-07 2.34e-06 1.95e-07)
(9.75e-07 2.34e-06 1.95e-07)
(1.04e-06 2.34e-06 1.95e-07)
(1.105e-06 2.34e-06 1.95e-07)
(1.17e-06 2.34e-06 1.95e-07)
(1.235e-06 2.34e-06 1.95e-07)
(5.2e-07 2.405e-06 1.95e-07)
(5.849999999999999e-07 2.405000000000001e-06 1.95e-07)
(6.5e-07 2.405e-06 1.95e-07)
(7.149999999999999e-07 2.405000000000001e-06 1.95e-07)
(7.799999999999998e-07 2.405e-06 1.95e-07)
(8.450000000000001e-07 2.405e-06 1.95e-07)
(9.100000000000001e-07 2.405e-06 1.95e-07)
(9.75e-07 2.405e-06 1.95e-07)
(1.04e-06 2.405e-06 1.95e-07)
(1.105e-06 2.405e-06 1.95e-07)
(1.17e-06 2.405e-06 1.95e-07)
(1.235e-06 2.405e-06 1.95e-07)
(5.2e-07 2.47e-06 1.95e-07)
(5.85e-07 2.47e-06 1.95e-07)
(6.5e-07 2.47e-06 1.95e-07)
(7.150000000000001e-07 2.47e-06 1.95e-07)
(7.799999999999998e-07 2.47e-06 1.95e-07)
(8.450000000000001e-07 2.47e-06 1.95e-07)
(9.100000000000001e-07 2.47e-06 1.95e-07)
(9.75e-07 2.47e-06 1.95e-07)
(1.04e-06 2.47e-06 1.95e-07)
(1.105e-06 2.47e-06 1.95e-07)
(1.17e-06 2.47e-06 1.95e-07)
(1.235e-06 2.47e-06 1.95e-07)
(1.3e-06 2.47e-06 1.95e-07)
(4.55e-07 2.535e-06 1.95e-07)
(5.2e-07 2.535e-06 1.95e-07)
(5.849999999999999e-07 2.535e-06 1.95e-07)
(6.5e-07 2.535e-06 1.95e-07)
(7.149999999999999e-07 2.534999999999999e-06 1.95e-07)
(7.799999999999998e-07 2.534999999999999e-06 1.95e-07)
(8.450000000000001e-07 2.535e-06 1.95e-07)
(9.100000000000001e-07 2.535e-06 1.95e-07)
(9.75e-07 2.535e-06 1.95e-07)
(1.04e-06 2.535e-06 1.95e-07)
(1.105e-06 2.535e-06 1.95e-07)
(1.17e-06 2.535e-06 1.95e-07)
(1.235e-06 2.534999999999999e-06 1.95e-07)
(1.3e-06 2.535e-06 1.95e-07)
(4.55e-07 2.6e-06 1.95e-07)
(5.2e-07 2.6e-06 1.95e-07)
(5.85e-07 2.6e-06 1.95e-07)
(6.5e-07 2.6e-06 1.95e-07)
(7.149999999999999e-07 2.6e-06 1.95e-07)
(7.799999999999998e-07 2.6e-06 1.95e-07)
(8.450000000000001e-07 2.6e-06 1.95e-07)
(9.1e-07 2.6e-06 1.95e-07)
(9.75e-07 2.6e-06 1.95e-07)
(1.04e-06 2.6e-06 1.95e-07)
(1.105e-06 2.6e-06 1.95e-07)
(1.17e-06 2.6e-06 1.95e-07)
(1.235e-06 2.6e-06 1.95e-07)
(1.3e-06 2.6e-06 1.95e-07)
(4.55e-07 2.664999999999999e-06 1.95e-07)
(5.2e-07 2.665e-06 1.95e-07)
(5.849999999999999e-07 2.665e-06 1.95e-07)
(6.5e-07 2.664999999999999e-06 1.95e-07)
(7.149999999999999e-07 2.665e-06 1.95e-07)
(7.799999999999998e-07 2.665e-06 1.95e-07)
(8.450000000000001e-07 2.664999999999999e-06 1.95e-07)
(9.1e-07 2.665e-06 1.95e-07)
(9.75e-07 2.665e-06 1.95e-07)
(1.04e-06 2.664999999999999e-06 1.95e-07)
(1.105e-06 2.665e-06 1.95e-07)
(1.17e-06 2.665e-06 1.95e-07)
(1.235e-06 2.665e-06 1.95e-07)
(1.3e-06 2.665e-06 1.95e-07)
(4.55e-07 2.73e-06 1.95e-07)
(5.2e-07 2.73e-06 1.95e-07)
(5.849999999999999e-07 2.73e-06 1.95e-07)
(6.5e-07 2.73e-06 1.95e-07)
(7.149999999999999e-07 2.73e-06 1.95e-07)
(7.799999999999998e-07 2.73e-06 1.95e-07)
(8.450000000000001e-07 2.73e-06 1.95e-07)
(9.1e-07 2.73e-06 1.95e-07)
(9.75e-07 2.73e-06 1.95e-07)
(1.04e-06 2.73e-06 1.95e-07)
(1.105e-06 2.73e-06 1.95e-07)
(1.17e-06 2.73e-06 1.95e-07)
(1.235e-06 2.73e-06 1.95e-07)
(1.3e-06 2.73e-06 1.95e-07)
(4.55e-07 2.795e-06 1.95e-07)
(5.2e-07 2.795e-06 1.95e-07)
(5.849999999999999e-07 2.795e-06 1.95e-07)
(6.5e-07 2.795e-06 1.95e-07)
(7.149999999999999e-07 2.795e-06 1.95e-07)
(7.799999999999998e-07 2.795e-06 1.95e-07)
(8.450000000000001e-07 2.795e-06 1.95e-07)
(9.1e-07 2.795e-06 1.95e-07)
(9.75e-07 2.795e-06 1.95e-07)
(1.04e-06 2.795e-06 1.95e-07)
(1.105e-06 2.795e-06 1.95e-07)
(1.17e-06 2.795e-06 1.95e-07)
(1.235e-06 2.795e-06 1.95e-07)
(1.3e-06 2.795e-06 1.95e-07)
(5.2e-07 2.86e-06 1.95e-07)
(5.849999999999999e-07 2.860000000000001e-06 1.95e-07)
(6.5e-07 2.86e-06 1.95e-07)
(7.149999999999999e-07 2.860000000000001e-06 1.95e-07)
(7.799999999999998e-07 2.86e-06 1.95e-07)
(8.450000000000001e-07 2.860000000000001e-06 1.95e-07)
(9.1e-07 2.860000000000001e-06 1.95e-07)
(9.75e-07 2.86e-06 1.95e-07)
(1.04e-06 2.86e-06 1.95e-07)
(1.105e-06 2.86e-06 1.95e-07)
(1.17e-06 2.86e-06 1.95e-07)
(1.235e-06 2.860000000000001e-06 1.95e-07)
(5.2e-07 2.925e-06 1.95e-07)
(5.849999999999999e-07 2.925e-06 1.95e-07)
(6.5e-07 2.925e-06 1.95e-07)
(7.149999999999999e-07 2.925e-06 1.95e-07)
(7.799999999999998e-07 2.925e-06 1.95e-07)
(8.450000000000001e-07 2.925e-06 1.95e-07)
(9.100000000000001e-07 2.925e-06 1.95e-07)
(9.75e-07 2.925e-06 1.95e-07)
(1.04e-06 2.925e-06 1.95e-07)
(1.105e-06 2.925e-06 1.95e-07)
(1.17e-06 2.925e-06 1.95e-07)
(1.235e-06 2.925e-06 1.95e-07)
(5.849999999999999e-07 2.99e-06 1.95e-07)
(6.5e-07 2.99e-06 1.95e-07)
(7.149999999999999e-07 2.99e-06 1.95e-07)
(7.800000000000002e-07 2.99e-06 1.95e-07)
(8.450000000000001e-07 2.99e-06 1.95e-07)
(9.100000000000001e-07 2.99e-06 1.95e-07)
(9.75e-07 2.99e-06 1.95e-07)
(1.04e-06 2.99e-06 1.95e-07)
(1.105e-06 2.99e-06 1.95e-07)
(1.17e-06 2.99e-06 1.95e-07)
(7.149999999999999e-07 3.055e-06 1.95e-07)
(7.800000000000002e-07 3.055e-06 1.95e-07)
(8.450000000000001e-07 3.055000000000001e-06 1.95e-07)
(9.100000000000001e-07 3.055e-06 1.95e-07)
(9.75e-07 3.055e-06 1.95e-07)
(1.04e-06 3.055e-06 1.95e-07)
(1.105e-06 3.055e-06 1.95e-07)
(6.499999999999999e-07 2.21e-06 2.6e-07)
(7.149999999999999e-07 2.21e-06 2.600000000000001e-07)
(7.800000000000002e-07 2.21e-06 2.599999999999999e-07)
(8.449999999999999e-07 2.21e-06 2.600000000000001e-07)
(9.1e-07 2.21e-06 2.6e-07)
(5.200000000000001e-07 2.275e-06 2.6e-07)
(5.85e-07 2.275e-06 2.6e-07)
(6.499999999999999e-07 2.275e-06 2.6e-07)
(7.149999999999999e-07 2.275e-06 2.6e-07)
(7.800000000000002e-07 2.275e-06 2.599999999999999e-07)
(8.449999999999999e-07 2.275e-06 2.6e-07)
(9.1e-07 2.275e-06 2.6e-07)
(9.75e-07 2.275e-06 2.6e-07)
(1.04e-06 2.275e-06 2.6e-07)
(1.105e-06 2.275e-06 2.599999999999999e-07)
(5.2e-07 2.34e-06 2.599999999999999e-07)
(5.849999999999999e-07 2.34e-06 2.6e-07)
(6.5e-07 2.339999999999999e-06 2.6e-07)
(7.149999999999999e-07 2.34e-06 2.6e-07)
(7.800000000000002e-07 2.34e-06 2.6e-07)
(8.450000000000001e-07 2.34e-06 2.6e-07)
(9.1e-07 2.34e-06 2.6e-07)
(9.75e-07 2.34e-06 2.6e-07)
(1.04e-06 2.339999999999999e-06 2.600000000000001e-07)
(1.105e-06 2.34e-06 2.6e-07)
(1.17e-06 2.34e-06 2.6e-07)
(5.2e-07 2.405e-06 2.6e-07)
(5.849999999999999e-07 2.405e-06 2.599999999999999e-07)
(6.499999999999999e-07 2.405e-06 2.599999999999999e-07)
(7.149999999999999e-07 2.405e-06 2.6e-07)
(7.799999999999998e-07 2.405e-06 2.6e-07)
(8.450000000000001e-07 2.405e-06 2.6e-07)
(9.100000000000001e-07 2.405e-06 2.6e-07)
(9.75e-07 2.405e-06 2.600000000000001e-07)
(1.04e-06 2.405e-06 2.6e-07)
(1.105e-06 2.405e-06 2.6e-07)
(1.17e-06 2.405e-06 2.6e-07)
(1.235e-06 2.405e-06 2.600000000000001e-07)
(5.2e-07 2.47e-06 2.6e-07)
(5.85e-07 2.47e-06 2.600000000000001e-07)
(6.5e-07 2.47e-06 2.6e-07)
(7.149999999999999e-07 2.47e-06 2.6e-07)
(7.799999999999998e-07 2.47e-06 2.6e-07)
(8.450000000000001e-07 2.47e-06 2.600000000000001e-07)
(9.100000000000001e-07 2.47e-06 2.6e-07)
(9.75e-07 2.47e-06 2.599999999999999e-07)
(1.04e-06 2.47e-06 2.6e-07)
(1.105e-06 2.47e-06 2.600000000000001e-07)
(1.17e-06 2.47e-06 2.6e-07)
(1.235e-06 2.47e-06 2.599999999999999e-07)
(5.2e-07 2.535e-06 2.6e-07)
(5.849999999999999e-07 2.535e-06 2.6e-07)
(6.499999999999999e-07 2.535e-06 2.6e-07)
(7.149999999999999e-07 2.535e-06 2.6e-07)
(7.799999999999998e-07 2.535e-06 2.6e-07)
(8.450000000000001e-07 2.534999999999999e-06 2.6e-07)
(9.100000000000001e-07 2.535e-06 2.6e-07)
(9.75e-07 2.535e-06 2.6e-07)
(1.04e-06 2.535e-06 2.6e-07)
(1.105e-06 2.535e-06 2.6e-07)
(1.17e-06 2.534999999999999e-06 2.6e-07)
(1.235e-06 2.535e-06 2.6e-07)
(1.3e-06 2.535e-06 2.6e-07)
(4.55e-07 2.6e-06 2.6e-07)
(5.2e-07 2.6e-06 2.6e-07)
(5.85e-07 2.6e-06 2.599999999999999e-07)
(6.499999999999999e-07 2.6e-06 2.6e-07)
(7.149999999999999e-07 2.6e-06 2.6e-07)
(7.799999999999998e-07 2.6e-06 2.600000000000001e-07)
(8.450000000000001e-07 2.6e-06 2.599999999999999e-07)
(9.1e-07 2.6e-06 2.6e-07)
(9.75e-07 2.6e-06 2.6e-07)
(1.04e-06 2.6e-06 2.6e-07)
(1.105e-06 2.6e-06 2.600000000000001e-07)
(1.17e-06 2.6e-06 2.6e-07)
(1.235e-06 2.6e-06 2.6e-07)
(1.3e-06 2.6e-06 2.6e-07)
(4.55e-07 2.664999999999999e-06 2.6e-07)
(5.2e-07 2.664999999999999e-06 2.600000000000001e-07)
(5.849999999999999e-07 2.664999999999999e-06 2.600000000000001e-07)
(6.5e-07 2.664999999999999e-06 2.6e-07)
(7.149999999999999e-07 2.665e-06 2.600000000000001e-07)
(7.799999999999998e-07 2.664999999999999e-06 2.600000000000001e-07)
(8.450000000000001e-07 2.665e-06 2.6e-07)
(9.1e-07 2.665e-06 2.6e-07)
(9.75e-07 2.665e-06 2.6e-07)
(1.04e-06 2.665e-06 2.599999999999999e-07)
(1.105e-06 2.665e-06 2.599999999999999e-07)
(1.17e-06 2.665e-06 2.6e-07)
(1.235e-06 2.665e-06 2.599999999999999e-07)
(1.3e-06 2.665e-06 2.599999999999999e-07)
(4.55e-07 2.73e-06 2.6e-07)
(5.200000000000001e-07 2.73e-06 2.600000000000001e-07)
(5.849999999999999e-07 2.73e-06 2.6e-07)
(6.499999999999999e-07 2.73e-06 2.6e-07)
(7.149999999999999e-07 2.729999999999999e-06 2.6e-07)
(7.799999999999998e-07 2.73e-06 2.6e-07)
(8.450000000000001e-07 2.73e-06 2.600000000000001e-07)
(9.1e-07 2.73e-06 2.6e-07)
(9.75e-07 2.73e-06 2.600000000000001e-07)
(1.04e-06 2.73e-06 2.599999999999999e-07)
(1.105e-06 2.73e-06 2.6e-07)
(1.17e-06 2.73e-06 2.6e-07)
(1.235e-06 2.73e-06 2.6e-07)
(1.3e-06 2.73e-06 2.6e-07)
(5.2e-07 2.795e-06 2.6e-07)
(5.849999999999999e-07 2.795e-06 2.6e-07)
(6.5e-07 2.795e-06 2.6e-07)
(7.149999999999999e-07 2.795e-06 2.6e-07)
(7.799999999999998e-07 2.795e-06 2.6e-07)
(8.450000000000001e-07 2.795e-06 2.6e-07)
(9.1e-07 2.795e-06 2.6e-07)
(9.75e-07 2.795e-06 2.6e-07)
(1.04e-06 2.795e-06 2.6e-07)
(1.105e-06 2.795e-06 2.6e-07)
(1.17e-06 2.795e-06 2.6e-07)
(1.235e-06 2.795e-06 2.599999999999999e-07)
(1.3e-06 2.795e-06 2.599999999999999e-07)
(5.2e-07 2.86e-06 2.599999999999999e-07)
(5.849999999999999e-07 2.860000000000001e-06 2.6e-07)
(6.499999999999999e-07 2.86e-06 2.6e-07)
(7.149999999999999e-07 2.86e-06 2.6e-07)
(7.800000000000002e-07 2.86e-06 2.600000000000001e-07)
(8.450000000000001e-07 2.86e-06 2.599999999999999e-07)
(9.1e-07 2.860000000000001e-06 2.6e-07)
(9.75e-07 2.86e-06 2.6e-07)
(1.04e-06 2.86e-06 2.599999999999999e-07)
(1.105e-06 2.860000000000001e-06 2.6e-07)
(1.17e-06 2.86e-06 2.6e-07)
(1.235e-06 2.860000000000001e-06 2.600000000000001e-07)
(5.85e-07 2.924999999999999e-06 2.6e-07)
(6.499999999999999e-07 2.925e-06 2.600000000000001e-07)
(7.149999999999999e-07 2.925e-06 2.6e-07)
(7.799999999999998e-07 2.925e-06 2.600000000000001e-07)
(8.450000000000001e-07 2.924999999999999e-06 2.6e-07)
(9.100000000000001e-07 2.924999999999999e-06 2.6e-07)
(9.75e-07 2.925e-06 2.6e-07)
(1.04e-06 2.925e-06 2.599999999999999e-07)
(1.105e-06 2.925e-06 2.6e-07)
(1.17e-06 2.924999999999999e-06 2.6e-07)
(1.235e-06 2.924999999999999e-06 2.600000000000001e-07)
(6.5e-07 2.99e-06 2.6e-07)
(7.149999999999999e-07 2.99e-06 2.6e-07)
(7.800000000000002e-07 2.99e-06 2.6e-07)
(8.450000000000001e-07 2.99e-06 2.6e-07)
(9.100000000000001e-07 2.99e-06 2.6e-07)
(9.75e-07 2.99e-06 2.6e-07)
(1.04e-06 2.99e-06 2.6e-07)
(1.105e-06 2.99e-06 2.6e-07)
(1.17e-06 2.99e-06 2.600000000000001e-07)
(8.450000000000001e-07 3.055000000000001e-06 2.6e-07)
(9.100000000000001e-07 3.055e-06 2.6e-07)
(9.75e-07 3.055e-06 2.6e-07)
(1.04e-06 3.055e-06 2.599999999999999e-07)
(1.105e-06 3.055e-06 2.6e-07)
(5.849999999999999e-07 2.21e-06 3.25e-07)
(6.5e-07 2.21e-06 3.25e-07)
(7.150000000000001e-07 2.21e-06 3.25e-07)
(7.800000000000002e-07 2.21e-06 3.25e-07)
(8.449999999999999e-07 2.21e-06 3.25e-07)
(9.1e-07 2.21e-06 3.25e-07)
(5.2e-07 2.275e-06 3.25e-07)
(5.849999999999999e-07 2.275e-06 3.25e-07)
(6.5e-07 2.275e-06 3.25e-07)
(7.149999999999999e-07 2.274999999999999e-06 3.25e-07)
(7.800000000000002e-07 2.275e-06 3.25e-07)
(8.449999999999999e-07 2.275e-06 3.25e-07)
(9.1e-07 2.275e-06 3.25e-07)
(9.75e-07 2.275e-06 3.25e-07)
(1.04e-06 2.275e-06 3.25e-07)
(5.2e-07 2.34e-06 3.25e-07)
(5.85e-07 2.34e-06 3.25e-07)
(6.5e-07 2.339999999999999e-06 3.25e-07)
(7.149999999999999e-07 2.34e-06 3.25e-07)
(7.800000000000002e-07 2.34e-06 3.25e-07)
(8.450000000000001e-07 2.34e-06 3.25e-07)
(9.1e-07 2.34e-06 3.25e-07)
(9.75e-07 2.34e-06 3.25e-07)
(1.04e-06 2.34e-06 3.25e-07)
(1.105e-06 2.34e-06 3.25e-07)
(1.17e-06 2.339999999999999e-06 3.25e-07)
(5.2e-07 2.405e-06 3.25e-07)
(5.849999999999999e-07 2.405e-06 3.25e-07)
(6.5e-07 2.405e-06 3.25e-07)
(7.150000000000001e-07 2.405000000000001e-06 3.25e-07)
(7.799999999999998e-07 2.405e-06 3.250000000000001e-07)
(8.450000000000001e-07 2.405000000000001e-06 3.25e-07)
(9.100000000000001e-07 2.405e-06 3.25e-07)
(9.75e-07 2.405e-06 3.25e-07)
(1.04e-06 2.405000000000001e-06 3.25e-07)
(1.105e-06 2.405e-06 3.250000000000001e-07)
(1.17e-06 2.405000000000001e-06 3.25e-07)
(1.235e-06 2.405e-06 3.25e-07)
(5.2e-07 2.47e-06 3.25e-07)
(5.85e-07 2.47e-06 3.25e-07)
(6.5e-07 2.47e-06 3.25e-07)
(7.149999999999999e-07 2.47e-06 3.25e-07)
(7.799999999999998e-07 2.47e-06 3.25e-07)
(8.450000000000001e-07 2.47e-06 3.25e-07)
(9.100000000000001e-07 2.47e-06 3.25e-07)
(9.75e-07 2.47e-06 3.25e-07)
(1.04e-06 2.47e-06 3.25e-07)
(1.105e-06 2.47e-06 3.25e-07)
(1.17e-06 2.47e-06 3.25e-07)
(1.235e-06 2.47e-06 3.25e-07)
(5.2e-07 2.535e-06 3.25e-07)
(5.849999999999999e-07 2.535e-06 3.25e-07)
(6.5e-07 2.535e-06 3.25e-07)
(7.149999999999999e-07 2.535e-06 3.25e-07)
(7.799999999999998e-07 2.534999999999999e-06 3.25e-07)
(8.450000000000001e-07 2.535e-06 3.25e-07)
(9.100000000000001e-07 2.535e-06 3.25e-07)
(9.75e-07 2.535e-06 3.25e-07)
(1.04e-06 2.535e-06 3.25e-07)
(1.105e-06 2.534999999999999e-06 3.25e-07)
(1.17e-06 2.535e-06 3.25e-07)
(1.235e-06 2.535e-06 3.25e-07)
(1.3e-06 2.535e-06 3.25e-07)
(5.2e-07 2.6e-06 3.25e-07)
(5.85e-07 2.6e-06 3.25e-07)
(6.5e-07 2.6e-06 3.25e-07)
(7.149999999999999e-07 2.600000000000001e-06 3.25e-07)
(7.799999999999998e-07 2.6e-06 3.25e-07)
(8.450000000000001e-07 2.6e-06 3.25e-07)
(9.1e-07 2.6e-06 3.25e-07)
(9.75e-07 2.6e-06 3.25e-07)
(1.04e-06 2.6e-06 3.25e-07)
(1.105e-06 2.6e-06 3.25e-07)
(1.17e-06 2.6e-06 3.25e-07)
(1.235e-06 2.6e-06 3.25e-07)
(1.3e-06 2.6e-06 3.25e-07)
(5.2e-07 2.665e-06 3.25e-07)
(5.85e-07 2.665e-06 3.25e-07)
(6.5e-07 2.664999999999999e-06 3.25e-07)
(7.149999999999999e-07 2.664999999999999e-06 3.25e-07)
(7.799999999999998e-07 2.665e-06 3.25e-07)
(8.450000000000001e-07 2.664999999999999e-06 3.25e-07)
(9.1e-07 2.665e-06 3.25e-07)
(9.75e-07 2.665e-06 3.25e-07)
(1.04e-06 2.664999999999999e-06 3.25e-07)
(1.105e-06 2.665e-06 3.25e-07)
(1.17e-06 2.665e-06 3.25e-07)
(1.235e-06 2.665e-06 3.25e-07)
(1.3e-06 2.665e-06 3.25e-07)
(5.199999999999999e-07 2.73e-06 3.25e-07)
(5.849999999999999e-07 2.73e-06 3.25e-07)
(6.5e-07 2.73e-06 3.25e-07)
(7.150000000000001e-07 2.73e-06 3.25e-07)
(7.800000000000002e-07 2.73e-06 3.250000000000001e-07)
(8.450000000000001e-07 2.73e-06 3.25e-07)
(9.1e-07 2.73e-06 3.25e-07)
(9.75e-07 2.73e-06 3.25e-07)
(1.04e-06 2.73e-06 3.25e-07)
(1.105e-06 2.73e-06 3.250000000000001e-07)
(1.17e-06 2.73e-06 3.25e-07)
(1.235e-06 2.73e-06 3.25e-07)
(1.3e-06 2.73e-06 3.25e-07)
(5.2e-07 2.795e-06 3.25e-07)
(5.85e-07 2.795e-06 3.25e-07)
(6.5e-07 2.795e-06 3.25e-07)
(7.149999999999999e-07 2.794999999999999e-06 3.25e-07)
(7.799999999999998e-07 2.795e-06 3.25e-07)
(8.450000000000001e-07 2.794999999999999e-06 3.25e-07)
(9.1e-07 2.795e-06 3.25e-07)
(9.75e-07 2.795e-06 3.25e-07)
(1.04e-06 2.794999999999999e-06 3.25e-07)
(1.105e-06 2.795e-06 3.25e-07)
(1.17e-06 2.795e-06 3.25e-07)
(1.235e-06 2.795e-06 3.25e-07)
(1.3e-06 2.795e-06 3.25e-07)
(5.849999999999999e-07 2.860000000000001e-06 3.25e-07)
(6.5e-07 2.860000000000001e-06 3.25e-07)
(7.149999999999999e-07 2.86e-06 3.25e-07)
(7.799999999999998e-07 2.86e-06 3.25e-07)
(8.450000000000001e-07 2.860000000000001e-06 3.25e-07)
(9.1e-07 2.860000000000001e-06 3.25e-07)
(9.75e-07 2.86e-06 3.25e-07)
(1.04e-06 2.86e-06 3.25e-07)
(1.105e-06 2.860000000000001e-06 3.25e-07)
(1.17e-06 2.860000000000001e-06 3.25e-07)
(1.235e-06 2.860000000000001e-06 3.25e-07)
(6.5e-07 2.925e-06 3.25e-07)
(7.150000000000001e-07 2.925e-06 3.25e-07)
(7.799999999999998e-07 2.925e-06 3.25e-07)
(8.450000000000001e-07 2.924999999999999e-06 3.25e-07)
(9.100000000000001e-07 2.925e-06 3.25e-07)
(9.75e-07 2.925e-06 3.25e-07)
(1.04e-06 2.925e-06 3.25e-07)
(1.105e-06 2.925e-06 3.25e-07)
(1.17e-06 2.924999999999999e-06 3.25e-07)
(7.149999999999999e-07 2.99e-06 3.25e-07)
(7.800000000000002e-07 2.99e-06 3.25e-07)
(8.450000000000001e-07 2.99e-06 3.25e-07)
(9.100000000000001e-07 2.99e-06 3.25e-07)
(9.75e-07 2.99e-06 3.25e-07)
(1.04e-06 2.99e-06 3.25e-07)
(1.105e-06 2.99e-06 3.25e-07)
(5.85e-07 2.21e-06 3.900000000000001e-07)
(6.5e-07 2.21e-06 3.900000000000001e-07)
(7.150000000000001e-07 2.21e-06 3.899999999999999e-07)
(7.800000000000002e-07 2.21e-06 3.899999999999999e-07)
(8.449999999999999e-07 2.21e-06 3.899999999999999e-07)
(9.1e-07 2.21e-06 3.900000000000001e-07)
(5.85e-07 2.275e-06 3.899999999999999e-07)
(6.5e-07 2.275e-06 3.899999999999999e-07)
(7.149999999999999e-07 2.275e-06 3.900000000000001e-07)
(7.800000000000002e-07 2.275e-06 3.899999999999999e-07)
(8.449999999999999e-07 2.275e-06 3.899999999999999e-07)
(9.1e-07 2.275e-06 3.900000000000001e-07)
(9.75e-07 2.275e-06 3.900000000000001e-07)
(1.04e-06 2.275e-06 3.899999999999999e-07)
(5.85e-07 2.34e-06 3.900000000000001e-07)
(6.500000000000001e-07 2.34e-06 3.900000000000001e-07)
(7.149999999999999e-07 2.34e-06 3.900000000000001e-07)
(7.800000000000002e-07 2.34e-06 3.900000000000001e-07)
(8.450000000000001e-07 2.34e-06 3.900000000000001e-07)
(9.1e-07 2.34e-06 3.899999999999999e-07)
(9.75e-07 2.34e-06 3.900000000000001e-07)
(1.04e-06 2.339999999999999e-06 3.899999999999999e-07)
(1.105e-06 2.34e-06 3.899999999999999e-07)
(5.2e-07 2.405e-06 3.900000000000001e-07)
(5.849999999999999e-07 2.405e-06 3.899999999999999e-07)
(6.5e-07 2.405000000000001e-06 3.900000000000001e-07)
(7.149999999999999e-07 2.405e-06 3.900000000000001e-07)
(7.799999999999998e-07 2.405e-06 3.899999999999999e-07)
(8.450000000000001e-07 2.405e-06 3.899999999999999e-07)
(9.100000000000001e-07 2.405e-06 3.899999999999999e-07)
(9.75e-07 2.405000000000001e-06 3.899999999999999e-07)
(1.04e-06 2.405e-06 3.900000000000001e-07)
(1.105e-06 2.405000000000001e-06 3.900000000000001e-07)
(1.17e-06 2.405e-06 3.899999999999999e-07)
(5.2e-07 2.47e-06 3.899999999999999e-07)
(5.85e-07 2.47e-06 3.900000000000001e-07)
(6.500000000000001e-07 2.47e-06 3.899999999999999e-07)
(7.149999999999999e-07 2.47e-06 3.899999999999999e-07)
(7.799999999999998e-07 2.47e-06 3.899999999999999e-07)
(8.450000000000001e-07 2.47e-06 3.899999999999999e-07)
(9.100000000000001e-07 2.47e-06 3.899999999999999e-07)
(9.75e-07 2.47e-06 3.900000000000001e-07)
(1.04e-06 2.47e-06 3.899999999999999e-07)
(1.105e-06 2.47e-06 3.900000000000001e-07)
(1.17e-06 2.47e-06 3.900000000000001e-07)
(1.235e-06 2.47e-06 3.899999999999999e-07)
(5.2e-07 2.535e-06 3.899999999999999e-07)
(5.85e-07 2.535e-06 3.899999999999999e-07)
(6.5e-07 2.535e-06 3.899999999999999e-07)
(7.149999999999999e-07 2.535e-06 3.899999999999999e-07)
(7.799999999999998e-07 2.535e-06 3.899999999999999e-07)
(8.450000000000001e-07 2.534999999999999e-06 3.899999999999999e-07)
(9.100000000000001e-07 2.534999999999999e-06 3.899999999999999e-07)
(9.75e-07 2.535e-06 3.900000000000001e-07)
(1.04e-06 2.535e-06 3.900000000000001e-07)
(1.105e-06 2.534999999999999e-06 3.900000000000001e-07)
(1.17e-06 2.535e-06 3.900000000000001e-07)
(1.235e-06 2.535e-06 3.899999999999999e-07)
(5.200000000000001e-07 2.6e-06 3.900000000000001e-07)
(5.85e-07 2.6e-06 3.899999999999999e-07)
(6.5e-07 2.6e-06 3.899999999999999e-07)
(7.149999999999999e-07 2.6e-06 3.899999999999999e-07)
(7.799999999999998e-07 2.6e-06 3.900000000000001e-07)
(8.450000000000001e-07 2.6e-06 3.900000000000001e-07)
(9.1e-07 2.6e-06 3.899999999999999e-07)
(9.75e-07 2.6e-06 3.899999999999999e-07)
(1.04e-06 2.6e-06 3.899999999999999e-07)
(1.105e-06 2.6e-06 3.899999999999999e-07)
(1.17e-06 2.6e-06 3.900000000000001e-07)
(1.235e-06 2.6e-06 3.899999999999999e-07)
(5.2e-07 2.665e-06 3.900000000000001e-07)
(5.85e-07 2.665e-06 3.899999999999999e-07)
(6.500000000000001e-07 2.665e-06 3.899999999999999e-07)
(7.149999999999999e-07 2.665e-06 3.899999999999999e-07)
(7.799999999999998e-07 2.665e-06 3.899999999999999e-07)
(8.450000000000001e-07 2.664999999999999e-06 3.900000000000001e-07)
(9.1e-07 2.665e-06 3.899999999999999e-07)
(9.75e-07 2.664999999999999e-06 3.900000000000001e-07)
(1.04e-06 2.665e-06 3.899999999999999e-07)
(1.105e-06 2.665e-06 3.899999999999999e-07)
(1.17e-06 2.665e-06 3.900000000000001e-07)
(1.235e-06 2.665e-06 3.899999999999999e-07)
(5.2e-07 2.73e-06 3.899999999999999e-07)
(5.85e-07 2.73e-06 3.899999999999999e-07)
(6.5e-07 2.73e-06 3.900000000000001e-07)
(7.150000000000001e-07 2.73e-06 3.899999999999999e-07)
(7.799999999999998e-07 2.73e-06 3.899999999999999e-07)
(8.450000000000001e-07 2.73e-06 3.899999999999999e-07)
(9.1e-07 2.73e-06 3.899999999999999e-07)
(9.75e-07 2.73e-06 3.899999999999999e-07)
(1.04e-06 2.73e-06 3.900000000000001e-07)
(1.105e-06 2.73e-06 3.900000000000001e-07)
(1.17e-06 2.73e-06 3.899999999999999e-07)
(1.235e-06 2.73e-06 3.900000000000001e-07)
(5.85e-07 2.795e-06 3.899999999999999e-07)
(6.500000000000001e-07 2.795e-06 3.900000000000001e-07)
(7.149999999999999e-07 2.795e-06 3.900000000000001e-07)
(7.799999999999998e-07 2.795e-06 3.900000000000001e-07)
(8.450000000000001e-07 2.795e-06 3.899999999999999e-07)
(9.1e-07 2.795e-06 3.899999999999999e-07)
(9.75e-07 2.795e-06 3.899999999999999e-07)
(1.04e-06 2.795e-06 3.899999999999999e-07)
(1.105e-06 2.795e-06 3.899999999999999e-07)
(1.17e-06 2.795e-06 3.899999999999999e-07)
(1.235e-06 2.795e-06 3.900000000000001e-07)
(6.5e-07 2.86e-06 3.899999999999999e-07)
(7.150000000000001e-07 2.86e-06 3.900000000000001e-07)
(7.799999999999998e-07 2.86e-06 3.899999999999999e-07)
(8.450000000000001e-07 2.860000000000001e-06 3.900000000000001e-07)
(9.099999999999998e-07 2.860000000000001e-06 3.899999999999999e-07)
(9.75e-07 2.86e-06 3.899999999999999e-07)
(1.04e-06 2.86e-06 3.900000000000001e-07)
(1.105e-06 2.86e-06 3.899999999999999e-07)
(1.17e-06 2.860000000000001e-06 3.900000000000001e-07)
(7.150000000000001e-07 2.925e-06 3.900000000000001e-07)
(7.799999999999998e-07 2.925e-06 3.900000000000001e-07)
(8.450000000000001e-07 2.925e-06 3.899999999999999e-07)
(9.099999999999998e-07 2.925e-06 3.899999999999999e-07)
(9.75e-07 2.925e-06 3.900000000000001e-07)
(1.04e-06 2.925e-06 3.899999999999999e-07)
(1.105e-06 2.925e-06 3.899999999999999e-07)
(8.450000000000001e-07 2.99e-06 3.899999999999999e-07)
(9.100000000000001e-07 2.99e-06 3.899999999999999e-07)
(9.75e-07 2.99e-06 3.900000000000001e-07)
(1.04e-06 2.99e-06 3.900000000000001e-07)
(5.849999999999999e-07 2.21e-06 4.55e-07)
(6.5e-07 2.21e-06 4.55e-07)
(7.150000000000001e-07 2.21e-06 4.55e-07)
(7.799999999999998e-07 2.21e-06 4.55e-07)
(8.450000000000001e-07 2.21e-06 4.55e-07)
(9.100000000000001e-07 2.21e-06 4.55e-07)
(5.849999999999999e-07 2.275e-06 4.55e-07)
(6.5e-07 2.275e-06 4.55e-07)
(7.149999999999999e-07 2.275e-06 4.55e-07)
(7.800000000000002e-07 2.275e-06 4.55e-07)
(8.449999999999999e-07 2.275e-06 4.55e-07)
(9.1e-07 2.275e-06 4.55e-07)
(9.75e-07 2.275e-06 4.55e-07)
(1.04e-06 2.275e-06 4.549999999999999e-07)
(5.849999999999999e-07 2.34e-06 4.549999999999999e-07)
(6.5e-07 2.34e-06 4.549999999999999e-07)
(7.149999999999999e-07 2.34e-06 4.55e-07)
(7.799999999999998e-07 2.34e-06 4.55e-07)
(8.450000000000001e-07 2.34e-06 4.549999999999999e-07)
(9.1e-07 2.34e-06 4.549999999999999e-07)
(9.75e-07 2.34e-06 4.55e-07)
(1.04e-06 2.34e-06 4.549999999999999e-07)
(1.105e-06 2.34e-06 4.549999999999999e-07)
(5.849999999999999e-07 2.405e-06 4.55e-07)
(6.5e-07 2.405e-06 4.55e-07)
(7.150000000000001e-07 2.405000000000001e-06 4.55e-07)
(7.799999999999998e-07 2.405e-06 4.55e-07)
(8.450000000000001e-07 2.405e-06 4.55e-07)
(9.100000000000001e-07 2.405e-06 4.55e-07)
(9.75e-07 2.405000000000001e-06 4.549999999999999e-07)
(1.04e-06 2.405000000000001e-06 4.55e-07)
(1.105e-06 2.405e-06 4.55e-07)
(1.17e-06 2.405e-06 4.55e-07)
(5.2e-07 2.47e-06 4.55e-07)
(5.85e-07 2.47e-06 4.549999999999999e-07)
(6.5e-07 2.47e-06 4.549999999999999e-07)
(7.150000000000001e-07 2.469999999999999e-06 4.55e-07)
(7.799999999999998e-07 2.47e-06 4.549999999999999e-07)
(8.450000000000001e-07 2.47e-06 4.55e-07)
(9.100000000000001e-07 2.47e-06 4.55e-07)
(9.75e-07 2.47e-06 4.55e-07)
(1.04e-06 2.47e-06 4.55e-07)
(1.105e-06 2.47e-06 4.55e-07)
(1.17e-06 2.47e-06 4.55e-07)
(5.2e-07 2.535e-06 4.55e-07)
(5.849999999999999e-07 2.535e-06 4.55e-07)
(6.5e-07 2.535e-06 4.55e-07)
(7.149999999999999e-07 2.535e-06 4.55e-07)
(7.799999999999998e-07 2.535e-06 4.549999999999999e-07)
(8.450000000000001e-07 2.535e-06 4.55e-07)
(9.100000000000001e-07 2.535e-06 4.55e-07)
(9.75e-07 2.535e-06 4.55e-07)
(1.04e-06 2.534999999999999e-06 4.55e-07)
(1.105e-06 2.535e-06 4.55e-07)
(1.17e-06 2.535e-06 4.55e-07)
(5.2e-07 2.6e-06 4.549999999999999e-07)
(5.85e-07 2.6e-06 4.55e-07)
(6.5e-07 2.6e-06 4.55e-07)
(7.149999999999999e-07 2.6e-06 4.55e-07)
(7.799999999999998e-07 2.6e-06 4.549999999999999e-07)
(8.450000000000001e-07 2.6e-06 4.55e-07)
(9.100000000000001e-07 2.6e-06 4.55e-07)
(9.75e-07 2.6e-06 4.55e-07)
(1.04e-06 2.6e-06 4.55e-07)
(1.105e-06 2.6e-06 4.549999999999999e-07)
(1.17e-06 2.6e-06 4.55e-07)
(5.849999999999999e-07 2.665e-06 4.55e-07)
(6.5e-07 2.664999999999999e-06 4.55e-07)
(7.149999999999999e-07 2.665e-06 4.55e-07)
(7.799999999999998e-07 2.665e-06 4.55e-07)
(8.450000000000001e-07 2.664999999999999e-06 4.55e-07)
(9.100000000000001e-07 2.665e-06 4.55e-07)
(9.75e-07 2.665e-06 4.55e-07)
(1.04e-06 2.664999999999999e-06 4.549999999999999e-07)
(1.105e-06 2.665e-06 4.55e-07)
(1.17e-06 2.665e-06 4.55e-07)
(5.849999999999999e-07 2.73e-06 4.55e-07)
(6.5e-07 2.73e-06 4.55e-07)
(7.150000000000001e-07 2.73e-06 4.55e-07)
(7.799999999999998e-07 2.73e-06 4.549999999999999e-07)
(8.450000000000001e-07 2.73e-06 4.55e-07)
(9.100000000000001e-07 2.73e-06 4.55e-07)
(9.75e-07 2.73e-06 4.55e-07)
(1.04e-06 2.73e-06 4.55e-07)
(1.105e-06 2.73e-06 4.55e-07)
(1.17e-06 2.73e-06 4.55e-07)
(6.5e-07 2.795e-06 4.55e-07)
(7.149999999999999e-07 2.795e-06 4.55e-07)
(7.799999999999998e-07 2.795e-06 4.549999999999999e-07)
(8.450000000000001e-07 2.795e-06 4.55e-07)
(9.1e-07 2.795e-06 4.55e-07)
(9.75e-07 2.795e-06 4.55e-07)
(1.04e-06 2.795e-06 4.55e-07)
(1.105e-06 2.795e-06 4.55e-07)
(1.17e-06 2.794999999999999e-06 4.55e-07)
(7.149999999999999e-07 2.860000000000001e-06 4.55e-07)
(7.799999999999998e-07 2.860000000000001e-06 4.549999999999999e-07)
(8.450000000000001e-07 2.860000000000001e-06 4.55e-07)
(9.1e-07 2.86e-06 4.549999999999999e-07)
(9.75e-07 2.86e-06 4.55e-07)
(1.04e-06 2.86e-06 4.55e-07)
(1.105e-06 2.86e-06 4.549999999999999e-07)
(7.799999999999998e-07 2.925e-06 4.549999999999999e-07)
(8.450000000000001e-07 2.924999999999999e-06 4.550000000000001e-07)
(9.100000000000001e-07 2.925e-06 4.55e-07)
(9.75e-07 2.925e-06 4.55e-07)
(1.04e-06 2.924999999999999e-06 4.55e-07)
(7.149999999999999e-07 2.275e-06 5.2e-07)
(7.799999999999998e-07 2.275e-06 5.199999999999999e-07)
(8.450000000000001e-07 2.275e-06 5.2e-07)
(9.1e-07 2.275e-06 5.2e-07)
(9.75e-07 2.275e-06 5.2e-07)
(7.149999999999999e-07 2.34e-06 5.2e-07)
(7.799999999999998e-07 2.34e-06 5.2e-07)
(8.450000000000001e-07 2.34e-06 5.2e-07)
(9.1e-07 2.34e-06 5.2e-07)
(9.75e-07 2.34e-06 5.2e-07)
(1.04e-06 2.34e-06 5.200000000000001e-07)
(7.150000000000001e-07 2.405e-06 5.2e-07)
(7.799999999999998e-07 2.405e-06 5.2e-07)
(8.450000000000001e-07 2.405e-06 5.2e-07)
(9.100000000000001e-07 2.405e-06 5.2e-07)
(9.75e-07 2.405e-06 5.200000000000001e-07)
(1.04e-06 2.405e-06 5.2e-07)
(1.105e-06 2.405e-06 5.2e-07)
(7.150000000000001e-07 2.47e-06 5.2e-07)
(7.799999999999998e-07 2.47e-06 5.2e-07)
(8.450000000000001e-07 2.47e-06 5.200000000000001e-07)
(9.100000000000001e-07 2.47e-06 5.2e-07)
(9.75e-07 2.47e-06 5.199999999999999e-07)
(1.04e-06 2.47e-06 5.2e-07)
(1.105e-06 2.47e-06 5.200000000000001e-07)
(7.149999999999999e-07 2.535e-06 5.2e-07)
(7.799999999999998e-07 2.535e-06 5.2e-07)
(8.450000000000001e-07 2.534999999999999e-06 5.2e-07)
(9.100000000000001e-07 2.534999999999999e-06 5.2e-07)
(9.75e-07 2.535e-06 5.2e-07)
(1.04e-06 2.535e-06 5.2e-07)
(1.105e-06 2.535e-06 5.2e-07)
(7.149999999999999e-07 2.6e-06 5.2e-07)
(7.799999999999998e-07 2.6e-06 5.200000000000001e-07)
(8.450000000000001e-07 2.6e-06 5.199999999999999e-07)
(9.1e-07 2.6e-06 5.2e-07)
(9.75e-07 2.6e-06 5.2e-07)
(1.04e-06 2.6e-06 5.2e-07)
(7.149999999999999e-07 2.665e-06 5.200000000000001e-07)
(7.799999999999998e-07 2.665e-06 5.200000000000001e-07)
(8.450000000000001e-07 2.664999999999999e-06 5.2e-07)
(9.1e-07 2.665e-06 5.2e-07)
(9.75e-07 2.664999999999999e-06 5.2e-07)
(1.04e-06 2.665e-06 5.199999999999999e-07)
(7.799999999999998e-07 2.73e-06 5.2e-07)
(8.450000000000001e-07 2.73e-06 5.200000000000001e-07)
(9.100000000000001e-07 2.73e-06 5.2e-07)
(9.75e-07 2.73e-06 5.200000000000001e-07)
(7.799999999999998e-07 2.795e-06 5.2e-07)
(8.450000000000001e-07 2.795e-06 5.2e-07)
(9.100000000000001e-07 2.795e-06 5.2e-07)
(9.75e-07 2.795e-06 5.2e-07)
(7.799999999999998e-07 2.86e-06 5.200000000000001e-07)
(8.450000000000001e-07 2.860000000000001e-06 5.199999999999999e-07)
(9.1e-07 2.860000000000001e-06 5.2e-07)
(9.75e-07 2.86e-06 5.2e-07)
)


// ************************************************************************* //
