/*--------------------------------*- C++ -*----------------------------------*\
  =========                 |
  \\      /  F ield         | OpenFOAM: The Open Source CFD Toolbox
   \\    /   O peration     | Website:  https://openfoam.org
    \\  /    A nd           | Version:  6
     \\/     M anipulation  |
\*---------------------------------------------------------------------------*/
FoamFile
{
    version     2.0;
    format      ascii;
    class       faceList;
    location    "constant/region529/polyMesh";
    object      faces;
}
// * * * * * * * * * * * * * * * * * * * * * * * * * * * * * * * * * * * * * //


46
(
4(3 18 19 4)
4(14 15 19 18)
4(3 7 22 18)
4(17 18 22 21)
4(4 8 23 19)
4(8 23 24 9)
4(10 25 26 11)
4(15 19 34 30)
4(0 1 15 14)
4(0 14 18 3)
4(2 3 18 17)
4(1 4 19 15)
4(4 5 20 19)
4(15 19 20 16)
4(2 17 21 6)
4(5 9 24 20)
4(9 11 26 24)
4(11 13 28 26)
4(14 15 30 29)
4(15 16 31 30)
4(14 29 33 18)
4(17 18 33 32)
4(16 20 35 31)
4(17 32 36 21)
4(0 3 4 1)
4(2 6 7 3)
4(3 7 8 4)
4(4 8 9 5)
4(8 10 11 9)
4(10 12 13 11)
4(6 21 22 7)
4(7 22 23 8)
4(18 19 23 22)
4(19 20 24 23)
4(8 23 25 10)
4(23 24 26 25)
4(10 25 27 12)
4(12 27 28 13)
4(25 26 28 27)
4(18 33 34 19)
4(29 30 34 33)
4(19 34 35 20)
4(30 31 35 34)
4(18 22 37 33)
4(21 36 37 22)
4(32 33 37 36)
)


// ************************************************************************* //
