/*--------------------------------*- C++ -*----------------------------------*\
  =========                 |
  \\      /  F ield         | OpenFOAM: The Open Source CFD Toolbox
   \\    /   O peration     | Website:  https://openfoam.org
    \\  /    A nd           | Version:  6
     \\/     M anipulation  |
\*---------------------------------------------------------------------------*/
FoamFile
{
    version     2.0;
    format      ascii;
    class       faceList;
    location    "constant/region293/polyMesh";
    object      faces;
}
// * * * * * * * * * * * * * * * * * * * * * * * * * * * * * * * * * * * * * //


155
(
4(2 12 13 3)
4(10 11 13 12)
4(4 14 15 5)
4(12 13 15 14)
4(14 15 17 16)
4(10 23 24 11)
4(20 21 24 23)
4(12 26 27 13)
4(23 24 27 26)
4(14 29 30 15)
4(26 27 30 29)
4(29 30 32 31)
4(20 36 37 21)
4(33 34 37 36)
4(23 39 40 24)
4(36 37 40 39)
4(23 26 42 39)
4(25 41 42 26)
4(38 39 42 41)
4(26 42 43 27)
4(39 40 43 42)
4(26 29 45 42)
4(41 42 45 44)
4(29 45 46 30)
4(42 43 46 45)
4(45 46 48 47)
4(36 53 54 37)
4(50 51 54 53)
4(36 39 56 53)
4(38 55 56 39)
4(52 53 56 55)
4(39 56 57 40)
4(53 54 57 56)
4(39 42 59 56)
4(41 58 59 42)
4(55 56 59 58)
4(42 59 60 43)
4(56 57 60 59)
4(42 45 62 59)
4(58 59 62 61)
4(45 62 63 46)
4(59 60 63 62)
4(62 63 65 64)
4(50 53 70 67)
4(52 69 70 53)
4(53 70 71 54)
4(53 56 73 70)
4(55 72 73 56)
4(69 70 73 72)
4(56 73 74 57)
4(70 71 74 73)
4(56 59 76 73)
4(58 75 76 59)
4(72 73 76 75)
4(59 76 77 60)
4(73 74 77 76)
4(59 62 79 76)
4(75 76 79 78)
4(62 79 80 63)
4(76 77 80 79)
4(70 73 87 84)
4(72 86 87 73)
4(73 87 88 74)
4(73 76 90 87)
4(75 89 90 76)
4(76 90 91 77)
4(76 79 93 90)
4(1 3 13 11)
4(3 5 15 13)
4(5 7 17 15)
4(9 11 24 21)
4(11 13 27 24)
4(13 15 30 27)
4(15 17 32 30)
4(19 21 37 34)
4(21 24 40 37)
4(24 27 43 40)
4(27 30 46 43)
4(30 32 48 46)
4(34 37 54 51)
4(37 40 57 54)
4(40 43 60 57)
4(43 46 63 60)
4(46 48 65 63)
4(51 54 71 68)
4(54 57 74 71)
4(57 60 77 74)
4(60 63 80 77)
4(63 65 82 80)
4(71 74 88 85)
4(74 77 91 88)
4(77 80 94 91)
4(0 2 3 1)
4(2 4 5 3)
4(4 6 7 5)
4(0 1 11 10)
4(8 10 11 9)
4(0 10 12 2)
4(2 12 14 4)
4(4 14 16 6)
4(8 9 21 20)
4(18 20 21 19)
4(8 20 23 10)
4(10 23 26 12)
4(22 25 26 23)
4(12 26 29 14)
4(25 28 29 26)
4(14 29 31 16)
4(18 19 34 33)
4(18 33 36 20)
4(20 36 39 23)
4(22 23 39 38)
4(35 38 39 36)
4(22 38 41 25)
4(25 41 44 28)
4(33 34 51 50)
4(33 50 53 36)
4(35 36 53 52)
4(49 52 53 50)
4(49 50 67 66)
4(50 51 68 67)
4(83 84 87 86)
4(84 85 88 87)
4(86 87 90 89)
4(87 88 91 90)
4(89 90 93 92)
4(90 91 94 93)
4(6 16 17 7)
4(16 31 32 17)
4(28 44 45 29)
4(29 45 47 31)
4(31 47 48 32)
4(35 52 55 38)
4(38 55 58 41)
4(41 58 61 44)
4(44 61 62 45)
4(45 62 64 47)
4(47 64 65 48)
4(49 66 69 52)
4(66 67 70 69)
4(67 68 71 70)
4(52 69 72 55)
4(55 72 75 58)
4(58 75 78 61)
4(61 78 79 62)
4(62 79 81 64)
4(64 81 82 65)
4(79 80 82 81)
4(69 70 84 83)
4(70 71 85 84)
4(69 83 86 72)
4(72 86 89 75)
4(75 89 92 78)
4(78 92 93 79)
4(79 93 94 80)
)


// ************************************************************************* //
