/*--------------------------------*- C++ -*----------------------------------*\
  =========                 |
  \\      /  F ield         | OpenFOAM: The Open Source CFD Toolbox
   \\    /   O peration     | Website:  https://openfoam.org
    \\  /    A nd           | Version:  6
     \\/     M anipulation  |
\*---------------------------------------------------------------------------*/
FoamFile
{
    version     2.0;
    format      ascii;
    class       vectorField;
    location    "constant/region293/polyMesh";
    object      points;
}
// * * * * * * * * * * * * * * * * * * * * * * * * * * * * * * * * * * * * * //


95
(
(4.095e-06 1.235e-06 1.3e-06)
(4.16e-06 1.235e-06 1.3e-06)
(4.095e-06 1.3e-06 1.3e-06)
(4.16e-06 1.3e-06 1.3e-06)
(4.095e-06 1.365e-06 1.3e-06)
(4.16e-06 1.365e-06 1.3e-06)
(4.095e-06 1.43e-06 1.3e-06)
(4.16e-06 1.43e-06 1.3e-06)
(4.095e-06 1.17e-06 1.365e-06)
(4.16e-06 1.17e-06 1.365e-06)
(4.095e-06 1.235e-06 1.365e-06)
(4.16e-06 1.235e-06 1.365e-06)
(4.095e-06 1.3e-06 1.365e-06)
(4.16e-06 1.3e-06 1.365e-06)
(4.095e-06 1.365e-06 1.365e-06)
(4.16e-06 1.365e-06 1.365e-06)
(4.095e-06 1.43e-06 1.365e-06)
(4.16e-06 1.43e-06 1.365e-06)
(4.095000000000001e-06 1.105e-06 1.43e-06)
(4.16e-06 1.105e-06 1.43e-06)
(4.095e-06 1.17e-06 1.43e-06)
(4.16e-06 1.17e-06 1.43e-06)
(4.03e-06 1.235e-06 1.43e-06)
(4.095e-06 1.235e-06 1.43e-06)
(4.16e-06 1.235e-06 1.43e-06)
(4.03e-06 1.3e-06 1.43e-06)
(4.095e-06 1.3e-06 1.43e-06)
(4.16e-06 1.3e-06 1.43e-06)
(4.03e-06 1.365e-06 1.43e-06)
(4.095e-06 1.365e-06 1.43e-06)
(4.16e-06 1.365e-06 1.43e-06)
(4.095e-06 1.43e-06 1.43e-06)
(4.16e-06 1.43e-06 1.43e-06)
(4.095000000000001e-06 1.105e-06 1.495e-06)
(4.16e-06 1.105e-06 1.495e-06)
(4.03e-06 1.17e-06 1.495e-06)
(4.095000000000001e-06 1.17e-06 1.495e-06)
(4.16e-06 1.17e-06 1.495e-06)
(4.03e-06 1.235e-06 1.495e-06)
(4.095e-06 1.235e-06 1.495e-06)
(4.16e-06 1.235e-06 1.495e-06)
(4.03e-06 1.3e-06 1.495e-06)
(4.095000000000001e-06 1.3e-06 1.495e-06)
(4.16e-06 1.3e-06 1.495e-06)
(4.03e-06 1.365e-06 1.495e-06)
(4.095000000000001e-06 1.365e-06 1.495e-06)
(4.16e-06 1.365e-06 1.495e-06)
(4.095000000000001e-06 1.43e-06 1.495e-06)
(4.16e-06 1.43e-06 1.495e-06)
(4.03e-06 1.105e-06 1.56e-06)
(4.095e-06 1.105e-06 1.56e-06)
(4.16e-06 1.105e-06 1.56e-06)
(4.03e-06 1.17e-06 1.56e-06)
(4.095e-06 1.17e-06 1.56e-06)
(4.16e-06 1.17e-06 1.56e-06)
(4.03e-06 1.235e-06 1.56e-06)
(4.095e-06 1.235e-06 1.56e-06)
(4.16e-06 1.235e-06 1.56e-06)
(4.03e-06 1.3e-06 1.560000000000001e-06)
(4.095000000000001e-06 1.3e-06 1.56e-06)
(4.16e-06 1.3e-06 1.56e-06)
(4.03e-06 1.365e-06 1.56e-06)
(4.095e-06 1.365e-06 1.56e-06)
(4.16e-06 1.365e-06 1.56e-06)
(4.095e-06 1.43e-06 1.56e-06)
(4.16e-06 1.43e-06 1.56e-06)
(4.03e-06 1.105e-06 1.625e-06)
(4.095e-06 1.105e-06 1.625e-06)
(4.16e-06 1.105e-06 1.625e-06)
(4.03e-06 1.17e-06 1.625e-06)
(4.095e-06 1.17e-06 1.625e-06)
(4.16e-06 1.17e-06 1.625e-06)
(4.03e-06 1.235e-06 1.625e-06)
(4.095e-06 1.235e-06 1.625e-06)
(4.16e-06 1.235e-06 1.625e-06)
(4.03e-06 1.3e-06 1.625e-06)
(4.095e-06 1.3e-06 1.625e-06)
(4.16e-06 1.3e-06 1.625e-06)
(4.03e-06 1.365e-06 1.625e-06)
(4.095e-06 1.365e-06 1.625e-06)
(4.16e-06 1.365e-06 1.625e-06)
(4.095e-06 1.43e-06 1.625e-06)
(4.16e-06 1.43e-06 1.625e-06)
(4.03e-06 1.17e-06 1.69e-06)
(4.095e-06 1.17e-06 1.69e-06)
(4.16e-06 1.17e-06 1.69e-06)
(4.03e-06 1.235e-06 1.69e-06)
(4.095e-06 1.235e-06 1.69e-06)
(4.16e-06 1.235e-06 1.69e-06)
(4.03e-06 1.3e-06 1.689999999999999e-06)
(4.095e-06 1.3e-06 1.69e-06)
(4.16e-06 1.3e-06 1.69e-06)
(4.03e-06 1.365e-06 1.69e-06)
(4.095e-06 1.365e-06 1.69e-06)
(4.16e-06 1.365e-06 1.69e-06)
)


// ************************************************************************* //
