/*--------------------------------*- C++ -*----------------------------------*\
  =========                 |
  \\      /  F ield         | OpenFOAM: The Open Source CFD Toolbox
   \\    /   O peration     | Website:  https://openfoam.org
    \\  /    A nd           | Version:  6
     \\/     M anipulation  |
\*---------------------------------------------------------------------------*/
FoamFile
{
    version     2.0;
    format      ascii;
    class       labelList;
    location    "constant/region649/polyMesh";
    object      faceRegionAddressing;
}
// * * * * * * * * * * * * * * * * * * * * * * * * * * * * * * * * * * * * * //


221
(
752073
752074
752258
752259
752260
752261
752262
752263
752264
752265
752449
752450
752451
752452
752453
752454
752456
752640
752642
752645
764042
764043
764227
764228
764229
764230
764231
764232
764233
764234
764415
764416
764417
764418
764419
764420
764421
764422
764423
764424
764425
764606
764607
764608
764609
764610
764611
764612
764613
764614
764615
764616
764797
764799
764800
764801
764802
764803
764804
764805
764806
764807
764991
764993
764994
764996
764998
776008
776009
776011
776193
776194
776196
776197
776199
776200
776202
776381
776382
776384
776385
776387
776388
776390
776391
776393
776572
776575
776576
776578
776579
776581
776582
776584
776766
776767
776769
776770
776772
776773
776775
776957
776960
776961
776963
776964
776966
777151
777154
913910
913911
913912
913973
913974
913975
913976
913977
913978
914036
914037
914038
914039
914040
914041
914042
776010
776012
776195
776198
776201
776203
776383
776386
776389
776392
776394
776574
776577
776580
776583
776585
776768
776771
776774
776776
776959
776962
776965
776967
777153
777156
777158
-739914
-740100
-740103
-740105
-740291
-740294
-740296
-740482
-740485
-752068
-752069
-752070
-752071
-752072
-752255
-752257
-752446
-752448
752455
-752637
-752639
752641
752643
752644
-752647
-752833
-752836
-752838
-764223
-764412
-764414
-764603
-764794
764798
-764988
764992
764995
764997
-776378
-776569
776573
-776763
776958
-777148
777152
777155
777157
-751882
-751883
-763850
-763851
-763852
-764035
-764037
-764038
-764039
-764040
-764041
-764224
-764225
-764226
-775818
-775820
-776003
-776005
-776006
-776190
-776191
-776954
)


// ************************************************************************* //
