/*--------------------------------*- C++ -*----------------------------------*\
  =========                 |
  \\      /  F ield         | OpenFOAM: The Open Source CFD Toolbox
   \\    /   O peration     | Website:  https://openfoam.org
    \\  /    A nd           | Version:  6
     \\/     M anipulation  |
\*---------------------------------------------------------------------------*/
FoamFile
{
    version     2.0;
    format      ascii;
    class       faceList;
    location    "constant/region649/polyMesh";
    object      faces;
}
// * * * * * * * * * * * * * * * * * * * * * * * * * * * * * * * * * * * * * //


221
(
4(4 26 27 5)
4(21 22 27 26)
4(3 7 30 25)
4(6 29 30 7)
4(24 25 30 29)
4(4 8 31 26)
4(7 30 31 8)
4(25 26 31 30)
4(8 31 32 9)
4(26 27 32 31)
4(7 11 35 30)
4(10 34 35 11)
4(29 30 35 34)
4(8 12 36 31)
4(11 35 36 12)
4(30 31 36 35)
4(31 32 37 36)
4(11 15 40 35)
4(34 35 40 39)
4(35 36 41 40)
4(21 59 60 22)
4(53 54 60 59)
4(20 25 64 58)
4(24 63 64 25)
4(57 58 64 63)
4(21 26 65 59)
4(25 64 65 26)
4(58 59 65 64)
4(26 65 66 27)
4(59 60 66 65)
4(24 29 69 63)
4(28 68 69 29)
4(62 63 69 68)
4(25 30 70 64)
4(29 69 70 30)
4(63 64 70 69)
4(26 31 71 65)
4(30 70 71 31)
4(64 65 71 70)
4(31 71 72 32)
4(65 66 72 71)
4(29 34 74 69)
4(33 73 74 34)
4(68 69 74 73)
4(30 35 75 70)
4(34 74 75 35)
4(69 70 75 74)
4(31 36 76 71)
4(35 75 76 36)
4(70 71 76 75)
4(36 76 77 37)
4(71 72 77 76)
4(34 39 79 74)
4(73 74 79 78)
4(35 40 80 75)
4(39 79 80 40)
4(74 75 80 79)
4(36 41 81 76)
4(40 80 81 41)
4(75 76 81 80)
4(41 81 82 42)
4(76 77 82 81)
4(40 44 84 80)
4(79 80 84 83)
4(41 45 85 81)
4(80 81 85 84)
4(81 82 86 85)
4(48 53 93 88)
4(52 92 93 53)
4(53 93 94 54)
4(51 57 97 91)
4(56 96 97 57)
4(52 58 98 92)
4(57 97 98 58)
4(53 59 99 93)
4(58 98 99 59)
4(59 99 100 60)
4(56 62 102 96)
4(61 101 102 62)
4(57 63 103 97)
4(62 102 103 63)
4(58 64 104 98)
4(63 103 104 64)
4(59 65 105 99)
4(64 104 105 65)
4(65 105 106 66)
4(62 68 108 102)
4(63 69 109 103)
4(68 108 109 69)
4(64 70 110 104)
4(69 109 110 70)
4(65 71 111 105)
4(70 110 111 71)
4(71 111 112 72)
4(69 74 114 109)
4(73 113 114 74)
4(70 75 115 110)
4(74 114 115 75)
4(71 76 116 111)
4(75 115 116 76)
4(76 116 117 77)
4(74 79 119 114)
4(75 80 120 115)
4(79 119 120 80)
4(76 81 121 116)
4(80 120 121 81)
4(81 121 122 82)
4(80 84 124 120)
4(81 85 125 121)
4(1 5 27 22)
4(5 9 32 27)
4(9 13 37 32)
4(18 22 60 54)
4(22 27 66 60)
4(27 32 72 66)
4(32 37 77 72)
4(37 42 82 77)
4(42 46 86 82)
4(49 54 94 89)
4(54 60 100 94)
4(60 66 106 100)
4(66 72 112 106)
4(72 77 117 112)
4(77 82 122 117)
4(82 86 126 122)
4(87 88 93 92)
4(88 89 94 93)
4(90 91 97 96)
4(91 92 98 97)
4(92 93 99 98)
4(93 94 100 99)
4(95 96 102 101)
4(96 97 103 102)
4(97 98 104 103)
4(98 99 105 104)
4(99 100 106 105)
4(101 102 108 107)
4(102 103 109 108)
4(103 104 110 109)
4(104 105 111 110)
4(105 106 112 111)
4(108 109 114 113)
4(109 110 115 114)
4(110 111 116 115)
4(111 112 117 116)
4(113 114 119 118)
4(114 115 120 119)
4(115 116 121 120)
4(116 117 122 121)
4(119 120 124 123)
4(120 121 125 124)
4(121 122 126 125)
4(0 4 5 1)
4(2 6 7 3)
4(3 7 8 4)
4(4 8 9 5)
4(6 10 11 7)
4(7 11 12 8)
4(8 12 13 9)
4(10 14 15 11)
4(11 15 16 12)
4(2 3 25 24)
4(19 24 25 20)
4(0 21 26 4)
4(3 4 26 25)
4(20 25 26 21)
4(2 24 29 6)
4(23 28 29 24)
4(6 29 34 10)
4(28 33 34 29)
4(12 36 37 13)
4(10 34 39 14)
4(33 38 39 34)
4(14 39 40 15)
4(12 16 41 36)
4(15 40 41 16)
4(36 41 42 37)
4(39 43 44 40)
4(40 44 45 41)
4(41 45 46 42)
4(55 61 62 56)
4(23 62 68 28)
4(61 67 68 62)
4(28 68 73 33)
4(33 73 78 38)
4(38 78 79 39)
4(39 79 83 43)
4(43 83 84 44)
4(44 84 85 45)
4(45 85 86 46)
4(55 95 101 61)
4(61 101 107 67)
4(67 107 108 68)
4(68 108 113 73)
4(78 118 119 79)
4(79 119 123 83)
4(83 123 124 84)
4(84 124 125 85)
4(85 125 126 86)
4(0 1 22 21)
4(17 21 22 18)
4(47 52 53 48)
4(17 18 54 53)
4(48 53 54 49)
4(50 56 57 51)
4(19 20 58 57)
4(51 57 58 52)
4(17 53 59 21)
4(20 21 59 58)
4(52 58 59 53)
4(19 57 63 24)
4(23 24 63 62)
4(56 62 63 57)
4(47 48 88 87)
4(48 49 89 88)
4(50 51 91 90)
4(47 87 92 52)
4(51 52 92 91)
4(50 90 96 56)
4(55 56 96 95)
4(73 113 118 78)
)


// ************************************************************************* //
