/*--------------------------------*- C++ -*----------------------------------*\
  =========                 |
  \\      /  F ield         | OpenFOAM: The Open Source CFD Toolbox
   \\    /   O peration     | Website:  https://openfoam.org
    \\  /    A nd           | Version:  6
     \\/     M anipulation  |
\*---------------------------------------------------------------------------*/
FoamFile
{
    version     2.0;
    format      ascii;
    class       labelList;
    note        "nPoints:127  nCells:55  nFaces:221  nInternalFaces:109";
    location    "constant/region649/polyMesh";
    object      owner;
}
// * * * * * * * * * * * * * * * * * * * * * * * * * * * * * * * * * * * * * //


221
(
0
0
1
1
1
2
2
2
3
3
4
4
4
5
5
5
6
7
7
8
9
9
10
10
10
11
11
11
12
12
13
13
13
14
14
14
15
15
15
16
16
17
17
17
18
18
18
19
19
19
20
20
21
21
22
22
22
23
23
23
24
24
25
25
26
26
27
28
28
29
30
30
31
31
32
32
33
34
34
35
35
36
36
37
37
38
39
40
40
41
41
42
42
43
44
44
45
45
46
46
47
48
49
49
50
50
51
52
53
0
3
6
9
12
16
20
24
27
29
33
38
43
47
51
54
28
29
30
31
32
33
34
35
36
37
38
39
40
41
42
43
44
45
46
47
48
49
50
51
52
53
54
0
1
2
3
4
5
6
7
8
1
10
0
2
11
1
13
4
17
6
7
21
7
8
8
24
25
26
27
34
13
39
17
21
21
25
25
26
27
34
39
39
44
48
52
52
53
54
0
9
28
9
29
30
10
31
9
11
32
10
13
35
28
29
30
28
31
30
34
48
)


// ************************************************************************* //
