/*--------------------------------*- C++ -*----------------------------------*\
  =========                 |
  \\      /  F ield         | OpenFOAM: The Open Source CFD Toolbox
   \\    /   O peration     | Website:  https://openfoam.org
    \\  /    A nd           | Version:  6
     \\/     M anipulation  |
\*---------------------------------------------------------------------------*/
FoamFile
{
    version     2.0;
    format      ascii;
    class       faceList;
    location    "constant/region138/polyMesh";
    object      faces;
}
// * * * * * * * * * * * * * * * * * * * * * * * * * * * * * * * * * * * * * //


43
(
4(7 8 11 10)
4(5 8 19 16)
4(7 18 19 8)
4(15 16 19 18)
4(8 19 20 9)
4(16 17 20 19)
4(8 11 22 19)
4(19 20 23 22)
4(15 26 27 16)
4(16 19 30 27)
4(19 30 31 20)
4(1 3 11 8)
4(2 10 11 3)
4(8 11 12 9)
4(6 9 20 17)
4(7 18 21 10)
4(10 21 22 11)
4(18 19 22 21)
4(9 12 23 20)
4(11 22 23 12)
4(13 24 26 15)
4(15 26 29 18)
4(18 29 30 19)
4(26 27 30 29)
4(19 30 32 22)
4(0 2 3 1)
4(0 1 8 7)
4(4 7 8 5)
4(5 8 9 6)
4(0 7 10 2)
4(4 5 16 15)
4(13 15 16 14)
4(5 6 17 16)
4(4 15 18 7)
4(13 14 25 24)
4(14 16 27 25)
4(24 25 27 26)
4(16 17 28 27)
4(17 20 31 28)
4(27 28 31 30)
4(20 23 33 31)
4(22 32 33 23)
4(30 31 33 32)
)


// ************************************************************************* //
