/*--------------------------------*- C++ -*----------------------------------*\
  =========                 |
  \\      /  F ield         | OpenFOAM: The Open Source CFD Toolbox
   \\    /   O peration     | Website:  https://openfoam.org
    \\  /    A nd           | Version:  6
     \\/     M anipulation  |
\*---------------------------------------------------------------------------*/
FoamFile
{
    version     2.0;
    format      ascii;
    class       labelList;
    location    "constant/region6/polyMesh";
    object      cellRegionAddressing;
}
// * * * * * * * * * * * * * * * * * * * * * * * * * * * * * * * * * * * * * //


6414
(
820
821
881
882
883
884
885
945
946
947
948
949
950
1009
1010
1011
1012
1013
1014
1015
1016
1017
1018
1074
1075
1076
1077
1078
1079
1080
1081
1082
1083
1138
1139
1140
1141
1142
1143
1144
1145
1146
1147
1148
1203
1204
1205
1206
1207
1208
1209
1210
1211
1268
1269
1270
1271
1272
1273
1274
1275
1334
1335
1336
1337
1338
1399
1400
1401
1464
1465
2859
2860
2861
2862
2863
2921
2922
2923
2924
2925
2926
2927
2928
2984
2985
2986
2987
2988
2989
2990
2991
2992
2993
3048
3049
3050
3051
3052
3053
3054
3055
3056
3057
3071
3111
3112
3113
3114
3115
3116
3117
3118
3119
3120
3121
3134
3135
3175
3176
3177
3178
3179
3180
3181
3182
3183
3184
3185
3198
3199
3238
3239
3240
3241
3242
3243
3244
3245
3246
3247
3248
3249
3250
3261
3262
3263
3301
3302
3303
3304
3305
3306
3307
3308
3309
3310
3311
3312
3313
3314
3325
3326
3327
3363
3364
3365
3366
3367
3368
3369
3370
3371
3372
3373
3374
3375
3376
3377
3389
3390
3391
3426
3427
3428
3429
3430
3431
3432
3433
3434
3435
3436
3437
3438
3439
3440
3441
3453
3454
3455
3489
3490
3491
3492
3493
3494
3495
3496
3497
3498
3499
3500
3501
3502
3503
3504
3553
3554
3555
3556
3557
3558
3559
3560
3561
3562
3563
3564
3565
3566
3617
3618
3619
3620
3621
3622
3623
3683
4083
4084
4085
4086
5107
5108
5109
5171
5172
5173
5177
5178
5235
5236
5237
5241
5242
5305
5306
5369
5370
5433
5496
5497
5561
5625
5626
5627
5628
5690
5691
5692
5755
5756
5757
5819
5820
5821
5822
5884
5885
5886
5887
5950
5951
6072
6952
6953
6954
6955
6956
6957
6958
6959
6960
7015
7016
7017
7018
7019
7020
7021
7022
7023
7024
7079
7080
7081
7082
7083
7084
7085
7086
7087
7088
7143
7144
7145
7146
7147
7148
7149
7150
7151
7152
7153
7166
7167
7207
7208
7209
7210
7211
7212
7213
7214
7215
7216
7217
7229
7230
7231
7270
7271
7272
7273
7274
7275
7276
7277
7278
7279
7280
7281
7293
7294
7295
7334
7335
7336
7337
7338
7339
7340
7341
7342
7343
7344
7345
7346
7356
7357
7358
7359
7397
7398
7399
7400
7401
7402
7403
7404
7405
7406
7407
7408
7409
7410
7420
7421
7422
7423
7460
7461
7462
7463
7464
7465
7466
7467
7468
7469
7470
7471
7472
7473
7484
7485
7486
7487
7522
7523
7524
7525
7526
7527
7528
7529
7530
7531
7532
7533
7534
7535
7536
7537
7548
7549
7550
7551
7585
7586
7587
7588
7589
7590
7591
7592
7593
7594
7595
7596
7597
7598
7599
7600
7649
7650
7651
7652
7653
7654
7655
7656
7657
7658
7662
7663
7713
7714
7715
7716
7717
7718
8179
8180
8181
8182
9722
9723
9724
9786
9787
9788
9789
9850
9851
9852
9853
9854
9855
9914
9915
9916
9917
9918
9919
9978
9979
9980
9981
9982
9983
10039
10040
10041
10042
10043
10044
10045
10046
10047
10102
10103
10104
10105
10106
10107
10108
10109
10110
10111
10166
10167
10168
10169
10170
10171
10172
10229
10230
10231
10232
10233
10234
10293
10294
10295
10296
10297
10298
10358
10359
10360
10423
10920
10921
10922
10983
10984
10985
10986
10987
10988
10989
10990
10991
11046
11047
11048
11049
11050
11051
11052
11053
11054
11055
11056
11110
11111
11112
11113
11114
11115
11116
11117
11118
11119
11120
11174
11175
11176
11177
11178
11179
11180
11181
11182
11183
11184
11198
11199
11238
11239
11240
11241
11242
11243
11244
11245
11246
11247
11248
11261
11262
11263
11302
11303
11304
11305
11306
11307
11308
11309
11310
11311
11312
11324
11325
11326
11327
11366
11367
11368
11369
11370
11371
11372
11373
11374
11375
11376
11377
11388
11389
11390
11391
11429
11430
11431
11432
11433
11434
11435
11436
11437
11438
11439
11440
11441
11451
11452
11453
11454
11455
11493
11494
11495
11496
11497
11498
11499
11500
11501
11502
11503
11504
11505
11515
11516
11517
11518
11519
11557
11558
11559
11560
11561
11562
11563
11564
11565
11566
11567
11568
11569
11579
11580
11581
11582
11583
11621
11622
11623
11624
11625
11626
11627
11628
11629
11630
11631
11632
11633
11644
11645
11646
11647
11682
11683
11686
11687
11688
11689
11690
11691
11692
11693
11694
11695
11696
11697
11745
11746
11747
11748
11758
11759
11760
11761
11810
11811
11812
12274
12275
12276
12277
13818
13819
13820
13821
13882
13883
13884
13885
13886
13946
13947
13948
13949
13950
13951
14010
14011
14012
14013
14014
14015
14074
14075
14076
14077
14078
14079
14135
14136
14137
14138
14139
14140
14141
14142
14143
14197
14198
14199
14200
14201
14202
14203
14204
14205
14206
14207
14260
14261
14262
14263
14264
14265
14266
14267
14268
14324
14325
14326
14327
14328
14329
14330
14331
14388
14389
14390
14391
14392
14393
14394
14452
14453
14454
14455
14456
14457
14516
14517
14518
14519
14520
14580
14581
14582
14583
14645
14646
14783
14845
14846
14847
14909
14910
14911
14953
14954
14955
14956
14957
14974
14975
15015
15016
15017
15018
15019
15020
15021
15022
15038
15039
15078
15079
15080
15081
15082
15083
15084
15085
15086
15087
15088
15142
15143
15144
15145
15146
15147
15148
15149
15150
15151
15152
15166
15167
15206
15207
15208
15209
15210
15211
15212
15213
15214
15215
15216
15229
15230
15231
15269
15270
15271
15272
15273
15274
15275
15276
15277
15278
15279
15293
15294
15295
15333
15334
15335
15336
15337
15338
15339
15340
15341
15342
15356
15357
15358
15359
15398
15399
15400
15401
15402
15403
15404
15405
15406
15420
15421
15422
15423
15462
15463
15464
15465
15466
15467
15468
15469
15470
15471
15472
15483
15484
15485
15486
15487
15526
15527
15528
15529
15530
15531
15532
15533
15534
15535
15536
15537
15547
15548
15549
15550
15551
15590
15591
15592
15593
15594
15595
15596
15597
15598
15599
15600
15601
15611
15612
15613
15614
15615
15654
15655
15656
15657
15658
15659
15660
15661
15662
15663
15664
15665
15666
15675
15676
15677
15678
15679
15720
15721
15722
15723
15724
15725
15726
15727
15728
15729
15730
15739
15740
15741
15742
15743
15787
15788
15789
15790
15791
15792
15793
15794
15806
15854
15855
15856
15857
15858
15919
15920
15921
15922
15984
15985
15986
16370
16371
16372
17980
17981
17982
17983
18043
18044
18045
18046
18047
18107
18108
18109
18110
18111
18169
18170
18171
18172
18173
18174
18175
18231
18232
18233
18234
18235
18236
18237
18238
18239
18293
18294
18295
18296
18297
18298
18299
18300
18301
18302
18356
18357
18358
18359
18360
18361
18362
18363
18364
18419
18420
18421
18422
18423
18424
18425
18426
18427
18428
18483
18484
18485
18486
18487
18488
18489
18490
18547
18548
18549
18550
18551
18552
18553
18559
18611
18612
18613
18614
18615
18616
18622
18623
18675
18676
18677
18678
18679
18686
18687
18739
18740
18741
18742
18750
18751
18803
18804
18805
18814
18815
18868
18877
18878
18879
18941
18942
18943
18987
18988
18989
19005
19006
19007
19048
19049
19050
19051
19052
19053
19054
19069
19070
19071
19111
19112
19113
19114
19115
19116
19117
19118
19119
19120
19133
19134
19135
19174
19175
19176
19177
19178
19179
19180
19181
19182
19183
19184
19197
19198
19199
19238
19239
19240
19241
19242
19243
19244
19245
19246
19247
19248
19249
19261
19262
19263
19301
19302
19303
19304
19305
19306
19307
19308
19309
19310
19311
19312
19313
19325
19326
19327
19365
19366
19367
19368
19369
19370
19371
19372
19373
19374
19375
19389
19390
19391
19430
19431
19432
19433
19434
19435
19436
19437
19452
19453
19454
19455
19494
19495
19496
19497
19498
19499
19500
19501
19516
19517
19518
19519
19558
19559
19560
19561
19562
19563
19564
19565
19566
19579
19580
19581
19582
19583
19622
19623
19624
19625
19626
19627
19628
19629
19630
19631
19632
19643
19644
19645
19646
19647
19686
19687
19688
19689
19690
19691
19692
19693
19694
19695
19696
19697
19706
19707
19708
19709
19710
19711
19752
19753
19754
19755
19756
19757
19758
19759
19760
19761
19762
19770
19771
19772
19773
19774
19775
19819
19820
19821
19822
19823
19824
19825
19826
19827
19835
19836
19837
19838
19839
19885
19886
19887
19888
19889
19890
19891
19949
19950
19951
19952
19953
19954
19955
19956
20014
20015
20016
20017
20018
20019
20020
20078
20079
20080
20081
20082
20083
20143
20144
20145
20146
20208
20209
20210
20272
20273
20336
20337
20400
20401
20464
20465
20466
22326
22327
22328
22329
22330
22335
22389
22390
22391
22392
22393
22394
22395
22452
22453
22454
22455
22456
22457
22458
22459
22460
22515
22516
22517
22518
22519
22520
22521
22522
22523
22524
22578
22579
22580
22581
22582
22583
22584
22585
22586
22587
22590
22591
22642
22643
22644
22645
22646
22647
22648
22649
22654
22655
22706
22707
22708
22709
22710
22711
22718
22719
22770
22771
22772
22773
22774
22782
22783
22834
22835
22836
22837
22838
22846
22847
22898
22899
22900
22901
22902
22909
22910
22911
22961
22962
22963
22964
22965
22973
22974
22975
23025
23026
23027
23028
23036
23037
23038
23039
23082
23083
23084
23085
23086
23087
23088
23089
23090
23091
23100
23101
23102
23103
23144
23145
23146
23147
23148
23149
23150
23151
23152
23153
23154
23165
23166
23167
23207
23208
23209
23210
23211
23212
23213
23214
23215
23216
23217
23229
23230
23231
23270
23271
23272
23273
23274
23275
23276
23277
23278
23279
23280
23281
23293
23294
23295
23334
23335
23336
23337
23338
23339
23340
23341
23342
23343
23344
23345
23357
23358
23359
23397
23398
23399
23400
23401
23402
23403
23404
23405
23406
23407
23408
23409
23421
23422
23423
23462
23463
23464
23465
23466
23467
23468
23469
23470
23471
23484
23485
23486
23487
23527
23528
23529
23530
23531
23532
23533
23548
23549
23550
23551
23591
23592
23593
23594
23595
23596
23597
23611
23612
23613
23614
23615
23655
23656
23657
23658
23659
23660
23661
23675
23676
23677
23678
23679
23720
23721
23722
23723
23724
23725
23726
23727
23738
23739
23740
23741
23742
23743
23786
23787
23788
23789
23790
23791
23792
23793
23794
23802
23803
23804
23805
23806
23807
23851
23852
23853
23854
23855
23856
23857
23858
23859
23866
23867
23868
23869
23870
23871
23917
23918
23919
23920
23921
23922
23923
23931
23932
23933
23934
23935
23981
23982
23983
23984
23985
23986
23987
23988
24045
24046
24047
24048
24049
24050
24051
24052
24109
24110
24111
24112
24113
24114
24115
24116
24117
24173
24174
24175
24176
24177
24178
24179
24180
24237
24238
24239
24240
24241
24242
24243
24244
24302
24303
24304
24305
24306
24307
24366
24367
24368
24369
24370
24371
24431
24432
24433
24434
24495
24496
24497
24498
24560
24561
24562
26422
26423
26424
26425
26485
26486
26487
26488
26489
26490
26548
26549
26550
26551
26552
26553
26554
26555
26611
26612
26613
26614
26615
26616
26617
26618
26619
26620
26673
26674
26675
26676
26677
26678
26679
26680
26681
26682
26683
26687
26737
26738
26739
26740
26741
26742
26743
26744
26751
26801
26802
26803
26804
26805
26806
26814
26815
26865
26866
26867
26868
26869
26870
26878
26879
26929
26930
26931
26932
26933
26934
26941
26942
26943
26993
26994
26995
26996
26997
26998
27005
27006
27007
27056
27057
27058
27059
27060
27061
27062
27069
27070
27071
27119
27120
27121
27122
27123
27124
27125
27126
27133
27134
27135
27178
27179
27180
27181
27182
27183
27184
27185
27186
27187
27188
27189
27197
27198
27199
27239
27240
27241
27242
27243
27244
27245
27246
27247
27248
27249
27250
27251
27252
27261
27262
27263
27303
27304
27305
27306
27307
27308
27309
27310
27311
27312
27313
27314
27325
27326
27327
27366
27367
27368
27369
27370
27371
27372
27373
27374
27375
27376
27377
27378
27389
27390
27391
27430
27431
27432
27433
27434
27435
27436
27437
27438
27439
27440
27441
27442
27453
27454
27455
27494
27495
27496
27497
27498
27499
27500
27501
27502
27503
27504
27505
27517
27518
27519
27558
27559
27560
27561
27562
27563
27564
27565
27566
27567
27580
27581
27582
27583
27624
27625
27626
27627
27628
27629
27644
27645
27646
27647
27690
27691
27692
27707
27708
27709
27710
27711
27755
27756
27771
27772
27773
27774
27775
27819
27834
27835
27836
27837
27838
27839
27886
27887
27888
27889
27890
27891
27898
27899
27900
27901
27902
27903
27950
27951
27952
27953
27954
27955
27962
27963
27964
27965
27966
27967
28014
28015
28016
28017
28018
28019
28020
28027
28028
28029
28030
28031
28077
28078
28079
28080
28081
28082
28083
28084
28085
28141
28142
28143
28144
28145
28146
28147
28148
28149
28204
28205
28206
28207
28208
28209
28210
28211
28212
28213
28268
28269
28270
28271
28272
28273
28274
28275
28276
28277
28332
28333
28334
28335
28336
28337
28338
28339
28340
28397
28398
28399
28400
28401
28402
28403
28404
28461
28462
28463
28464
28465
28466
28467
28468
28526
28527
28528
28529
28530
28531
28532
28591
28592
28593
28594
28595
28656
28657
28658
30518
30519
30520
30521
30581
30582
30583
30584
30585
30586
30644
30645
30646
30647
30648
30649
30650
30651
30706
30707
30708
30709
30710
30711
30712
30713
30714
30715
30769
30770
30771
30772
30773
30774
30775
30776
30777
30778
30833
30834
30835
30836
30837
30838
30839
30847
30896
30897
30898
30899
30900
30901
30902
30911
30960
30961
30962
30963
30964
30965
30966
30974
30975
31024
31025
31026
31027
31028
31029
31030
31038
31039
31088
31089
31090
31091
31092
31093
31094
31102
31103
31151
31152
31153
31154
31155
31156
31157
31158
31159
31165
31166
31167
31214
31215
31216
31217
31218
31219
31220
31221
31222
31223
31229
31230
31231
31273
31274
31275
31276
31277
31278
31279
31280
31281
31282
31283
31284
31285
31286
31293
31294
31295
31336
31337
31338
31339
31340
31341
31342
31343
31344
31345
31346
31347
31348
31349
31357
31358
31359
31399
31400
31401
31402
31403
31404
31405
31406
31407
31408
31409
31410
31411
31421
31422
31423
31462
31463
31464
31465
31466
31467
31468
31469
31470
31471
31472
31473
31474
31485
31486
31487
31526
31527
31528
31529
31530
31531
31532
31533
31534
31535
31536
31537
31538
31548
31549
31550
31551
31590
31591
31592
31593
31594
31595
31596
31597
31598
31599
31600
31601
31602
31612
31613
31614
31615
31655
31656
31657
31658
31659
31660
31661
31662
31663
31664
31676
31677
31678
31679
31721
31722
31723
31724
31725
31739
31740
31741
31742
31743
31803
31804
31805
31806
31807
31866
31867
31868
31869
31870
31871
31930
31931
31932
31933
31934
31935
31984
31985
31986
31987
31993
31994
31995
31996
31997
31998
31999
32047
32048
32049
32050
32051
32052
32058
32059
32060
32061
32062
32063
32110
32111
32112
32113
32114
32115
32116
32122
32123
32124
32125
32126
32127
32173
32174
32175
32176
32177
32178
32179
32180
32181
32236
32237
32238
32239
32240
32241
32242
32243
32244
32245
32300
32301
32302
32303
32304
32305
32306
32307
32308
32309
32310
32364
32365
32366
32367
32368
32369
32370
32371
32372
32373
32374
32428
32429
32430
32431
32432
32433
32434
32435
32436
32437
32492
32493
32494
32495
32496
32497
32498
32499
32500
32501
32556
32557
32558
32559
32560
32561
32562
32563
32564
32565
32621
32622
32623
32624
32625
32626
32627
32628
32686
32687
32688
32689
32690
32691
34614
34615
34616
34677
34678
34679
34680
34681
34682
34740
34741
34742
34743
34744
34745
34746
34803
34804
34805
34806
34807
34808
34809
34810
34866
34867
34868
34869
34870
34871
34872
34873
34929
34930
34931
34932
34933
34934
34992
34993
34994
34995
34996
34997
34998
35056
35057
35058
35059
35060
35061
35062
35071
35119
35120
35121
35122
35123
35124
35125
35126
35127
35135
35183
35184
35185
35186
35187
35188
35189
35190
35191
35199
35247
35248
35249
35250
35251
35252
35253
35254
35255
35262
35263
35311
35312
35313
35314
35315
35316
35317
35318
35319
35326
35327
35370
35371
35372
35373
35374
35375
35376
35377
35378
35379
35380
35381
35382
35383
35389
35390
35391
35432
35433
35434
35435
35436
35437
35438
35439
35440
35441
35442
35443
35444
35445
35446
35453
35454
35455
35495
35496
35497
35498
35499
35500
35501
35502
35503
35504
35505
35506
35507
35508
35517
35518
35519
35559
35560
35561
35562
35563
35564
35565
35566
35567
35568
35569
35570
35571
35581
35582
35583
35623
35624
35625
35626
35627
35628
35629
35630
35631
35632
35633
35634
35644
35645
35646
35647
35687
35688
35689
35690
35691
35692
35693
35694
35695
35696
35697
35698
35708
35709
35710
35711
35752
35753
35754
35755
35756
35757
35758
35759
35760
35772
35773
35774
35775
35819
35820
35821
35835
35836
35837
35838
35839
35899
35900
35901
35902
35903
35962
35963
35964
35965
35966
35967
36026
36027
36028
36029
36030
36031
36081
36082
36083
36089
36090
36091
36092
36093
36094
36095
36144
36145
36146
36147
36148
36153
36154
36155
36156
36157
36158
36159
36206
36207
36208
36209
36210
36211
36212
36213
36217
36218
36219
36220
36221
36222
36223
36269
36270
36271
36272
36273
36274
36275
36276
36277
36278
36332
36333
36334
36335
36336
36337
36338
36339
36340
36341
36342
36396
36397
36398
36399
36400
36401
36402
36403
36404
36405
36406
36459
36460
36461
36462
36463
36464
36465
36466
36467
36468
36469
36470
36523
36524
36525
36526
36527
36528
36529
36530
36531
36532
36533
36534
36587
36588
36589
36590
36591
36592
36593
36594
36595
36596
36597
36598
36652
36653
36654
36655
36656
36657
36658
36659
36660
36661
36717
36718
36719
36720
36721
36722
36723
36724
36725
36782
36783
36784
36785
36786
36787
36788
38711
38712
38774
38775
38776
38777
38836
38837
38838
38839
38840
38841
38842
38899
38900
38901
38902
38903
38904
38905
38906
38962
38963
38964
38965
38966
38967
39025
39026
39027
39028
39029
39030
39088
39089
39090
39091
39092
39093
39094
39151
39152
39153
39154
39155
39156
39157
39158
39215
39216
39217
39218
39219
39220
39221
39222
39223
39279
39280
39281
39282
39283
39284
39285
39286
39287
39295
39343
39344
39345
39346
39347
39348
39349
39350
39351
39359
39408
39409
39410
39411
39412
39413
39414
39415
39422
39423
39471
39472
39473
39474
39475
39476
39477
39478
39479
39486
39487
39534
39535
39536
39537
39538
39539
39540
39541
39542
39543
39550
39551
39592
39593
39594
39595
39596
39597
39598
39599
39600
39601
39602
39603
39604
39613
39614
39615
39656
39657
39658
39659
39660
39661
39662
39663
39664
39665
39666
39677
39678
39679
39720
39721
39722
39723
39724
39725
39726
39727
39728
39729
39730
39741
39742
39743
39784
39785
39786
39787
39788
39789
39790
39791
39792
39793
39794
39804
39805
39806
39807
39850
39851
39852
39853
39854
39855
39868
39869
39870
39871
39931
39932
39933
39934
39935
39995
39996
39997
39998
39999
40058
40059
40060
40061
40062
40063
40122
40123
40124
40125
40126
40127
40178
40179
40180
40181
40185
40186
40187
40188
40189
40190
40191
40241
40242
40243
40244
40245
40246
40247
40248
40249
40250
40251
40252
40253
40254
40255
40303
40304
40305
40306
40307
40308
40309
40310
40311
40312
40313
40314
40315
40316
40317
40366
40367
40368
40369
40370
40371
40372
40373
40374
40375
40376
40377
40428
40429
40430
40431
40432
40433
40434
40435
40436
40437
40438
40439
40440
40491
40492
40493
40494
40495
40496
40497
40498
40499
40500
40501
40502
40503
40555
40556
40557
40558
40559
40560
40561
40562
40563
40564
40565
40566
40567
40619
40620
40621
40622
40623
40624
40625
40626
40627
40628
40629
40630
40631
40683
40684
40685
40686
40687
40688
40689
40690
40691
40692
40693
40694
40748
40749
40750
40751
40752
40753
40754
40755
40756
40757
40758
40813
40814
40815
40816
40817
40818
40819
40820
40821
42289
42290
42353
42354
42355
42356
42418
42419
42420
42421
42483
42484
42485
42486
42549
42550
42807
42808
42870
42871
42872
42873
42932
42933
42934
42935
42936
42937
42995
42996
42997
42998
42999
43000
43058
43059
43060
43061
43062
43121
43122
43123
43124
43125
43126
43184
43185
43186
43187
43188
43189
43190
43247
43248
43249
43250
43251
43252
43253
43254
43311
43312
43313
43314
43315
43316
43317
43318
43319
43375
43376
43377
43378
43379
43380
43381
43382
43383
43439
43440
43441
43442
43443
43444
43445
43446
43447
43504
43505
43506
43507
43508
43509
43510
43511
43512
43519
43570
43571
43572
43573
43574
43575
43583
43635
43636
43637
43638
43639
43646
43647
43700
43701
43710
43711
43773
43774
43775
43819
43820
43821
43822
43823
43824
43825
43837
43838
43839
43888
43889
43900
43901
43902
43903
43964
43965
43966
43967
44027
44028
44029
44030
44031
44084
44085
44090
44091
44092
44093
44094
44095
44149
44150
44153
44154
44155
44156
44157
44158
44159
44213
44214
44215
44216
44217
44218
44219
44220
44221
44222
44223
44276
44277
44278
44279
44280
44281
44282
44283
44284
44285
44286
44287
44338
44339
44340
44341
44342
44343
44344
44345
44346
44347
44348
44349
44350
44400
44401
44402
44403
44404
44405
44406
44407
44408
44409
44410
44411
44462
44463
44464
44465
44466
44467
44468
44469
44470
44471
44472
44473
44525
44526
44527
44528
44529
44530
44531
44532
44533
44534
44535
44536
44588
44589
44590
44591
44592
44593
44594
44595
44596
44597
44598
44599
44600
44651
44652
44653
44654
44655
44656
44657
44658
44659
44660
44661
44662
44663
44664
44715
44716
44717
44718
44719
44720
44721
44722
44723
44724
44725
44726
44727
44779
44780
44781
44782
44783
44784
44785
44786
44787
44788
44789
44790
44791
44844
44845
44846
44847
44848
44849
44850
44851
44852
44853
44854
44911
44912
44913
44914
44915
44916
46321
46384
46385
46386
46387
46448
46449
46450
46451
46452
46512
46513
46514
46515
46516
46517
46577
46578
46579
46580
46581
46582
46643
46644
46645
46646
46647
46709
46710
46711
46903
46904
46965
46966
46967
46968
46969
47028
47029
47030
47031
47032
47033
47091
47092
47093
47094
47095
47096
47155
47156
47157
47158
47217
47218
47219
47220
47221
47280
47281
47282
47283
47284
47285
47286
47343
47344
47345
47346
47347
47348
47349
47350
47406
47407
47408
47409
47410
47411
47412
47413
47414
47415
47471
47472
47473
47474
47475
47476
47477
47478
47479
47535
47536
47537
47538
47539
47540
47541
47542
47543
47600
47601
47602
47603
47604
47605
47606
47607
47608
47666
47667
47668
47669
47670
47671
47679
47731
47732
47733
47734
47735
47743
47797
47798
47799
47806
47807
47870
47871
47933
47934
47935
47990
47997
47998
47999
48051
48052
48053
48054
48055
48060
48061
48062
48063
48114
48115
48116
48117
48118
48119
48120
48121
48124
48125
48126
48127
48179
48180
48181
48182
48183
48184
48185
48186
48187
48188
48189
48243
48244
48245
48246
48247
48248
48249
48250
48251
48252
48253
48308
48309
48310
48311
48312
48313
48314
48315
48372
48373
48374
48375
48376
48377
48378
48379
48434
48435
48436
48437
48438
48439
48440
48441
48442
48496
48497
48498
48499
48500
48501
48502
48503
48504
48505
48506
48558
48559
48560
48561
48562
48563
48564
48565
48566
48567
48568
48569
48621
48622
48623
48624
48625
48626
48627
48628
48629
48630
48631
48632
48633
48684
48685
48686
48687
48688
48689
48690
48691
48692
48693
48694
48695
48696
48697
48747
48748
48749
48750
48751
48752
48753
48754
48755
48756
48757
48758
48759
48760
48811
48812
48813
48814
48815
48816
48817
48818
48819
48820
48821
48822
48823
48824
48875
48876
48877
48878
48879
48880
48881
48882
48883
48884
48885
48886
48887
48941
48942
48943
48944
48945
48946
48947
48948
48949
48950
50417
50479
50480
50481
50482
50483
50542
50543
50544
50545
50546
50547
50548
50606
50607
50608
50609
50610
50611
50612
50613
50658
50659
50660
50672
50673
50674
50675
50676
50677
50678
50721
50722
50723
50724
50725
50726
50737
50738
50739
50740
50741
50742
50743
50785
50786
50787
50788
50789
50790
50803
50804
50805
50806
50807
50850
50851
50852
50853
50869
50870
50871
50935
50998
50999
51000
51061
51062
51063
51064
51124
51125
51126
51127
51128
51188
51189
51190
51191
51251
51252
51253
51313
51314
51315
51316
51317
51376
51377
51378
51379
51380
51381
51439
51440
51441
51442
51443
51444
51445
51446
51503
51504
51505
51506
51507
51508
51509
51510
51567
51568
51569
51570
51571
51572
51573
51574
51575
51631
51632
51633
51634
51635
51636
51637
51638
51639
51697
51698
51699
51700
51701
51702
51703
51762
51763
51764
51765
51766
51767
51827
51828
51829
51830
51831
51893
51894
51895
51903
51958
51959
51967
52022
52023
52024
52031
52084
52085
52086
52087
52088
52089
52095
52147
52148
52149
52150
52151
52152
52153
52210
52211
52212
52213
52214
52215
52216
52217
52218
52275
52276
52277
52278
52279
52280
52281
52282
52339
52340
52341
52342
52343
52344
52345
52346
52403
52404
52405
52406
52407
52408
52409
52410
52467
52468
52469
52470
52471
52472
52473
52474
52530
52531
52532
52533
52534
52535
52536
52537
52538
52592
52593
52594
52595
52596
52597
52598
52599
52600
52601
52602
52655
52656
52657
52658
52659
52660
52661
52662
52663
52664
52665
52666
52718
52719
52720
52721
52722
52723
52724
52725
52726
52727
52728
52729
52781
52782
52783
52784
52785
52786
52787
52788
52789
52790
52791
52792
52793
52844
52845
52846
52847
52848
52849
52850
52851
52852
52853
52854
52855
52856
52908
52909
52910
52911
52912
52913
52914
52915
52916
52917
52918
52919
52920
52972
52973
52974
52975
52976
52977
52978
52979
52980
52981
52982
52983
54511
54512
54513
54514
54574
54575
54576
54577
54578
54579
54637
54638
54639
54640
54641
54642
54643
54644
54690
54691
54692
54693
54701
54702
54703
54704
54705
54706
54707
54708
54709
54753
54754
54755
54756
54757
54758
54759
54760
54766
54767
54768
54769
54770
54771
54772
54773
54774
54817
54818
54819
54820
54821
54822
54823
54824
54831
54832
54833
54834
54835
54836
54837
54838
54881
54882
54883
54884
54885
54886
54887
54888
54898
54899
54900
54901
54902
54903
54945
54946
54947
54948
54949
54950
54951
54964
54965
54966
54967
55009
55010
55011
55012
55013
55014
55030
55031
55094
55095
55096
55157
55158
55159
55160
55221
55222
55223
55285
55286
55409
55410
55411
55472
55473
55474
55475
55476
55477
55535
55536
55537
55538
55539
55540
55541
55542
55599
55600
55601
55602
55603
55604
55605
55606
55663
55664
55665
55666
55667
55668
55669
55670
55671
55728
55729
55730
55731
55732
55733
55734
55735
55793
55794
55795
55796
55797
55798
55799
55859
55860
55861
55862
55863
55924
55925
55926
55927
55990
55991
56054
56055
56117
56118
56119
56120
56180
56181
56182
56183
56184
56185
56244
56245
56246
56247
56248
56249
56250
56307
56308
56309
56310
56311
56312
56313
56314
56371
56372
56373
56374
56375
56376
56377
56378
56435
56436
56437
56438
56439
56440
56441
56442
56499
56500
56501
56502
56503
56504
56505
56506
56563
56564
56565
56566
56567
56568
56569
56570
56626
56627
56628
56629
56630
56631
56632
56633
56634
56688
56689
56690
56691
56692
56693
56694
56695
56696
56697
56698
56751
56752
56753
56754
56755
56756
56757
56758
56759
56760
56761
56762
56814
56815
56816
56817
56818
56819
56820
56821
56822
56823
56824
56825
56877
56878
56879
56880
56881
56882
56883
56884
56885
56886
56887
56888
56889
56941
56942
56943
56944
56945
56946
56947
56948
56949
56950
56951
56952
57005
57006
57007
57008
57009
57010
57011
57012
57013
57014
57015
57071
57072
57073
57074
57075
57076
57077
57078
58608
58609
58670
58671
58672
58673
58674
58675
58721
58722
58723
58724
58725
58726
58727
58733
58734
58735
58736
58737
58738
58739
58740
58784
58785
58786
58787
58788
58789
58790
58791
58792
58793
58794
58795
58796
58797
58798
58799
58800
58801
58802
58803
58804
58805
58848
58849
58850
58851
58852
58853
58854
58855
58856
58857
58858
58859
58860
58861
58862
58863
58864
58865
58866
58867
58868
58869
58912
58913
58914
58915
58916
58917
58918
58919
58920
58921
58922
58927
58928
58929
58930
58931
58932
58933
58934
58976
58977
58978
58979
58980
58981
58982
58983
58984
58985
58994
58995
58996
58997
58998
59040
59041
59042
59043
59044
59045
59046
59047
59048
59060
59061
59062
59104
59105
59106
59107
59108
59109
59110
59111
59125
59126
59169
59170
59171
59172
59173
59174
59190
59191
59237
59570
59571
59572
59633
59634
59635
59636
59637
59638
59696
59697
59698
59699
59700
59701
59702
59761
59762
59763
59764
59765
59766
59767
59825
59826
59827
59828
59829
59830
59831
59890
59891
59892
59893
59894
59895
59956
59957
59958
59959
60214
60215
60216
60276
60277
60278
60279
60280
60281
60339
60340
60341
60342
60343
60344
60345
60403
60404
60405
60406
60407
60408
60409
60410
60466
60467
60468
60469
60470
60471
60472
60473
60474
60531
60532
60533
60534
60535
60536
60537
60538
60595
60596
60597
60598
60599
60600
60601
60602
60658
60659
60660
60661
60662
60663
60664
60665
60666
60722
60723
60724
60725
60726
60727
60728
60729
60730
60785
60786
60787
60788
60789
60790
60791
60792
60793
60794
60848
60849
60850
60851
60852
60853
60854
60855
60856
60857
60911
60912
60913
60914
60915
60916
60917
60918
60919
60920
60921
60974
60975
60976
60977
60978
60979
60980
60981
60982
60983
60984
61038
61039
61040
61041
61042
61043
61044
61045
61046
61047
61104
61105
61106
61107
61108
61109
61110
62754
62755
62756
62757
62758
62759
62760
62761
62766
62767
62768
62769
62770
62817
62818
62819
62820
62821
62822
62823
62824
62825
62826
62828
62829
62830
62831
62832
62833
62834
62835
62880
62881
62882
62883
62884
62885
62886
62887
62888
62889
62890
62891
62892
62893
62894
62895
62896
62897
62898
62899
62900
62944
62945
62946
62947
62948
62949
62950
62951
62952
62953
62954
62955
62956
62957
62958
62959
62960
62961
62962
62963
62964
63008
63009
63010
63011
63012
63013
63014
63015
63016
63017
63018
63019
63023
63024
63025
63026
63027
63028
63029
63072
63073
63074
63075
63076
63077
63078
63079
63080
63081
63082
63089
63090
63091
63092
63093
63094
63136
63137
63138
63139
63140
63141
63142
63143
63144
63145
63156
63157
63201
63202
63203
63204
63205
63206
63207
63208
63265
63266
63267
63268
63269
63270
63271
63330
63331
63332
63333
63334
63396
63667
63668
63730
63731
63732
63733
63794
63795
63796
63797
63798
63858
63859
63860
63861
63862
63863
63922
63923
63924
63925
63926
63927
63987
63988
63989
63990
63991
64052
64053
64054
64055
64117
64118
64182
64246
64247
64309
64310
64311
64312
64372
64373
64374
64375
64376
64377
64435
64436
64437
64438
64439
64440
64441
64498
64499
64500
64501
64502
64503
64504
64505
64506
64562
64563
64564
64565
64566
64567
64568
64569
64570
64626
64627
64628
64629
64630
64631
64632
64633
64634
64690
64691
64692
64693
64694
64695
64696
64697
64698
64754
64755
64756
64757
64758
64759
64760
64761
64762
64818
64819
64820
64821
64822
64823
64824
64825
64826
64881
64882
64883
64884
64885
64886
64887
64888
64889
64890
64944
64945
64946
64947
64948
64949
64950
64951
64952
64953
65007
65008
65009
65010
65011
65012
65013
65014
65015
65016
65071
65072
65073
65074
65075
65076
65077
65078
65079
65137
65138
65139
65140
65141
65142
66789
66790
66850
66851
66852
66853
66854
66855
66856
66913
66914
66915
66916
66917
66918
66919
66920
66921
66922
66926
66927
66928
66929
66930
66976
66977
66978
66979
66980
66981
66982
66983
66984
66985
66986
66987
66988
66989
66990
66991
66992
66993
66994
66995
67040
67041
67042
67043
67044
67045
67046
67047
67048
67049
67050
67051
67052
67053
67054
67055
67056
67057
67058
67059
67060
67105
67106
67107
67108
67109
67110
67111
67112
67113
67114
67115
67120
67121
67122
67123
67124
67169
67170
67171
67172
67173
67174
67175
67176
67177
67178
67187
67188
67233
67234
67235
67236
67237
67238
67239
67240
67241
67297
67298
67299
67300
67301
67302
67303
67304
67362
67363
67364
67365
67366
67367
67427
67428
67429
67430
67510
67511
67512
67573
67574
67575
67576
67637
67638
67639
67640
67641
67701
67702
67703
67704
67705
67764
67765
67766
67767
67768
67769
67827
67828
67829
67830
67831
67832
67833
67890
67891
67892
67893
67894
67895
67896
67897
67954
67955
67956
67957
67958
67959
67960
67961
68018
68019
68020
68021
68022
68023
68024
68025
68082
68083
68084
68085
68086
68087
68088
68089
68147
68148
68149
68150
68151
68152
68153
68212
68213
68214
68215
68216
68217
68277
68278
68279
68280
68281
68341
68342
68343
68344
68345
68405
68406
68407
68408
68409
68468
68469
68470
68471
68472
68473
68531
68532
68533
68534
68535
68536
68537
68538
68594
68595
68596
68597
68598
68599
68600
68601
68602
68658
68659
68660
68661
68662
68663
68664
68665
68666
68722
68723
68724
68725
68726
68727
68728
68729
68730
68786
68787
68788
68789
68790
68791
68792
68793
68794
68850
68851
68852
68853
68854
68855
68856
68857
68858
68914
68915
68916
68917
68918
68919
68920
68921
68922
68978
68979
68980
68981
68982
68983
68984
68985
69042
69043
69044
69045
69046
69047
69048
69049
69106
69107
69108
69109
69110
69111
69112
69171
69172
69173
69174
69175
70884
70885
70886
70887
70946
70947
70948
70949
70950
70951
70952
70953
71010
71011
71012
71013
71014
71015
71016
71017
71018
71074
71075
71076
71077
71078
71079
71080
71081
71082
71083
71087
71088
71089
71090
71138
71139
71140
71141
71142
71143
71144
71145
71146
71147
71152
71153
71154
71155
71202
71203
71204
71205
71206
71207
71208
71209
71210
71218
71266
71267
71268
71269
71270
71271
71272
71273
71331
71332
71333
71334
71335
71336
71337
71395
71396
71397
71398
71399
71400
71460
71461
71462
71463
71605
71606
71607
71608
71609
71669
71670
71671
71672
71673
71674
71733
71734
71735
71736
71737
71738
71796
71797
71798
71799
71800
71801
71802
71860
71861
71862
71863
71864
71865
71866
71923
71924
71925
71926
71927
71928
71929
71930
71931
71986
71987
71988
71989
71990
71991
71992
71993
71994
71995
72049
72050
72051
72052
72053
72054
72055
72056
72057
72058
72059
72113
72114
72115
72116
72117
72118
72119
72120
72121
72122
72177
72178
72179
72180
72181
72182
72183
72184
72185
72186
72242
72243
72244
72245
72246
72247
72248
72249
72250
72308
72309
72310
72311
72312
72313
72373
72374
72375
72376
72377
72378
72437
72438
72439
72440
72441
72500
72501
72502
72503
72504
72505
72564
72565
72566
72567
72568
72569
72627
72628
72629
72630
72631
72632
72633
72634
72690
72691
72692
72693
72694
72695
72696
72697
72698
72754
72755
72756
72757
72758
72759
72760
72761
72762
72818
72819
72820
72821
72822
72823
72824
72825
72826
72882
72883
72884
72885
72886
72887
72888
72889
72890
72946
72947
72948
72949
72950
72951
72952
72953
72954
73011
73012
73013
73014
73015
73016
73017
73018
73075
73076
73077
73078
73079
73080
73081
73139
73140
73141
73142
73143
73144
73145
73204
73205
73206
73207
73208
73270
74980
74981
74982
74983
74984
75043
75044
75045
75046
75047
75048
75049
75107
75108
75109
75110
75111
75112
75113
75171
75172
75173
75174
75175
75176
75177
75178
75235
75236
75237
75238
75239
75240
75241
75242
75299
75300
75301
75302
75303
75304
75305
75306
75364
75365
75366
75367
75368
75369
75428
75429
75430
75431
75432
75493
75494
75495
75557
75558
75701
75702
75703
75704
75705
75765
75766
75767
75768
75769
75828
75829
75830
75831
75832
75833
75834
75892
75893
75894
75895
75896
75897
75898
75955
75956
75957
75958
75959
75960
75961
75962
76018
76019
76020
76021
76022
76023
76024
76025
76026
76081
76082
76083
76084
76085
76086
76087
76088
76089
76090
76145
76146
76147
76148
76149
76150
76151
76152
76153
76208
76209
76210
76211
76212
76213
76214
76215
76216
76217
76272
76273
76274
76275
76276
76277
76278
76279
76280
76338
76339
76340
76341
76342
76596
76597
76598
76599
76600
76659
76660
76661
76662
76663
76664
76665
76723
76724
76725
76726
76727
76728
76729
76786
76787
76788
76789
76790
76791
76792
76793
76794
76850
76851
76852
76853
76854
76855
76856
76857
76858
76914
76915
76916
76917
76918
76919
76920
76921
76922
76978
76979
76980
76981
76982
76983
76984
76985
76986
77042
77043
77044
77045
77046
77047
77048
77049
77050
77107
77108
77109
77110
77111
77112
77113
77114
77171
77172
77173
77174
77175
77176
77177
77236
77237
77238
77239
77240
77241
77301
77302
77303
77304
79078
79079
79140
79141
79142
79143
79144
79204
79205
79206
79207
79208
79209
79268
79269
79270
79271
79272
79273
79332
79333
79334
79335
79336
79337
79396
79397
79398
79399
79400
79401
79461
79462
79463
79464
79525
79526
79527
79528
79590
79591
79797
79798
79799
79800
79861
79862
79863
79864
79865
79924
79925
79926
79927
79928
79929
79987
79988
79989
79990
79991
79992
79993
80051
80052
80053
80054
80055
80056
80057
80114
80115
80116
80117
80118
80119
80120
80121
80177
80178
80179
80180
80181
80182
80183
80184
80185
80241
80242
80243
80244
80245
80246
80247
80248
80304
80305
80306
80307
80308
80309
80310
80369
80370
80371
80372
80756
80757
80758
80759
80819
80820
80821
80822
80823
80824
80882
80883
80884
80885
80886
80887
80888
80889
80945
80946
80947
80948
80949
80950
80951
80952
80953
81010
81011
81012
81013
81014
81015
81016
81017
81074
81075
81076
81077
81078
81079
81080
81081
81139
81140
81141
81142
81143
81144
81145
81203
81204
81205
81206
81207
81208
81209
81268
81269
81270
81271
81272
81273
81333
81334
81335
81336
83302
83303
83366
83367
83429
83430
83431
83494
83495
83558
83559
83622
83623
83893
83894
83895
83896
83956
83957
83958
83959
83960
84020
84021
84022
84023
84024
84025
84083
84084
84085
84086
84087
84088
84089
84146
84147
84148
84149
84150
84151
84152
84153
84210
84211
84212
84213
84214
84215
84216
84217
84273
84274
84275
84276
84277
84278
84279
84280
84336
84337
84338
84339
84340
84341
84342
84343
84401
84402
84403
84404
84979
84980
84981
84982
84983
84984
85042
85043
85044
85045
85046
85047
85048
85105
85106
85107
85108
85109
85110
85111
85112
85113
85170
85171
85172
85173
85174
85175
85176
85235
85236
85237
85238
85239
85240
85300
85301
85302
85303
85304
85366
85367
87989
87990
87991
87992
88052
88053
88054
88055
88056
88116
88117
88118
88119
88120
88121
88179
88180
88181
88182
88183
88184
88185
88242
88243
88244
88245
88246
88247
88248
88305
88306
88307
88308
88309
88310
88311
88312
88369
88370
88371
88372
88373
88374
88375
88432
88433
88434
88435
88436
88437
89139
89140
89141
89142
89143
89203
89204
89205
89206
89207
89267
89268
89269
89270
89271
89332
89333
89334
92022
92023
92084
92085
92086
92087
92088
92148
92149
92150
92151
92152
92211
92212
92213
92214
92215
92216
92217
92274
92275
92276
92277
92278
92279
92280
92337
92338
92339
92340
92341
92342
92343
92344
92401
92402
92403
92404
92405
92406
92407
92464
92465
92466
92467
92468
92469
92470
92529
92530
96117
96118
96119
96120
96180
96181
96182
96183
96184
96243
96244
96245
96246
96247
96248
96249
96307
96308
96309
96310
96311
96312
96313
96370
96371
96372
96373
96374
96375
96376
96433
96434
96435
96436
96437
96438
96439
96440
96496
96497
96498
96499
96500
96501
96502
96503
96559
96560
96561
96562
100212
100213
100214
100215
100216
100276
100277
100278
100279
100280
100339
100340
100341
100342
100343
100344
100345
100402
100403
100404
100405
100406
100407
100408
100465
100466
100467
100468
100469
100470
100471
100472
100528
100529
100530
100531
100532
100533
100534
100535
100536
100591
100592
100593
100594
100595
100596
100597
100655
100656
100657
100658
104308
104309
104310
104311
104312
104372
104373
104374
104375
104376
104377
104435
104436
104437
104438
104439
104440
104441
104498
104499
104500
104501
104502
104503
104504
104561
104562
104563
104564
104565
104566
104567
104568
104624
104625
104626
104627
104628
104629
104630
104631
104687
104688
104689
104690
104691
104751
104752
104753
108405
108406
108407
108468
108469
108470
108471
108472
108531
108532
108533
108534
108535
108536
108594
108595
108596
108597
108598
108599
108600
108658
108659
108660
108661
108662
108663
108721
108722
108723
108724
108725
108784
108785
108786
112565
112566
112567
112628
112629
112630
112631
112632
112691
112692
112693
112694
112695
112696
112755
112756
112757
112758
112759
116725
116726
116727
116789
116790
116791
120887
)


// ************************************************************************* //
