/*--------------------------------*- C++ -*----------------------------------*\
  =========                 |
  \\      /  F ield         | OpenFOAM: The Open Source CFD Toolbox
   \\    /   O peration     | Website:  https://openfoam.org
    \\  /    A nd           | Version:  6
     \\/     M anipulation  |
\*---------------------------------------------------------------------------*/
FoamFile
{
    version     2.0;
    format      ascii;
    class       labelList;
    note        "nPoints:9563  nCells:6414  nFaces:22112  nInternalFaces:16372";
    location    "constant/region6/polyMesh";
    object      neighbour;
}
// * * * * * * * * * * * * * * * * * * * * * * * * * * * * * * * * * * * * * //


16372
(
1
5
6
3
7
4
8
5
9
6
10
11
8
13
9
14
10
15
11
16
12
17
18
14
15
23
16
24
243
17
25
244
18
26
245
19
27
20
28
21
29
22
30
31
24
33
25
34
246
26
35
247
27
36
248
28
37
29
38
30
39
31
40
249
32
41
250
42
34
35
44
251
36
45
252
37
46
253
38
47
39
48
40
49
41
50
254
42
51
255
43
52
45
46
53
47
54
48
55
49
56
50
57
51
58
256
52
59
257
60
54
55
56
61
57
62
58
63
59
64
258
60
65
259
62
63
66
64
67
65
68
260
67
68
69
261
70
262
70
263
72
78
288
73
79
289
74
80
290
75
81
291
82
292
77
85
296
78
86
297
79
87
298
80
88
299
81
89
300
82
90
301
83
91
302
92
303
85
94
305
86
95
306
87
96
307
88
97
308
89
98
309
90
99
310
91
100
311
92
101
312
93
102
313
103
95
106
315
96
107
316
97
108
317
98
109
318
99
110
319
100
111
320
101
112
321
102
113
322
103
114
323
115
324
117
326
106
118
327
107
119
328
108
120
329
109
121
330
110
122
331
111
123
332
112
124
333
113
125
334
114
126
335
115
127
336
128
337
117
129
339
130
340
119
132
342
120
133
343
121
134
344
122
135
345
123
136
346
124
137
347
125
138
348
126
139
349
127
140
350
128
141
351
142
352
130
145
354
146
355
132
148
356
133
149
357
134
150
358
135
151
359
136
152
360
137
153
361
138
154
362
139
155
363
140
156
364
141
157
365
142
158
366
143
159
367
160
368
145
161
370
146
162
371
163
372
148
166
373
149
167
374
150
168
375
151
169
376
152
170
377
153
171
378
154
172
379
155
173
380
156
174
381
157
175
382
158
176
383
159
177
384
160
178
385
386
162
179
388
163
180
389
181
390
165
183
166
184
391
167
185
392
168
186
393
169
187
394
170
188
395
171
189
396
172
190
397
173
191
398
174
192
399
175
193
400
176
194
401
177
195
402
178
196
403
197
404
180
198
406
181
199
407
200
408
183
202
409
184
203
410
185
204
411
186
205
412
187
206
413
188
207
414
189
208
415
190
209
416
191
210
417
192
211
418
193
212
419
194
213
420
195
214
421
196
215
422
197
216
423
424
199
426
200
427
428
202
217
429
203
218
430
204
219
431
205
220
432
206
221
433
207
222
434
208
223
435
209
224
436
210
225
437
211
226
438
212
227
439
213
228
440
214
229
441
215
230
442
216
443
444
218
231
445
219
232
446
220
233
447
221
234
448
222
235
449
223
236
450
224
237
451
225
452
226
453
227
454
228
229
230
455
232
457
233
458
234
238
459
235
460
236
461
237
462
240
463
241
464
242
465
466
244
246
245
247
248
247
251
248
252
253
250
254
255
252
253
255
256
257
257
258
259
259
260
262
262
263
264
265
266
268
467
267
269
468
270
469
269
470
270
271
471
272
472
272
274
475
273
275
476
276
477
275
481
276
278
482
277
279
483
280
484
279
488
280
489
281
282
490
283
491
283
499
500
513
286
295
548
287
296
549
288
297
550
289
298
551
290
299
552
291
300
553
292
301
554
293
302
555
303
556
295
304
558
296
305
559
297
306
560
298
307
561
299
308
562
300
309
563
301
310
564
302
311
565
303
312
566
313
567
305
314
569
306
315
570
307
316
571
308
317
572
309
318
573
310
319
574
311
320
575
312
321
576
313
322
577
323
578
315
327
582
316
328
583
317
329
584
318
330
585
319
331
586
320
332
587
321
333
588
322
334
589
323
335
590
324
336
591
337
326
339
593
340
594
328
342
596
329
343
597
330
344
598
331
345
599
332
346
600
333
347
601
334
348
602
335
349
603
336
350
604
337
351
605
352
339
353
607
340
354
608
355
609
342
356
610
343
357
611
344
358
612
345
359
613
346
360
614
347
361
615
348
362
616
349
363
617
350
364
618
351
365
619
352
366
620
367
621
354
370
623
355
371
624
372
625
357
374
627
358
375
628
359
376
629
360
377
630
361
378
631
362
379
632
363
380
633
364
381
634
365
382
635
366
383
636
367
384
637
368
385
638
386
370
387
640
371
388
641
372
389
642
390
643
374
392
644
375
393
645
376
394
646
377
395
647
378
396
648
379
397
649
380
398
650
381
399
651
382
400
652
383
401
653
384
402
654
385
403
655
386
404
656
388
405
658
389
406
659
390
407
660
408
661
392
411
393
412
662
394
413
663
395
414
664
396
415
665
397
416
666
398
417
667
399
418
668
400
419
669
401
420
670
402
421
671
403
422
672
404
423
673
424
674
406
425
676
407
426
677
408
427
678
428
679
410
430
411
431
412
432
413
433
680
414
434
681
415
435
682
416
436
683
417
437
684
418
438
685
419
439
686
420
440
687
421
441
688
422
442
689
423
443
690
424
444
691
692
426
693
427
694
428
695
696
430
445
431
446
697
432
447
698
433
448
434
449
435
450
699
436
451
700
437
452
701
438
453
702
439
454
703
440
704
441
705
442
706
443
455
707
444
456
708
709
446
457
711
447
458
712
448
459
713
449
460
714
450
461
451
462
452
453
454
456
715
716
458
459
719
460
720
461
721
462
464
723
465
724
466
725
468
470
726
469
471
727
472
728
471
474
730
472
475
731
473
476
732
477
733
475
480
735
476
481
736
477
482
737
478
483
738
479
484
739
485
740
481
486
741
482
487
742
483
488
743
484
489
744
485
490
745
491
746
487
495
747
488
496
748
489
497
749
490
498
750
491
499
751
500
752
493
502
753
494
503
754
495
504
755
496
505
756
497
506
757
498
507
758
499
508
759
500
509
760
510
761
502
511
763
503
512
764
504
513
765
505
514
766
506
515
767
507
516
768
508
517
769
509
770
510
771
772
512
519
775
513
520
776
514
521
777
515
522
778
516
523
779
517
780
781
519
524
783
520
525
784
521
526
785
522
527
786
523
528
787
529
788
525
791
526
530
792
527
531
793
528
532
794
529
795
796
531
799
532
533
800
801
806
535
538
829
536
539
830
540
831
538
547
839
539
548
840
540
549
841
541
550
842
542
551
843
543
552
844
544
553
845
545
554
846
555
847
547
557
849
548
558
850
549
559
851
550
560
852
551
561
853
552
562
854
553
563
855
554
564
856
555
565
857
556
566
858
567
859
558
568
862
559
569
863
560
570
864
561
571
865
562
572
866
563
573
867
564
574
868
565
575
869
566
576
870
567
577
871
578
872
569
581
877
570
582
878
571
583
879
572
584
880
573
585
881
574
586
882
575
587
883
576
588
884
577
589
885
578
590
886
591
580
593
888
594
889
582
595
891
583
596
892
584
597
893
585
598
894
586
599
895
587
600
896
588
601
897
589
602
898
590
603
899
591
604
605
593
607
901
594
608
902
609
903
596
610
904
597
611
905
598
612
906
599
613
907
600
614
908
601
615
909
602
616
910
603
617
911
604
618
912
605
619
620
607
622
913
608
623
914
609
624
915
625
916
611
627
917
612
628
918
613
629
919
614
630
920
615
631
921
616
632
922
617
633
923
618
634
924
619
635
925
620
636
926
621
637
927
638
623
640
929
624
641
930
625
642
931
643
932
627
644
628
645
933
629
646
934
630
647
935
631
648
936
632
649
937
633
650
938
634
651
939
635
652
940
636
653
941
637
654
942
638
655
943
656
944
640
657
945
641
658
946
642
659
947
643
660
948
661
949
645
662
646
663
950
647
664
951
648
665
952
649
666
953
650
667
954
651
668
955
652
669
956
653
670
957
654
671
958
655
672
959
656
673
960
674
961
658
675
962
659
676
963
660
677
964
661
678
965
679
966
663
680
664
681
967
665
682
968
666
683
969
667
684
970
668
685
971
669
686
972
670
687
973
671
688
974
672
689
975
673
690
976
674
691
977
692
978
676
980
677
693
981
678
694
982
679
695
983
696
984
681
682
699
683
700
684
701
985
685
702
986
686
703
987
687
704
988
688
705
989
689
706
990
690
707
991
691
708
992
692
709
993
710
994
694
997
695
998
696
999
1000
698
712
713
700
701
702
703
704
705
1001
706
1002
707
1003
708
715
1004
709
716
1005
710
717
1006
718
1007
712
713
719
714
720
721
716
1010
717
1011
718
1012
1013
720
721
723
1022
724
1023
725
1024
727
730
728
731
729
732
733
731
735
732
736
733
737
1025
734
738
1026
739
1027
736
741
737
742
1029
738
743
1030
739
744
1031
740
745
1032
746
1033
742
747
743
748
1034
744
749
1035
745
750
1036
746
751
1037
752
1038
748
756
1040
749
757
1041
750
758
1042
751
759
1043
752
760
1044
761
1045
754
764
1046
755
765
1047
756
766
1048
757
767
1049
758
768
1050
759
769
1051
760
770
1052
761
771
1053
772
1054
763
774
1055
764
775
1056
765
776
1057
766
777
1058
767
778
1059
768
779
1060
769
780
1061
770
781
1062
771
1063
772
1064
774
782
1065
775
783
1066
776
784
1067
777
785
1068
778
786
1069
779
787
1070
780
788
1071
781
789
1072
1073
783
790
1075
784
791
1076
785
792
1077
786
793
1078
787
794
1079
788
795
1080
789
796
1081
1082
791
797
1085
792
798
1086
793
799
1087
794
800
1088
795
801
1089
796
802
1090
1091
798
803
1093
799
804
1094
800
805
1095
801
806
1096
802
807
1097
1098
804
808
1101
805
809
1102
806
810
1103
807
811
1104
1105
809
1109
810
812
1110
811
813
1111
1112
813
1117
1118
817
1129
816
818
1130
817
819
1131
820
1132
819
1136
820
826
1137
827
1138
822
830
1140
823
831
1141
824
832
1142
825
833
1143
834
1144
827
836
1147
837
1148
829
839
1149
830
840
1150
831
841
1151
832
842
1152
833
843
1153
834
844
1154
835
845
1155
846
1156
837
1160
1161
839
849
1162
840
850
1163
841
851
1164
842
852
1165
843
853
1166
844
854
1167
845
855
1168
846
856
1169
847
857
1170
848
858
1171
859
1172
850
862
1176
851
863
1177
852
864
1178
853
865
1179
854
866
1180
855
867
1181
856
868
1182
857
869
1183
858
870
1184
859
871
1185
872
1186
861
874
1189
875
1190
863
877
1192
864
878
1193
865
879
1194
866
880
1195
867
881
1196
868
882
1197
869
883
1198
870
884
1199
871
885
1200
872
886
1201
1202
874
887
1204
875
888
1205
889
1206
877
890
1207
878
891
1208
879
892
1209
880
893
1210
881
894
1211
882
895
1212
883
896
1213
884
897
1214
885
898
1215
886
899
1216
1217
888
901
1218
889
902
1219
903
1220
891
892
904
1221
893
905
1222
894
906
1223
895
907
1224
896
908
1225
897
909
1226
898
910
1227
899
911
1228
912
901
913
1229
902
914
1230
903
915
1231
916
1232
905
917
1233
906
918
1234
907
919
1235
908
920
1236
909
921
1237
910
922
1238
911
923
1239
912
924
1240
925
914
929
1241
915
930
1242
916
931
1243
932
1244
918
933
1245
919
934
1246
920
935
1247
921
936
1248
922
937
1249
923
938
1250
924
939
1251
925
940
1252
926
941
1253
927
942
943
929
945
1254
930
946
1255
931
947
1256
932
948
1257
949
1258
934
950
1259
935
951
1260
936
952
1261
937
953
1262
938
954
1263
939
955
1264
940
956
1265
941
957
1266
942
958
1267
943
959
1268
944
960
1269
961
946
962
1270
947
963
1271
948
964
1272
949
965
1273
966
1274
951
967
1275
952
968
1276
953
969
1277
954
970
1278
955
971
1279
956
972
1280
957
973
1281
958
974
1282
959
975
1283
960
976
1284
961
977
1285
978
1286
963
980
1288
964
981
1289
965
982
1290
966
983
1291
984
1292
968
969
970
985
1293
971
986
1294
972
987
1295
973
988
1296
974
989
1297
975
990
1298
976
991
1299
977
992
1300
978
993
1301
979
994
1302
995
1303
981
996
1305
982
997
1306
983
998
1307
984
999
1308
1000
1309
986
987
988
989
1001
1310
990
1002
1311
991
1003
1312
992
1004
1313
993
1005
1314
994
1006
1315
995
1007
1316
1008
1317
997
1319
998
1320
999
1321
1000
1009
1322
1323
1002
1003
1004
1324
1005
1010
1325
1006
1011
1326
1007
1012
1327
1008
1013
1328
1014
1329
1011
1332
1012
1015
1333
1013
1016
1334
1014
1017
1335
1018
1336
1016
1340
1017
1019
1341
1018
1020
1342
1021
1343
1020
1348
1021
1349
1350
1023
1367
1024
1026
1030
1027
1031
1028
1032
1033
1030
1034
1031
1035
1032
1036
1033
1037
1038
1035
1041
1036
1042
1037
1043
1038
1044
1045
1040
1048
1041
1049
1042
1050
1043
1051
1044
1052
1045
1053
1054
1047
1057
1369
1048
1058
1370
1049
1059
1371
1050
1060
1372
1051
1061
1052
1062
1053
1063
1054
1064
1373
1056
1066
1374
1057
1067
1375
1058
1068
1376
1059
1069
1377
1060
1070
1378
1061
1071
1379
1062
1072
1380
1063
1073
1064
1066
1075
1381
1067
1076
1382
1068
1077
1383
1069
1078
1384
1070
1079
1385
1071
1080
1386
1072
1081
1387
1073
1082
1388
1083
1389
1075
1084
1390
1076
1085
1391
1077
1086
1392
1078
1087
1393
1079
1088
1394
1080
1089
1395
1081
1090
1396
1082
1091
1397
1083
1398
1399
1085
1092
1401
1086
1093
1402
1087
1094
1403
1088
1095
1404
1089
1096
1405
1090
1097
1406
1091
1098
1407
1408
1093
1100
1413
1094
1101
1414
1095
1102
1415
1096
1103
1416
1097
1104
1417
1098
1105
1418
1419
1107
1421
1101
1108
1423
1102
1109
1424
1103
1110
1425
1104
1111
1426
1105
1112
1427
1107
1113
1428
1114
1429
1109
1115
1431
1110
1116
1432
1111
1117
1433
1112
1118
1434
1114
1119
1435
1120
1436
1116
1121
1438
1117
1122
1439
1118
1123
1440
1441
1120
1124
1442
1125
1443
1122
1445
1123
1126
1446
1447
1125
1128
1450
1129
1451
1455
1128
1130
1457
1129
1131
1458
1132
1459
1131
1136
1465
1132
1137
1466
1138
1467
1134
1142
1469
1135
1143
1470
1144
1471
1137
1146
1479
1138
1147
1480
1148
1481
1140
1150
1482
1141
1151
1483
1142
1152
1484
1143
1153
1485
1144
1154
1486
1145
1155
1487
1156
1488
1147
1159
1493
1148
1160
1494
1161
1495
1150
1163
1496
1151
1164
1497
1152
1165
1498
1153
1166
1499
1154
1167
1500
1155
1168
1501
1156
1169
1502
1157
1170
1503
1158
1171
1504
1172
1505
1160
1173
1507
1161
1174
1508
1175
1509
1163
1176
1510
1164
1177
1511
1165
1178
1512
1166
1179
1513
1167
1180
1514
1168
1181
1515
1169
1182
1516
1170
1183
1517
1171
1184
1518
1172
1185
1519
1186
1520
1174
1188
1522
1175
1189
1523
1190
1524
1177
1192
1525
1178
1193
1526
1179
1194
1527
1180
1195
1528
1181
1196
1529
1182
1197
1530
1183
1198
1531
1184
1199
1532
1185
1200
1533
1186
1201
1534
1187
1202
1535
1203
1536
1189
1204
1537
1190
1205
1538
1206
1539
1192
1207
1540
1193
1208
1541
1194
1209
1542
1195
1210
1543
1196
1211
1544
1197
1212
1545
1198
1213
1546
1199
1214
1547
1200
1215
1548
1201
1216
1549
1202
1217
1550
1203
1551
1552
1205
1218
1553
1206
1219
1554
1220
1555
1208
1209
1221
1556
1210
1222
1557
1211
1223
1558
1212
1224
1559
1213
1225
1560
1214
1226
1561
1215
1227
1562
1216
1228
1563
1217
1564
1565
1219
1230
1567
1220
1231
1568
1232
1569
1222
1233
1223
1234
1570
1224
1235
1571
1225
1236
1572
1226
1237
1573
1227
1238
1574
1228
1239
1575
1240
1576
1230
1241
1577
1231
1242
1578
1232
1243
1579
1244
1580
1234
1245
1235
1246
1581
1236
1247
1582
1237
1248
1583
1238
1249
1584
1239
1250
1585
1240
1251
1586
1252
1587
1242
1255
1589
1243
1256
1590
1244
1257
1591
1258
1592
1246
1259
1247
1260
1593
1248
1261
1594
1249
1262
1595
1250
1263
1596
1251
1264
1597
1252
1265
1598
1253
1266
1599
1267
1255
1270
1600
1256
1271
1601
1257
1272
1602
1258
1273
1603
1274
1604
1260
1275
1261
1276
1262
1277
1605
1263
1278
1606
1264
1279
1607
1265
1280
1608
1266
1281
1609
1267
1282
1610
1268
1283
1611
1269
1284
1612
1285
1271
1288
1614
1272
1289
1615
1273
1290
1616
1274
1291
1617
1292
1618
1276
1277
1278
1293
1279
1294
1280
1295
1619
1281
1296
1620
1282
1297
1621
1283
1298
1622
1284
1299
1623
1285
1300
1624
1286
1301
1625
1302
1626
1288
1304
1628
1289
1305
1629
1290
1306
1630
1291
1307
1631
1292
1308
1632
1309
1633
1294
1295
1296
1297
1310
1634
1298
1311
1635
1299
1312
1636
1300
1313
1637
1301
1314
1638
1302
1315
1639
1303
1316
1640
1317
1641
1305
1643
1306
1319
1644
1307
1320
1645
1308
1321
1646
1309
1322
1647
1323
1648
1311
1312
1313
1324
1649
1314
1325
1650
1315
1326
1651
1316
1327
1652
1317
1328
1653
1318
1329
1654
1330
1655
1320
1656
1321
1657
1322
1658
1323
1659
1660
1325
1331
1661
1326
1332
1662
1327
1333
1663
1328
1334
1664
1329
1335
1665
1330
1336
1666
1337
1667
1332
1669
1333
1339
1670
1334
1340
1671
1335
1341
1672
1336
1342
1673
1337
1343
1674
1338
1344
1675
1345
1676
1340
1346
1678
1341
1347
1679
1342
1348
1680
1343
1349
1681
1344
1350
1682
1345
1351
1683
1684
1347
1687
1348
1352
1688
1349
1353
1689
1350
1354
1690
1351
1355
1691
1692
1353
1696
1354
1356
1697
1355
1357
1698
1358
1699
1357
1359
1704
1358
1360
1705
1706
1360
1361
1710
1362
1711
1362
1363
1715
1364
1716
1364
1365
1719
1366
1720
1366
1722
1367
1723
1724
1369
1375
1725
1370
1376
1726
1371
1377
1727
1372
1378
1728
1379
1375
1382
1729
1376
1383
1730
1377
1384
1731
1378
1385
1732
1379
1386
1733
1380
1387
1734
1388
1382
1391
1735
1383
1392
1736
1384
1393
1737
1385
1394
1738
1386
1395
1739
1387
1396
1740
1388
1397
1741
1389
1398
1742
1399
1391
1401
1743
1392
1402
1744
1393
1403
1745
1394
1404
1746
1395
1405
1747
1396
1406
1748
1397
1407
1749
1398
1408
1750
1399
1409
1751
1752
1401
1412
1754
1402
1413
1755
1403
1414
1756
1404
1415
1757
1405
1416
1758
1406
1417
1759
1407
1418
1760
1408
1419
1761
1409
1762
1763
1411
1420
1421
1764
1413
1422
1766
1414
1423
1767
1415
1424
1768
1416
1425
1769
1417
1426
1770
1418
1427
1771
1419
1772
1421
1428
1429
1773
1423
1430
1775
1424
1431
1776
1425
1432
1777
1426
1433
1778
1427
1434
1779
1429
1435
1780
1436
1781
1431
1437
1783
1432
1438
1784
1433
1439
1785
1434
1440
1786
1441
1787
1436
1442
1788
1443
1789
1438
1444
1791
1439
1445
1792
1440
1446
1793
1441
1447
1794
1448
1795
1443
1450
1797
1451
1798
1445
1453
1800
1446
1454
1801
1447
1455
1802
1448
1456
1803
1804
1450
1457
1805
1451
1458
1806
1459
1807
1453
1460
1809
1454
1461
1810
1455
1462
1811
1456
1463
1812
1813
1458
1465
1815
1459
1466
1816
1467
1817
1461
1475
1820
1462
1476
1821
1463
1477
1822
1823
1465
1478
1466
1479
1826
1467
1480
1827
1481
1828
1469
1484
1829
1470
1485
1830
1471
1486
1831
1472
1487
1832
1473
1488
1833
1474
1489
1834
1475
1490
1835
1476
1491
1836
1477
1492
1837
1838
1479
1480
1493
1841
1481
1494
1842
1495
1843
1483
1497
1845
1484
1498
1846
1485
1499
1847
1486
1500
1848
1487
1501
1849
1488
1502
1850
1489
1503
1851
1490
1504
1852
1491
1505
1853
1492
1506
1854
1855
1494
1507
1858
1495
1508
1859
1509
1860
1497
1511
1861
1498
1512
1862
1499
1513
1863
1500
1514
1864
1501
1515
1865
1502
1516
1866
1503
1517
1867
1504
1518
1868
1505
1519
1869
1506
1520
1870
1521
1871
1508
1522
1873
1509
1523
1874
1524
1875
1511
1525
1876
1512
1526
1877
1513
1527
1878
1514
1528
1879
1515
1529
1880
1516
1530
1881
1517
1531
1882
1518
1532
1883
1519
1533
1884
1520
1534
1885
1521
1535
1886
1536
1887
1523
1537
1889
1524
1538
1890
1539
1891
1526
1541
1892
1527
1542
1893
1528
1543
1894
1529
1544
1895
1530
1545
1896
1531
1546
1897
1532
1547
1898
1533
1548
1899
1534
1549
1900
1535
1550
1901
1536
1551
1902
1552
1903
1538
1553
1905
1539
1554
1906
1555
1907
1541
1542
1556
1908
1543
1557
1909
1544
1558
1910
1545
1559
1911
1546
1560
1912
1547
1561
1913
1548
1562
1914
1549
1563
1915
1550
1564
1916
1551
1565
1917
1552
1918
1919
1554
1567
1920
1555
1568
1921
1569
1922
1557
1923
1558
1570
1924
1559
1571
1925
1560
1572
1926
1561
1573
1927
1562
1574
1928
1563
1575
1929
1564
1576
1930
1565
1931
1932
1567
1577
1933
1568
1578
1934
1569
1579
1935
1580
1936
1571
1581
1572
1582
1937
1573
1583
1938
1574
1584
1939
1575
1585
1940
1576
1586
1941
1587
1942
1578
1589
1943
1579
1590
1944
1580
1591
1945
1592
1946
1582
1593
1583
1594
1584
1595
1585
1596
1947
1586
1597
1948
1587
1598
1949
1599
1589
1600
1950
1590
1601
1951
1591
1602
1952
1592
1603
1953
1604
1954
1594
1595
1605
1596
1606
1597
1607
1598
1608
1955
1599
1609
1956
1610
1601
1614
1957
1602
1615
1958
1603
1616
1959
1604
1617
1960
1618
1961
1606
1607
1608
1619
1609
1620
1962
1610
1621
1611
1622
1612
1623
1624
1614
1628
1963
1615
1629
1964
1616
1630
1965
1617
1631
1966
1618
1632
1967
1633
1968
1620
1621
1634
1622
1635
1623
1636
1624
1637
1969
1625
1638
1970
1626
1639
1971
1627
1640
1972
1641
1973
1629
1643
1975
1630
1644
1976
1631
1645
1977
1632
1646
1978
1633
1647
1979
1648
1980
1635
1636
1637
1649
1638
1650
1981
1639
1651
1982
1640
1652
1983
1641
1653
1984
1642
1654
1985
1655
1986
1644
1987
1645
1656
1988
1646
1657
1989
1647
1658
1990
1648
1659
1991
1660
1992
1650
1661
1651
1662
1993
1652
1663
1994
1653
1664
1995
1654
1665
1996
1655
1666
1997
1667
1998
1657
2000
1658
2001
1659
2002
1660
2003
2004
1662
1669
2005
1663
1670
2006
1664
1671
2007
1665
1672
2008
1666
1673
2009
1667
1674
2010
1668
1675
2011
1676
2012
1670
1677
2014
1671
1678
2015
1672
1679
2016
1673
1680
2017
1674
1681
2018
1675
1682
2019
1676
1683
2020
1684
2021
1678
1686
2024
1679
1687
2025
1680
1688
2026
1681
1689
2027
1682
1690
2028
1683
1691
2029
1684
1692
2030
1685
1693
2031
2032
1687
1694
2034
1688
1695
2035
1689
1696
2036
1690
1697
2037
1691
1698
2038
1692
1699
2039
1693
1700
2040
1701
2041
1695
2044
1696
1702
2045
1697
1703
2046
1698
1704
2047
1699
1705
2048
1700
1706
2049
1701
1707
2050
2051
1703
1708
2053
1704
1709
2054
1705
1710
2055
1706
1711
2056
1707
1712
2057
1713
2058
1709
2061
1710
1714
2062
1711
1715
2063
1712
1716
2064
1713
1717
2065
2066
1715
1718
2069
1716
1719
2070
1717
1720
2071
1721
2072
1719
2075
1720
1722
2076
1721
1723
2077
1724
2078
1723
2080
1724
2081
2082
1726
1730
2083
1727
1731
2084
1728
1732
2085
1733
2086
1730
1736
2087
1731
1737
2088
1732
1738
2089
1733
1739
2090
1734
1740
2091
1741
2092
1736
1744
2093
1737
1745
2094
1738
1746
2095
1739
1747
2096
1740
1748
2097
1741
1749
2098
1742
1750
2099
1751
2100
1744
1755
2102
1745
1756
2103
1746
1757
2104
1747
1758
2105
1748
1759
2106
1749
1760
2107
1750
1761
2108
1751
1762
2109
1752
1763
2110
1754
1765
2111
1755
1766
2112
1756
1767
2113
1757
1768
2114
1758
1769
2115
1759
1770
2116
1760
1771
2117
1761
1772
2118
1762
2119
1763
2120
1773
1766
1774
2121
1767
1775
2122
1768
1776
2123
1769
1777
2124
1770
1778
2125
1771
1779
2126
1772
2127
1781
2128
1775
1782
2130
1776
1783
2131
1777
1784
2132
1778
1785
2133
1779
1786
2134
1787
2135
1781
1788
1789
2136
1783
1790
2138
1784
1791
2139
1785
1792
2140
1786
1793
2141
1787
1794
2142
1795
2143
1789
1797
2144
1798
2145
1791
1799
2147
1792
1800
2148
1793
1801
2149
1794
1802
2150
1795
1803
2151
1804
2152
1797
1805
1798
1806
2153
1807
2154
1800
1809
2156
1801
1810
2157
1802
1811
2158
1803
1812
2159
1804
1813
2160
1814
2161
1806
1815
1807
1816
2162
1817
2163
1809
1819
2165
1810
1820
2166
1811
1821
2167
1812
1822
2168
1813
1823
2169
1814
1824
2170
1825
2171
1816
1826
2173
1817
1827
2174
1828
2175
1819
1834
2177
1820
1835
2178
1821
1836
2179
1822
1837
2180
1823
1838
2181
1824
1839
2182
1825
1840
2183
2184
1827
1841
2186
1828
1842
2187
1843
2188
1830
1847
2190
1831
1848
2191
1832
1849
2192
1833
1850
2193
1834
1851
2194
1835
1852
2195
1836
1853
2196
1837
1854
2197
1838
1855
2198
1839
1856
2199
1840
1857
2200
2201
1842
1858
2203
1843
1859
2204
1860
2205
1845
1861
1846
1862
2206
1847
1863
2207
1848
1864
2208
1849
1865
2209
1850
1866
2210
1851
1867
2211
1852
1868
2212
1853
1869
2213
1854
1870
2214
1855
1871
2215
1856
1872
2216
1857
2217
2218
1859
1873
2220
1860
1874
2221
1875
2222
1862
1877
2223
1863
1878
2224
1864
1879
2225
1865
1880
2226
1866
1881
2227
1867
1882
2228
1868
1883
2229
1869
1884
2230
1870
1885
2231
1871
1886
2232
1872
1887
2233
1888
2234
1874
1889
2236
1875
1890
2237
1891
2238
1877
1892
2239
1878
1893
2240
1879
1894
2241
1880
1895
2242
1881
1896
2243
1882
1897
2244
1883
1898
2245
1884
1899
2246
1885
1900
2247
1886
1901
2248
1887
1902
2249
1888
1903
2250
1904
2251
1890
1905
2252
1891
1906
2253
1907
2254
1893
1908
2255
1894
1909
2256
1895
1910
2257
1896
1911
2258
1897
1912
2259
1898
1913
2260
1899
1914
2261
1900
1915
2262
1901
1916
2263
1902
1917
2264
1903
1918
2265
1904
1919
2266
2267
1906
1920
2269
1907
1921
2270
1922
2271
1909
1923
2272
1910
1924
2273
1911
1925
2274
1912
1926
2275
1913
1927
2276
1914
1928
2277
1915
1929
2278
1916
1930
2279
1917
1931
2280
1918
1932
2281
1919
2282
2283
1921
1934
2286
1922
1935
2287
1936
2288
1924
1925
2289
1926
1937
2290
1927
1938
2291
1928
1939
2292
1929
1940
2293
1930
1941
2294
1931
1942
2295
1932
2296
2297
1934
1943
2299
1935
1944
2300
1936
1945
2301
1946
2302
1938
1939
2303
1940
1947
2304
1941
1948
2305
1942
1949
2306
2307
1944
1951
2309
1945
1952
2310
1946
1953
2311
1954
2312
1948
1949
1955
1956
1951
1957
2313
1952
1958
2314
1953
1959
2315
1954
1960
2316
1961
2317
1956
1962
1958
1964
2319
1959
1965
2320
1960
1966
2321
1961
1967
2322
1968
2323
1964
1975
2324
1965
1976
2325
1966
1977
2326
1967
1978
2327
1968
1979
2328
1980
2329
1970
1981
1971
1982
1972
1983
2330
1973
1984
2331
1974
1985
2332
1986
2333
1976
1987
2335
1977
1988
2336
1978
1989
2337
1979
1990
2338
1980
1991
2339
1992
2340
1982
1993
1983
1994
2341
1984
1995
2342
1985
1996
2343
1986
1997
2344
1998
2345
1988
2347
1989
2000
2348
1990
2001
2349
1991
2002
2350
1992
2003
2351
2004
2352
1994
2006
2353
1995
2007
2354
1996
2008
2355
1997
2009
2356
1998
2010
2357
1999
2011
2358
2012
2359
2001
2361
2002
2362
2003
2363
2004
2364
2365
2006
2014
2366
2007
2015
2367
2008
2016
2368
2009
2017
2369
2010
2018
2370
2011
2019
2371
2012
2020
2372
2013
2021
2373
2022
2374
2015
2024
2376
2016
2025
2377
2017
2026
2378
2018
2027
2379
2019
2028
2380
2020
2029
2381
2021
2030
2382
2022
2031
2383
2032
2384
2024
2033
2385
2025
2034
2386
2026
2035
2387
2027
2036
2388
2028
2037
2389
2029
2038
2390
2030
2039
2391
2031
2040
2392
2032
2041
2393
2042
2394
2034
2043
2396
2035
2044
2397
2036
2045
2398
2037
2046
2399
2038
2047
2400
2039
2048
2401
2040
2049
2402
2041
2050
2403
2042
2051
2404
2405
2044
2407
2045
2052
2408
2046
2053
2409
2047
2054
2410
2048
2055
2411
2049
2056
2412
2050
2057
2413
2051
2058
2414
2059
2415
2053
2060
2418
2054
2061
2419
2055
2062
2420
2056
2063
2421
2057
2064
2422
2058
2065
2423
2059
2066
2424
2067
2425
2061
2428
2062
2068
2429
2063
2069
2430
2064
2070
2431
2065
2071
2432
2066
2072
2433
2067
2073
2434
2074
2435
2069
2438
2070
2075
2439
2071
2076
2440
2072
2077
2441
2073
2078
2442
2074
2079
2443
2444
2076
2446
2077
2080
2447
2078
2081
2448
2079
2082
2449
2450
2081
2082
2084
2088
2451
2085
2089
2452
2086
2090
2453
2091
2088
2094
2454
2089
2095
2455
2090
2096
2456
2091
2097
2457
2092
2098
2458
2099
2459
2094
2103
2460
2095
2104
2461
2096
2105
2462
2097
2106
2463
2098
2107
2464
2099
2108
2465
2100
2109
2466
2110
2102
2112
2103
2113
2467
2104
2114
2468
2105
2115
2469
2106
2116
2470
2107
2117
2471
2108
2118
2472
2109
2119
2473
2110
2120
2474
2112
2121
2113
2122
2475
2114
2123
2476
2115
2124
2477
2116
2125
2478
2117
2126
2479
2118
2127
2480
2119
2481
2120
2482
2122
2130
2483
2123
2131
2484
2124
2132
2485
2125
2133
2486
2126
2134
2487
2127
2135
2488
2136
2130
2137
2489
2131
2138
2490
2132
2139
2491
2133
2140
2492
2134
2141
2493
2135
2142
2494
2143
2495
2145
2138
2146
2496
2139
2147
2497
2140
2148
2498
2141
2149
2499
2142
2150
2500
2143
2151
2501
2152
2502
2145
2153
2154
2503
2147
2155
2505
2148
2156
2506
2149
2157
2507
2150
2158
2508
2151
2159
2509
2152
2160
2510
2161
2511
2154
2162
2163
2513
2156
2165
2515
2157
2166
2516
2158
2167
2517
2159
2168
2518
2160
2169
2519
2161
2170
2520
2171
2521
2163
2174
2175
2523
2165
2177
2524
2166
2178
2525
2167
2179
2526
2168
2180
2527
2169
2181
2528
2170
2182
2529
2171
2183
2530
2172
2184
2531
2185
2532
2174
2186
2175
2187
2533
2188
2534
2177
2194
2178
2195
2535
2179
2196
2536
2180
2197
2537
2181
2198
2538
2182
2199
2539
2183
2200
2540
2184
2201
2541
2185
2202
2542
2543
2187
2203
2188
2204
2544
2205
2545
2190
2207
2191
2208
2546
2192
2209
2547
2193
2210
2548
2194
2211
2549
2195
2212
2550
2196
2213
2551
2197
2214
2552
2198
2215
2553
2199
2216
2554
2200
2217
2555
2201
2218
2556
2202
2219
2557
2558
2204
2220
2560
2205
2221
2561
2222
2562
2207
2224
2563
2208
2225
2564
2209
2226
2565
2210
2227
2566
2211
2228
2567
2212
2229
2568
2213
2230
2569
2214
2231
2570
2215
2232
2571
2216
2233
2572
2217
2234
2573
2218
2235
2574
2219
2575
2576
2221
2236
2578
2222
2237
2579
2238
2580
2224
2240
2581
2225
2241
2582
2226
2242
2583
2227
2243
2584
2228
2244
2585
2229
2245
2586
2230
2246
2587
2231
2247
2588
2232
2248
2589
2233
2249
2590
2234
2250
2591
2235
2251
2592
2593
2237
2252
2595
2238
2253
2596
2254
2597
2240
2255
2241
2256
2598
2242
2257
2599
2243
2258
2600
2244
2259
2601
2245
2260
2602
2246
2261
2603
2247
2262
2604
2248
2263
2605
2249
2264
2606
2250
2265
2607
2251
2266
2608
2267
2609
2253
2269
2611
2254
2270
2612
2271
2613
2256
2272
2257
2273
2614
2258
2274
2615
2259
2275
2616
2260
2276
2617
2261
2277
2618
2262
2278
2619
2263
2279
2620
2264
2280
2621
2265
2281
2622
2266
2282
2623
2267
2283
2624
2284
2625
2269
2285
2626
2270
2286
2627
2271
2287
2628
2288
2629
2273
2274
2289
2630
2275
2290
2631
2276
2291
2632
2277
2292
2633
2278
2293
2634
2279
2294
2635
2280
2295
2636
2281
2296
2637
2282
2297
2638
2283
2298
2639
2284
2640
2641
2286
2299
2642
2287
2300
2643
2288
2301
2644
2302
2645
2290
2291
2646
2292
2303
2647
2293
2304
2648
2294
2305
2649
2295
2306
2650
2296
2307
2651
2297
2652
2298
2653
2654
2300
2309
2655
2301
2310
2656
2302
2311
2657
2312
2658
2304
2305
2306
2659
2307
2660
2661
2309
2313
2662
2310
2314
2663
2311
2315
2664
2312
2316
2665
2317
2666
2314
2319
2667
2315
2320
2668
2316
2321
2669
2317
2322
2670
2323
2671
2319
2324
2672
2320
2325
2673
2321
2326
2674
2322
2327
2675
2323
2328
2676
2329
2677
2325
2335
2678
2326
2336
2679
2327
2337
2680
2328
2338
2681
2329
2339
2682
2340
2683
2331
2342
2332
2343
2684
2333
2344
2685
2345
2686
2335
2687
2336
2347
2688
2337
2348
2689
2338
2349
2690
2339
2350
2691
2340
2351
2692
2352
2693
2342
2354
2343
2355
2694
2344
2356
2695
2345
2357
2696
2346
2358
2697
2359
2698
2348
2360
2700
2349
2361
2701
2350
2362
2702
2351
2363
2703
2352
2364
2704
2365
2705
2354
2367
2706
2355
2368
2707
2356
2369
2708
2357
2370
2709
2358
2371
2710
2359
2372
2711
2373
2712
2361
2715
2362
2716
2363
2717
2364
2718
2365
2719
2720
2367
2376
2721
2368
2377
2722
2369
2378
2723
2370
2379
2724
2371
2380
2725
2372
2381
2726
2373
2382
2727
2374
2383
2728
2384
2729
2376
2385
2731
2377
2386
2732
2378
2387
2733
2379
2388
2734
2380
2389
2735
2381
2390
2736
2382
2391
2737
2383
2392
2738
2384
2393
2739
2394
2740
2386
2396
2742
2387
2397
2743
2388
2398
2744
2389
2399
2745
2390
2400
2746
2391
2401
2747
2392
2402
2748
2393
2403
2749
2394
2404
2750
2395
2405
2751
2406
2752
2397
2407
2754
2398
2408
2755
2399
2409
2756
2400
2410
2757
2401
2411
2758
2402
2412
2759
2403
2413
2760
2404
2414
2761
2405
2415
2762
2406
2416
2763
2764
2408
2417
2766
2409
2418
2767
2410
2419
2768
2411
2420
2769
2412
2421
2770
2413
2422
2771
2414
2423
2772
2415
2424
2773
2416
2425
2774
2426
2775
2418
2427
2778
2419
2428
2779
2420
2429
2780
2421
2430
2781
2422
2431
2782
2423
2432
2783
2424
2433
2784
2425
2434
2785
2426
2435
2786
2436
2787
2428
2789
2429
2437
2790
2430
2438
2791
2431
2439
2792
2432
2440
2793
2433
2441
2794
2434
2442
2795
2435
2443
2796
2436
2444
2797
2798
2438
2799
2439
2445
2800
2440
2446
2801
2441
2447
2802
2442
2448
2803
2443
2449
2804
2444
2450
2805
2806
2446
2808
2447
2809
2448
2810
2449
2811
2450
2812
2813
2452
2455
2453
2456
2815
2457
2816
2455
2461
2456
2462
2817
2457
2463
2818
2458
2464
2819
2459
2465
2820
2466
2461
2468
2821
2462
2469
2822
2463
2470
2823
2464
2471
2824
2465
2472
2825
2466
2473
2826
2474
2827
2468
2476
2828
2469
2477
2829
2470
2478
2830
2471
2479
2831
2472
2480
2832
2473
2481
2833
2474
2482
2834
2835
2476
2484
2836
2477
2485
2837
2478
2486
2838
2479
2487
2839
2480
2488
2840
2481
2841
2482
2484
2490
2842
2485
2491
2843
2486
2492
2844
2487
2493
2845
2488
2494
2846
2495
2847
2490
2496
2848
2491
2497
2849
2492
2498
2850
2493
2499
2851
2494
2500
2852
2495
2501
2853
2502
2854
2497
2505
2856
2498
2506
2857
2499
2507
2858
2500
2508
2859
2501
2509
2860
2502
2510
2861
2511
2862
2513
2505
2514
2863
2506
2515
2864
2507
2516
2865
2508
2517
2866
2509
2518
2867
2510
2519
2868
2511
2520
2869
2512
2521
2870
2522
2871
2523
2515
2524
2872
2516
2525
2873
2517
2526
2874
2518
2527
2875
2519
2528
2876
2520
2529
2877
2521
2530
2878
2522
2531
2879
2532
2880
2534
2881
2525
2535
2882
2526
2536
2883
2527
2537
2884
2528
2538
2885
2529
2539
2886
2530
2540
2887
2531
2541
2888
2532
2542
2889
2543
2890
2534
2544
2545
2891
2536
2551
2537
2552
2892
2538
2553
2893
2539
2554
2894
2540
2555
2895
2541
2556
2896
2542
2557
2897
2543
2558
2898
2559
2899
2545
2561
2900
2562
2901
2547
2565
2548
2566
2549
2567
2550
2568
2551
2569
2552
2570
2902
2553
2571
2903
2554
2572
2904
2555
2573
2905
2556
2574
2906
2557
2575
2907
2558
2576
2908
2559
2577
2909
2910
2561
2578
2562
2579
2911
2580
2912
2564
2582
2565
2583
2566
2584
2567
2585
2568
2586
2569
2587
2570
2588
2913
2571
2589
2914
2572
2590
2915
2573
2591
2916
2574
2592
2917
2575
2593
2918
2576
2594
2919
2577
2920
2921
2579
2595
2580
2596
2923
2597
2924
2582
2598
2583
2599
2925
2584
2600
2926
2585
2601
2927
2586
2602
2928
2587
2603
2929
2588
2604
2930
2589
2605
2931
2590
2606
2932
2591
2607
2933
2592
2608
2934
2593
2609
2935
2594
2610
2936
2937
2596
2611
2938
2597
2612
2939
2613
2940
2599
2614
2600
2615
2941
2601
2616
2942
2602
2617
2943
2603
2618
2944
2604
2619
2945
2605
2620
2946
2606
2621
2947
2607
2622
2948
2608
2623
2949
2609
2624
2950
2610
2625
2951
2612
2627
2952
2613
2628
2953
2629
2954
2615
2630
2616
2631
2955
2617
2632
2956
2618
2633
2957
2619
2634
2958
2620
2635
2959
2621
2636
2960
2622
2637
2961
2623
2638
2962
2624
2639
2963
2625
2640
2964
2641
2965
2627
2642
2628
2643
2966
2629
2644
2967
2645
2968
2631
2632
2646
2969
2633
2647
2970
2634
2648
2971
2635
2649
2972
2636
2650
2973
2637
2651
2974
2638
2652
2975
2639
2653
2976
2640
2654
2977
2641
2978
2979
2643
2655
2980
2644
2656
2981
2645
2657
2982
2658
2983
2647
2648
2649
2984
2650
2659
2985
2651
2660
2986
2652
2661
2987
2653
2988
2654
2989
2656
2663
2990
2657
2664
2991
2658
2665
2992
2666
2993
2660
2661
2663
2667
2994
2664
2668
2995
2665
2669
2996
2666
2670
2997
2671
2998
2668
2673
2999
2669
2674
3000
2670
2675
3001
2671
2676
3002
2677
3003
2673
2678
3004
2674
2679
3005
2675
2680
3006
2676
2681
3007
2677
2682
3008
2683
3009
2679
2688
3010
2680
2689
3011
2681
2690
3012
2682
2691
3013
2683
2692
3014
2693
3015
2685
2695
2686
2696
3016
2697
3017
2688
2699
3020
2689
2700
3021
2690
2701
3022
2691
2702
3023
2692
2703
3024
2693
2704
3025
2705
3026
2695
2708
2696
2709
3027
2697
2710
3028
2698
2711
3029
2712
3030
2700
2714
3035
2701
2715
3036
2702
2716
3037
2703
2717
3038
2704
2718
3039
2705
2719
3040
2720
3041
2707
2722
2708
2723
3042
2709
2724
3043
2710
2725
3044
2711
2726
3045
2712
2727
3046
2713
2728
3047
2729
3048
2715
3052
2716
3053
2717
3054
2718
3055
2719
3056
2720
2722
2732
2723
2733
3057
2724
2734
3058
2725
2735
3059
2726
2736
3060
2727
2737
3061
2728
2738
3062
2729
2739
3063
2730
2740
3064
2741
3065
2732
2742
3069
2733
2743
3070
2734
2744
3071
2735
2745
3072
2736
2746
3073
2737
2747
3074
2738
2748
3075
2739
2749
3076
2740
2750
3077
2741
2751
3078
2752
3079
2743
2754
3083
2744
2755
3084
2745
2756
3085
2746
2757
3086
2747
2758
3087
2748
2759
3088
2749
2760
3089
2750
2761
3090
2751
2762
3091
2752
2763
3092
2764
3093
2754
2765
3095
2755
2766
3096
2756
2767
3097
2757
2768
3098
2758
2769
3099
2759
2770
3100
2760
2771
3101
2761
2772
3102
2762
2773
3103
2763
2774
3104
2764
2775
3105
2776
3106
2766
2777
3108
2767
2778
3109
2768
2779
3110
2769
2780
3111
2770
2781
3112
2771
2782
3113
2772
2783
3114
2773
2784
3115
2774
2785
3116
2775
2786
3117
2776
2787
3118
2788
3119
2778
3121
2779
2789
3122
2780
2790
3123
2781
2791
3124
2782
2792
3125
2783
2793
3126
2784
2794
3127
2785
2795
3128
2786
2796
3129
2787
2797
3130
2788
2798
3131
3132
2790
3133
2791
2799
3134
2792
2800
3135
2793
2801
3136
2794
2802
3137
2795
2803
3138
2796
2804
3139
2797
2805
3140
2798
2806
3141
2807
3142
2800
3144
2801
2808
3145
2802
2809
3146
2803
2810
3147
2804
2811
3148
2805
2812
3149
2806
2813
3150
2807
2814
3151
3152
2809
2810
2811
2812
2813
2814
2816
2818
3169
2819
3170
2818
2823
3171
2819
2824
3172
2820
2825
3173
2826
3174
2822
2829
3175
2823
2830
3176
2824
2831
3177
2825
2832
3178
2826
2833
3179
2827
2834
3180
2835
2829
2837
3181
2830
2838
3182
2831
2839
3183
2832
2840
3184
2833
2841
3185
2834
3186
2835
2837
2843
3187
2838
2844
3188
2839
2845
3189
2840
2846
3190
2841
2847
3191
2843
2849
3192
2844
2850
3193
2845
2851
3194
2846
2852
3195
2847
2853
3196
2854
3197
2849
2856
3198
2850
2857
3199
2851
2858
3200
2852
2859
3201
2853
2860
3202
2854
2861
3203
2862
3204
2856
2863
3205
2857
2864
3206
2858
2865
3207
2859
2866
3208
2860
2867
3209
2861
2868
3210
2862
2869
3211
2870
3212
2864
2872
3213
2865
2873
3214
2866
2874
3215
2867
2875
3216
2868
2876
3217
2869
2877
3218
2870
2878
3219
2871
2879
3220
2880
3221
2873
2882
3222
2874
2883
3223
2875
2884
3224
2876
2885
3225
2877
2886
3226
2878
2887
3227
2879
2888
3228
2880
2889
3229
2890
3230
2891
2883
3231
2884
2892
3232
2885
2893
3233
2886
2894
3234
2887
2895
3235
2888
2896
3236
2889
2897
3237
2890
2898
3238
2899
3239
2901
2893
2903
3240
2894
2904
3241
2895
2905
3242
2896
2906
3243
2897
2907
3244
2898
2908
3245
2899
2909
3246
2910
3247
2901
2911
2912
3249
2903
2914
2904
2915
2905
2916
2906
2917
3250
2907
2918
3251
2908
2919
3252
2909
2920
3253
2910
2921
3254
2922
3255
2912
2923
2924
3256
2914
2931
2915
2932
2916
2933
2917
2934
2918
2935
2919
2936
3257
2920
2937
3258
2921
3259
2922
3260
3261
2924
2939
3262
2940
3263
2926
2941
2927
2942
2928
2943
2929
2944
2930
2945
2931
2946
2932
2947
2933
2948
2934
2949
2935
2950
2936
2951
2937
3264
2939
2952
2940
2953
3266
2954
3267
2942
2955
2943
2956
2944
2957
2945
2958
2946
2959
2947
2960
2948
2961
2949
2962
2950
2963
2951
2964
2965
2953
2966
3268
2954
2967
3269
2968
3270
2956
2969
2957
2970
2958
2971
2959
2972
3271
2960
2973
3272
2961
2974
3273
2962
2975
3274
2963
2976
3275
2964
2977
3276
2965
2978
3277
2979
2967
2981
3278
2968
2982
3279
2983
3280
2970
2971
2972
2984
2973
2985
2974
2986
2975
2987
2976
2988
2977
2989
2978
3281
2979
3282
2981
2990
3283
2982
2991
3284
2983
2992
3285
2993
3286
2985
2986
2987
2988
2989
2991
2995
3287
2992
2996
3288
2993
2997
3289
2998
3290
2995
2999
3291
2996
3000
3292
2997
3001
3293
2998
3002
3294
3003
3295
3000
3005
3299
3001
3006
3300
3002
3007
3301
3003
3008
3302
3009
3303
3005
3010
3307
3006
3011
3308
3007
3012
3309
3008
3013
3310
3009
3014
3311
3015
3312
3011
3021
3318
3012
3022
3319
3013
3023
3320
3014
3024
3321
3015
3025
3322
3026
3323
3017
3028
3018
3029
3019
3030
3324
3031
3325
3021
3035
3329
3022
3036
3330
3023
3037
3331
3024
3038
3332
3025
3039
3333
3026
3040
3334
3041
3335
3028
3044
3029
3045
3336
3030
3046
3337
3031
3047
3338
3032
3048
3339
3033
3049
3340
3034
3050
3341
3035
3051
3342
3036
3052
3343
3037
3053
3344
3038
3054
3345
3039
3055
3346
3040
3056
3347
3041
3348
3043
3058
3044
3059
3349
3045
3060
3350
3046
3061
3351
3047
3062
3352
3048
3063
3353
3049
3064
3354
3050
3065
3355
3051
3066
3356
3052
3067
3357
3053
3068
3358
3054
3359
3055
3360
3056
3058
3071
3361
3059
3072
3362
3060
3073
3363
3061
3074
3364
3062
3075
3365
3063
3076
3366
3064
3077
3367
3065
3078
3368
3066
3079
3369
3067
3080
3370
3068
3081
3371
3372
3070
3083
3071
3084
3373
3072
3085
3374
3073
3086
3375
3074
3087
3376
3075
3088
3377
3076
3089
3378
3077
3090
3379
3078
3091
3380
3079
3092
3381
3080
3093
3382
3081
3094
3383
3384
3083
3095
3084
3096
3385
3085
3097
3386
3086
3098
3387
3087
3099
3388
3088
3100
3389
3089
3101
3390
3090
3102
3391
3091
3103
3392
3092
3104
3393
3093
3105
3394
3094
3106
3395
3107
3396
3096
3108
3398
3097
3109
3399
3098
3110
3400
3099
3111
3401
3100
3112
3402
3101
3113
3403
3102
3114
3404
3103
3115
3405
3104
3116
3406
3105
3117
3407
3106
3118
3408
3107
3119
3409
3120
3410
3109
3121
3412
3110
3122
3413
3111
3123
3414
3112
3124
3415
3113
3125
3416
3114
3126
3417
3115
3127
3418
3116
3128
3419
3117
3129
3420
3118
3130
3421
3119
3131
3422
3120
3132
3423
3424
3122
3425
3123
3133
3426
3124
3134
3427
3125
3135
3428
3126
3136
3429
3127
3137
3430
3128
3138
3431
3129
3139
3432
3130
3140
3433
3131
3141
3434
3132
3142
3435
3143
3436
3134
3438
3135
3144
3439
3136
3145
3440
3137
3146
3441
3138
3147
3442
3139
3148
3443
3140
3149
3444
3141
3150
3445
3142
3151
3446
3143
3152
3447
3448
3145
3146
3147
3449
3148
3450
3149
3451
3150
3452
3151
3453
3152
3454
3154
3155
3457
3156
3458
3156
3461
3157
3159
3462
3158
3160
3463
3161
3464
3160
3467
3161
3163
3468
3162
3164
3469
3165
3470
3164
3473
3165
3474
3166
3167
3475
3168
3476
3168
3479
3480
3170
3172
3485
3173
3486
3172
3177
3488
3173
3178
3489
3174
3179
3490
3180
3491
3176
3182
3492
3177
3183
3493
3178
3184
3494
3179
3185
3495
3180
3186
3496
3497
3182
3188
3498
3183
3189
3499
3184
3190
3500
3185
3191
3501
3186
3502
3503
3188
3193
3189
3194
3504
3190
3195
3505
3191
3196
3506
3197
3507
3193
3199
3508
3194
3200
3509
3195
3201
3510
3196
3202
3511
3197
3203
3512
3204
3199
3206
3513
3200
3207
3514
3201
3208
3515
3202
3209
3516
3203
3210
3517
3204
3211
3518
3212
3519
3206
3213
3520
3207
3214
3521
3208
3215
3522
3209
3216
3523
3210
3217
3524
3211
3218
3525
3212
3219
3526
3220
3527
3214
3222
3529
3215
3223
3530
3216
3224
3531
3217
3225
3532
3218
3226
3533
3219
3227
3534
3220
3228
3535
3221
3229
3536
3230
3537
3223
3231
3538
3224
3232
3539
3225
3233
3540
3226
3234
3541
3227
3235
3542
3228
3236
3543
3229
3237
3544
3230
3238
3545
3239
3546
3232
3547
3233
3240
3548
3234
3241
3549
3235
3242
3550
3236
3243
3551
3237
3244
3552
3238
3245
3553
3239
3246
3554
3247
3555
3241
3556
3242
3557
3243
3250
3558
3244
3251
3559
3245
3252
3560
3246
3253
3561
3247
3254
3562
3248
3255
3563
3564
3256
3251
3565
3252
3257
3566
3253
3258
3567
3254
3259
3568
3255
3260
3569
3261
3570
3263
3571
3258
3572
3259
3264
3573
3260
3265
3574
3261
3575
3576
3263
3266
3267
3577
3265
3578
3267
3269
3581
3270
3582
3269
3278
3270
3279
3583
3280
3584
3272
3273
3274
3275
3276
3277
3281
3282
3279
3284
3585
3280
3285
3586
3286
3587
3282
3284
3287
3285
3288
3589
3286
3289
3590
3290
3591
3288
3292
3597
3289
3293
3598
3290
3294
3599
3295
3600
3292
3299
3293
3300
3609
3294
3301
3610
3295
3302
3611
3303
3612
3297
3614
3304
3615
3299
3307
3620
3300
3308
3621
3301
3309
3622
3302
3310
3623
3303
3311
3312
3305
3313
3626
3314
3627
3307
3317
3630
3308
3318
3631
3309
3319
3632
3310
3320
3633
3311
3321
3634
3312
3322
3323
3314
3325
3636
3315
3326
3637
3316
3327
3638
3317
3328
3639
3318
3329
3640
3319
3330
3641
3320
3331
3642
3321
3332
3322
3333
3323
3334
3335
3325
3338
3643
3326
3339
3644
3327
3340
3645
3328
3341
3646
3329
3342
3647
3330
3343
3648
3331
3344
3649
3332
3345
3650
3333
3346
3334
3347
3335
3348
3337
3351
3651
3338
3352
3652
3339
3353
3653
3340
3354
3654
3341
3355
3655
3342
3356
3656
3343
3357
3657
3344
3358
3658
3345
3359
3659
3346
3360
3347
3348
3350
3363
3660
3351
3364
3661
3352
3365
3662
3353
3366
3663
3354
3367
3664
3355
3368
3665
3356
3369
3666
3357
3370
3667
3358
3371
3668
3359
3372
3669
3360
3670
3362
3374
3671
3363
3375
3672
3364
3376
3673
3365
3377
3674
3366
3378
3675
3367
3379
3676
3368
3380
3677
3369
3381
3678
3370
3382
3679
3371
3383
3680
3372
3384
3681
3682
3374
3386
3683
3375
3387
3684
3376
3388
3685
3377
3389
3686
3378
3390
3687
3379
3391
3688
3380
3392
3689
3381
3393
3690
3382
3394
3691
3383
3395
3692
3384
3396
3693
3397
3694
3386
3399
3696
3387
3400
3697
3388
3401
3698
3389
3402
3699
3390
3403
3700
3391
3404
3701
3392
3405
3702
3393
3406
3703
3394
3407
3704
3395
3408
3705
3396
3409
3706
3397
3410
3707
3411
3708
3399
3412
3710
3400
3413
3711
3401
3414
3712
3402
3415
3713
3403
3416
3714
3404
3417
3715
3405
3418
3716
3406
3419
3717
3407
3420
3718
3408
3421
3719
3409
3422
3720
3410
3423
3721
3411
3424
3722
3723
3413
3425
3724
3414
3426
3725
3415
3427
3726
3416
3428
3727
3417
3429
3728
3418
3430
3729
3419
3431
3730
3420
3432
3731
3421
3433
3732
3422
3434
3733
3423
3435
3734
3424
3436
3735
3437
3736
3426
3738
3427
3438
3739
3428
3439
3740
3429
3440
3741
3430
3441
3742
3431
3442
3743
3432
3443
3744
3433
3444
3745
3434
3445
3746
3435
3446
3747
3436
3447
3748
3437
3448
3749
3750
3439
3440
3751
3441
3752
3442
3449
3753
3443
3450
3754
3444
3451
3755
3445
3452
3756
3446
3453
3757
3447
3454
3758
3448
3759
3760
3450
3451
3452
3453
3454
3457
3761
3457
3460
3763
3458
3461
3764
3459
3462
3765
3463
3766
3461
3465
3769
3462
3466
3770
3463
3467
3771
3464
3468
3772
3469
3773
3466
3776
3467
3471
3777
3468
3472
3778
3469
3473
3779
3470
3474
3780
3475
3781
3472
3786
3473
3787
3474
3477
3788
3475
3478
3789
3476
3479
3790
3480
3791
3478
3800
3479
3801
3480
3482
3802
3481
3483
3803
3484
3804
3483
3813
3484
3814
3815
3486
3489
3825
3490
3826
3488
3493
3827
3489
3494
3828
3490
3495
3829
3491
3496
3830
3497
3493
3499
3831
3494
3500
3832
3495
3501
3833
3496
3502
3834
3497
3503
3835
3499
3504
3500
3505
3836
3501
3506
3837
3502
3507
3838
3503
3839
3505
3510
3840
3506
3511
3841
3507
3512
3842
3509
3514
3843
3510
3515
3844
3511
3516
3845
3512
3517
3846
3518
3847
3514
3521
3848
3515
3522
3849
3516
3523
3850
3517
3524
3851
3518
3525
3852
3519
3526
3853
3527
3521
3529
3854
3522
3530
3855
3523
3531
3856
3524
3532
3857
3525
3533
3858
3526
3534
3859
3527
3535
3860
3536
3861
3529
3530
3538
3862
3531
3539
3863
3532
3540
3864
3533
3541
3865
3534
3542
3866
3535
3543
3867
3536
3544
3868
3537
3545
3869
3546
3539
3547
3870
3540
3548
3871
3541
3549
3872
3542
3550
3873
3543
3551
3874
3544
3552
3875
3545
3553
3876
3546
3554
3877
3555
3878
3548
3879
3549
3556
3880
3550
3557
3881
3551
3558
3882
3552
3559
3883
3553
3560
3884
3554
3561
3885
3555
3562
3886
3563
3887
3557
3558
3888
3559
3565
3889
3560
3566
3890
3561
3567
3891
3562
3568
3892
3563
3569
3893
3564
3570
3894
3566
3895
3567
3572
3896
3568
3573
3897
3569
3574
3898
3570
3575
3899
3576
3900
3577
3573
3901
3574
3902
3575
3578
3903
3576
3579
3904
3580
3905
3582
3579
3906
3580
3907
3908
3582
3583
3584
3909
3584
3586
3587
3912
3586
3589
3587
3590
3591
3916
3595
3919
3590
3598
3591
3599
3600
3923
3593
3602
3924
3594
3603
3925
3595
3604
3926
3596
3605
3927
3606
3928
3598
3609
3599
3610
3600
3611
3612
3602
3931
3603
3613
3932
3604
3614
3933
3605
3615
3934
3606
3616
3935
3607
3617
3936
3608
3618
3937
3619
3938
3610
3622
3611
3623
3612
3614
3624
3940
3615
3625
3941
3616
3626
3942
3617
3627
3943
3618
3628
3944
3619
3629
3945
3620
3630
3946
3621
3631
3947
3622
3632
3623
3633
3634
3625
3948
3626
3635
3949
3627
3636
3950
3628
3637
3951
3629
3638
3952
3630
3639
3953
3631
3640
3954
3632
3641
3955
3633
3642
3634
3636
3643
3957
3637
3644
3958
3638
3645
3959
3639
3646
3960
3640
3647
3961
3641
3648
3962
3642
3649
3963
3650
3644
3653
3965
3645
3654
3966
3646
3655
3967
3647
3656
3968
3648
3657
3969
3649
3658
3970
3650
3659
3971
3652
3662
3972
3653
3663
3973
3654
3664
3974
3655
3665
3975
3656
3666
3976
3657
3667
3977
3658
3668
3978
3659
3669
3979
3670
3980
3661
3673
3981
3662
3674
3982
3663
3675
3983
3664
3676
3984
3665
3677
3985
3666
3678
3986
3667
3679
3987
3668
3680
3988
3669
3681
3989
3670
3682
3990
3991
3672
3684
3673
3685
3992
3674
3686
3993
3675
3687
3994
3676
3688
3995
3677
3689
3996
3678
3690
3997
3679
3691
3998
3680
3692
3999
3681
3693
4000
3682
3694
4001
3695
4002
3684
3697
3685
3698
4004
3686
3699
4005
3687
3700
4006
3688
3701
4007
3689
3702
4008
3690
3703
4009
3691
3704
4010
3692
3705
4011
3693
3706
4012
3694
3707
4013
3695
3708
4014
3709
4015
3697
3711
3698
3712
4016
3699
3713
4017
3700
3714
4018
3701
3715
4019
3702
3716
4020
3703
3717
4021
3704
3718
4022
3705
3719
4023
3706
3720
4024
3707
3721
4025
3708
3722
4026
3709
3723
4027
4028
3711
3724
3712
3725
4029
3713
3726
4030
3714
3727
4031
3715
3728
4032
3716
3729
4033
3717
3730
4034
3718
3731
4035
3719
3732
4036
3720
3733
4037
3721
3734
4038
3722
3735
4039
3723
3736
4040
3737
4041
3725
3738
3726
3739
4042
3727
3740
4043
3728
3741
4044
3729
3742
4045
3730
3743
4046
3731
3744
4047
3732
3745
4048
3733
3746
4049
3734
3747
4050
3735
3748
4051
3736
3749
4052
3737
3750
4053
4054
3739
3740
4055
3741
3751
4056
3742
3752
4057
3743
3753
4058
3744
3754
4059
3745
3755
4060
3746
3756
4061
3747
3757
4062
3748
3758
4063
3749
3759
4064
3750
3760
4065
4066
3752
3753
3754
3755
3756
3757
3758
3759
3760
3764
4069
3763
3768
4072
3764
3769
4073
3765
3770
4074
3766
3771
4075
3772
4076
3768
3774
4078
3769
3775
4079
3770
3776
4080
3771
3777
4081
3772
3778
4082
3773
3779
4083
3780
4084
3775
4090
3776
4091
3777
3785
4092
3778
3786
4093
3779
3787
4094
3780
3788
4095
3781
3789
4096
3790
4097
3783
3793
4099
3784
3794
4100
3795
4101
3786
4108
3787
3798
4109
3788
3799
4110
3789
3800
4111
3790
3801
4112
3791
3802
4113
3803
4114
3793
3805
4115
3794
3806
4116
3795
3807
4117
3796
3808
4118
3797
3809
4119
3810
4120
3799
4125
3800
4126
3801
3811
4127
3802
3812
4128
3803
3813
4129
3804
3814
4130
3815
3806
4131
3807
3816
4132
3808
3817
4133
3809
3818
4134
3810
3819
4135
4136
3812
4140
3813
4141
3814
3820
4142
3815
3821
4143
3822
4144
3817
4146
3818
4147
3819
4148
4149
3821
4153
3822
4154
3823
4155
3825
4163
3825
3828
4164
3826
3829
4165
3830
4166
3828
3832
4167
3829
3833
4168
3830
3834
4169
3835
4170
3832
3836
3833
3837
4171
3834
3838
4172
3835
3839
4173
3837
3841
3838
3842
4174
3839
4175
3841
3845
3842
3846
3847
3844
3849
4176
3845
3850
4177
3846
3851
4178
3847
3852
3853
3849
3855
4179
3850
3856
4180
3851
3857
4181
3852
3858
4182
3853
3859
4183
3860
4184
3855
3862
4185
3856
3863
4186
3857
3864
4187
3858
3865
4188
3859
3866
4189
3860
3867
4190
3861
3868
4191
3869
4192
3863
3870
4193
3864
3871
4194
3865
3872
4195
3866
3873
4196
3867
3874
4197
3868
3875
4198
3869
3876
4199
3877
4200
3871
3879
4201
3872
3880
4202
3873
3881
4203
3874
3882
4204
3875
3883
4205
3876
3884
4206
3877
3885
4207
3878
3886
4208
3887
4209
3880
3881
4210
3882
3888
4211
3883
3889
4212
3884
3890
4213
3885
3891
4214
3886
3892
4215
3887
3893
4216
3894
4217
3889
4218
3890
3895
4219
3891
3896
4220
3892
3897
4221
3893
3898
4222
3894
3899
4223
3900
4224
3896
3897
3901
4225
3898
3902
4226
3899
3903
4227
3900
3904
4228
3905
4229
3902
3903
4230
3904
3906
4231
3905
3907
4232
3908
4233
3907
3908
3910
4234
3911
4235
3912
3911
3913
4236
3914
4237
3916
3914
3919
4239
3915
3920
4240
3921
4241
3923
3918
3925
4242
3919
3926
4243
3920
3927
4244
3921
3928
4245
3922
3929
4246
3930
4247
3925
3932
3926
3933
4248
3927
3934
4249
3928
3935
4250
3929
3936
4251
3930
3937
4252
3938
4253
3932
3933
3940
4255
3934
3941
4256
3935
3942
4257
3936
3943
4258
3937
3944
4259
3938
3945
4260
3939
3946
4261
3947
4262
3941
3948
4263
3942
3949
4264
3943
3950
4265
3944
3951
4266
3945
3952
4267
3946
3953
4268
3947
3954
4269
3955
4270
3949
3956
4271
3950
3957
4272
3951
3958
4273
3952
3959
4274
3953
3960
4275
3954
3961
4276
3955
3962
4277
3963
4278
3957
3964
4279
3958
3965
4280
3959
3966
4281
3960
3967
4282
3961
3968
4283
3962
3969
4284
3963
3970
4285
3971
4286
3965
3973
4287
3966
3974
4288
3967
3975
4289
3968
3976
4290
3969
3977
4291
3970
3978
4292
3971
3979
4293
3980
4294
3973
3983
4295
3974
3984
4296
3975
3985
4297
3976
3986
4298
3977
3987
4299
3978
3988
4300
3979
3989
4301
3980
3990
4302
3991
4303
3982
3993
4304
3983
3994
4305
3984
3995
4306
3985
3996
4307
3986
3997
4308
3987
3998
4309
3988
3999
4310
3989
4000
4311
3990
4001
4312
3991
4002
4313
4003
4314
3993
4005
4315
3994
4006
4316
3995
4007
4317
3996
4008
4318
3997
4009
4319
3998
4010
4320
3999
4011
4321
4000
4012
4322
4001
4013
4323
4002
4014
4324
4003
4015
4325
4326
4005
4017
4327
4006
4018
4328
4007
4019
4329
4008
4020
4330
4009
4021
4331
4010
4022
4332
4011
4023
4333
4012
4024
4334
4013
4025
4335
4014
4026
4336
4015
4027
4337
4028
4338
4017
4030
4339
4018
4031
4340
4019
4032
4341
4020
4033
4342
4021
4034
4343
4022
4035
4344
4023
4036
4345
4024
4037
4346
4025
4038
4347
4026
4039
4348
4027
4040
4349
4028
4041
4350
4351
4030
4042
4031
4043
4352
4032
4044
4353
4033
4045
4354
4034
4046
4355
4035
4047
4356
4036
4048
4357
4037
4049
4358
4038
4050
4359
4039
4051
4360
4040
4052
4361
4041
4053
4362
4054
4363
4043
4055
4044
4056
4364
4045
4057
4365
4046
4058
4366
4047
4059
4367
4048
4060
4368
4049
4061
4369
4050
4062
4370
4051
4063
4371
4052
4064
4372
4053
4065
4373
4054
4066
4374
4056
4057
4058
4059
4375
4060
4376
4061
4377
4062
4378
4063
4379
4064
4380
4065
4381
4066
4382
4068
4072
4069
4073
4383
4070
4074
4384
4075
4072
4078
4385
4073
4079
4386
4074
4080
4387
4075
4081
4388
4076
4082
4389
4083
4390
4078
4089
4398
4079
4090
4399
4080
4091
4400
4081
4092
4401
4082
4093
4402
4083
4094
4403
4084
4095
4404
4096
4405
4086
4099
4408
4087
4100
4409
4088
4101
4410
4102
4411
4090
4419
4091
4106
4420
4092
4107
4421
4093
4108
4422
4094
4109
4423
4095
4110
4424
4096
4111
4425
4097
4112
4426
4113
4427
4099
4115
4429
4100
4116
4430
4101
4117
4431
4102
4118
4432
4103
4119
4433
4104
4120
4434
4105
4121
4435
4122
4436
4107
4442
4108
4123
4443
4109
4124
4444
4110
4125
4445
4111
4126
4446
4112
4127
4447
4113
4128
4448
4114
4129
4449
4130
4116
4131
4451
4117
4132
4452
4118
4133
4453
4119
4134
4454
4120
4135
4455
4121
4136
4456
4122
4137
4457
4138
4458
4124
4461
4125
4462
4126
4463
4127
4139
4464
4128
4140
4465
4129
4141
4466
4130
4142
4467
4143
4468
4132
4145
4470
4133
4146
4471
4134
4147
4472
4135
4148
4473
4136
4149
4474
4137
4150
4475
4138
4151
4476
4477
4140
4479
4141
4480
4142
4152
4481
4143
4153
4482
4144
4154
4483
4155
4146
4156
4485
4147
4157
4486
4148
4158
4487
4149
4159
4488
4150
4160
4489
4151
4161
4490
4491
4153
4493
4154
4494
4155
4162
4495
4163
4157
4497
4158
4498
4159
4499
4160
4500
4161
4501
4502
4163
4164
4505
4165
4165
4168
4512
4166
4169
4513
4170
4168
4171
4169
4172
4170
4173
4172
4174
4173
4175
4175
4177
4180
4178
4181
4182
4180
4186
4181
4187
4182
4188
4515
4183
4189
4516
4184
4190
4517
4191
4186
4193
4187
4194
4188
4195
4518
4189
4196
4519
4190
4197
4520
4191
4198
4521
4192
4199
4522
4200
4523
4194
4201
4195
4202
4524
4196
4203
4525
4197
4204
4526
4198
4205
4527
4199
4206
4528
4200
4207
4529
4208
4530
4202
4203
4210
4204
4211
4531
4205
4212
4532
4206
4213
4533
4207
4214
4534
4208
4215
4535
4209
4216
4536
4217
4537
4211
4212
4218
4538
4213
4219
4539
4214
4220
4540
4215
4221
4541
4216
4222
4542
4217
4223
4543
4224
4544
4219
4220
4545
4221
4225
4546
4222
4226
4547
4223
4227
4548
4224
4228
4549
4229
4550
4226
4227
4230
4551
4228
4231
4552
4229
4232
4553
4233
4554
4231
4232
4233
4234
4235
4235
4236
4237
4237
4239
4240
4239
4243
4240
4244
4555
4241
4245
4556
4246
4557
4243
4248
4558
4244
4249
4559
4245
4250
4560
4246
4251
4561
4247
4252
4562
4253
4563
4249
4256
4565
4250
4257
4566
4251
4258
4567
4252
4259
4568
4253
4260
4569
4254
4261
4570
4262
4256
4263
4571
4257
4264
4572
4258
4265
4573
4259
4266
4574
4260
4267
4575
4261
4268
4576
4262
4269
4577
4270
4578
4264
4271
4580
4265
4272
4581
4266
4273
4582
4267
4274
4583
4268
4275
4584
4269
4276
4585
4270
4277
4586
4278
4587
4272
4279
4588
4273
4280
4589
4274
4281
4590
4275
4282
4591
4276
4283
4592
4277
4284
4593
4278
4285
4594
4286
4595
4280
4287
4596
4281
4288
4597
4282
4289
4598
4283
4290
4599
4284
4291
4600
4285
4292
4601
4286
4293
4602
4294
4603
4288
4296
4605
4289
4297
4606
4290
4298
4607
4291
4299
4608
4292
4300
4609
4293
4301
4610
4294
4302
4611
4303
4612
4296
4306
4613
4297
4307
4614
4298
4308
4615
4299
4309
4616
4300
4310
4617
4301
4311
4618
4302
4312
4619
4303
4313
4620
4314
4621
4305
4316
4306
4317
4622
4307
4318
4623
4308
4319
4624
4309
4320
4625
4310
4321
4626
4311
4322
4627
4312
4323
4628
4313
4324
4629
4314
4325
4630
4326
4631
4316
4328
4317
4329
4632
4318
4330
4633
4319
4331
4634
4320
4332
4635
4321
4333
4636
4322
4334
4637
4323
4335
4638
4324
4336
4639
4325
4337
4640
4326
4338
4641
4328
4340
4329
4341
4642
4330
4342
4643
4331
4343
4644
4332
4344
4645
4333
4345
4646
4334
4346
4647
4335
4347
4648
4336
4348
4649
4337
4349
4650
4338
4350
4651
4351
4652
4340
4352
4341
4353
4653
4342
4354
4654
4343
4355
4655
4344
4356
4656
4345
4357
4657
4346
4358
4658
4347
4359
4659
4348
4360
4660
4349
4361
4661
4350
4362
4662
4351
4363
4663
4353
4364
4354
4365
4664
4355
4366
4665
4356
4367
4666
4357
4368
4667
4358
4369
4668
4359
4370
4669
4360
4371
4670
4361
4372
4671
4362
4373
4672
4363
4374
4673
4365
4366
4367
4375
4368
4376
4674
4369
4377
4675
4370
4378
4676
4371
4379
4677
4372
4380
4678
4373
4381
4679
4374
4382
4680
4376
4377
4378
4379
4380
4381
4382
4384
4387
4388
4386
4399
4689
4387
4400
4690
4388
4401
4691
4389
4402
4692
4390
4403
4693
4404
4392
4407
4694
4393
4408
4695
4394
4409
4696
4395
4410
4697
4396
4411
4698
4397
4412
4699
4413
4700
4399
4419
4705
4400
4420
4706
4401
4421
4707
4402
4422
4708
4403
4423
4709
4404
4424
4710
4405
4425
4711
4426
4407
4428
4712
4408
4429
4713
4409
4430
4714
4410
4431
4715
4411
4432
4716
4412
4433
4717
4413
4434
4718
4414
4435
4719
4415
4436
4720
4416
4437
4721
4417
4438
4722
4418
4439
4723
4419
4440
4724
4420
4441
4725
4421
4442
4726
4422
4443
4727
4423
4444
4728
4424
4445
4729
4425
4446
4730
4426
4447
4731
4427
4448
4732
4449
4429
4450
4733
4430
4451
4734
4431
4452
4735
4432
4453
4736
4433
4454
4737
4434
4455
4738
4435
4456
4739
4436
4457
4740
4437
4458
4741
4438
4459
4742
4439
4460
4743
4440
4744
4441
4745
4442
4746
4443
4747
4444
4461
4748
4445
4462
4749
4446
4463
4750
4447
4464
4751
4448
4465
4752
4449
4466
4753
4467
4451
4469
4754
4452
4470
4755
4453
4471
4756
4454
4472
4757
4455
4473
4758
4456
4474
4759
4457
4475
4760
4458
4476
4761
4459
4477
4762
4460
4478
4763
4764
4462
4766
4463
4767
4464
4768
4465
4479
4769
4466
4480
4770
4467
4481
4771
4468
4482
4772
4483
4470
4484
4773
4471
4485
4774
4472
4486
4775
4473
4487
4776
4474
4488
4777
4475
4489
4778
4476
4490
4779
4477
4491
4780
4478
4492
4781
4782
4480
4785
4481
4786
4482
4493
4787
4483
4494
4788
4495
4789
4485
4496
4790
4486
4497
4791
4487
4498
4792
4488
4499
4793
4489
4500
4794
4490
4501
4795
4491
4502
4796
4492
4503
4797
4798
4494
4800
4495
4504
4801
4505
4497
4498
4506
4802
4499
4507
4803
4500
4508
4804
4501
4509
4805
4502
4510
4806
4503
4511
4807
4808
4505
4512
4507
4810
4508
4811
4509
4812
4510
4813
4511
4514
4814
4815
4513
4820
4516
4519
4517
4520
4823
4521
4824
4519
4525
4520
4526
4825
4521
4527
4826
4522
4528
4827
4523
4529
4828
4530
4525
4526
4531
4527
4532
4829
4528
4533
4830
4529
4534
4831
4530
4535
4832
4536
4833
4532
4538
4533
4539
4834
4534
4540
4835
4535
4541
4836
4536
4542
4837
4537
4543
4838
4544
4839
4539
4540
4545
4840
4541
4546
4841
4542
4547
4842
4543
4548
4843
4544
4549
4844
4550
4845
4546
4547
4846
4548
4551
4847
4549
4552
4848
4550
4553
4849
4554
4850
4552
4851
4553
4852
4554
4853
4854
4556
4560
4861
4557
4561
4862
4562
4863
4559
4565
4864
4560
4566
4865
4561
4567
4866
4562
4568
4867
4563
4569
4868
4570
4869
4565
4571
4870
4566
4572
4871
4567
4573
4872
4568
4574
4873
4569
4575
4874
4570
4576
4875
4577
4876
4572
4580
4878
4573
4581
4879
4574
4582
4880
4575
4583
4881
4576
4584
4882
4577
4585
4883
4578
4586
4884
4587
4885
4580
4886
4581
4588
4887
4582
4589
4888
4583
4590
4889
4584
4591
4890
4585
4592
4891
4586
4593
4892
4587
4594
4893
4595
4894
4589
4596
4896
4590
4597
4897
4591
4598
4898
4592
4599
4899
4593
4600
4900
4594
4601
4901
4595
4602
4902
4603
4903
4597
4605
4905
4598
4606
4906
4599
4607
4907
4600
4608
4908
4601
4609
4909
4602
4610
4910
4603
4611
4911
4612
4912
4605
4613
4913
4606
4614
4914
4607
4615
4915
4608
4616
4916
4609
4617
4917
4610
4618
4918
4611
4619
4919
4612
4620
4920
4621
4921
4614
4623
4922
4615
4624
4923
4616
4625
4924
4617
4626
4925
4618
4627
4926
4619
4628
4927
4620
4629
4928
4621
4630
4929
4631
4930
4623
4633
4931
4624
4634
4932
4625
4635
4933
4626
4636
4934
4627
4637
4935
4628
4638
4936
4629
4639
4937
4630
4640
4938
4631
4641
4939
4940
4633
4643
4941
4634
4644
4942
4635
4645
4943
4636
4646
4944
4637
4647
4945
4638
4648
4946
4639
4649
4947
4640
4650
4948
4641
4651
4949
4652
4950
4643
4654
4951
4644
4655
4952
4645
4656
4953
4646
4657
4954
4647
4658
4955
4648
4659
4956
4649
4660
4957
4650
4661
4958
4651
4662
4959
4652
4663
4960
4654
4664
4655
4665
4961
4656
4666
4962
4657
4667
4963
4658
4668
4964
4659
4669
4965
4660
4670
4966
4661
4671
4967
4662
4672
4968
4663
4673
4969
4665
4666
4667
4674
4668
4675
4970
4669
4676
4971
4670
4677
4972
4671
4678
4973
4672
4679
4974
4673
4680
4975
4675
4676
4677
4678
4679
4680
4682
4695
4978
4683
4696
4979
4684
4697
4980
4685
4698
4981
4686
4699
4982
4687
4700
4983
4688
4701
4984
4702
4690
4706
4691
4707
4692
4708
4693
4709
4710
4695
4713
4985
4696
4714
4986
4697
4715
4987
4698
4716
4988
4699
4717
4989
4700
4718
4990
4701
4719
4991
4702
4720
4992
4703
4721
4993
4722
4994
4705
4724
4706
4725
4707
4726
4995
4708
4727
4996
4709
4728
4997
4710
4729
4998
4711
4730
4999
4731
4713
4733
5000
4714
4734
5001
4715
4735
5002
4716
4736
5003
4717
4737
5004
4718
4738
5005
4719
4739
5006
4720
4740
5007
4721
4741
5008
4722
4742
5009
4723
4743
5010
4724
4744
5011
4725
4745
5012
4726
4746
5013
4727
4747
5014
4728
4748
5015
4729
4749
5016
4730
4750
5017
4731
4751
5018
4732
4752
5019
4753
4734
4754
5020
4735
4755
5021
4736
4756
5022
4737
4757
5023
4738
4758
5024
4739
4759
5025
4740
4760
5026
4741
4761
5027
4742
4762
5028
4743
4763
5029
4744
4764
5030
4745
4765
5031
4746
5032
4747
5033
4748
5034
4749
4766
5035
4750
4767
5036
4751
4768
5037
4752
4769
5038
4753
4770
5039
4771
5040
4755
4773
4756
4774
5041
4757
4775
5042
4758
4776
5043
4759
4777
5044
4760
4778
5045
4761
4779
5046
4762
4780
5047
4763
4781
5048
4764
4782
5049
4765
4783
5050
5051
4767
4768
5052
4769
4784
5053
4770
4785
5054
4771
4786
5055
4772
4787
5056
4788
4774
4790
4775
4791
5057
4776
4792
5058
4777
4793
5059
4778
4794
5060
4779
4795
5061
4780
4796
5062
4781
4797
5063
4782
4798
5064
4783
4799
5065
5066
4785
4786
4787
5067
4788
4800
5068
4789
4801
4791
4792
4802
5069
4793
4803
5070
4794
4804
5071
4795
4805
5072
4796
4806
5073
4797
4807
5074
4798
4808
5075
4799
4809
5076
5077
4801
4803
4810
5078
4804
4811
5079
4805
4812
5080
4806
4813
5081
4807
4814
5082
4808
4815
5083
4809
4816
5084
5085
4811
4812
4817
5086
4813
4818
5087
4814
4819
5088
4815
4820
5089
4816
4821
5090
5091
4818
4819
5092
4820
4822
5093
4821
5094
5095
4824
4826
4827
5113
4826
4829
4827
4830
5119
4828
4831
5120
4832
5121
4830
4834
5126
4831
4835
5127
4832
4836
5128
4833
4837
5129
4838
5130
4835
4840
5134
4836
4841
5135
4837
4842
5136
4838
4843
5137
4839
4844
5138
4845
5139
4841
5142
4842
4846
5143
4843
4847
5144
4844
4848
5145
4845
4849
5146
4850
5147
4847
5151
4848
4851
5152
4849
4852
5153
4850
4853
5154
4854
5155
4852
5159
4853
4855
5160
4854
4856
5161
5162
4856
5166
4857
5167
4858
5172
4859
4861
5177
4862
5178
4861
4865
5181
4862
4866
5182
4863
4867
5183
4868
5184
4865
4871
5186
4866
4872
5187
4867
4873
5188
4868
4874
5189
4869
4875
5190
4876
5191
4871
4878
5192
4872
4879
5193
4873
4880
5194
4874
4881
5195
4875
4882
5196
4876
4883
5197
4884
5198
4878
4886
5200
4879
4887
5201
4880
4888
5202
4881
4889
5203
4882
4890
5204
4883
4891
5205
4884
4892
5206
4885
4893
5207
4894
5208
4887
4895
5209
4888
4896
5210
4889
4897
5211
4890
4898
5212
4891
4899
5213
4892
4900
5214
4893
4901
5215
4894
4902
5216
4903
5217
4896
4904
5218
4897
4905
5219
4898
4906
5220
4899
4907
5221
4900
4908
5222
4901
4909
5223
4902
4910
5224
4903
4911
5225
4912
5226
4905
4913
5227
4906
4914
5228
4907
4915
5229
4908
4916
5230
4909
4917
5231
4910
4918
5232
4911
4919
5233
4912
4920
5234
4921
5235
4914
4922
5236
4915
4923
5237
4916
4924
5238
4917
4925
5239
4918
4926
5240
4919
4927
5241
4920
4928
5242
4921
4929
5243
4930
5244
4923
4932
5245
4924
4933
5246
4925
4934
5247
4926
4935
5248
4927
4936
5249
4928
4937
5250
4929
4938
5251
4930
4939
5252
4940
5253
4932
4942
4933
4943
5254
4934
4944
5255
4935
4945
5256
4936
4946
5257
4937
4947
5258
4938
4948
5259
4939
4949
5260
4940
4950
5261
4942
4952
4943
4953
4944
4954
5262
4945
4955
5263
4946
4956
5264
4947
4957
5265
4948
4958
5266
4949
4959
5267
4950
4960
5268
5269
4952
4961
4953
4962
4954
4963
4955
4964
5270
4956
4965
5271
4957
4966
5272
4958
4967
5273
4959
4968
5274
4960
4969
5275
5276
4962
4963
4964
4970
4965
4971
4966
4972
5277
4967
4973
5278
4968
4974
5279
4969
4975
5280
5281
4971
4972
4973
4974
4975
4977
4981
5283
4982
5284
4979
4986
5286
4980
4987
5287
4981
4988
5288
4982
4989
5289
4983
4990
5290
4984
4991
5291
4992
5292
4986
5001
4987
5002
5294
4988
5003
5295
4989
5004
5296
4990
5005
5297
4991
5006
5298
4992
5007
5299
4993
5008
5300
4994
5009
5301
5010
5302
4996
5014
4997
5015
4998
5016
4999
5017
5018
5001
5020
5002
5021
5003
5022
5303
5004
5023
5304
5005
5024
5305
5006
5025
5306
5007
5026
5307
5008
5027
5308
5009
5028
5309
5010
5029
5310
5011
5030
5311
5012
5031
5312
5013
5032
5014
5033
5015
5034
5016
5035
5313
5017
5036
5314
5018
5037
5315
5019
5038
5316
5039
5021
5022
5041
5023
5042
5317
5024
5043
5318
5025
5044
5319
5026
5045
5320
5027
5046
5321
5028
5047
5322
5029
5048
5323
5030
5049
5324
5031
5050
5325
5032
5051
5326
5033
5034
5035
5036
5037
5052
5327
5038
5053
5328
5039
5054
5329
5040
5055
5330
5056
5042
5057
5043
5058
5331
5044
5059
5332
5045
5060
5333
5046
5061
5334
5047
5062
5335
5048
5063
5336
5049
5064
5337
5050
5065
5338
5051
5066
5339
5053
5054
5055
5340
5056
5067
5068
5058
5069
5059
5070
5341
5060
5071
5342
5061
5072
5343
5062
5073
5344
5063
5074
5345
5064
5075
5346
5065
5076
5347
5066
5077
5348
5068
5070
5078
5071
5079
5072
5080
5349
5073
5081
5350
5074
5082
5351
5075
5083
5352
5076
5084
5353
5077
5085
5354
5355
5079
5080
5086
5081
5087
5356
5082
5088
5357
5083
5089
5358
5084
5090
5359
5085
5091
5360
5361
5087
5088
5092
5089
5093
5362
5090
5094
5363
5091
5095
5364
5365
5093
5094
5095
5097
5100
5367
5098
5101
5368
5102
5369
5100
5103
5371
5101
5104
5372
5102
5105
5373
5106
5374
5104
5108
5377
5105
5109
5378
5106
5110
5379
5107
5111
5380
5112
5381
5109
5114
5384
5110
5115
5385
5111
5116
5386
5112
5117
5387
5118
5388
5114
5120
5390
5115
5121
5391
5116
5122
5392
5117
5123
5393
5118
5124
5394
5125
5395
5120
5127
5397
5121
5128
5398
5122
5129
5399
5123
5130
5400
5124
5131
5401
5125
5132
5402
5133
5403
5127
5134
5406
5128
5135
5407
5129
5136
5408
5130
5137
5409
5131
5138
5410
5132
5139
5411
5133
5140
5412
5141
5413
5135
5142
5417
5136
5143
5418
5137
5144
5419
5138
5145
5420
5139
5146
5421
5140
5147
5422
5141
5148
5423
5149
5424
5143
5150
5428
5144
5151
5429
5145
5152
5430
5146
5153
5431
5147
5154
5432
5148
5155
5433
5149
5156
5434
5157
5435
5151
5438
5152
5158
5439
5153
5159
5440
5154
5160
5441
5155
5161
5442
5156
5162
5443
5157
5163
5444
5164
5445
5159
5448
5160
5165
5449
5161
5166
5450
5162
5167
5451
5163
5168
5452
5164
5169
5453
5170
5454
5166
5456
5167
5171
5457
5168
5172
5458
5169
5173
5459
5170
5174
5460
5175
5461
5172
5176
5462
5173
5177
5463
5174
5178
5464
5175
5179
5465
5180
5466
5177
5181
5468
5178
5182
5469
5179
5183
5470
5180
5184
5471
5185
5472
5182
5187
5474
5183
5188
5475
5184
5189
5476
5185
5190
5477
5191
5478
5187
5193
5479
5188
5194
5480
5189
5195
5481
5190
5196
5482
5191
5197
5483
5198
5484
5193
5201
5485
5194
5202
5486
5195
5203
5487
5196
5204
5488
5197
5205
5489
5198
5206
5490
5199
5207
5491
5208
5492
5201
5209
5493
5202
5210
5494
5203
5211
5495
5204
5212
5496
5205
5213
5497
5206
5214
5498
5207
5215
5499
5208
5216
5500
5217
5501
5210
5218
5502
5211
5219
5503
5212
5220
5504
5213
5221
5505
5214
5222
5506
5215
5223
5507
5216
5224
5508
5217
5225
5509
5226
5510
5219
5227
5511
5220
5228
5512
5221
5229
5513
5222
5230
5514
5223
5231
5515
5224
5232
5516
5225
5233
5517
5226
5234
5518
5235
5519
5228
5236
5520
5229
5237
5521
5230
5238
5522
5231
5239
5523
5232
5240
5524
5233
5241
5525
5234
5242
5526
5235
5243
5527
5244
5528
5237
5245
5529
5238
5246
5530
5239
5247
5531
5240
5248
5532
5241
5249
5533
5242
5250
5534
5243
5251
5535
5244
5252
5536
5253
5537
5246
5254
5247
5255
5538
5248
5256
5539
5249
5257
5540
5250
5258
5541
5251
5259
5542
5252
5260
5543
5253
5261
5544
5545
5255
5262
5256
5263
5546
5257
5264
5547
5258
5265
5548
5259
5266
5549
5260
5267
5550
5261
5268
5551
5269
5552
5263
5270
5264
5271
5553
5265
5272
5554
5266
5273
5555
5267
5274
5556
5268
5275
5557
5269
5276
5558
5559
5271
5272
5277
5273
5278
5560
5274
5279
5561
5275
5280
5562
5276
5281
5563
5564
5278
5279
5280
5281
5565
5283
5288
5566
5284
5289
5567
5285
5290
5568
5291
5569
5287
5294
5288
5295
5571
5289
5296
5572
5290
5297
5573
5291
5298
5574
5292
5299
5575
5293
5300
5576
5301
5577
5295
5303
5296
5304
5578
5297
5305
5579
5298
5306
5580
5299
5307
5581
5300
5308
5582
5301
5309
5583
5302
5310
5584
5311
5304
5317
5305
5318
5585
5306
5319
5586
5307
5320
5587
5308
5321
5588
5309
5322
5589
5310
5323
5590
5311
5324
5591
5312
5325
5592
5326
5314
5315
5327
5316
5328
5329
5318
5331
5319
5332
5593
5320
5333
5594
5321
5334
5595
5322
5335
5596
5323
5336
5597
5324
5337
5598
5325
5338
5599
5326
5339
5600
5328
5329
5330
5340
5332
5341
5333
5342
5601
5334
5343
5602
5335
5344
5603
5336
5345
5604
5337
5346
5605
5338
5347
5606
5339
5348
5607
5608
5342
5343
5349
5344
5350
5609
5345
5351
5610
5346
5352
5611
5347
5353
5612
5348
5354
5613
5355
5614
5350
5356
5351
5357
5615
5352
5358
5616
5353
5359
5617
5354
5360
5618
5355
5361
5619
5357
5358
5362
5359
5363
5620
5360
5364
5621
5361
5365
5622
5363
5364
5623
5365
5624
5367
5371
5625
5368
5372
5626
5369
5373
5627
5370
5374
5628
5375
5629
5372
5377
5630
5373
5378
5631
5374
5379
5632
5375
5380
5633
5376
5381
5634
5382
5378
5384
5636
5379
5385
5637
5380
5386
5638
5381
5387
5639
5382
5388
5640
5389
5641
5384
5390
5642
5385
5391
5643
5386
5392
5644
5387
5393
5645
5388
5394
5646
5389
5395
5647
5396
5648
5391
5398
5650
5392
5399
5651
5393
5400
5652
5394
5401
5653
5395
5402
5654
5396
5403
5655
5404
5656
5398
5407
5658
5399
5408
5659
5400
5409
5660
5401
5410
5661
5402
5411
5662
5403
5412
5663
5404
5413
5664
5405
5414
5665
5415
5407
5417
5667
5408
5418
5668
5409
5419
5669
5410
5420
5670
5411
5421
5671
5412
5422
5672
5413
5423
5673
5414
5424
5674
5415
5425
5675
5426
5417
5427
5676
5418
5428
5677
5419
5429
5678
5420
5430
5679
5421
5431
5680
5422
5432
5681
5423
5433
5682
5424
5434
5683
5425
5435
5684
5426
5436
5428
5437
5686
5429
5438
5687
5430
5439
5688
5431
5440
5689
5432
5441
5690
5433
5442
5691
5434
5443
5692
5435
5444
5693
5436
5445
5694
5446
5438
5696
5439
5447
5697
5440
5448
5698
5441
5449
5699
5442
5450
5700
5443
5451
5701
5444
5452
5702
5445
5453
5703
5446
5454
5455
5448
5704
5449
5705
5450
5456
5706
5451
5457
5707
5452
5458
5708
5453
5459
5454
5460
5455
5461
5457
5458
5462
5459
5463
5460
5464
5461
5465
5466
5463
5468
5464
5469
5465
5470
5466
5471
5467
5472
5469
5474
5470
5475
5471
5476
5472
5477
5478
5474
5479
5709
5475
5480
5710
5476
5481
5711
5477
5482
5712
5478
5483
5713
5484
5480
5486
5715
5481
5487
5716
5482
5488
5717
5483
5489
5718
5484
5490
5719
5491
5720
5486
5494
5721
5487
5495
5722
5488
5496
5723
5489
5497
5724
5490
5498
5725
5491
5499
5726
5492
5500
5727
5501
5494
5502
5728
5495
5503
5729
5496
5504
5730
5497
5505
5731
5498
5506
5732
5499
5507
5733
5500
5508
5734
5501
5509
5735
5510
5736
5503
5511
5737
5504
5512
5738
5505
5513
5739
5506
5514
5740
5507
5515
5741
5508
5516
5742
5509
5517
5743
5510
5518
5744
5519
5745
5512
5520
5746
5513
5521
5747
5514
5522
5748
5515
5523
5749
5516
5524
5750
5517
5525
5751
5518
5526
5752
5519
5527
5753
5528
5754
5521
5529
5755
5522
5530
5756
5523
5531
5757
5524
5532
5758
5525
5533
5759
5526
5534
5760
5527
5535
5761
5528
5536
5762
5537
5763
5530
5764
5531
5538
5765
5532
5539
5766
5533
5540
5767
5534
5541
5768
5535
5542
5769
5536
5543
5770
5537
5544
5771
5545
5772
5539
5546
5773
5540
5547
5774
5541
5548
5775
5542
5549
5776
5543
5550
5777
5544
5551
5778
5545
5552
5779
5780
5547
5553
5781
5548
5554
5782
5549
5555
5783
5550
5556
5784
5551
5557
5785
5552
5558
5786
5559
5787
5554
5555
5560
5788
5556
5561
5789
5557
5562
5790
5558
5563
5791
5559
5564
5792
5793
5561
5562
5794
5563
5565
5795
5564
5796
5797
5567
5572
5568
5573
5569
5574
5798
5570
5575
5799
5576
5572
5578
5573
5579
5800
5574
5580
5801
5575
5581
5802
5576
5582
5803
5577
5583
5804
5584
5579
5585
5580
5586
5805
5581
5587
5806
5582
5588
5807
5583
5589
5808
5584
5590
5809
5591
5810
5586
5593
5587
5594
5811
5588
5595
5812
5589
5596
5813
5590
5597
5814
5591
5598
5815
5592
5599
5816
5600
5594
5601
5595
5602
5817
5596
5603
5818
5597
5604
5819
5598
5605
5820
5599
5606
5821
5600
5607
5822
5608
5602
5603
5609
5823
5604
5610
5824
5605
5611
5825
5606
5612
5826
5607
5613
5827
5608
5614
5828
5610
5615
5611
5616
5829
5612
5617
5830
5613
5618
5831
5614
5619
5832
5616
5617
5620
5833
5618
5621
5834
5619
5622
5835
5836
5621
5623
5622
5624
5837
5838
5624
5626
5630
5839
5627
5631
5840
5628
5632
5841
5629
5633
5842
5634
5631
5636
5843
5632
5637
5844
5633
5638
5845
5634
5639
5846
5640
5847
5636
5642
5848
5637
5643
5849
5638
5644
5850
5639
5645
5851
5640
5646
5852
5641
5647
5853
5648
5643
5650
5855
5644
5651
5856
5645
5652
5857
5646
5653
5858
5647
5654
5859
5648
5655
5860
5656
5650
5658
5861
5651
5659
5862
5652
5660
5863
5653
5661
5864
5654
5662
5865
5655
5663
5866
5656
5664
5867
5665
5658
5667
5868
5659
5668
5869
5660
5669
5870
5661
5670
5871
5662
5671
5872
5663
5672
5873
5664
5673
5874
5665
5674
5875
5675
5667
5676
5876
5668
5677
5877
5669
5678
5878
5670
5679
5879
5671
5680
5880
5672
5681
5881
5673
5682
5882
5674
5683
5883
5675
5684
5884
5677
5686
5885
5678
5687
5886
5679
5688
5887
5680
5689
5888
5681
5690
5889
5682
5691
5890
5683
5692
5891
5684
5693
5892
5694
5686
5695
5893
5687
5696
5894
5688
5697
5895
5689
5698
5896
5690
5699
5897
5691
5700
5898
5692
5701
5899
5693
5702
5694
5703
5696
5697
5900
5698
5704
5901
5699
5705
5902
5700
5706
5903
5701
5707
5702
5708
5703
5705
5706
5707
5708
5710
5715
5711
5716
5712
5717
5713
5718
5719
5715
5721
5716
5722
5904
5717
5723
5905
5718
5724
5906
5719
5725
5907
5720
5726
5727
5722
5729
5908
5723
5730
5909
5724
5731
5910
5725
5732
5911
5726
5733
5912
5727
5734
5913
5735
5729
5737
5914
5730
5738
5915
5731
5739
5916
5732
5740
5917
5733
5741
5918
5734
5742
5919
5735
5743
5920
5736
5744
5921
5745
5738
5746
5923
5739
5747
5924
5740
5748
5925
5741
5749
5926
5742
5750
5927
5743
5751
5928
5744
5752
5929
5745
5753
5930
5754
5747
5755
5931
5748
5756
5932
5749
5757
5933
5750
5758
5934
5751
5759
5935
5752
5760
5936
5753
5761
5937
5754
5762
5938
5763
5756
5764
5939
5757
5765
5940
5758
5766
5941
5759
5767
5942
5760
5768
5943
5761
5769
5944
5762
5770
5945
5763
5771
5946
5772
5765
5766
5773
5947
5767
5774
5948
5768
5775
5949
5769
5776
5950
5770
5777
5951
5771
5778
5952
5772
5779
5953
5780
5774
5781
5954
5775
5782
5955
5776
5783
5956
5777
5784
5957
5778
5785
5958
5779
5786
5959
5780
5787
5960
5782
5783
5788
5961
5784
5789
5962
5785
5790
5963
5786
5791
5964
5787
5792
5965
5793
5966
5789
5790
5794
5967
5791
5795
5968
5792
5796
5969
5793
5797
5970
5795
5796
5797
5799
5802
5803
5801
5805
5802
5806
5803
5807
5804
5808
5809
5806
5811
5807
5812
5808
5813
5971
5809
5814
5972
5810
5815
5816
5812
5817
5813
5818
5814
5819
5973
5815
5820
5974
5816
5821
5822
5818
5823
5819
5824
5975
5820
5825
5976
5821
5826
5977
5822
5827
5828
5824
5825
5829
5826
5830
5978
5827
5831
5979
5828
5832
5830
5833
5831
5834
5980
5832
5835
5981
5836
5834
5835
5837
5982
5836
5838
5983
5838
5840
5843
5984
5841
5844
5985
5842
5845
5986
5846
5987
5844
5849
5989
5845
5850
5990
5846
5851
5991
5847
5852
5992
5853
5849
5855
5993
5850
5856
5994
5851
5857
5995
5852
5858
5996
5853
5859
5997
5860
5998
5855
5861
5999
5856
5862
6000
5857
5863
6001
5858
5864
6002
5859
5865
6003
5860
5866
6004
5867
6005
5862
5869
6007
5863
5870
6008
5864
5871
6009
5865
5872
6010
5866
5873
6011
5867
5874
6012
5875
6013
5869
5877
6014
5870
5878
6015
5871
5879
6016
5872
5880
6017
5873
5881
6018
5874
5882
6019
5875
5883
6020
5884
6021
5877
5885
6022
5878
5886
6023
5879
5887
6024
5880
5888
6025
5881
5889
6026
5882
5890
6027
5883
5891
6028
5884
5892
6029
5886
5894
6031
5887
5895
6032
5888
5896
6033
5889
5897
6034
5890
5898
6035
5891
5899
6036
5892
6037
5894
5895
5900
6038
5896
5901
6039
5897
5902
6040
5898
5903
6041
5899
5901
5902
5903
5905
5909
5906
5910
5907
5911
5912
5909
5915
5910
5916
5911
5917
5912
5918
5913
5919
5920
5915
5923
5916
5924
6042
5917
5925
6043
5918
5926
6044
5919
5927
6045
5920
5928
6046
5921
5929
6047
5930
5923
5924
5931
6048
5925
5932
6049
5926
5933
6050
5927
5934
6051
5928
5935
6052
5929
5936
6053
5930
5937
6054
5938
5932
5939
6056
5933
5940
6057
5934
5941
6058
5935
5942
6059
5936
5943
6060
5937
5944
6061
5938
5945
6062
5946
6063
5940
6064
5941
5947
6065
5942
5948
6066
5943
5949
6067
5944
5950
6068
5945
5951
6069
5946
5952
6070
5953
5948
5954
6071
5949
5955
6072
5950
5956
6073
5951
5957
6074
5952
5958
6075
5953
5959
6076
5960
5955
5956
5961
6077
5957
5962
6078
5958
5963
6079
5959
5964
6080
5960
5965
6081
5966
5962
5963
5967
5964
5968
6082
5965
5969
6083
5966
5970
5968
5969
5970
5972
5973
5974
5974
5976
5977
5976
5977
5978
5979
5979
5980
5981
5981
5982
5983
5983
5985
5989
6084
5986
5990
6085
5987
5991
6086
5992
6087
5989
5993
6088
5990
5994
6089
5991
5995
6090
5992
5996
6091
5997
6092
5994
6000
6093
5995
6001
6094
5996
6002
6095
5997
6003
6096
5998
6004
6097
6005
6098
6000
6007
6099
6001
6008
6100
6002
6009
6101
6003
6010
6102
6004
6011
6103
6005
6012
6104
6013
6105
6007
6014
6106
6008
6015
6107
6009
6016
6108
6010
6017
6109
6011
6018
6110
6012
6019
6111
6013
6020
6112
6021
6015
6023
6114
6016
6024
6115
6017
6025
6116
6018
6026
6117
6019
6027
6118
6020
6028
6119
6021
6029
6120
6023
6031
6121
6024
6032
6122
6025
6033
6123
6026
6034
6124
6027
6035
6125
6028
6036
6126
6029
6037
6127
6031
6128
6032
6038
6129
6033
6039
6130
6034
6040
6131
6035
6041
6132
6036
6133
6037
6039
6040
6041
6043
6049
6044
6050
6045
6051
6046
6052
6047
6053
6054
6049
6056
6050
6057
6134
6051
6058
6135
6052
6059
6136
6053
6060
6137
6054
6061
6138
6062
6056
6057
6064
6058
6065
6139
6059
6066
6140
6060
6067
6141
6061
6068
6142
6062
6069
6143
6063
6070
6065
6066
6071
6144
6067
6072
6145
6068
6073
6146
6069
6074
6147
6070
6075
6148
6076
6072
6073
6077
6149
6074
6078
6150
6075
6079
6151
6076
6080
6081
6078
6079
6080
6082
6081
6083
6083
6085
6089
6155
6086
6090
6156
6087
6091
6157
6092
6158
6089
6093
6159
6090
6094
6160
6091
6095
6161
6092
6096
6162
6097
6163
6094
6100
6165
6095
6101
6166
6096
6102
6167
6097
6103
6168
6098
6104
6169
6105
6170
6100
6107
6172
6101
6108
6173
6102
6109
6174
6103
6110
6175
6104
6111
6176
6105
6112
6177
6107
6114
6179
6108
6115
6180
6109
6116
6181
6110
6117
6182
6111
6118
6183
6112
6119
6184
6120
6185
6114
6121
6186
6115
6122
6187
6116
6123
6188
6117
6124
6189
6118
6125
6190
6119
6126
6191
6120
6127
6192
6122
6129
6194
6123
6130
6195
6124
6131
6196
6125
6132
6197
6126
6133
6198
6127
6199
6129
6130
6200
6131
6201
6132
6133
6135
6139
6136
6140
6137
6141
6138
6142
6143
6140
6144
6141
6145
6142
6146
6143
6147
6148
6145
6146
6149
6147
6150
6148
6151
6150
6151
6153
6156
6203
6157
6204
6155
6159
6206
6156
6160
6207
6157
6161
6208
6158
6162
6209
6163
6210
6160
6165
6212
6161
6166
6213
6162
6167
6214
6163
6168
6215
6169
6216
6165
6172
6218
6166
6173
6219
6167
6174
6220
6168
6175
6221
6169
6176
6222
6170
6177
6223
6224
6172
6179
6225
6173
6180
6226
6174
6181
6227
6175
6182
6228
6176
6183
6229
6177
6184
6230
6185
6231
6179
6186
6232
6180
6187
6233
6181
6188
6234
6182
6189
6235
6183
6190
6236
6184
6191
6237
6185
6192
6238
6239
6187
6194
6241
6188
6195
6242
6189
6196
6243
6190
6197
6244
6191
6198
6245
6192
6199
6246
6247
6194
6249
6195
6200
6250
6196
6201
6251
6197
6198
6199
6201
6203
6207
6253
6204
6208
6254
6205
6209
6255
6210
6256
6207
6212
6257
6208
6213
6258
6209
6214
6259
6210
6215
6260
6216
6261
6212
6218
6262
6213
6219
6263
6214
6220
6264
6215
6221
6265
6216
6222
6266
6217
6223
6267
6224
6268
6219
6226
6270
6220
6227
6271
6221
6228
6272
6222
6229
6273
6223
6230
6274
6224
6231
6275
6226
6233
6277
6227
6234
6278
6228
6235
6279
6229
6236
6280
6230
6237
6281
6231
6238
6282
6239
6283
6233
6241
6285
6234
6242
6286
6235
6243
6287
6236
6244
6288
6237
6245
6289
6238
6246
6290
6239
6247
6291
6292
6241
6249
6294
6242
6250
6295
6243
6251
6296
6244
6297
6245
6298
6246
6299
6247
6249
6300
6250
6301
6251
6302
6303
6253
6257
6304
6254
6258
6305
6255
6259
6306
6256
6260
6307
6261
6308
6258
6263
6309
6259
6264
6310
6260
6265
6311
6261
6266
6312
6267
6313
6263
6270
6315
6264
6271
6316
6265
6272
6317
6266
6273
6318
6267
6274
6319
6268
6275
6320
6321
6270
6277
6322
6271
6278
6323
6272
6279
6324
6273
6280
6325
6274
6281
6326
6275
6282
6327
6283
6328
6277
6285
6329
6278
6286
6330
6279
6287
6331
6280
6288
6332
6281
6289
6333
6282
6290
6334
6283
6291
6335
6292
6336
6285
6294
6337
6286
6295
6338
6287
6296
6339
6288
6297
6340
6289
6298
6341
6290
6299
6342
6291
6343
6292
6344
6294
6300
6345
6295
6301
6346
6296
6302
6347
6297
6303
6348
6298
6349
6299
6301
6350
6302
6351
6303
6352
6305
6309
6306
6310
6353
6307
6311
6354
6308
6312
6355
6313
6310
6316
6356
6311
6317
6357
6312
6318
6358
6313
6319
6359
6314
6320
6360
6321
6316
6323
6361
6317
6324
6362
6318
6325
6363
6319
6326
6364
6320
6327
6365
6321
6328
6366
6323
6330
6367
6324
6331
6368
6325
6332
6369
6326
6333
6370
6327
6334
6371
6328
6335
6372
6336
6373
6330
6338
6331
6339
6374
6332
6340
6375
6333
6341
6376
6334
6342
6377
6335
6343
6378
6336
6344
6379
6338
6346
6339
6347
6380
6340
6348
6381
6341
6349
6382
6342
6383
6343
6384
6344
6346
6350
6347
6351
6385
6348
6352
6386
6349
6387
6351
6352
6354
6357
6355
6358
6359
6357
6362
6358
6363
6388
6359
6364
6389
6360
6365
6390
6366
6362
6368
6363
6369
6391
6364
6370
6392
6365
6371
6393
6366
6372
6394
6373
6395
6368
6374
6369
6375
6396
6370
6376
6397
6371
6377
6398
6372
6378
6399
6373
6379
6400
6401
6375
6381
6376
6382
6402
6377
6383
6403
6378
6384
6404
6379
6405
6406
6381
6386
6382
6387
6383
6384
6386
6387
6389
6392
6390
6393
6394
6392
6397
6393
6398
6407
6394
6399
6408
6395
6400
6409
6401
6397
6402
6398
6403
6399
6404
6410
6400
6405
6411
6401
6406
6412
6403
6404
6405
6406
6408
6410
6409
6411
6412
6411
6412
6413
)


// ************************************************************************* //
