/*--------------------------------*- C++ -*----------------------------------*\
  =========                 |
  \\      /  F ield         | OpenFOAM: The Open Source CFD Toolbox
   \\    /   O peration     | Website:  https://openfoam.org
    \\  /    A nd           | Version:  6
     \\/     M anipulation  |
\*---------------------------------------------------------------------------*/
FoamFile
{
    version     2.0;
    format      ascii;
    class       labelList;
    location    "constant/region6/polyMesh";
    object      pointRegionAddressing;
}
// * * * * * * * * * * * * * * * * * * * * * * * * * * * * * * * * * * * * * //


9563
(
832
833
834
894
895
896
897
898
899
959
960
961
962
963
964
965
1024
1025
1026
1027
1028
1029
1030
1031
1032
1033
1034
1089
1090
1091
1092
1093
1094
1095
1096
1097
1098
1099
1100
1155
1156
1157
1158
1159
1160
1161
1162
1163
1164
1165
1166
1220
1221
1222
1223
1224
1225
1226
1227
1228
1229
1230
1231
1286
1287
1288
1289
1290
1291
1292
1293
1294
1295
1352
1353
1354
1355
1356
1357
1358
1359
1360
1419
1420
1421
1422
1423
1424
1485
1486
1487
1488
1551
1552
1553
2903
2904
2905
2906
2907
2908
2966
2967
2968
2969
2970
2971
2972
2973
2974
3030
3031
3032
3033
3034
3035
3036
3037
3038
3039
3040
3095
3096
3097
3098
3099
3100
3101
3102
3103
3104
3105
3118
3119
3159
3160
3161
3162
3163
3164
3165
3166
3167
3168
3169
3170
3182
3183
3184
3224
3225
3226
3227
3228
3229
3230
3231
3232
3233
3234
3235
3247
3248
3249
3288
3289
3290
3291
3292
3293
3294
3295
3296
3297
3298
3299
3300
3301
3311
3312
3313
3314
3352
3353
3354
3355
3356
3357
3358
3359
3360
3361
3362
3363
3364
3365
3366
3376
3377
3378
3379
3415
3416
3417
3418
3419
3420
3421
3422
3423
3424
3425
3426
3427
3428
3429
3430
3431
3441
3442
3443
3444
3479
3480
3481
3482
3483
3484
3485
3486
3487
3488
3489
3490
3491
3492
3493
3494
3495
3506
3507
3508
3509
3543
3544
3545
3546
3547
3548
3549
3550
3551
3552
3553
3554
3555
3556
3557
3558
3559
3560
3571
3572
3573
3574
3608
3609
3610
3611
3612
3613
3614
3615
3616
3617
3618
3619
3620
3621
3622
3623
3624
3673
3674
3675
3676
3677
3678
3679
3680
3681
3682
3683
3684
3685
3686
3687
3738
3739
3740
3741
3742
3743
3744
3745
3805
3806
4146
4147
4148
4149
4150
4211
4212
4213
4214
4215
5057
5058
5059
5119
5120
5121
5122
5123
5124
5184
5185
5186
5187
5188
5189
5190
5249
5250
5251
5252
5253
5254
5255
5256
5257
5258
5259
5314
5315
5316
5317
5318
5319
5320
5321
5322
5323
5324
5325
5380
5381
5382
5383
5384
5385
5386
5387
5388
5389
5390
5391
5445
5446
5447
5448
5449
5450
5451
5452
5453
5454
5455
5456
5511
5512
5513
5514
5515
5516
5517
5518
5519
5520
5577
5578
5579
5580
5581
5582
5583
5584
5585
5644
5645
5646
5647
5648
5649
5710
5711
5712
5713
5776
5777
5778
5779
5780
5781
5842
5843
5844
5845
5846
5908
5909
5910
5911
5912
5974
5975
5976
5977
5978
6039
6040
6041
6042
6043
6044
6105
6106
6107
6108
6109
6172
6173
6174
6231
6232
6296
6297
7125
7126
7127
7128
7129
7130
7131
7132
7133
7134
7189
7190
7191
7192
7193
7194
7195
7196
7197
7198
7199
7254
7255
7256
7257
7258
7259
7260
7261
7262
7263
7264
7265
7319
7320
7321
7322
7323
7324
7325
7326
7327
7328
7329
7330
7342
7343
7344
7384
7385
7386
7387
7388
7389
7390
7391
7392
7393
7394
7395
7406
7407
7408
7409
7448
7449
7450
7451
7452
7453
7454
7455
7456
7457
7458
7459
7460
7471
7472
7473
7474
7513
7514
7515
7516
7517
7518
7519
7520
7521
7522
7523
7524
7525
7526
7535
7536
7537
7538
7539
7577
7578
7579
7580
7581
7582
7583
7584
7585
7586
7587
7588
7589
7590
7591
7600
7601
7602
7603
7604
7640
7641
7642
7643
7644
7645
7646
7647
7648
7649
7650
7651
7652
7653
7654
7655
7656
7665
7666
7667
7668
7669
7704
7705
7706
7707
7708
7709
7710
7711
7712
7713
7714
7715
7716
7717
7718
7719
7720
7730
7731
7732
7733
7734
7768
7769
7770
7771
7772
7773
7774
7775
7776
7777
7778
7779
7780
7781
7782
7783
7784
7785
7795
7796
7797
7798
7799
7833
7834
7835
7836
7837
7838
7839
7840
7841
7842
7843
7844
7845
7846
7847
7848
7849
7898
7899
7900
7901
7902
7903
7904
7905
7906
7907
7908
7909
7910
7911
7912
7913
7963
7964
7965
7966
7967
7968
7969
7970
8030
8031
8371
8372
8373
8374
8375
8436
8437
8438
8439
8440
9476
9477
9478
9479
9541
9542
9543
9544
9547
9548
9549
9606
9607
9608
9609
9612
9613
9614
9671
9672
9673
9674
9677
9678
9679
9742
9743
9744
9807
9808
9809
9871
9872
9873
9936
9937
9938
10002
10003
10004
10005
10006
10067
10068
10069
10070
10071
10072
10133
10134
10135
10136
10137
10138
10139
10198
10199
10200
10201
10202
10203
10204
10263
10264
10265
10266
10267
10268
10269
10325
10326
10327
10328
10329
10330
10331
10332
10333
10334
10389
10390
10391
10392
10393
10394
10395
10396
10397
10398
10399
10454
10455
10456
10457
10458
10459
10460
10461
10462
10463
10464
10518
10519
10520
10521
10522
10523
10524
10525
10526
10583
10584
10585
10586
10587
10588
10589
10648
10649
10650
10651
10652
10653
10654
10714
10715
10716
10717
10780
10781
11220
11221
11222
11223
11284
11285
11286
11287
11288
11289
11290
11291
11292
11293
11348
11349
11350
11351
11352
11353
11354
11355
11356
11357
11358
11359
11413
11414
11415
11416
11417
11418
11419
11420
11421
11422
11423
11424
11478
11479
11480
11481
11482
11483
11484
11485
11486
11487
11488
11489
11502
11503
11504
11543
11544
11545
11546
11547
11548
11549
11550
11551
11552
11553
11554
11555
11566
11567
11568
11569
11608
11609
11610
11611
11612
11613
11614
11615
11616
11617
11618
11619
11620
11630
11631
11632
11633
11634
11673
11674
11675
11676
11677
11678
11679
11680
11681
11682
11683
11684
11685
11695
11696
11697
11698
11699
11737
11738
11739
11740
11741
11742
11743
11744
11745
11746
11747
11748
11749
11750
11751
11759
11760
11761
11762
11763
11764
11802
11803
11804
11805
11806
11807
11808
11809
11810
11811
11812
11813
11814
11815
11816
11824
11825
11826
11827
11828
11829
11866
11867
11868
11869
11870
11871
11872
11873
11874
11875
11876
11877
11878
11879
11880
11881
11889
11890
11891
11892
11893
11894
11929
11930
11931
11932
11933
11934
11935
11936
11937
11938
11939
11940
11941
11942
11943
11944
11945
11954
11955
11956
11957
11958
11959
11993
11994
11995
11996
11997
11998
11999
12000
12001
12002
12003
12004
12005
12006
12007
12008
12009
12010
12020
12021
12022
12023
12024
12058
12059
12060
12061
12062
12063
12064
12065
12066
12067
12068
12069
12070
12071
12072
12073
12074
12075
12123
12124
12125
12126
12127
12128
12129
12130
12131
12132
12133
12136
12137
12138
12139
12140
12188
12189
12190
12191
12192
12193
12194
12595
12596
12597
12598
12599
12600
12660
12661
12662
12663
12664
12665
14228
14229
14230
14231
14232
14293
14294
14295
14296
14297
14298
14358
14359
14360
14361
14362
14363
14364
14423
14424
14425
14426
14427
14428
14429
14488
14489
14490
14491
14492
14493
14494
14550
14551
14552
14553
14554
14555
14556
14557
14558
14559
14613
14614
14615
14616
14617
14618
14619
14620
14621
14622
14623
14624
14677
14678
14679
14680
14681
14682
14683
14684
14685
14686
14687
14688
14689
14742
14743
14744
14745
14746
14747
14748
14749
14750
14751
14807
14808
14809
14810
14811
14812
14813
14814
14815
14872
14873
14874
14875
14876
14877
14878
14879
14937
14938
14939
14940
14941
14942
14943
15002
15003
15004
15005
15006
15007
15067
15068
15069
15070
15071
15133
15134
15135
15208
15209
15271
15272
15273
15274
15336
15337
15338
15339
15381
15382
15383
15384
15385
15386
15401
15402
15403
15404
15444
15445
15446
15447
15448
15449
15450
15451
15452
15467
15468
15469
15508
15509
15510
15511
15512
15513
15514
15515
15516
15517
15518
15519
15532
15533
15534
15573
15574
15575
15576
15577
15578
15579
15580
15581
15582
15583
15584
15597
15598
15599
15638
15639
15640
15641
15642
15643
15644
15645
15646
15647
15648
15649
15661
15662
15663
15664
15702
15703
15704
15705
15706
15707
15708
15709
15710
15711
15712
15713
15714
15726
15727
15728
15729
15767
15768
15769
15770
15771
15772
15773
15774
15775
15776
15777
15778
15779
15790
15791
15792
15793
15794
15832
15833
15834
15835
15836
15837
15838
15839
15840
15841
15842
15843
15844
15855
15856
15857
15858
15859
15898
15899
15900
15901
15902
15903
15904
15905
15906
15907
15908
15909
15910
15919
15920
15921
15922
15923
15924
15962
15963
15964
15965
15966
15967
15968
15969
15970
15971
15972
15973
15974
15975
15984
15985
15986
15987
15988
15989
16027
16028
16029
16030
16031
16032
16033
16034
16035
16036
16037
16038
16039
16040
16049
16050
16051
16052
16053
16054
16092
16093
16094
16095
16096
16097
16098
16099
16100
16101
16102
16103
16104
16105
16106
16114
16115
16116
16117
16118
16119
16157
16158
16159
16160
16161
16162
16163
16164
16165
16166
16167
16168
16169
16170
16171
16179
16180
16181
16182
16183
16184
16219
16220
16221
16222
16223
16224
16225
16226
16227
16228
16229
16230
16231
16232
16233
16234
16235
16236
16244
16245
16246
16247
16248
16249
16283
16284
16285
16286
16287
16288
16289
16290
16291
16292
16293
16294
16295
16296
16297
16298
16299
16300
16301
16312
16313
16348
16349
16350
16351
16352
16361
16362
16363
16364
16365
16366
16414
16415
16416
16417
16427
16428
16429
16430
16431
16493
16494
16495
16496
16820
16821
16822
16823
16824
16885
16886
16887
16888
16889
18453
18454
18455
18456
18457
18518
18519
18520
18521
18522
18523
18524
18583
18584
18585
18586
18587
18588
18589
18648
18649
18650
18651
18652
18653
18654
18712
18713
18714
18715
18716
18717
18718
18719
18775
18776
18777
18778
18779
18780
18781
18782
18783
18784
18838
18839
18840
18841
18842
18843
18844
18845
18846
18847
18848
18849
18902
18903
18904
18905
18906
18907
18908
18909
18910
18911
18912
18913
18914
18966
18967
18968
18969
18970
18971
18972
18973
18974
18975
18976
19031
19032
19033
19034
19035
19036
19037
19038
19039
19040
19041
19096
19097
19098
19099
19100
19101
19102
19103
19104
19108
19109
19161
19162
19163
19164
19165
19166
19167
19168
19172
19173
19174
19226
19227
19228
19229
19230
19231
19232
19237
19238
19239
19291
19292
19293
19294
19295
19296
19302
19303
19304
19356
19357
19358
19359
19360
19367
19368
19369
19421
19422
19423
19424
19431
19432
19433
19434
19487
19488
19496
19497
19498
19499
19543
19544
19545
19546
19561
19562
19563
19564
19605
19606
19607
19608
19609
19610
19611
19612
19626
19627
19628
19629
19669
19670
19671
19672
19673
19674
19675
19676
19677
19678
19679
19691
19692
19693
19694
19733
19734
19735
19736
19737
19738
19739
19740
19741
19742
19743
19744
19756
19757
19758
19759
19798
19799
19800
19801
19802
19803
19804
19805
19806
19807
19808
19809
19810
19821
19822
19823
19824
19862
19863
19864
19865
19866
19867
19868
19869
19870
19871
19872
19873
19874
19875
19886
19887
19888
19889
19927
19928
19929
19930
19931
19932
19933
19934
19935
19936
19937
19938
19939
19940
19951
19952
19953
19954
19992
19993
19994
19995
19996
19997
19998
19999
20000
20001
20002
20003
20015
20016
20017
20018
20019
20057
20058
20059
20060
20061
20062
20063
20064
20065
20066
20067
20080
20081
20082
20083
20084
20123
20124
20125
20126
20127
20128
20129
20130
20131
20132
20133
20134
20144
20145
20146
20147
20148
20149
20188
20189
20190
20191
20192
20193
20194
20195
20196
20197
20198
20199
20200
20209
20210
20211
20212
20213
20214
20253
20254
20255
20256
20257
20258
20259
20260
20261
20262
20263
20264
20265
20273
20274
20275
20276
20277
20278
20279
20318
20319
20320
20321
20322
20323
20324
20325
20326
20327
20328
20329
20330
20331
20338
20339
20340
20341
20342
20343
20344
20383
20384
20385
20386
20387
20388
20389
20390
20391
20392
20393
20394
20395
20396
20397
20403
20404
20405
20406
20407
20408
20409
20450
20451
20452
20453
20454
20455
20456
20457
20458
20459
20460
20461
20462
20469
20470
20471
20472
20473
20474
20518
20519
20520
20521
20522
20523
20524
20525
20526
20527
20528
20537
20538
20585
20586
20587
20588
20589
20590
20591
20592
20593
20651
20652
20653
20654
20655
20656
20657
20658
20716
20717
20718
20719
20720
20721
20722
20782
20783
20784
20785
20786
20848
20849
20850
20851
20913
20914
20915
20978
20979
20980
21043
21044
21045
21046
21047
21048
21108
21109
21110
21111
21112
21113
22745
22746
22747
22748
22749
22809
22810
22811
22812
22813
22814
22874
22875
22876
22877
22878
22879
22937
22938
22939
22940
22941
22942
22943
22944
22999
23000
23001
23002
23003
23004
23005
23006
23007
23008
23009
23063
23064
23065
23066
23067
23068
23069
23070
23071
23072
23073
23074
23127
23128
23129
23130
23131
23132
23133
23134
23135
23136
23137
23138
23191
23192
23193
23194
23195
23196
23197
23198
23199
23200
23201
23255
23256
23257
23258
23259
23260
23261
23262
23263
23264
23265
23266
23267
23268
23269
23320
23321
23322
23323
23324
23325
23326
23327
23328
23329
23330
23332
23333
23334
23385
23386
23387
23388
23389
23390
23391
23392
23393
23397
23398
23399
23450
23451
23452
23453
23454
23455
23456
23457
23462
23463
23464
23515
23516
23517
23518
23519
23520
23521
23527
23528
23529
23580
23581
23582
23583
23584
23585
23591
23592
23593
23594
23644
23645
23646
23647
23648
23649
23650
23656
23657
23658
23659
23709
23710
23711
23712
23713
23714
23720
23721
23722
23723
23724
23767
23768
23769
23770
23771
23772
23773
23774
23775
23776
23777
23778
23785
23786
23787
23788
23789
23830
23831
23832
23833
23834
23835
23836
23837
23838
23839
23840
23841
23842
23850
23851
23852
23853
23854
23894
23895
23896
23897
23898
23899
23900
23901
23902
23903
23904
23905
23906
23916
23917
23918
23919
23958
23959
23960
23961
23962
23963
23964
23965
23966
23967
23968
23969
23970
23981
23982
23983
23984
24023
24024
24025
24026
24027
24028
24029
24030
24031
24032
24033
24034
24035
24046
24047
24048
24049
24087
24088
24089
24090
24091
24092
24093
24094
24095
24096
24097
24098
24099
24100
24111
24112
24113
24114
24152
24153
24154
24155
24156
24157
24158
24159
24160
24161
24162
24163
24164
24165
24175
24176
24177
24178
24179
24217
24218
24219
24220
24221
24222
24223
24224
24225
24226
24227
24228
24240
24241
24242
24243
24244
24283
24284
24285
24286
24287
24288
24289
24290
24291
24304
24305
24306
24307
24308
24309
24348
24349
24350
24351
24352
24353
24354
24355
24356
24357
24369
24370
24371
24372
24373
24374
24413
24414
24415
24416
24417
24418
24419
24420
24421
24422
24423
24424
24433
24434
24435
24436
24437
24438
24439
24478
24479
24480
24481
24482
24483
24484
24485
24486
24487
24488
24489
24490
24491
24498
24499
24500
24501
24502
24503
24504
24543
24544
24545
24546
24547
24548
24549
24550
24551
24552
24553
24554
24555
24556
24557
24563
24564
24565
24566
24567
24568
24569
24610
24611
24612
24613
24614
24615
24616
24617
24618
24619
24620
24621
24622
24628
24629
24630
24631
24632
24633
24634
24678
24679
24680
24681
24682
24683
24684
24685
24686
24687
24688
24694
24695
24696
24697
24698
24699
24745
24746
24747
24748
24749
24750
24751
24752
24753
24810
24811
24812
24813
24814
24815
24816
24817
24818
24819
24875
24876
24877
24878
24879
24880
24881
24882
24883
24884
24940
24941
24942
24943
24944
24945
24946
24947
24948
25005
25006
25007
25008
25009
25010
25011
25012
25013
25071
25072
25073
25074
25075
25076
25077
25136
25137
25138
25139
25140
25141
25142
25202
25203
25204
25205
25206
25267
25268
25269
25270
25271
25333
25334
25335
25336
27224
27225
27226
27227
27228
27229
27233
27234
27288
27289
27290
27291
27292
27293
27294
27295
27298
27299
27352
27353
27354
27355
27356
27357
27358
27359
27360
27361
27416
27417
27418
27419
27420
27421
27422
27423
27424
27425
27426
27479
27480
27481
27482
27483
27484
27485
27486
27487
27488
27489
27490
27491
27492
27493
27494
27544
27545
27546
27547
27548
27549
27550
27551
27552
27553
27554
27555
27557
27558
27559
27609
27610
27611
27612
27613
27614
27615
27616
27617
27618
27622
27623
27624
27674
27675
27676
27677
27678
27679
27680
27681
27687
27688
27689
27739
27740
27741
27742
27743
27744
27745
27751
27752
27753
27754
27804
27805
27806
27807
27808
27809
27810
27816
27817
27818
27819
27868
27869
27870
27871
27872
27873
27874
27875
27881
27882
27883
27884
27932
27933
27934
27935
27936
27937
27938
27939
27940
27945
27946
27947
27948
27949
27992
27993
27994
27995
27996
27997
27998
27999
28000
28001
28002
28003
28004
28005
28010
28011
28012
28013
28014
28054
28055
28056
28057
28058
28059
28060
28061
28062
28063
28064
28065
28066
28067
28068
28069
28075
28076
28077
28078
28079
28119
28120
28121
28122
28123
28124
28125
28126
28127
28128
28129
28130
28131
28132
28133
28141
28142
28143
28144
28183
28184
28185
28186
28187
28188
28189
28190
28191
28192
28193
28194
28195
28196
28206
28207
28208
28209
28248
28249
28250
28251
28252
28253
28254
28255
28256
28257
28258
28259
28260
28261
28271
28272
28273
28274
28312
28313
28314
28315
28316
28317
28318
28319
28320
28321
28322
28323
28324
28325
28326
28336
28337
28338
28339
28377
28378
28379
28380
28381
28382
28383
28384
28385
28386
28387
28388
28389
28390
28400
28401
28402
28403
28404
28443
28444
28445
28446
28447
28448
28449
28450
28451
28452
28453
28465
28466
28467
28468
28469
28509
28510
28511
28512
28513
28514
28515
28516
28529
28530
28531
28532
28533
28534
28574
28575
28576
28577
28578
28579
28580
28581
28594
28595
28596
28597
28598
28599
28639
28640
28641
28642
28643
28644
28645
28646
28647
28648
28658
28659
28660
28661
28662
28663
28664
28705
28706
28707
28708
28709
28710
28711
28712
28713
28714
28715
28716
28717
28723
28724
28725
28726
28727
28728
28729
28772
28773
28774
28775
28776
28777
28778
28779
28780
28781
28782
28788
28789
28790
28791
28792
28793
28794
28838
28839
28840
28841
28842
28843
28844
28845
28846
28847
28848
28853
28854
28855
28856
28857
28858
28859
28905
28906
28907
28908
28909
28910
28911
28912
28913
28914
28919
28920
28921
28922
28923
28924
28970
28971
28972
28973
28974
28975
28976
28977
28978
28979
29034
29035
29036
29037
29038
29039
29040
29041
29042
29043
29044
29099
29100
29101
29102
29103
29104
29105
29106
29107
29108
29109
29164
29165
29166
29167
29168
29169
29170
29171
29172
29173
29174
29229
29230
29231
29232
29233
29234
29235
29236
29237
29238
29295
29296
29297
29298
29299
29300
29301
29302
29303
29360
29361
29362
29363
29364
29365
29366
29367
29368
29426
29427
29428
29429
29430
29431
29432
29433
29492
29493
29494
29495
29496
29497
29558
29559
29560
29561
31449
31450
31451
31452
31453
31513
31514
31515
31516
31517
31518
31519
31577
31578
31579
31580
31581
31582
31583
31584
31585
31640
31641
31642
31643
31644
31645
31646
31647
31648
31649
31650
31651
31704
31705
31706
31707
31708
31709
31710
31711
31712
31713
31714
31715
31716
31718
31719
31769
31770
31771
31772
31773
31774
31775
31776
31777
31778
31779
31780
31783
31784
31833
31834
31835
31836
31837
31838
31839
31840
31841
31842
31847
31848
31849
31898
31899
31900
31901
31902
31903
31904
31905
31912
31913
31914
31963
31964
31965
31966
31967
31968
31969
31970
31976
31977
31978
31979
32028
32029
32030
32031
32032
32033
32034
32035
32041
32042
32043
32044
32092
32093
32094
32095
32096
32097
32098
32099
32100
32101
32106
32107
32108
32109
32156
32157
32158
32159
32160
32161
32162
32163
32164
32165
32166
32171
32172
32173
32174
32216
32217
32218
32219
32220
32221
32222
32223
32224
32225
32226
32227
32228
32229
32230
32231
32236
32237
32238
32239
32279
32280
32281
32282
32283
32284
32285
32286
32287
32288
32289
32290
32291
32292
32293
32294
32295
32301
32302
32303
32304
32344
32345
32346
32347
32348
32349
32350
32351
32352
32353
32354
32355
32356
32357
32358
32359
32366
32367
32368
32369
32408
32409
32410
32411
32412
32413
32414
32415
32416
32417
32418
32419
32420
32421
32422
32431
32432
32433
32434
32473
32474
32475
32476
32477
32478
32479
32480
32481
32482
32483
32484
32485
32486
32495
32496
32497
32498
32499
32538
32539
32540
32541
32542
32543
32544
32545
32546
32547
32548
32549
32550
32551
32560
32561
32562
32563
32564
32603
32604
32605
32606
32607
32608
32609
32610
32611
32612
32613
32614
32615
32616
32625
32626
32627
32628
32629
32668
32669
32670
32671
32672
32673
32674
32675
32676
32677
32678
32679
32689
32690
32691
32692
32693
32694
32735
32736
32737
32738
32739
32740
32741
32754
32755
32756
32757
32758
32759
32802
32803
32804
32805
32818
32819
32820
32821
32822
32823
32824
32868
32869
32870
32883
32884
32885
32886
32887
32888
32889
32933
32934
32936
32937
32938
32939
32940
32941
32942
32947
32948
32949
32950
32951
32952
32953
32954
33001
33002
33003
33004
33005
33006
33007
33008
33012
33013
33014
33015
33016
33017
33018
33019
33066
33067
33068
33069
33070
33071
33072
33073
33078
33079
33080
33081
33082
33083
33084
33130
33131
33132
33133
33134
33135
33136
33137
33138
33139
33143
33144
33145
33146
33147
33148
33149
33194
33195
33196
33197
33198
33199
33200
33201
33202
33203
33204
33259
33260
33261
33262
33263
33264
33265
33266
33267
33268
33269
33270
33324
33325
33326
33327
33328
33329
33330
33331
33332
33333
33334
33335
33389
33390
33391
33392
33393
33394
33395
33396
33397
33398
33399
33400
33454
33455
33456
33457
33458
33459
33460
33461
33462
33463
33464
33519
33520
33521
33522
33523
33524
33525
33526
33527
33528
33529
33584
33585
33586
33587
33588
33589
33590
33591
33592
33593
33594
33650
33651
33652
33653
33654
33655
33656
33657
33658
33716
33717
33718
33719
33720
33721
33722
33783
33784
33785
33786
35674
35675
35676
35677
35678
35738
35739
35740
35741
35742
35743
35744
35802
35803
35804
35805
35806
35807
35808
35809
35810
35865
35866
35867
35868
35869
35870
35871
35872
35873
35874
35875
35929
35930
35931
35932
35933
35934
35935
35936
35937
35938
35939
35940
35994
35995
35996
35997
35998
35999
36000
36001
36002
36003
36004
36008
36009
36058
36059
36060
36061
36062
36063
36064
36065
36066
36073
36074
36123
36124
36125
36126
36127
36128
36129
36130
36137
36138
36139
36187
36188
36189
36190
36191
36192
36193
36194
36195
36196
36202
36203
36204
36252
36253
36254
36255
36256
36257
36258
36259
36260
36261
36267
36268
36269
36317
36318
36319
36320
36321
36322
36323
36324
36325
36326
36331
36332
36333
36334
36381
36382
36383
36384
36385
36386
36387
36388
36389
36390
36391
36396
36397
36398
36399
36441
36442
36443
36444
36445
36446
36447
36448
36449
36450
36451
36452
36453
36454
36455
36456
36461
36462
36463
36464
36505
36506
36507
36508
36509
36510
36511
36512
36513
36514
36515
36516
36517
36518
36519
36520
36521
36526
36527
36528
36529
36569
36570
36571
36572
36573
36574
36575
36576
36577
36578
36579
36580
36581
36582
36583
36584
36585
36591
36592
36593
36594
36633
36634
36635
36636
36637
36638
36639
36640
36641
36642
36643
36644
36645
36646
36647
36648
36656
36657
36658
36659
36698
36699
36700
36701
36702
36703
36704
36705
36706
36707
36708
36709
36710
36711
36712
36720
36721
36722
36723
36724
36763
36764
36765
36766
36767
36768
36769
36770
36771
36772
36773
36774
36775
36776
36785
36786
36787
36788
36789
36828
36829
36830
36831
36832
36833
36834
36835
36836
36837
36838
36839
36840
36841
36850
36851
36852
36853
36854
36894
36895
36896
36897
36898
36899
36900
36901
36902
36903
36904
36914
36915
36916
36917
36918
36919
36961
36962
36963
36964
36965
36966
36979
36980
36981
36982
36983
36984
37043
37044
37045
37046
37047
37048
37049
37108
37109
37110
37111
37112
37113
37114
37163
37164
37165
37166
37167
37172
37173
37174
37175
37176
37177
37178
37179
37227
37228
37229
37230
37231
37232
37233
37237
37238
37239
37240
37241
37242
37243
37244
37291
37292
37293
37294
37295
37296
37297
37298
37299
37302
37303
37304
37305
37306
37307
37308
37309
37355
37356
37357
37358
37359
37360
37361
37362
37363
37364
37365
37367
37368
37369
37370
37371
37372
37373
37374
37419
37420
37421
37422
37423
37424
37425
37426
37427
37428
37429
37430
37484
37485
37486
37487
37488
37489
37490
37491
37492
37493
37494
37495
37548
37549
37550
37551
37552
37553
37554
37555
37556
37557
37558
37559
37560
37613
37614
37615
37616
37617
37618
37619
37620
37621
37622
37623
37624
37625
37678
37679
37680
37681
37682
37683
37684
37685
37686
37687
37688
37689
37690
37743
37744
37745
37746
37747
37748
37749
37750
37751
37752
37753
37754
37755
37809
37810
37811
37812
37813
37814
37815
37816
37817
37818
37819
37875
37876
37877
37878
37879
37880
37881
37882
37883
37884
37941
37942
37943
37944
37945
37946
37947
37948
39899
39900
39901
39902
39963
39964
39965
39966
39967
39968
39969
40027
40028
40029
40030
40031
40032
40033
40034
40091
40092
40093
40094
40095
40096
40097
40098
40099
40155
40156
40157
40158
40159
40160
40161
40162
40163
40164
40219
40220
40221
40222
40223
40224
40225
40226
40227
40228
40283
40284
40285
40286
40287
40288
40289
40290
40347
40348
40349
40350
40351
40352
40353
40354
40355
40363
40364
40412
40413
40414
40415
40416
40417
40418
40419
40420
40421
40428
40429
40477
40478
40479
40480
40481
40482
40483
40484
40485
40486
40493
40494
40542
40543
40544
40545
40546
40547
40548
40549
40550
40551
40557
40558
40559
40607
40608
40609
40610
40611
40612
40613
40614
40615
40616
40622
40623
40624
40667
40668
40669
40670
40671
40672
40673
40674
40675
40676
40677
40678
40679
40680
40681
40686
40687
40688
40689
40730
40731
40732
40733
40734
40735
40736
40737
40738
40739
40740
40741
40742
40743
40744
40745
40746
40751
40752
40753
40754
40794
40795
40796
40797
40798
40799
40800
40801
40802
40803
40804
40805
40806
40807
40808
40809
40810
40811
40816
40817
40818
40819
40859
40860
40861
40862
40863
40864
40865
40866
40867
40868
40869
40870
40871
40872
40873
40881
40882
40883
40884
40924
40925
40926
40927
40928
40929
40930
40931
40932
40933
40934
40935
40936
40937
40945
40946
40947
40948
40949
40989
40990
40991
40992
40993
40994
40995
40996
40997
40998
40999
41000
41001
41010
41011
41012
41013
41014
41054
41055
41056
41057
41058
41059
41060
41061
41062
41063
41064
41065
41066
41075
41076
41077
41078
41079
41120
41121
41122
41123
41124
41125
41126
41127
41128
41129
41139
41140
41141
41142
41143
41144
41188
41189
41190
41191
41204
41205
41206
41207
41208
41209
41268
41269
41270
41271
41272
41273
41274
41333
41334
41335
41336
41337
41338
41339
41389
41390
41391
41392
41393
41394
41397
41398
41399
41400
41401
41402
41403
41404
41453
41454
41455
41456
41457
41458
41459
41460
41461
41462
41463
41464
41465
41466
41467
41468
41469
41516
41517
41518
41519
41520
41521
41522
41523
41524
41525
41526
41527
41528
41529
41530
41531
41532
41533
41534
41580
41581
41582
41583
41584
41585
41586
41587
41588
41589
41590
41591
41592
41593
41594
41595
41596
41597
41598
41599
41644
41645
41646
41647
41648
41649
41650
41651
41652
41653
41654
41655
41656
41657
41658
41708
41709
41710
41711
41712
41713
41714
41715
41716
41717
41718
41719
41720
41721
41722
41773
41774
41775
41776
41777
41778
41779
41780
41781
41782
41783
41784
41785
41786
41838
41839
41840
41841
41842
41843
41844
41845
41846
41847
41848
41849
41850
41851
41903
41904
41905
41906
41907
41908
41909
41910
41911
41912
41913
41914
41915
41916
41968
41969
41970
41971
41972
41973
41974
41975
41976
41977
41978
41979
41980
42034
42035
42036
42037
42038
42039
42040
42041
42042
42043
42044
42045
42100
42101
42102
42103
42104
42105
42106
42107
42108
42109
42166
42167
42168
42169
42170
42171
42172
42173
43599
43600
43601
43664
43665
43666
43667
43668
43729
43730
43731
43732
43733
43734
43795
43796
43797
43798
43799
43800
43861
43862
43863
43864
43865
43928
43929
43930
44125
44126
44127
44189
44190
44191
44192
44193
44252
44253
44254
44255
44256
44257
44258
44259
44316
44317
44318
44319
44320
44321
44322
44323
44324
44380
44381
44382
44383
44384
44385
44386
44387
44388
44389
44444
44445
44446
44447
44448
44449
44450
44451
44508
44509
44510
44511
44512
44513
44514
44515
44572
44573
44574
44575
44576
44577
44578
44579
44580
44637
44638
44639
44640
44641
44642
44643
44644
44645
44646
44702
44703
44704
44705
44706
44707
44708
44709
44710
44711
44718
44719
44767
44768
44769
44770
44771
44772
44773
44774
44775
44776
44783
44784
44832
44833
44834
44835
44836
44837
44838
44839
44840
44841
44842
44847
44848
44849
44897
44898
44899
44900
44901
44902
44903
44904
44905
44906
44907
44912
44913
44914
44961
44962
44963
44964
44965
44966
44967
44968
44969
44970
44971
44977
44978
44979
45020
45021
45022
45023
45024
45025
45026
45027
45028
45029
45030
45031
45032
45033
45034
45035
45036
45041
45042
45043
45044
45085
45086
45087
45088
45089
45090
45091
45092
45093
45094
45095
45096
45097
45098
45099
45106
45107
45108
45109
45150
45151
45152
45153
45154
45155
45156
45157
45158
45159
45160
45161
45171
45172
45173
45174
45215
45216
45217
45218
45219
45220
45221
45222
45223
45224
45225
45226
45235
45236
45237
45238
45239
45280
45281
45282
45283
45284
45285
45286
45287
45288
45289
45290
45291
45300
45301
45302
45303
45304
45347
45348
45349
45350
45351
45352
45353
45364
45365
45366
45367
45368
45369
45422
45423
45424
45428
45429
45430
45431
45432
45433
45434
45487
45488
45489
45490
45492
45493
45494
45495
45496
45497
45498
45499
45553
45554
45555
45556
45557
45558
45559
45560
45561
45562
45563
45564
45615
45616
45617
45618
45619
45620
45621
45622
45623
45624
45625
45626
45627
45628
45629
45679
45680
45681
45682
45683
45684
45685
45686
45687
45688
45689
45690
45691
45692
45693
45694
45742
45743
45744
45745
45746
45747
45748
45749
45750
45751
45752
45753
45754
45755
45756
45757
45758
45759
45806
45807
45808
45809
45810
45811
45812
45813
45814
45815
45816
45817
45818
45819
45820
45821
45822
45869
45870
45871
45872
45873
45874
45875
45876
45877
45878
45879
45880
45881
45882
45883
45933
45934
45935
45936
45937
45938
45939
45940
45941
45942
45943
45944
45945
45946
45947
45998
45999
46000
46001
46002
46003
46004
46005
46006
46007
46008
46009
46010
46011
46012
46063
46064
46065
46066
46067
46068
46069
46070
46071
46072
46073
46074
46075
46076
46077
46128
46129
46130
46131
46132
46133
46134
46135
46136
46137
46138
46139
46140
46141
46193
46194
46195
46196
46197
46198
46199
46200
46201
46202
46203
46204
46205
46206
46259
46260
46261
46262
46263
46264
46265
46266
46267
46268
46269
46270
46325
46326
46327
46328
46329
46330
46331
46332
46333
46334
47759
47760
47823
47824
47825
47826
47827
47888
47889
47890
47891
47892
47893
47953
47954
47955
47956
47957
47958
47959
48018
48019
48020
48021
48022
48023
48024
48025
48084
48085
48086
48087
48088
48089
48090
48091
48151
48152
48153
48154
48155
48156
48218
48219
48220
48221
48350
48351
48352
48413
48414
48415
48416
48417
48418
48477
48478
48479
48480
48481
48482
48483
48541
48542
48543
48544
48545
48546
48547
48548
48605
48606
48607
48608
48609
48610
48611
48612
48669
48670
48671
48672
48673
48674
48675
48733
48734
48735
48736
48737
48738
48739
48740
48797
48798
48799
48800
48801
48802
48803
48804
48805
48861
48862
48863
48864
48865
48866
48867
48868
48869
48870
48871
48926
48927
48928
48929
48930
48931
48932
48933
48934
48935
48936
48992
48993
48994
48995
48996
48997
48998
48999
49000
49001
49057
49058
49059
49060
49061
49062
49063
49064
49065
49066
49067
49073
49074
49123
49124
49125
49126
49127
49128
49129
49130
49131
49132
49138
49139
49190
49191
49192
49193
49194
49195
49196
49202
49203
49204
49256
49257
49258
49259
49260
49261
49267
49268
49269
49322
49323
49324
49325
49326
49331
49332
49333
49334
49378
49379
49380
49381
49382
49383
49384
49385
49396
49397
49398
49399
49443
49444
49445
49446
49447
49448
49449
49450
49454
49455
49460
49461
49462
49463
49464
49513
49514
49515
49516
49517
49518
49519
49520
49521
49525
49526
49527
49528
49529
49580
49581
49582
49583
49584
49585
49586
49587
49588
49589
49590
49591
49592
49593
49594
49645
49646
49647
49648
49649
49650
49651
49652
49653
49654
49655
49656
49657
49658
49659
49711
49712
49713
49714
49715
49716
49717
49718
49719
49720
49721
49722
49723
49724
49776
49777
49778
49779
49780
49781
49782
49783
49784
49785
49786
49787
49788
49789
49842
49843
49844
49845
49846
49847
49848
49849
49850
49851
49852
49853
49854
49905
49906
49907
49908
49909
49910
49911
49912
49913
49914
49915
49916
49917
49918
49919
49968
49969
49970
49971
49972
49973
49974
49975
49976
49977
49978
49979
49980
49981
49982
49983
50031
50032
50033
50034
50035
50036
50037
50038
50039
50040
50041
50042
50043
50044
50045
50095
50096
50097
50098
50099
50100
50101
50102
50103
50104
50105
50106
50107
50108
50159
50160
50161
50162
50163
50164
50165
50166
50167
50168
50169
50170
50171
50172
50173
50223
50224
50225
50226
50227
50228
50229
50230
50231
50232
50233
50234
50235
50236
50237
50238
50288
50289
50290
50291
50292
50293
50294
50295
50296
50297
50298
50299
50300
50301
50302
50353
50354
50355
50356
50357
50358
50359
50360
50361
50362
50363
50364
50365
50366
50367
50418
50419
50420
50421
50422
50423
50424
50425
50426
50427
50428
50429
50430
50431
50484
50485
50486
50487
50488
50489
50490
50491
50492
50493
50494
50495
50552
50553
50554
50555
50556
50557
50558
51984
51985
52047
52048
52049
52050
52051
52052
52111
52112
52113
52114
52115
52116
52117
52118
52176
52177
52178
52179
52180
52181
52182
52183
52184
52229
52230
52231
52232
52241
52242
52243
52244
52245
52246
52247
52248
52249
52250
52293
52294
52295
52296
52297
52298
52299
52308
52309
52310
52311
52312
52313
52314
52315
52316
52358
52359
52360
52361
52362
52363
52364
52374
52375
52376
52377
52378
52379
52380
52381
52423
52424
52425
52426
52427
52428
52429
52441
52442
52443
52444
52445
52446
52489
52490
52491
52492
52493
52508
52509
52510
52511
52574
52575
52576
52577
52638
52639
52640
52641
52642
52643
52702
52703
52704
52705
52706
52707
52708
52766
52767
52768
52769
52770
52771
52772
52773
52831
52832
52833
52834
52835
52836
52837
52894
52895
52896
52897
52898
52899
52900
52958
52959
52960
52961
52962
52963
52964
52965
53022
53023
53024
53025
53026
53027
53028
53029
53030
53086
53087
53088
53089
53090
53091
53092
53093
53094
53095
53096
53151
53152
53153
53154
53155
53156
53157
53158
53159
53160
53161
53217
53218
53219
53220
53221
53222
53223
53224
53225
53226
53282
53283
53284
53285
53286
53287
53288
53289
53290
53291
53292
53348
53349
53350
53351
53352
53353
53354
53355
53356
53357
53363
53364
53415
53416
53417
53418
53419
53420
53421
53428
53429
53481
53482
53483
53484
53485
53486
53492
53493
53494
53548
53549
53550
53551
53557
53558
53559
53614
53615
53616
53617
53621
53622
53623
53624
53677
53678
53679
53680
53681
53682
53683
53686
53687
53688
53689
53741
53742
53743
53744
53745
53746
53747
53748
53750
53751
53752
53753
53754
53805
53806
53807
53808
53809
53810
53811
53812
53813
53814
53815
53816
53817
53818
53819
53870
53871
53872
53873
53874
53875
53876
53877
53878
53879
53880
53881
53882
53883
53884
53936
53937
53938
53939
53940
53941
53942
53943
53944
53945
53946
53947
54001
54002
54003
54004
54005
54006
54007
54008
54009
54010
54011
54012
54066
54067
54068
54069
54070
54071
54072
54073
54074
54075
54130
54131
54132
54133
54134
54135
54136
54137
54138
54139
54140
54193
54194
54195
54196
54197
54198
54199
54200
54201
54202
54203
54204
54256
54257
54258
54259
54260
54261
54262
54263
54264
54265
54266
54267
54268
54269
54320
54321
54322
54323
54324
54325
54326
54327
54328
54329
54330
54331
54332
54333
54334
54384
54385
54386
54387
54388
54389
54390
54391
54392
54393
54394
54395
54396
54397
54398
54448
54449
54450
54451
54452
54453
54454
54455
54456
54457
54458
54459
54460
54461
54462
54463
54513
54514
54515
54516
54517
54518
54519
54520
54521
54522
54523
54524
54525
54526
54527
54578
54579
54580
54581
54582
54583
54584
54585
54586
54587
54588
54589
54590
54591
54592
54643
54644
54645
54646
54647
54648
54649
54650
54651
54652
54653
54654
54655
54656
54710
54711
54712
54713
54714
54715
54716
54717
54718
54719
54720
56207
56208
56209
56210
56211
56271
56272
56273
56274
56275
56276
56277
56335
56336
56337
56338
56339
56340
56341
56342
56343
56389
56390
56391
56392
56393
56400
56401
56402
56403
56404
56405
56406
56407
56408
56409
56453
56454
56455
56456
56457
56458
56459
56460
56461
56465
56466
56467
56468
56469
56470
56471
56472
56473
56474
56475
56518
56519
56520
56521
56522
56523
56524
56525
56526
56531
56532
56533
56534
56535
56536
56537
56538
56539
56540
56541
56583
56584
56585
56586
56587
56588
56589
56590
56591
56597
56598
56599
56600
56601
56602
56603
56604
56605
56606
56648
56649
56650
56651
56652
56653
56654
56655
56656
56665
56666
56667
56668
56669
56670
56671
56713
56714
56715
56716
56717
56718
56719
56720
56732
56733
56734
56735
56736
56778
56779
56780
56781
56782
56783
56784
56799
56800
56801
56802
56863
56864
56865
56866
56867
56927
56928
56929
56930
56931
56932
56992
56993
56994
56995
56996
56997
57056
57057
57058
57059
57060
57061
57119
57120
57121
57122
57123
57124
57183
57184
57185
57186
57187
57188
57189
57247
57248
57249
57250
57251
57252
57253
57254
57255
57312
57313
57314
57315
57316
57317
57318
57319
57320
57377
57378
57379
57380
57381
57382
57383
57384
57385
57386
57442
57443
57444
57445
57446
57447
57448
57449
57450
57451
57507
57508
57509
57510
57511
57512
57513
57514
57515
57516
57574
57575
57576
57577
57578
57579
57580
57581
57640
57641
57642
57643
57644
57645
57646
57706
57707
57708
57709
57710
57711
57718
57719
57773
57774
57775
57776
57783
57784
57838
57839
57840
57841
57842
57848
57849
57902
57903
57904
57905
57906
57907
57908
57913
57914
57966
57967
57968
57969
57970
57971
57972
57973
57974
57978
57979
58030
58031
58032
58033
58034
58035
58036
58037
58038
58039
58095
58096
58097
58098
58099
58100
58101
58102
58103
58104
58161
58162
58163
58164
58165
58166
58167
58168
58169
58226
58227
58228
58229
58230
58231
58232
58233
58234
58291
58292
58293
58294
58295
58296
58297
58298
58299
58355
58356
58357
58358
58359
58360
58361
58362
58363
58364
58418
58419
58420
58421
58422
58423
58424
58425
58426
58427
58428
58429
58482
58483
58484
58485
58486
58487
58488
58489
58490
58491
58492
58493
58494
58546
58547
58548
58549
58550
58551
58552
58553
58554
58555
58556
58557
58558
58559
58610
58611
58612
58613
58614
58615
58616
58617
58618
58619
58620
58621
58622
58623
58674
58675
58676
58677
58678
58679
58680
58681
58682
58683
58684
58685
58686
58687
58688
58739
58740
58741
58742
58743
58744
58745
58746
58747
58748
58749
58750
58751
58752
58804
58805
58806
58807
58808
58809
58810
58811
58812
58813
58814
58815
58816
58817
58869
58870
58871
58872
58873
58874
58875
58876
58877
58878
58879
58880
58881
60432
60433
60434
60435
60436
60496
60497
60498
60499
60500
60501
60502
60548
60549
60550
60551
60552
60553
60554
60555
60560
60561
60562
60563
60564
60565
60566
60567
60568
60612
60613
60614
60615
60616
60617
60618
60619
60620
60621
60622
60623
60624
60625
60626
60627
60628
60629
60630
60631
60632
60633
60634
60677
60678
60679
60680
60681
60682
60683
60684
60685
60686
60687
60688
60689
60690
60691
60692
60693
60694
60695
60696
60697
60698
60699
60700
60742
60743
60744
60745
60746
60747
60748
60749
60750
60751
60752
60753
60754
60755
60756
60757
60758
60759
60760
60761
60762
60763
60764
60765
60807
60808
60809
60810
60811
60812
60813
60814
60815
60816
60817
60818
60822
60823
60824
60825
60826
60827
60828
60829
60830
60831
60872
60873
60874
60875
60876
60877
60878
60879
60880
60881
60882
60890
60891
60892
60893
60894
60895
60896
60937
60938
60939
60940
60941
60942
60943
60944
60945
60946
60957
60958
60959
60960
60961
61002
61003
61004
61005
61006
61007
61008
61009
61010
61023
61024
61025
61026
61027
61068
61069
61070
61071
61072
61073
61074
61088
61089
61090
61091
61092
61137
61138
61153
61154
61155
61156
61157
61218
61219
61220
61221
61283
61284
61285
61344
61345
61346
61347
61408
61409
61410
61411
61412
61413
61414
61472
61473
61474
61475
61476
61477
61478
61479
61480
61537
61538
61539
61540
61541
61542
61543
61544
61545
61602
61603
61604
61605
61606
61607
61608
61609
61610
61611
61667
61668
61669
61670
61671
61672
61673
61674
61675
61676
61733
61734
61735
61736
61737
61738
61739
61740
61741
61799
61800
61801
61802
61803
61804
61805
61806
61866
61867
61868
61869
61870
61871
61932
61933
61934
61935
61936
61999
62000
62001
62063
62064
62065
62066
62067
62127
62128
62129
62130
62131
62132
62133
62191
62192
62193
62194
62195
62196
62197
62198
62199
62256
62257
62258
62259
62260
62261
62262
62263
62264
62320
62321
62322
62323
62324
62325
62326
62327
62328
62329
62385
62386
62387
62388
62389
62390
62391
62392
62393
62394
62451
62452
62453
62454
62455
62456
62457
62458
62459
62515
62516
62517
62518
62519
62520
62521
62522
62523
62524
62580
62581
62582
62583
62584
62585
62586
62587
62588
62589
62643
62644
62645
62646
62647
62648
62649
62650
62651
62652
62653
62654
62707
62708
62709
62710
62711
62712
62713
62714
62715
62716
62717
62718
62719
62771
62772
62773
62774
62775
62776
62777
62778
62779
62780
62781
62782
62783
62784
62835
62836
62837
62838
62839
62840
62841
62842
62843
62844
62845
62846
62847
62848
62900
62901
62902
62903
62904
62905
62906
62907
62908
62909
62910
62911
62912
62913
62965
62966
62967
62968
62969
62970
62971
62972
62973
62974
62975
62976
62977
63030
63031
63032
63033
63034
63035
63036
63037
63038
63039
63040
63041
63097
63098
63099
63100
63101
63102
63103
63104
63105
64658
64659
64660
64709
64710
64711
64712
64713
64714
64715
64716
64717
64721
64722
64723
64724
64725
64726
64727
64773
64774
64775
64776
64777
64778
64779
64780
64781
64782
64783
64784
64785
64786
64787
64788
64789
64790
64791
64792
64793
64837
64838
64839
64840
64841
64842
64843
64844
64845
64846
64847
64848
64849
64850
64851
64852
64853
64854
64855
64856
64857
64858
64859
64902
64903
64904
64905
64906
64907
64908
64909
64910
64911
64912
64913
64914
64915
64916
64917
64918
64919
64920
64921
64922
64923
64924
64967
64968
64969
64970
64971
64972
64973
64974
64975
64976
64977
64978
64979
64980
64981
64982
64983
64984
64985
64986
64987
64988
64989
64990
65032
65033
65034
65035
65036
65037
65038
65039
65040
65041
65042
65043
65044
65047
65048
65049
65050
65051
65052
65053
65054
65055
65097
65098
65099
65100
65101
65102
65103
65104
65105
65106
65107
65108
65114
65115
65116
65117
65118
65119
65120
65162
65163
65164
65165
65166
65167
65168
65169
65170
65171
65172
65182
65183
65184
65185
65227
65228
65229
65230
65231
65232
65233
65234
65235
65236
65248
65249
65250
65251
65293
65294
65295
65296
65297
65298
65299
65300
65314
65315
65316
65359
65360
65361
65362
65363
65364
65426
65427
65635
65636
65637
65638
65699
65700
65701
65702
65703
65704
65705
65763
65764
65765
65766
65767
65768
65769
65770
65828
65829
65830
65831
65832
65833
65834
65835
65836
65894
65895
65896
65897
65898
65899
65900
65901
65959
65960
65961
65962
65963
65964
65965
65966
66025
66026
66027
66028
66029
66030
66031
66092
66093
66094
66095
66096
66158
66159
66160
66224
66225
66226
66288
66289
66290
66291
66292
66352
66353
66354
66355
66356
66357
66358
66416
66417
66418
66419
66420
66421
66422
66423
66480
66481
66482
66483
66484
66485
66486
66487
66488
66489
66545
66546
66547
66548
66549
66550
66551
66552
66553
66554
66610
66611
66612
66613
66614
66615
66616
66617
66618
66619
66675
66676
66677
66678
66679
66680
66681
66682
66683
66684
66740
66741
66742
66743
66744
66745
66746
66747
66748
66749
66805
66806
66807
66808
66809
66810
66811
66812
66813
66814
66869
66870
66871
66872
66873
66874
66875
66876
66877
66878
66879
66933
66934
66935
66936
66937
66938
66939
66940
66941
66942
66943
66944
66997
66998
66999
67000
67001
67002
67003
67004
67005
67006
67007
67008
67061
67062
67063
67064
67065
67066
67067
67068
67069
67070
67071
67072
67073
67126
67127
67128
67129
67130
67131
67132
67133
67134
67135
67136
67137
67191
67192
67193
67194
67195
67196
67197
67198
67199
67200
67201
67258
67259
67260
67261
67262
67263
67264
67265
68872
68873
68874
68934
68935
68936
68937
68938
68939
68940
68941
68942
68946
68947
68948
68949
68950
68951
68998
68999
69000
69001
69002
69003
69004
69005
69006
69007
69008
69009
69010
69011
69012
69013
69014
69015
69016
69017
69062
69063
69064
69065
69066
69067
69068
69069
69070
69071
69072
69073
69074
69075
69076
69077
69078
69079
69080
69081
69082
69083
69127
69128
69129
69130
69131
69132
69133
69134
69135
69136
69137
69138
69139
69140
69141
69142
69143
69144
69145
69146
69147
69148
69192
69193
69194
69195
69196
69197
69198
69199
69200
69201
69202
69203
69204
69205
69206
69207
69208
69209
69210
69211
69212
69213
69214
69257
69258
69259
69260
69261
69262
69263
69264
69265
69266
69267
69268
69269
69272
69273
69274
69275
69276
69277
69278
69279
69280
69322
69323
69324
69325
69326
69327
69328
69329
69330
69331
69332
69333
69339
69340
69341
69342
69343
69344
69345
69387
69388
69389
69390
69391
69392
69393
69394
69395
69396
69397
69407
69408
69409
69453
69454
69455
69456
69457
69458
69459
69460
69461
69518
69519
69520
69521
69522
69523
69524
69525
69584
69585
69586
69587
69588
69589
69604
69605
69606
69607
69651
69652
69668
69669
69670
69671
69672
69733
69734
69735
69736
69737
69738
69798
69799
69800
69801
69802
69803
69861
69862
69863
69864
69865
69866
69867
69868
69925
69926
69927
69928
69929
69930
69931
69932
69933
69990
69991
69992
69993
69994
69995
69996
69997
69998
70055
70056
70057
70058
70059
70060
70061
70062
70063
70120
70121
70122
70123
70124
70125
70126
70127
70128
70185
70186
70187
70188
70189
70190
70191
70192
70193
70250
70251
70252
70253
70254
70255
70256
70257
70258
70316
70317
70318
70319
70320
70321
70322
70323
70382
70383
70384
70385
70386
70387
70388
70448
70449
70450
70451
70452
70453
70513
70514
70515
70516
70517
70518
70577
70578
70579
70580
70581
70582
70583
70641
70642
70643
70644
70645
70646
70647
70648
70649
70705
70706
70707
70708
70709
70710
70711
70712
70713
70714
70770
70771
70772
70773
70774
70775
70776
70777
70778
70779
70835
70836
70837
70838
70839
70840
70841
70842
70843
70844
70900
70901
70902
70903
70904
70905
70906
70907
70908
70909
70965
70966
70967
70968
70969
70970
70971
70972
70973
70974
71030
71031
71032
71033
71034
71035
71036
71037
71038
71039
71094
71095
71096
71097
71098
71099
71100
71101
71102
71103
71104
71158
71159
71160
71161
71162
71163
71164
71165
71166
71167
71168
71169
71222
71223
71224
71225
71226
71227
71228
71229
71230
71231
71232
71233
71287
71288
71289
71290
71291
71292
71293
71294
71295
71296
71297
71352
71353
71354
71355
71356
71357
71358
71359
71360
71361
71419
71420
71421
71422
71423
71424
71425
73096
73097
73098
73099
73100
73159
73160
73161
73162
73163
73164
73165
73166
73167
73223
73224
73225
73226
73227
73228
73229
73230
73231
73232
73233
73236
73237
73238
73239
73240
73241
73287
73288
73289
73290
73291
73292
73293
73294
73295
73296
73297
73298
73299
73300
73301
73302
73303
73304
73305
73306
73307
73352
73353
73354
73355
73356
73357
73358
73359
73360
73361
73362
73363
73364
73365
73366
73367
73368
73369
73370
73371
73372
73373
73417
73418
73419
73420
73421
73422
73423
73424
73425
73426
73427
73428
73429
73430
73431
73432
73433
73434
73435
73436
73437
73438
73483
73484
73485
73486
73487
73488
73489
73490
73491
73492
73493
73494
73498
73499
73500
73501
73502
73503
73548
73549
73550
73551
73552
73553
73554
73555
73556
73557
73558
73566
73567
73568
73613
73614
73615
73616
73617
73618
73619
73620
73621
73622
73678
73679
73680
73681
73682
73683
73684
73685
73686
73744
73745
73746
73747
73748
73749
73750
73810
73811
73812
73813
73814
73828
73829
73830
73831
73832
73833
73893
73894
73895
73896
73897
73898
73899
73958
73959
73960
73961
73962
73963
73964
74022
74023
74024
74025
74026
74027
74028
74029
74087
74088
74089
74090
74091
74092
74093
74094
74151
74152
74153
74154
74155
74156
74157
74158
74159
74160
74215
74216
74217
74218
74219
74220
74221
74222
74223
74224
74225
74279
74280
74281
74282
74283
74284
74285
74286
74287
74288
74289
74290
74344
74345
74346
74347
74348
74349
74350
74351
74352
74353
74354
74355
74409
74410
74411
74412
74413
74414
74415
74416
74417
74418
74419
74474
74475
74476
74477
74478
74479
74480
74481
74482
74483
74484
74540
74541
74542
74543
74544
74545
74546
74547
74548
74549
74607
74608
74609
74610
74611
74612
74613
74614
74673
74674
74675
74676
74677
74678
74679
74737
74738
74739
74740
74741
74742
74743
74802
74803
74804
74805
74806
74807
74808
74866
74867
74868
74869
74870
74871
74872
74873
74874
74930
74931
74932
74933
74934
74935
74936
74937
74938
74939
74995
74996
74997
74998
74999
75000
75001
75002
75003
75004
75060
75061
75062
75063
75064
75065
75066
75067
75068
75069
75125
75126
75127
75128
75129
75130
75131
75132
75133
75134
75190
75191
75192
75193
75194
75195
75196
75197
75198
75199
75255
75256
75257
75258
75259
75260
75261
75262
75263
75264
75320
75321
75322
75323
75324
75325
75326
75327
75328
75329
75385
75386
75387
75388
75389
75390
75391
75392
75393
75450
75451
75452
75453
75454
75455
75456
75457
75458
75515
75516
75517
75518
75519
75520
75521
75522
75581
75582
75583
75584
75585
75586
77321
77322
77323
77324
77325
77326
77384
77385
77386
77387
77388
77389
77390
77391
77392
77449
77450
77451
77452
77453
77454
77455
77456
77457
77458
77514
77515
77516
77517
77518
77519
77520
77521
77522
77523
77524
77527
77528
77529
77530
77531
77579
77580
77581
77582
77583
77584
77585
77586
77587
77588
77589
77592
77593
77594
77595
77596
77597
77644
77645
77646
77647
77648
77649
77650
77651
77652
77653
77654
77658
77659
77660
77661
77662
77709
77710
77711
77712
77713
77714
77715
77716
77717
77718
77725
77726
77774
77775
77776
77777
77778
77779
77780
77781
77782
77840
77841
77842
77843
77844
77845
77846
77847
77905
77906
77907
77908
77909
77910
77911
77971
77972
77973
77974
77975
78053
78054
78055
78056
78057
78058
78118
78119
78120
78121
78122
78123
78124
78182
78183
78184
78185
78186
78187
78188
78189
78247
78248
78249
78250
78251
78252
78253
78254
78311
78312
78313
78314
78315
78316
78317
78318
78319
78375
78376
78377
78378
78379
78380
78381
78382
78383
78384
78385
78439
78440
78441
78442
78443
78444
78445
78446
78447
78448
78449
78450
78504
78505
78506
78507
78508
78509
78510
78511
78512
78513
78514
78515
78568
78569
78570
78571
78572
78573
78574
78575
78576
78577
78578
78579
78580
78633
78634
78635
78636
78637
78638
78639
78640
78641
78642
78643
78644
78698
78699
78700
78701
78702
78703
78704
78705
78706
78707
78708
78709
78765
78766
78767
78768
78769
78770
78771
78772
78773
78774
78832
78833
78834
78835
78836
78837
78838
78839
78898
78899
78900
78901
78902
78903
78904
78962
78963
78964
78965
78966
78967
78968
79026
79027
79028
79029
79030
79031
79032
79033
79091
79092
79093
79094
79095
79096
79097
79098
79099
79155
79156
79157
79158
79159
79160
79161
79162
79163
79164
79220
79221
79222
79223
79224
79225
79226
79227
79228
79229
79285
79286
79287
79288
79289
79290
79291
79292
79293
79294
79350
79351
79352
79353
79354
79355
79356
79357
79358
79359
79415
79416
79417
79418
79419
79420
79421
79422
79423
79424
79480
79481
79482
79483
79484
79485
79486
79487
79488
79489
79546
79547
79548
79549
79550
79551
79552
79553
79554
79611
79612
79613
79614
79615
79616
79617
79618
79676
79677
79678
79679
79680
79681
79682
79683
79742
79743
79744
79745
79746
79747
79809
79810
81546
81547
81548
81549
81550
81551
81610
81611
81612
81613
81614
81615
81616
81617
81675
81676
81677
81678
81679
81680
81681
81682
81740
81741
81742
81743
81744
81745
81746
81747
81748
81805
81806
81807
81808
81809
81810
81811
81812
81813
81870
81871
81872
81873
81874
81875
81876
81877
81878
81935
81936
81937
81938
81939
81940
81941
81942
81943
82001
82002
82003
82004
82005
82006
82007
82066
82067
82068
82069
82070
82071
82132
82133
82134
82135
82197
82198
82199
82278
82279
82280
82281
82282
82283
82343
82344
82345
82346
82347
82348
82407
82408
82409
82410
82411
82412
82413
82414
82471
82472
82473
82474
82475
82476
82477
82478
82479
82536
82537
82538
82539
82540
82541
82542
82543
82544
82600
82601
82602
82603
82604
82605
82606
82607
82608
82609
82664
82665
82666
82667
82668
82669
82670
82671
82672
82673
82674
82729
82730
82731
82732
82733
82734
82735
82736
82737
82738
82739
82793
82794
82795
82796
82797
82798
82799
82800
82801
82802
82803
82858
82859
82860
82861
82862
82863
82864
82865
82866
82867
82868
82923
82924
82925
82926
82927
82928
82929
82930
82931
82932
82990
82991
82992
82993
82994
82995
83187
83188
83189
83190
83191
83192
83251
83252
83253
83254
83255
83256
83257
83258
83316
83317
83318
83319
83320
83321
83322
83323
83380
83381
83382
83383
83384
83385
83386
83387
83388
83389
83444
83445
83446
83447
83448
83449
83450
83451
83452
83453
83454
83509
83510
83511
83512
83513
83514
83515
83516
83517
83518
83519
83575
83576
83577
83578
83579
83580
83581
83582
83583
83584
83640
83641
83642
83643
83644
83645
83646
83647
83648
83649
83705
83706
83707
83708
83709
83710
83711
83712
83713
83714
83771
83772
83773
83774
83775
83776
83777
83778
83779
83836
83837
83838
83839
83840
83841
83842
83843
83902
83903
83904
83905
83906
83907
83908
83968
83969
83970
83971
83972
85773
85774
85775
85836
85837
85838
85839
85840
85841
85901
85902
85903
85904
85905
85906
85907
85966
85967
85968
85969
85970
85971
85972
86031
86032
86033
86034
86035
86036
86037
86096
86097
86098
86099
86100
86101
86102
86161
86162
86163
86164
86165
86166
86167
86227
86228
86229
86230
86231
86292
86293
86294
86295
86296
86358
86359
86360
86503
86504
86505
86506
86507
86567
86568
86569
86570
86571
86572
86573
86632
86633
86634
86635
86636
86637
86638
86696
86697
86698
86699
86700
86701
86702
86703
86760
86761
86762
86763
86764
86765
86766
86767
86768
86825
86826
86827
86828
86829
86830
86831
86832
86833
86889
86890
86891
86892
86893
86894
86895
86896
86897
86898
86953
86954
86955
86956
86957
86958
86959
86960
86961
86962
86963
87018
87019
87020
87021
87022
87023
87024
87025
87026
87027
87083
87084
87085
87086
87087
87088
87089
87090
87149
87150
87151
87152
87153
87477
87478
87479
87480
87481
87541
87542
87543
87544
87545
87546
87547
87605
87606
87607
87608
87609
87610
87611
87612
87613
87669
87670
87671
87672
87673
87674
87675
87676
87677
87678
87734
87735
87736
87737
87738
87739
87740
87741
87742
87743
87799
87800
87801
87802
87803
87804
87805
87806
87807
87808
87865
87866
87867
87868
87869
87870
87871
87872
87873
87931
87932
87933
87934
87935
87936
87937
87938
87996
87997
87998
87999
88000
88001
88002
88003
88062
88063
88064
88065
88066
88067
88068
88128
88129
88130
88131
88132
90128
90129
90130
90193
90194
90195
90257
90258
90259
90260
90322
90323
90324
90325
90388
90389
90390
90453
90454
90455
90518
90519
90520
90728
90729
90730
90731
90732
90792
90793
90794
90795
90796
90797
90857
90858
90859
90860
90861
90862
90863
90921
90922
90923
90924
90925
90926
90927
90928
90985
90986
90987
90988
90989
90990
90991
90992
90993
91049
91050
91051
91052
91053
91054
91055
91056
91057
91058
91114
91115
91116
91117
91118
91119
91120
91121
91122
91123
91178
91179
91180
91181
91182
91183
91184
91185
91186
91187
91243
91244
91245
91246
91247
91248
91249
91250
91251
91309
91310
91311
91312
91313
91831
91832
91833
91834
91835
91836
91837
91895
91896
91897
91898
91899
91900
91901
91902
91959
91960
91961
91962
91963
91964
91965
91966
91967
91968
92024
92025
92026
92027
92028
92029
92030
92031
92032
92033
92090
92091
92092
92093
92094
92095
92096
92097
92156
92157
92158
92159
92160
92161
92162
92222
92223
92224
92225
92226
92227
92289
92290
92291
94889
94890
94891
94952
94953
94954
94955
94956
94957
95017
95018
95019
95020
95021
95022
95081
95082
95083
95084
95085
95086
95087
95088
95145
95146
95147
95148
95149
95150
95151
95152
95153
95209
95210
95211
95212
95213
95214
95215
95216
95217
95218
95274
95275
95276
95277
95278
95279
95280
95281
95282
95338
95339
95340
95341
95342
95343
95344
95345
95346
95347
95403
95404
95405
95406
95407
95408
95409
95410
95411
95468
95469
95470
95471
95472
95473
95474
96121
96122
96123
96124
96125
96126
96186
96187
96188
96189
96190
96191
96251
96252
96253
96254
96255
96256
96316
96317
96318
96319
96320
96321
96382
96383
96384
96385
99113
99114
99115
99116
99117
99177
99178
99179
99180
99181
99182
99241
99242
99243
99244
99245
99246
99247
99248
99306
99307
99308
99309
99310
99311
99312
99313
99370
99371
99372
99373
99374
99375
99376
99377
99378
99434
99435
99436
99437
99438
99439
99440
99441
99442
99498
99499
99500
99501
99502
99503
99504
99505
99506
99507
99562
99563
99564
99565
99566
99567
99568
99569
99570
99571
99627
99628
99629
99630
99631
99632
99633
99634
99635
99694
99695
99696
103337
103338
103339
103340
103341
103342
103402
103403
103404
103405
103406
103407
103466
103467
103468
103469
103470
103471
103472
103473
103530
103531
103532
103533
103534
103535
103536
103537
103538
103594
103595
103596
103597
103598
103599
103600
103601
103602
103603
103658
103659
103660
103661
103662
103663
103664
103665
103666
103667
103722
103723
103724
103725
103726
103727
103728
103729
103730
103731
103732
103787
103788
103789
103790
103791
103792
103793
103794
103795
103796
103852
103853
103854
103855
103856
107562
107563
107564
107565
107566
107567
107627
107628
107629
107630
107631
107632
107633
107691
107692
107693
107694
107695
107696
107697
107698
107755
107756
107757
107758
107759
107760
107761
107762
107763
107819
107820
107821
107822
107823
107824
107825
107826
107827
107883
107884
107885
107886
107887
107888
107889
107890
107891
107892
107947
107948
107949
107950
107951
107952
107953
107954
107955
107956
107957
108012
108013
108014
108015
108016
108017
108018
108019
108077
108078
108079
108080
108081
111787
111788
111789
111790
111791
111792
111852
111853
111854
111855
111856
111857
111858
111916
111917
111918
111919
111920
111921
111922
111923
111980
111981
111982
111983
111984
111985
111986
111987
111988
112044
112045
112046
112047
112048
112049
112050
112051
112052
112108
112109
112110
112111
112112
112113
112114
112115
112116
112117
112172
112173
112174
112175
112176
112177
112178
112179
112180
112181
112237
112238
112239
112240
112241
112242
112302
112303
112304
112305
116013
116014
116015
116016
116077
116078
116079
116080
116081
116082
116141
116142
116143
116144
116145
116146
116147
116205
116206
116207
116208
116209
116210
116211
116212
116270
116271
116272
116273
116274
116275
116276
116277
116334
116335
116336
116337
116338
116339
116340
116341
116398
116399
116400
116401
116402
116403
116404
116463
116464
116465
116466
120303
120304
120305
120306
120367
120368
120369
120370
120371
120372
120431
120432
120433
120434
120435
120436
120437
120496
120497
120498
120499
120500
120501
120502
120561
120562
120563
120564
120565
120566
124593
124594
124595
124596
124658
124659
124660
124661
124723
124724
124725
124726
128885
128886
128950
128951
)


// ************************************************************************* //
