/*--------------------------------*- C++ -*----------------------------------*\
  =========                 |
  \\      /  F ield         | OpenFOAM: The Open Source CFD Toolbox
   \\    /   O peration     | Website:  https://openfoam.org
    \\  /    A nd           | Version:  6
     \\/     M anipulation  |
\*---------------------------------------------------------------------------*/
FoamFile
{
    version     2.0;
    format      ascii;
    class       labelList;
    location    "constant/region21/polyMesh";
    object      cellRegionAddressing;
}
// * * * * * * * * * * * * * * * * * * * * * * * * * * * * * * * * * * * * * //


1323
(
3799
3800
3801
3862
3863
3864
3865
3866
3867
3925
3926
3927
3928
3929
3930
3931
3988
3989
3990
3991
3992
3993
3994
3995
3996
4051
4052
4053
4054
4055
4056
4057
4058
4059
4060
7830
7831
7832
7833
7834
7893
7894
7895
7896
7897
7898
7899
7956
7957
7958
7959
7960
7961
7962
7963
7964
8019
8020
8021
8022
8023
8024
8025
8026
8027
8028
8029
8083
8084
8085
8086
8087
8088
8089
8090
8091
8092
8093
8094
8146
8147
8148
8149
8150
8151
8152
8153
8154
8155
8156
8157
8158
8159
11862
11863
11864
11865
11924
11925
11926
11927
11928
11929
11930
11931
11988
11989
11990
11991
11992
11993
11994
11995
11996
12051
12052
12053
12054
12055
12056
12057
12058
12059
12060
12061
12062
12114
12115
12116
12117
12118
12119
12120
12121
12122
12123
12124
12125
12126
12178
12179
12180
12181
12182
12183
12184
12185
12186
12187
12188
12189
12190
12191
12242
12243
12244
12245
12246
12247
12248
12249
12250
12251
12252
12253
12254
12255
12256
15957
15958
15959
15960
15961
16020
16021
16022
16023
16024
16025
16026
16027
16028
16083
16084
16085
16086
16087
16088
16089
16090
16091
16092
16093
16146
16147
16148
16149
16150
16151
16152
16153
16154
16155
16156
16157
16158
16209
16210
16211
16212
16213
16214
16215
16216
16217
16218
16219
16220
16221
16222
16273
16274
16275
16276
16277
16278
16279
16280
16281
16282
16283
16284
16285
16286
16287
16337
16338
16339
16340
16341
16342
16343
16344
16345
16346
16347
16348
16349
16350
16351
20052
20053
20054
20055
20056
20057
20058
20115
20116
20117
20118
20119
20120
20121
20122
20123
20124
20125
20178
20179
20180
20181
20182
20183
20184
20185
20186
20187
20188
20189
20241
20242
20243
20244
20245
20246
20247
20248
20249
20250
20251
20252
20253
20254
20305
20306
20307
20308
20309
20310
20311
20312
20313
20314
20315
20316
20317
20318
20369
20370
20371
20372
20373
20374
20375
20376
20377
20378
20379
20380
20381
20382
20433
20434
20435
20436
20437
20438
20439
20440
20441
20442
20443
20444
20445
20446
24148
24149
24150
24151
24152
24153
24211
24212
24213
24214
24215
24216
24217
24218
24219
24220
24221
24274
24275
24276
24277
24278
24279
24280
24281
24282
24283
24284
24285
24337
24338
24339
24340
24341
24342
24343
24344
24345
24346
24347
24348
24349
24401
24402
24403
24404
24405
24406
24407
24408
24409
24410
24411
24412
24413
24465
24466
24467
24468
24469
24470
24471
24472
24473
24474
24475
24476
24477
24478
24530
24531
24532
24533
24534
24535
24536
24537
24538
24539
24540
24541
24542
28243
28244
28245
28246
28247
28248
28249
28250
28306
28307
28308
28309
28310
28311
28312
28313
28314
28315
28316
28317
28370
28371
28372
28373
28374
28375
28376
28377
28378
28379
28380
28381
28433
28434
28435
28436
28437
28438
28439
28440
28441
28442
28443
28444
28445
28498
28499
28500
28501
28502
28503
28504
28505
28506
28507
28508
28509
28562
28563
28564
28565
28566
28567
28568
28569
28570
28571
28572
28573
28627
28628
28629
28630
28631
28632
28633
28634
28635
28636
28637
32339
32340
32341
32342
32343
32344
32345
32346
32402
32403
32404
32405
32406
32407
32408
32409
32410
32411
32412
32413
32466
32467
32468
32469
32470
32471
32472
32473
32474
32475
32476
32477
32530
32531
32532
32533
32534
32535
32536
32537
32538
32539
32540
32541
32594
32595
32596
32597
32598
32599
32600
32601
32602
32603
32604
32605
32658
32659
32660
32661
32662
32663
32664
32665
32666
32667
32668
32669
32723
32724
32725
32726
32727
32728
32729
32730
32731
32732
32733
36436
36437
36438
36439
36440
36499
36500
36501
36502
36503
36504
36505
36506
36562
36563
36564
36565
36566
36567
36568
36569
36570
36571
36626
36627
36628
36629
36630
36631
36632
36633
36634
36635
36636
36691
36692
36693
36694
36695
36696
36697
36698
36699
36700
36755
36756
36757
36758
36759
36760
36761
36762
36763
36764
36820
36821
36822
36823
36824
36825
36826
36827
36828
40532
40533
40534
40595
40596
40597
40598
40599
40659
40660
40661
40662
40663
40664
40723
40724
40725
40726
40727
40728
40729
40787
40788
40789
40790
40791
40792
40793
40794
40852
40853
40854
40855
40856
40857
40858
40917
40918
40919
40920
40921
40922
44628
44629
44692
44693
44694
44756
44757
44758
44820
44821
44822
44823
44884
44885
44886
44887
44949
44950
44951
44952
45014
45015
45016
48660
48661
48724
48725
48726
48787
48788
48789
48790
48851
48852
48853
48854
48915
48916
48917
48918
48980
48981
48982
49045
49046
52692
52693
52755
52756
52757
52758
52819
52820
52821
52822
52823
52883
52884
52885
52886
52887
52947
52948
52949
52950
52951
53011
53012
53013
53014
53015
53075
53076
53077
53078
53079
53140
53141
53142
53205
53206
56723
56724
56725
56786
56787
56788
56789
56790
56791
56850
56851
56852
56853
56854
56855
56914
56915
56916
56917
56918
56919
56920
56978
56979
56980
56981
56982
56983
56984
57042
57043
57044
57045
57046
57047
57048
57106
57107
57108
57109
57110
57111
57112
57170
57171
57172
57173
57174
57175
57176
57235
57236
57237
57238
57239
57240
57300
57301
57302
57303
57304
60754
60755
60756
60817
60818
60819
60820
60821
60822
60823
60881
60882
60883
60884
60885
60886
60887
60888
60945
60946
60947
60948
60949
60950
60951
60952
60953
61009
61010
61011
61012
61013
61014
61015
61016
61017
61073
61074
61075
61076
61077
61078
61079
61080
61081
61137
61138
61139
61140
61141
61142
61143
61144
61145
61201
61202
61203
61204
61205
61206
61207
61208
61209
61210
61266
61267
61268
61269
61270
61271
61272
61273
61274
61330
61331
61332
61333
61334
61335
61336
61337
61338
61395
61396
61397
61398
61399
61400
61401
61402
64786
64787
64848
64849
64850
64851
64852
64853
64854
64912
64913
64914
64915
64916
64917
64918
64919
64920
64976
64977
64978
64979
64980
64981
64982
64983
64984
64985
65040
65041
65042
65043
65044
65045
65046
65047
65048
65049
65050
65104
65105
65106
65107
65108
65109
65110
65111
65112
65113
65114
65168
65169
65170
65171
65172
65173
65174
65175
65176
65177
65178
65233
65234
65235
65236
65237
65238
65239
65240
65241
65242
65297
65298
65299
65300
65301
65302
65303
65304
65305
65306
65307
65361
65362
65363
65364
65365
65366
65367
65368
65369
65370
65371
65425
65426
65427
65428
65429
65430
65431
65432
65433
65434
65435
65489
65490
65491
65492
65493
65494
65495
65496
65497
65498
65499
68944
68945
68946
68947
68948
68949
69008
69009
69010
69011
69012
69013
69014
69015
69072
69073
69074
69075
69076
69077
69078
69079
69080
69081
69136
69137
69138
69139
69140
69141
69142
69143
69144
69145
69146
69200
69201
69202
69203
69204
69205
69206
69207
69208
69209
69210
69264
69265
69266
69267
69268
69269
69270
69271
69272
69273
69274
69328
69329
69330
69331
69332
69333
69334
69335
69336
69337
69338
69392
69393
69394
69395
69396
69397
69398
69399
69400
69401
69402
69403
69457
69458
69459
69460
69461
69462
69463
69464
69465
69466
69467
69521
69522
69523
69524
69525
69526
69527
69528
69529
69530
69531
69585
69586
69587
69588
69589
69590
69591
69592
69593
69594
69595
73043
73044
73105
73106
73107
73108
73109
73110
73169
73170
73171
73172
73173
73174
73175
73176
73232
73233
73234
73235
73236
73237
73238
73239
73240
73241
73296
73297
73298
73299
73300
73301
73302
73303
73304
73305
73360
73361
73362
73363
73364
73365
73366
73367
73368
73369
73370
73424
73425
73426
73427
73428
73429
73430
73431
73432
73433
73434
73488
73489
73490
73491
73492
73493
73494
73495
73496
73497
73498
73499
73553
73554
73555
73556
73557
73558
73559
73560
73561
73562
73563
73617
73618
73619
73620
73621
73622
73623
73624
73625
73626
73627
73681
73682
73683
73684
73685
73686
73687
73688
73689
73690
77396
77397
77398
77399
77458
77459
77460
77461
77462
77463
77464
77522
77523
77524
77525
77526
77527
77528
77529
77585
77586
77587
77588
77589
77590
77591
77592
77593
77649
77650
77651
77652
77653
77654
77655
77656
77657
77658
77714
77715
77716
77717
77718
77719
77720
77721
77722
77778
77779
77780
77781
77782
77783
77784
77785
81684
81685
81686
81687
81747
81748
81749
81750
81751
81752
81811
81812
81813
81814
81815
81816
81875
81876
81877
81878
81879
81880
85973
85974
)


// ************************************************************************* //
