/*--------------------------------*- C++ -*----------------------------------*\
  =========                 |
  \\      /  F ield         | OpenFOAM: The Open Source CFD Toolbox
   \\    /   O peration     | Website:  https://openfoam.org
    \\  /    A nd           | Version:  6
     \\/     M anipulation  |
\*---------------------------------------------------------------------------*/
FoamFile
{
    version     2.0;
    format      ascii;
    class       labelList;
    location    "constant/region21/polyMesh";
    object      faceRegionAddressing;
}
// * * * * * * * * * * * * * * * * * * * * * * * * * * * * * * * * * * * * * //


4530
(
11339
11340
11341
11342
11343
11344
11346
11347
11527
11528
11529
11530
11531
11532
11533
11534
11535
11536
11537
11538
11539
11540
11541
11543
11544
11715
11716
11717
11718
11719
11720
11721
11722
11723
11724
11725
11726
11727
11728
11729
11730
11731
11732
11734
11735
11903
11904
11905
11906
11907
11908
11909
11910
11911
11912
11913
11914
11915
11916
11917
11918
11919
11920
11921
11922
11923
11924
11925
11926
11928
11929
12072
12073
12074
12075
12076
12077
12078
12079
12080
12081
12082
12083
12084
12085
12086
12087
12088
12089
12091
23305
23306
23307
23308
23309
23310
23311
23312
23313
23314
23315
23316
23318
23319
23493
23494
23495
23496
23497
23498
23499
23500
23501
23502
23503
23504
23505
23506
23507
23508
23509
23510
23512
23513
23681
23682
23683
23684
23685
23686
23687
23688
23689
23690
23691
23692
23693
23694
23695
23696
23697
23698
23699
23700
23701
23702
23703
23704
23706
23707
23869
23870
23871
23872
23873
23874
23875
23876
23877
23878
23879
23880
23881
23882
23883
23884
23885
23886
23887
23888
23889
23890
23891
23892
23893
23894
23895
23896
23897
23898
23900
23901
24060
24061
24062
24063
24064
24065
24066
24067
24068
24069
24070
24071
24072
24073
24074
24075
24076
24077
24078
24079
24080
24081
24082
24083
24084
24085
24086
24087
24088
24089
24090
24091
24092
24094
24095
24230
24231
24232
24233
24234
24235
24236
24237
24238
24239
24240
24241
24242
24243
24244
24245
24246
24247
24248
24249
24250
24251
24252
24253
24254
24255
24257
35274
35275
35276
35277
35278
35279
35280
35281
35282
35284
35285
35459
35460
35461
35462
35463
35464
35465
35466
35467
35468
35469
35470
35471
35472
35473
35474
35475
35476
35477
35478
35479
35481
35482
35650
35651
35652
35653
35654
35655
35656
35657
35658
35659
35660
35661
35662
35663
35664
35665
35666
35667
35668
35669
35670
35671
35672
35673
35675
35676
35838
35839
35840
35841
35842
35843
35844
35845
35846
35847
35848
35849
35850
35851
35852
35853
35854
35855
35856
35857
35858
35859
35860
35861
35862
35863
35864
35865
35866
35867
35868
35869
35870
35872
35873
36026
36027
36028
36029
36030
36031
36032
36033
36034
36035
36036
36037
36038
36039
36040
36041
36042
36043
36044
36045
36046
36047
36048
36049
36050
36051
36052
36053
36054
36055
36056
36057
36058
36059
36060
36061
36063
36064
36217
36218
36219
36220
36221
36222
36223
36224
36225
36226
36227
36228
36229
36230
36231
36232
36233
36234
36235
36236
36237
36238
36239
36240
36241
36242
36243
36244
36245
36246
36247
36248
36249
36250
36251
36252
36253
36254
36255
36257
36258
36390
36391
36392
36393
36394
36395
36396
36397
36398
36399
36400
36401
36402
36403
36404
36405
36406
36407
36408
36409
36410
36411
36412
36413
36414
36415
36416
36417
47431
47432
47433
47434
47435
47436
47437
47438
47439
47440
47441
47442
47444
47445
47619
47620
47621
47622
47623
47624
47625
47626
47627
47628
47629
47630
47631
47632
47633
47634
47635
47636
47637
47638
47639
47640
47641
47642
47644
47645
47807
47808
47809
47810
47811
47812
47813
47814
47815
47816
47817
47818
47819
47820
47821
47822
47823
47824
47825
47826
47827
47828
47829
47830
47831
47832
47833
47834
47835
47836
47838
47839
47995
47996
47997
47998
47999
48000
48001
48002
48003
48004
48005
48006
48007
48008
48009
48010
48011
48012
48013
48014
48015
48016
48017
48018
48019
48020
48021
48022
48023
48024
48025
48026
48027
48028
48029
48030
48032
48033
48183
48184
48185
48186
48187
48188
48189
48190
48191
48192
48193
48194
48195
48196
48197
48198
48199
48200
48201
48202
48203
48204
48205
48206
48207
48208
48209
48210
48211
48212
48213
48214
48215
48216
48217
48218
48219
48220
48221
48223
48224
48374
48375
48376
48377
48378
48379
48380
48381
48382
48383
48384
48385
48386
48387
48388
48389
48390
48391
48392
48393
48394
48395
48396
48397
48398
48399
48400
48401
48402
48403
48404
48405
48406
48407
48408
48409
48410
48411
48412
48413
48414
48415
48417
48548
48549
48550
48551
48552
48553
48554
48555
48556
48557
48558
48559
48560
48561
48562
48563
48564
48565
48566
48567
48568
48569
48570
48571
48572
48573
48574
48575
59588
59589
59590
59591
59592
59593
59594
59595
59596
59597
59598
59599
59600
59601
59602
59603
59604
59605
59607
59776
59777
59778
59779
59780
59781
59782
59783
59784
59785
59786
59787
59788
59789
59790
59791
59792
59793
59794
59795
59796
59797
59798
59799
59800
59801
59802
59803
59804
59805
59807
59808
59964
59965
59966
59967
59968
59969
59970
59971
59972
59973
59974
59975
59976
59977
59978
59979
59980
59981
59982
59983
59984
59985
59986
59987
59988
59989
59990
59991
59992
59993
59994
59995
59996
59998
59999
60152
60153
60154
60155
60156
60157
60158
60159
60160
60161
60162
60163
60164
60165
60166
60167
60168
60169
60170
60171
60172
60173
60174
60175
60176
60177
60178
60179
60180
60181
60182
60183
60184
60185
60186
60187
60188
60189
60190
60192
60343
60344
60345
60346
60347
60348
60349
60350
60351
60352
60353
60354
60355
60356
60357
60358
60359
60360
60361
60362
60363
60364
60365
60366
60367
60368
60369
60370
60371
60372
60373
60374
60375
60376
60377
60378
60379
60380
60381
60383
60534
60535
60536
60537
60538
60539
60540
60541
60542
60543
60544
60545
60546
60547
60548
60549
60550
60551
60552
60553
60554
60555
60556
60557
60558
60559
60560
60561
60562
60563
60564
60565
60566
60567
60568
60569
60570
60571
60572
60574
60575
60708
60710
60711
60712
60713
60714
60715
60716
60717
60718
60719
60720
60721
60722
60723
60724
60725
60726
60727
60728
60729
60730
60731
60732
60733
60735
71748
71749
71750
71751
71752
71753
71754
71755
71756
71757
71758
71759
71760
71761
71762
71764
71765
71936
71937
71938
71939
71940
71941
71942
71943
71944
71945
71946
71947
71948
71949
71950
71951
71952
71953
71954
71955
71956
71957
71958
71959
71960
71961
71962
71963
71964
71965
71967
71968
72124
72125
72126
72127
72128
72129
72130
72131
72132
72133
72134
72135
72136
72137
72138
72139
72140
72141
72142
72143
72144
72145
72146
72147
72148
72149
72150
72151
72152
72153
72154
72155
72156
72158
72159
72312
72313
72314
72315
72316
72317
72318
72319
72320
72321
72322
72323
72324
72325
72326
72327
72328
72329
72330
72331
72332
72333
72334
72335
72336
72337
72338
72339
72340
72341
72342
72343
72344
72345
72346
72347
72349
72350
72503
72504
72506
72507
72508
72509
72510
72511
72512
72513
72514
72515
72516
72517
72518
72519
72520
72521
72522
72523
72524
72525
72526
72527
72528
72529
72530
72531
72532
72533
72534
72535
72536
72537
72538
72540
72541
72694
72697
72698
72699
72700
72701
72702
72703
72704
72705
72706
72707
72708
72709
72710
72711
72712
72713
72714
72715
72716
72717
72718
72719
72720
72721
72722
72723
72724
72725
72726
72727
72728
72729
72730
72731
72732
72734
72870
72872
72873
72874
72875
72876
72877
72878
72879
72880
72881
72882
72883
72884
72885
72886
72887
72888
72889
72890
72891
72892
72893
83905
83906
83907
83908
83909
83910
83911
83912
83913
83914
83915
83916
83917
83918
83919
83920
83921
83922
83923
83924
83925
83927
83928
84093
84094
84095
84096
84097
84098
84099
84100
84101
84102
84103
84104
84105
84106
84107
84108
84109
84110
84111
84112
84113
84114
84115
84116
84117
84118
84119
84120
84121
84122
84123
84124
84125
84127
84128
84284
84285
84286
84287
84288
84289
84290
84291
84292
84293
84294
84295
84296
84297
84298
84299
84300
84301
84302
84303
84304
84305
84306
84307
84308
84309
84310
84311
84312
84313
84314
84315
84316
84318
84319
84472
84475
84476
84477
84478
84479
84480
84481
84482
84483
84484
84485
84486
84487
84488
84489
84490
84491
84492
84493
84494
84495
84496
84497
84498
84499
84500
84501
84502
84503
84504
84505
84506
84507
84509
84510
84666
84667
84668
84669
84670
84671
84672
84673
84674
84675
84676
84677
84678
84679
84680
84681
84682
84683
84684
84685
84686
84687
84688
84689
84690
84691
84692
84693
84694
84695
84696
84697
84698
84700
84701
84857
84859
84860
84861
84862
84863
84864
84865
84866
84867
84868
84869
84870
84871
84872
84873
84874
84875
84876
84877
84878
84879
84880
84881
84882
84883
84884
84885
84886
84887
84888
84889
84891
84892
85032
85033
85034
85035
85036
85037
85038
85039
85040
85041
85042
85043
85044
85045
85046
85047
85048
85049
85050
85051
85053
96065
96066
96068
96069
96070
96071
96072
96073
96074
96075
96076
96077
96078
96079
96080
96081
96082
96083
96084
96087
96253
96254
96256
96257
96258
96259
96260
96261
96262
96263
96264
96265
96266
96267
96268
96269
96270
96271
96272
96273
96274
96275
96276
96277
96278
96279
96280
96281
96283
96284
96287
96444
96445
96446
96447
96448
96449
96450
96451
96452
96453
96454
96455
96456
96457
96458
96459
96460
96461
96462
96463
96464
96465
96466
96467
96468
96469
96470
96471
96472
96473
96474
96475
96478
96635
96636
96637
96638
96639
96640
96641
96642
96643
96644
96645
96646
96647
96648
96649
96650
96651
96652
96653
96654
96655
96656
96657
96658
96659
96660
96661
96662
96663
96664
96665
96666
96667
96669
96826
96827
96829
96830
96831
96832
96833
96834
96835
96836
96837
96838
96839
96840
96841
96842
96843
96844
96845
96846
96847
96848
96849
96850
96851
96852
96853
96854
96855
96856
96857
96858
96860
97017
97020
97021
97022
97023
97024
97025
97026
97027
97028
97029
97030
97031
97032
97033
97034
97035
97036
97037
97038
97039
97040
97041
97042
97043
97044
97045
97046
97047
97048
97049
97051
97192
97194
97195
97196
97197
97198
97199
97200
97201
97202
97203
97204
97205
97206
97207
97208
97209
97210
97211
108228
108229
108230
108231
108232
108233
108234
108235
108236
108237
108238
108241
108416
108417
108418
108419
108420
108421
108422
108423
108424
108425
108426
108427
108428
108429
108430
108431
108432
108434
108435
108438
108604
108605
108607
108608
108609
108610
108611
108612
108613
108614
108615
108616
108617
108618
108619
108620
108621
108622
108623
108624
108625
108626
108628
108629
108632
108795
108798
108799
108800
108801
108802
108803
108804
108805
108806
108807
108808
108809
108810
108811
108812
108813
108814
108815
108816
108817
108818
108819
108820
108822
108823
108826
108989
108990
108991
108992
108993
108994
108995
108996
108997
108998
108999
109000
109001
109002
109003
109004
109005
109006
109007
109008
109009
109010
109011
109012
109013
109014
109017
109180
109183
109184
109185
109186
109187
109188
109189
109190
109191
109192
109193
109194
109195
109196
109197
109198
109199
109200
109201
109202
109203
109204
109205
109208
109354
109356
109357
109358
109359
109360
109361
109362
109363
109364
109365
109366
109367
109368
120388
120389
120390
120391
120392
120393
120395
120576
120577
120579
120580
120581
120582
120583
120584
120585
120586
120587
120589
120767
120768
120770
120771
120772
120773
120774
120775
120776
120777
120778
120779
120780
120783
120958
120959
120961
120962
120963
120964
120965
120966
120967
120968
120969
120970
120971
120972
120973
120974
120977
121149
121152
121153
121154
121155
121156
121157
121158
121159
121160
121161
121162
121163
121164
121165
121167
121168
121171
121343
121346
121347
121348
121349
121350
121351
121352
121353
121354
121355
121356
121357
121358
121359
121362
121516
121518
121519
121520
121521
121522
121523
121524
132548
132549
132550
132552
132553
132739
132740
132741
132742
132743
132744
132746
132747
132930
132931
132932
132933
132934
132935
132937
132938
133121
133122
133123
133124
133125
133126
133127
133128
133129
133131
133312
133314
133315
133316
133317
133318
133319
133320
133322
133506
133508
133509
133510
133511
133512
133513
133516
133678
133680
144517
144518
144519
144521
144522
144708
144709
144710
144711
144712
144713
144715
144716
144896
144897
144898
144899
144900
144901
144902
144903
144904
144906
144907
145087
145088
145089
145090
145091
145092
145093
145094
145095
145097
145098
145278
145280
145281
145282
145283
145284
145285
145286
145288
145289
145472
145474
145475
145476
145477
145479
145480
145666
145668
145671
156486
156487
156488
156490
156491
156674
156675
156676
156677
156678
156679
156680
156681
156682
156684
156685
156865
156866
156867
156868
156869
156870
156871
156872
156873
156874
156875
156876
156878
156879
157056
157057
157058
157059
157060
157061
157062
157063
157064
157065
157066
157067
157069
157070
157247
157248
157249
157250
157251
157252
157253
157254
157255
157256
157257
157258
157260
157261
157438
157439
157440
157441
157442
157443
157444
157445
157446
157447
157448
157449
157451
157452
157629
157631
157632
157633
157634
157635
157636
157637
157638
157639
157640
157643
157823
157825
157826
157827
157828
157830
157831
157996
157997
157999
168452
168453
168454
168455
168456
168457
168459
168460
168640
168641
168642
168643
168644
168645
168646
168647
168648
168649
168650
168651
168652
168653
168654
168656
168657
168831
168832
168833
168834
168835
168836
168837
168838
168839
168840
168841
168842
168843
168844
168845
168847
168848
169022
169023
169024
169025
169026
169027
169028
169029
169030
169031
169032
169033
169034
169035
169036
169037
169038
169039
169041
169042
169213
169214
169215
169216
169217
169218
169219
169220
169221
169222
169223
169224
169225
169226
169227
169228
169229
169230
169232
169233
169404
169405
169406
169407
169408
169409
169410
169411
169412
169413
169414
169415
169416
169417
169418
169419
169420
169421
169423
169424
169595
169596
169597
169598
169599
169600
169601
169602
169603
169604
169605
169606
169607
169608
169609
169610
169611
169612
169614
169615
169786
169788
169789
169790
169791
169792
169793
169794
169795
169796
169797
169798
169799
169800
169801
169802
169803
169805
169806
169980
169982
169983
169984
169985
169986
169987
169988
169989
169990
169991
169992
169993
169994
169996
169997
170154
170155
170156
170157
170158
170159
170160
170161
170163
180418
180419
180420
180421
180422
180423
180425
180426
180606
180607
180608
180609
180610
180611
180612
180613
180614
180615
180616
180617
180618
180619
180620
180621
180622
180623
180625
180626
180797
180798
180799
180800
180801
180802
180803
180804
180805
180806
180807
180808
180809
180810
180811
180812
180813
180814
180815
180816
180817
180819
180820
180988
180989
180990
180991
180992
180993
180994
180995
180996
180997
180998
180999
181000
181001
181002
181003
181004
181005
181006
181007
181008
181009
181010
181011
181013
181014
181179
181180
181181
181182
181183
181184
181185
181186
181187
181188
181189
181190
181191
181192
181193
181194
181195
181196
181197
181198
181199
181200
181201
181202
181204
181205
181370
181371
181372
181373
181374
181375
181376
181377
181378
181379
181380
181381
181382
181383
181384
181385
181386
181387
181388
181389
181390
181391
181392
181393
181395
181396
181561
181562
181563
181564
181565
181566
181567
181568
181569
181570
181571
181572
181573
181574
181575
181576
181577
181578
181579
181580
181581
181582
181583
181584
181586
181587
181752
181754
181755
181756
181757
181758
181759
181760
181761
181762
181763
181764
181765
181766
181767
181768
181769
181770
181771
181772
181773
181774
181775
181776
181777
181778
181780
181781
181946
181947
181948
181949
181950
181951
181952
181953
181954
181955
181956
181957
181958
181959
181960
181961
181962
181963
181964
181965
181966
181967
181968
181969
181971
181972
182137
182139
182140
182141
182142
182143
182144
182145
182146
182147
182148
182149
182150
182151
182152
182153
182154
182155
182156
182157
182158
182159
182160
182162
182163
182312
182313
182314
182315
182316
182317
182318
182319
182320
182321
182322
182323
182324
182325
182327
192387
192388
192391
192572
192573
192574
192575
192576
192577
192578
192579
192580
192581
192582
192583
192584
192585
192586
192587
192588
192589
192591
192763
192764
192765
192766
192767
192768
192769
192770
192771
192772
192773
192774
192775
192776
192777
192778
192779
192780
192781
192782
192783
192784
192785
192786
192788
192954
192955
192956
192957
192958
192959
192960
192961
192962
192963
192964
192965
192966
192967
192968
192969
192970
192971
192972
192973
192974
192975
192976
192977
192978
192979
192980
192982
192983
193145
193146
193147
193148
193149
193150
193151
193152
193153
193154
193155
193156
193157
193158
193159
193160
193161
193162
193163
193164
193165
193166
193167
193168
193169
193170
193171
193172
193173
193174
193176
193177
193336
193337
193338
193339
193340
193341
193342
193343
193344
193345
193346
193347
193348
193349
193350
193351
193352
193353
193354
193355
193356
193357
193358
193359
193360
193361
193362
193363
193364
193365
193367
193368
193527
193529
193530
193531
193532
193533
193534
193535
193536
193537
193538
193539
193540
193541
193542
193543
193544
193545
193546
193547
193548
193549
193550
193551
193552
193553
193554
193555
193556
193558
193559
193721
193722
193723
193724
193725
193726
193727
193728
193729
193730
193731
193732
193733
193734
193735
193736
193737
193738
193739
193740
193741
193742
193743
193744
193745
193746
193747
193749
193750
193912
193913
193914
193915
193916
193917
193918
193919
193920
193921
193922
193923
193924
193925
193926
193927
193928
193929
193930
193931
193932
193933
193934
193935
193936
193937
193938
193939
193940
193941
193943
193944
194103
194104
194105
194106
194107
194108
194109
194110
194111
194112
194113
194114
194115
194116
194117
194118
194119
194120
194121
194122
194123
194124
194125
194126
194127
194128
194129
194130
194131
194132
194134
194135
194294
194295
194296
194297
194298
194299
194300
194301
194302
194303
194304
194305
194306
194307
194308
194309
194310
194311
194312
194313
194314
194315
194316
194317
194318
194319
194320
194321
194322
194323
194325
194326
194468
194469
194470
194471
194472
194473
194474
194475
194476
194477
194478
194479
194480
194481
194482
194483
194484
194485
194486
194487
194489
204732
204733
204735
204736
204738
204739
204741
204742
204743
204744
204745
204746
204748
204923
204924
204926
204927
204928
204929
204930
204931
204932
204933
204934
204935
204936
204937
204938
204939
204940
204941
204942
204943
204945
205114
205115
205117
205118
205119
205120
205121
205122
205123
205124
205125
205126
205127
205128
205129
205130
205131
205132
205133
205134
205135
205136
205137
205138
205139
205140
205142
205305
205306
205307
205308
205309
205310
205311
205312
205313
205314
205315
205316
205317
205318
205319
205320
205321
205322
205323
205324
205325
205326
205327
205328
205329
205330
205331
205332
205333
205334
205336
205496
205497
205498
205499
205500
205501
205502
205503
205504
205505
205506
205507
205508
205509
205510
205511
205512
205513
205514
205515
205516
205517
205518
205519
205520
205521
205522
205523
205524
205525
205527
205687
205688
205689
205690
205691
205692
205693
205694
205695
205696
205697
205698
205699
205700
205701
205702
205703
205704
205705
205706
205707
205708
205709
205710
205711
205712
205713
205714
205715
205716
205718
205719
205878
205879
205880
205881
205882
205883
205884
205885
205886
205887
205888
205889
205890
205891
205892
205893
205894
205895
205896
205897
205898
205899
205900
205901
205902
205903
205904
205905
205906
205907
205909
205910
206069
206071
206072
206073
206074
206075
206076
206077
206078
206079
206080
206081
206082
206083
206084
206085
206086
206087
206088
206089
206090
206091
206092
206093
206094
206095
206096
206097
206098
206099
206100
206101
206103
206104
206263
206264
206265
206266
206267
206268
206269
206270
206271
206272
206273
206274
206275
206276
206277
206278
206279
206280
206281
206282
206283
206284
206285
206286
206287
206288
206289
206290
206291
206292
206294
206295
206454
206455
206456
206457
206458
206459
206460
206461
206462
206463
206464
206465
206466
206467
206468
206469
206470
206471
206472
206473
206474
206475
206476
206477
206478
206479
206480
206481
206482
206483
206485
206486
206628
206629
206630
206631
206632
206633
206634
206635
206636
206637
206638
206639
206640
206641
206642
206643
206644
206645
206646
206647
216901
216902
216905
217086
217087
217089
217090
217092
217093
217095
217096
217098
217099
217102
217277
217278
217280
217281
217283
217284
217286
217287
217289
217290
217292
217293
217295
217296
217299
217465
217466
217468
217469
217471
217472
217474
217475
217477
217478
217480
217481
217483
217484
217486
217487
217489
217490
217493
217656
217657
217659
217660
217662
217663
217665
217666
217668
217669
217670
217671
217672
217673
217674
217675
217676
217677
217678
217679
217680
217681
217684
217847
217848
217850
217851
217853
217854
217855
217856
217857
217858
217859
217860
217861
217862
217863
217864
217865
217866
217867
217868
217869
217870
217871
217872
217873
217874
217875
217878
218038
218039
218041
218042
218044
218045
218046
218047
218048
218049
218050
218051
218052
218053
218054
218055
218056
218057
218058
218059
218060
218061
218062
218063
218064
218065
218066
218067
218069
218229
218232
218233
218234
218235
218236
218237
218238
218239
218240
218241
218242
218243
218244
218245
218246
218247
218248
218249
218250
218251
218252
218253
218254
218255
218256
218257
218258
218259
218260
218263
218423
218424
218425
218426
218427
218428
218429
218430
218431
218432
218433
218434
218435
218436
218437
218438
218439
218440
218441
218442
218443
218444
218445
218446
218447
218448
218449
218450
218451
218452
218454
218614
218615
218617
218618
218619
218620
218621
218622
218623
218624
218625
218626
218627
218628
218629
218630
218631
218632
218633
218634
218635
218636
218637
218638
218639
218640
218641
218642
218643
218788
218790
218791
218792
218793
218794
218795
218796
218797
218798
218799
218800
218801
218802
218803
218804
218805
229828
229829
229831
229832
229834
229835
229838
230013
230014
230016
230017
230019
230020
230022
230023
230025
230026
230028
230029
230032
230204
230205
230207
230208
230210
230211
230213
230214
230216
230217
230219
230220
230222
230223
230226
230392
230393
230395
230396
230398
230399
230401
230402
230403
230404
230405
230406
230407
230408
230409
230410
230411
230412
230413
230414
230417
230583
230586
230587
230589
230590
230591
230592
230593
230594
230595
230596
230597
230598
230599
230600
230601
230602
230603
230604
230605
230606
230607
230608
230611
230777
230778
230780
230781
230782
230783
230784
230785
230786
230787
230788
230789
230790
230791
230792
230793
230794
230795
230796
230797
230798
230799
230950
230952
230953
230954
230955
230956
230957
230958
230959
230960
230961
230962
230963
242561
242562
242564
242565
242567
242568
242571
242749
242750
242752
242753
242755
242756
242758
242759
242761
242762
242765
242940
242941
242943
242944
242946
242947
242949
242950
242952
242953
242956
243112
243114
243116
243117
243118
243119
243120
255276
901572
901573
901584
901585
901586
901634
901635
901636
901637
901638
901648
901649
901650
901651
901697
901698
901699
901700
901701
901702
901703
901704
901711
901712
901713
901714
901715
901716
901761
901762
901763
901764
901765
901766
901767
901768
901769
901774
901775
901776
901777
901778
901779
901780
901825
901826
901827
901828
901829
901830
901831
901832
901833
901834
901837
901838
901839
901840
901841
901842
901843
901844
901845
901889
901890
901891
901892
901893
901894
901895
901896
901897
901898
901899
901901
901902
901903
901904
901905
901906
901907
901908
901909
901953
901954
901955
901956
901957
901958
901959
901960
901961
901962
901963
901966
901967
901968
901969
901970
901971
901972
902017
902018
902019
902020
902021
902022
902023
902024
902025
902026
902027
902030
902031
902032
902033
902034
902035
902036
902081
902082
902083
902084
902085
902086
902087
902088
902089
902090
902095
902096
902097
902098
902099
902145
902146
902147
902148
902149
902150
902151
902152
902153
902154
902159
902160
902161
902162
902209
902210
902211
902212
902213
902214
902215
902216
902217
902224
902225
902273
902274
902275
902276
902277
902278
902279
902280
902281
902338
902339
902340
902341
902342
902343
902344
902402
902403
902404
902405
902406
902466
902467
902468
902531
920064
920127
920128
920190
920191
920192
920253
920254
920255
920256
920316
920317
920318
920319
920320
920380
920381
920382
920383
920384
920444
920445
920446
920447
920448
920509
920510
920511
920512
920573
920574
920575
920576
920639
920640
-59961
-59962
-35084
-35087
-35090
-35093
35283
-35287
-35290
35480
-35484
-35485
35674
-35678
-35679
-35681
36062
-36066
36256
-36260
36418
36419
-47241
-47244
-47247
-47250
-47253
47443
-47447
-47448
-47450
-47453
47643
-47647
-47648
47837
-47841
48031
48222
-48226
48416
48576
48577
-59398
-59401
-59404
-59407
-59410
-59413
-59416
59606
59608
-59610
-59613
-59616
59806
59997
-60001
60191
60193
60382
60384
60734
-71558
-71561
-71564
-71567
-71570
-71573
71763
-71767
-71768
-71770
-71773
-71776
71966
72157
72348
72539
-72543
72733
72894
-83715
-83718
-83721
-83724
-83727
-83730
-83733
-83736
83926
-83930
-83933
-83936
84126
84317
84508
84699
-95875
-95878
-95881
-95884
-95887
-95890
-95893
-95896
-96062
-96063
96067
96086
-96090
-96093
-96096
96286
96477
96668
96859
-108038
-108041
-108044
-108047
-108050
-108225
-108226
108239
-120198
-120201
-120204
120394
120396
-120398
-132358
-132359
-132361
-132362
132551
-132555
-132556
-144327
-144328
-144330
-144331
144520
-144524
-144525
-192197
-192384
-192385
192389
192392
192592
192787
192789
-192791
192981
-192985
193175
193366
193557
194488
-204542
-204545
-204548
-204551
-204554
-204557
204734
204737
204740
204747
204749
-204751
-204754
204925
204944
204946
-204948
-204951
205116
205141
205143
-205145
205335
205337
205526
205528
205717
205908
-205912
206102
206293
206484
-206626
206648
206649
-216711
-216714
-216896
-216898
-216899
216903
216904
216906
-216908
-216911
-217083
217088
217091
217094
217097
217100
217101
217103
-217105
-217108
-217274
-217275
217279
217282
217285
217288
217291
217294
217297
217298
217300
-217302
-217462
217467
217470
217473
217476
217479
217482
217485
217488
217491
217492
217494
-217653
217658
217661
217664
217667
217682
217683
217685
-217687
-217844
217849
217852
217876
217877
217879
218040
218043
218068
218070
-218072
218231
218261
218262
218264
218453
218455
-218611
218616
218644
218645
218646
-218786
218789
218806
218807
-229638
-229641
-229644
-229647
-229823
-229825
-229826
229830
229833
229836
229837
229839
-229841
-230010
230015
230018
230021
230024
230027
230030
230031
230033
-230035
-230201
-230202
230206
230209
230212
230215
230218
230221
230224
230225
230227
-230389
230394
230397
230400
230415
230416
230418
-230420
-230580
230584
230585
230588
230609
230610
230612
-230774
230779
230800
230801
230802
230803
-230948
230951
230964
230965
-242371
-242374
-242377
-242380
-242558
-242559
242563
242566
242569
242570
242572
-242574
-242746
242751
242754
242757
242760
242763
242764
242766
-242937
242942
242945
242948
242951
242954
242955
242957
-243110
243113
243115
243121
243122
243123
-255107
-255110
-255274
255277
255278
255279
-192597
-96250
-11149
-11150
-11152
-11153
-11155
-11156
-11159
11345
-11349
-11350
-11352
-11353
11542
-11547
11733
-11737
-11738
-11741
11927
-11932
12090
-12093
-12095
23317
-23321
-23322
23511
-23515
-23516
169787
-169977
-169979
-156296
-156297
24256
-24259
182138
-182310
-182311
157824
-157994
-157995
181012
-181017
181203
-181208
-11712
-11713
-11714
-193142
120781
132936
-132940
-11336
-11337
-11338
-180434
-72309
-72500
-192569
-192760
121517
133323
133507
133514
-133676
133679
133681
145478
-145483
145667
145669
145670
-145837
-145839
157642
157829
-157834
157998
-158001
72895
85052
-11900
-11901
-11902
-12070
-12071
-23866
-23868
-24057
-24058
-24059
-24228
-36023
-36025
-36214
-36216
-36388
-36389
-59773
-59774
-59585
-59586
-11147
-11335
-11523
-11711
-11935
-12097
-23115
-23116
-23118
-23119
-23121
-23122
-23124
-23125
-23127
-23301
-23302
-23303
-23304
-23490
-23491
-23492
-23678
-23679
-23680
-23713
23899
-23903
-23904
24093
-24097
-24098
-35269
-35271
-35272
-35273
-35456
-35647
-35648
-35649
-35835
-35836
-35837
35871
-47428
-47429
-47430
-47616
-47617
-47618
-47804
-47805
-47806
-47992
-47993
-47994
-48180
-48371
48418
-48546
-60149
-60340
-60531
60573
60709
-71745
-71746
-71747
-71933
-71934
-71935
-72121
-72122
72505
-72691
72695
72696
72735
-72868
72871
-83902
-83903
-84090
-84281
-84282
-84469
84473
84474
-84663
-84854
84858
84890
-85030
96085
96088
96255
96282
96285
96288
-96441
96476
96479
-96632
96670
-96823
96828
96861
-97014
97019
97050
97052
97193
97212
97213
108240
108242
-108244
-108247
-108413
-108414
108433
108436
108437
108439
-108441
-108601
108606
108627
108630
108631
108633
-108635
-108792
108796
108797
108821
108824
108825
108827
-108986
109015
109016
109018
-109177
109181
109206
109207
109209
-109352
109355
109369
109370
109371
-120385
-120386
-120573
120578
120588
120590
-120592
-120764
120769
120782
120784
-120786
-120955
120960
120975
120976
120978
-120980
121151
121166
121169
121170
121172
121344
121360
121361
121363
-121514
121525
121526
121527
-132545
-132736
-132738
132745
-132927
-132929
-133118
-133120
133130
133132
-133309
133321
-133325
133515
133517
133682
133683
-144514
-144516
-144705
-144706
-144707
144714
-144719
-144893
144905
-144910
-145084
145096
-145101
-145275
145279
145287
-145292
-145469
-145471
-156294
-156299
-156300
-156482
-156483
-156484
-156485
156489
-156493
-156494
-156497
-156671
-156673
-156862
-156864
156877
-156882
-157053
-157055
157068
-157073
-157244
-157246
157259
-157264
-157435
-157437
157450
-157455
-157626
-157628
157630
157641
-157646
-157820
-157822
-157837
-158003
-168260
-168262
-168263
-168265
-168266
-168268
-168448
-168449
-168450
-168451
168458
-168462
-168463
-168465
-168466
-168637
-168639
168655
-168660
-168828
-168830
168846
-168850
-168851
-168854
-169019
-169021
169040
-169045
-169210
-169212
169231
-169236
-169401
-169403
169422
-169427
-169592
-169594
169613
-169618
-169621
-169783
169804
-169809
-169812
169995
-170000
-170003
170162
-170165
-170167
-180228
-180229
-180231
-180232
-180414
-180415
-180416
-180417
180424
-180428
-180429
-180431
-180432
-180603
-180605
180624
-180628
-180629
-180794
-180796
180818
-180822
-180823
-180985
-180987
-181176
-181178
-181367
-181369
181394
-181399
-181558
181585
-181589
-181590
-181749
181753
181779
-181784
-181943
-181945
181970
-181975
-182134
-182136
182161
-182166
-182309
182326
-182329
-192200
-192382
192390
-192394
-192397
-192400
192590
-192594
-192951
-193333
-193524
193528
-193718
-193720
193748
-193752
-193909
-193911
193942
-194100
194133
-194291
194324
-194466
-204729
-204920
-205111
-205302
-205493
-205684
-205875
-206066
206070
-206260
-206451
-218035
-218226
218230
-218420
156683
-156687
-156688
-180234
121345
133313
-133503
145473
-145663
-145665
-11524
-11525
-11526
-121146
-60706
23705
-23709
-23710
97018
-97190
169981
-170152
-170153
109182
121150
-121340
)


// ************************************************************************* //
