/*--------------------------------*- C++ -*----------------------------------*\
  =========                 |
  \\      /  F ield         | OpenFOAM: The Open Source CFD Toolbox
   \\    /   O peration     | Website:  https://openfoam.org
    \\  /    A nd           | Version:  6
     \\/     M anipulation  |
\*---------------------------------------------------------------------------*/
FoamFile
{
    version     2.0;
    format      ascii;
    class       faceList;
    location    "constant/region21/polyMesh";
    object      faces;
}
// * * * * * * * * * * * * * * * * * * * * * * * * * * * * * * * * * * * * * //


4530
(
4(1 6 69 60)
4(5 68 69 6)
4(59 60 69 68)
4(2 7 70 61)
4(6 69 70 7)
4(60 61 70 69)
4(7 70 71 8)
4(61 62 71 70)
4(5 13 79 68)
4(12 78 79 13)
4(67 68 79 78)
4(6 14 80 69)
4(13 79 80 14)
4(68 69 80 79)
4(7 15 81 70)
4(14 80 81 15)
4(69 70 81 80)
4(8 16 82 71)
4(15 81 82 16)
4(70 71 82 81)
4(9 17 83 72)
4(16 82 83 17)
4(71 72 83 82)
4(17 83 84 18)
4(72 73 84 83)
4(12 21 90 78)
4(20 89 90 21)
4(77 78 90 89)
4(13 22 91 79)
4(21 90 91 22)
4(78 79 91 90)
4(14 23 92 80)
4(22 91 92 23)
4(79 80 92 91)
4(15 24 93 81)
4(23 92 93 24)
4(80 81 93 92)
4(16 25 94 82)
4(24 93 94 25)
4(81 82 94 93)
4(17 26 95 83)
4(25 94 95 26)
4(82 83 95 94)
4(26 95 96 27)
4(83 84 96 95)
4(20 31 103 89)
4(30 102 103 31)
4(88 89 103 102)
4(21 32 104 90)
4(31 103 104 32)
4(89 90 104 103)
4(22 33 105 91)
4(32 104 105 33)
4(90 91 105 104)
4(23 34 106 92)
4(33 105 106 34)
4(91 92 106 105)
4(24 35 107 93)
4(34 106 107 35)
4(92 93 107 106)
4(25 36 108 94)
4(35 107 108 36)
4(93 94 108 107)
4(26 37 109 95)
4(36 108 109 37)
4(94 95 109 108)
4(27 38 110 96)
4(37 109 110 38)
4(95 96 110 109)
4(38 110 111 39)
4(96 97 111 110)
4(30 41 117 102)
4(101 102 117 116)
4(31 42 118 103)
4(102 103 118 117)
4(32 43 119 104)
4(103 104 119 118)
4(33 44 120 105)
4(104 105 120 119)
4(34 45 121 106)
4(105 106 121 120)
4(35 46 122 107)
4(106 107 122 121)
4(36 47 123 108)
4(107 108 123 122)
4(37 48 124 109)
4(108 109 124 123)
4(38 49 125 110)
4(109 110 125 124)
4(110 111 126 125)
4(52 59 147 138)
4(58 146 147 59)
4(137 138 147 146)
4(53 60 148 139)
4(59 147 148 60)
4(138 139 148 147)
4(54 61 149 140)
4(60 148 149 61)
4(139 140 149 148)
4(55 62 150 141)
4(61 149 150 62)
4(140 141 150 149)
4(62 150 151 63)
4(141 142 151 150)
4(58 67 157 146)
4(66 156 157 67)
4(145 146 157 156)
4(59 68 158 147)
4(67 157 158 68)
4(146 147 158 157)
4(60 69 159 148)
4(68 158 159 69)
4(147 148 159 158)
4(61 70 160 149)
4(69 159 160 70)
4(148 149 160 159)
4(62 71 161 150)
4(70 160 161 71)
4(149 150 161 160)
4(63 72 162 151)
4(71 161 162 72)
4(150 151 162 161)
4(72 162 163 73)
4(151 152 163 162)
4(66 77 170 156)
4(76 169 170 77)
4(155 156 170 169)
4(67 78 171 157)
4(77 170 171 78)
4(156 157 171 170)
4(68 79 172 158)
4(78 171 172 79)
4(157 158 172 171)
4(69 80 173 159)
4(79 172 173 80)
4(158 159 173 172)
4(70 81 174 160)
4(80 173 174 81)
4(159 160 174 173)
4(71 82 175 161)
4(81 174 175 82)
4(160 161 175 174)
4(72 83 176 162)
4(82 175 176 83)
4(161 162 176 175)
4(73 84 177 163)
4(83 176 177 84)
4(162 163 177 176)
4(84 177 178 85)
4(163 164 178 177)
4(76 88 183 169)
4(87 182 183 88)
4(168 169 183 182)
4(77 89 184 170)
4(88 183 184 89)
4(169 170 184 183)
4(78 90 185 171)
4(89 184 185 90)
4(170 171 185 184)
4(79 91 186 172)
4(90 185 186 91)
4(171 172 186 185)
4(80 92 187 173)
4(91 186 187 92)
4(172 173 187 186)
4(81 93 188 174)
4(92 187 188 93)
4(173 174 188 187)
4(82 94 189 175)
4(93 188 189 94)
4(174 175 189 188)
4(83 95 190 176)
4(94 189 190 95)
4(175 176 190 189)
4(84 96 191 177)
4(95 190 191 96)
4(176 177 191 190)
4(85 97 192 178)
4(96 191 192 97)
4(177 178 192 191)
4(97 192 193 98)
4(178 179 193 192)
4(88 102 198 183)
4(101 197 198 102)
4(182 183 198 197)
4(89 103 199 184)
4(102 198 199 103)
4(183 184 199 198)
4(90 104 200 185)
4(103 199 200 104)
4(184 185 200 199)
4(91 105 201 186)
4(104 200 201 105)
4(185 186 201 200)
4(92 106 202 187)
4(105 201 202 106)
4(186 187 202 201)
4(93 107 203 188)
4(106 202 203 107)
4(187 188 203 202)
4(94 108 204 189)
4(107 203 204 108)
4(188 189 204 203)
4(95 109 205 190)
4(108 204 205 109)
4(189 190 205 204)
4(96 110 206 191)
4(109 205 206 110)
4(190 191 206 205)
4(97 111 207 192)
4(110 206 207 111)
4(191 192 207 206)
4(98 112 208 193)
4(111 207 208 112)
4(192 193 208 207)
4(112 208 209 113)
4(193 194 209 208)
4(101 116 213 197)
4(196 197 213 212)
4(102 117 214 198)
4(197 198 214 213)
4(103 118 215 199)
4(198 199 215 214)
4(104 119 216 200)
4(199 200 216 215)
4(105 120 217 201)
4(200 201 217 216)
4(106 121 218 202)
4(201 202 218 217)
4(107 122 219 203)
4(202 203 219 218)
4(108 123 220 204)
4(203 204 220 219)
4(109 124 221 205)
4(204 205 221 220)
4(110 125 222 206)
4(205 206 222 221)
4(111 126 223 207)
4(206 207 223 222)
4(112 127 224 208)
4(207 208 224 223)
4(113 128 225 209)
4(208 209 225 224)
4(209 210 226 225)
4(131 138 237 230)
4(137 236 237 138)
4(229 230 237 236)
4(132 139 238 231)
4(138 237 238 139)
4(230 231 238 237)
4(133 140 239 232)
4(139 238 239 140)
4(231 232 239 238)
4(140 239 240 141)
4(232 233 240 239)
4(136 145 246 235)
4(144 245 246 145)
4(234 235 246 245)
4(137 146 247 236)
4(145 246 247 146)
4(235 236 247 246)
4(138 147 248 237)
4(146 247 248 147)
4(236 237 248 247)
4(139 148 249 238)
4(147 248 249 148)
4(237 238 249 248)
4(140 149 250 239)
4(148 249 250 149)
4(238 239 250 249)
4(141 150 251 240)
4(149 250 251 150)
4(239 240 251 250)
4(142 151 252 241)
4(150 251 252 151)
4(240 241 252 251)
4(151 252 253 152)
4(241 242 253 252)
4(145 156 259 246)
4(155 258 259 156)
4(245 246 259 258)
4(146 157 260 247)
4(156 259 260 157)
4(246 247 260 259)
4(147 158 261 248)
4(157 260 261 158)
4(247 248 261 260)
4(148 159 262 249)
4(158 261 262 159)
4(248 249 262 261)
4(149 160 263 250)
4(159 262 263 160)
4(249 250 263 262)
4(150 161 264 251)
4(160 263 264 161)
4(250 251 264 263)
4(151 162 265 252)
4(161 264 265 162)
4(251 252 265 264)
4(152 163 266 253)
4(162 265 266 163)
4(252 253 266 265)
4(163 266 267 164)
4(253 254 267 266)
4(155 169 273 258)
4(168 272 273 169)
4(257 258 273 272)
4(156 170 274 259)
4(169 273 274 170)
4(258 259 274 273)
4(157 171 275 260)
4(170 274 275 171)
4(259 260 275 274)
4(158 172 276 261)
4(171 275 276 172)
4(260 261 276 275)
4(159 173 277 262)
4(172 276 277 173)
4(261 262 277 276)
4(160 174 278 263)
4(173 277 278 174)
4(262 263 278 277)
4(161 175 279 264)
4(174 278 279 175)
4(263 264 279 278)
4(162 176 280 265)
4(175 279 280 176)
4(264 265 280 279)
4(163 177 281 266)
4(176 280 281 177)
4(265 266 281 280)
4(164 178 282 267)
4(177 281 282 178)
4(266 267 282 281)
4(165 179 283 268)
4(178 282 283 179)
4(267 268 283 282)
4(179 283 284 180)
4(268 269 284 283)
4(168 182 287 272)
4(181 286 287 182)
4(271 272 287 286)
4(169 183 288 273)
4(182 287 288 183)
4(272 273 288 287)
4(170 184 289 274)
4(183 288 289 184)
4(273 274 289 288)
4(171 185 290 275)
4(184 289 290 185)
4(274 275 290 289)
4(172 186 291 276)
4(185 290 291 186)
4(275 276 291 290)
4(173 187 292 277)
4(186 291 292 187)
4(276 277 292 291)
4(174 188 293 278)
4(187 292 293 188)
4(277 278 293 292)
4(175 189 294 279)
4(188 293 294 189)
4(278 279 294 293)
4(176 190 295 280)
4(189 294 295 190)
4(279 280 295 294)
4(177 191 296 281)
4(190 295 296 191)
4(280 281 296 295)
4(178 192 297 282)
4(191 296 297 192)
4(281 282 297 296)
4(179 193 298 283)
4(192 297 298 193)
4(282 283 298 297)
4(193 298 299 194)
4(283 284 299 298)
4(182 197 303 287)
4(196 302 303 197)
4(286 287 303 302)
4(183 198 304 288)
4(197 303 304 198)
4(287 288 304 303)
4(184 199 305 289)
4(198 304 305 199)
4(288 289 305 304)
4(185 200 306 290)
4(199 305 306 200)
4(289 290 306 305)
4(186 201 307 291)
4(200 306 307 201)
4(290 291 307 306)
4(187 202 308 292)
4(201 307 308 202)
4(291 292 308 307)
4(188 203 309 293)
4(202 308 309 203)
4(292 293 309 308)
4(189 204 310 294)
4(203 309 310 204)
4(293 294 310 309)
4(190 205 311 295)
4(204 310 311 205)
4(294 295 311 310)
4(191 206 312 296)
4(205 311 312 206)
4(295 296 312 311)
4(192 207 313 297)
4(206 312 313 207)
4(296 297 313 312)
4(193 208 314 298)
4(207 313 314 208)
4(297 298 314 313)
4(194 209 315 299)
4(208 314 315 209)
4(298 299 315 314)
4(209 315 316 210)
4(299 300 316 315)
4(197 213 320 303)
4(302 303 320 319)
4(198 214 321 304)
4(303 304 321 320)
4(199 215 322 305)
4(304 305 322 321)
4(200 216 323 306)
4(305 306 323 322)
4(201 217 324 307)
4(306 307 324 323)
4(202 218 325 308)
4(307 308 325 324)
4(203 219 326 309)
4(308 309 326 325)
4(204 220 327 310)
4(309 310 327 326)
4(205 221 328 311)
4(310 311 328 327)
4(206 222 329 312)
4(311 312 329 328)
4(207 223 330 313)
4(312 313 330 329)
4(208 224 331 314)
4(313 314 331 330)
4(209 225 332 315)
4(314 315 332 331)
4(210 226 333 316)
4(315 316 333 332)
4(229 236 346 337)
4(235 345 346 236)
4(336 337 346 345)
4(230 237 347 338)
4(236 346 347 237)
4(337 338 347 346)
4(231 238 348 339)
4(237 347 348 238)
4(338 339 348 347)
4(232 239 349 340)
4(238 348 349 239)
4(339 340 349 348)
4(239 349 350 240)
4(340 341 350 349)
4(235 246 358 345)
4(245 357 358 246)
4(344 345 358 357)
4(236 247 359 346)
4(246 358 359 247)
4(345 346 359 358)
4(237 248 360 347)
4(247 359 360 248)
4(346 347 360 359)
4(238 249 361 348)
4(248 360 361 249)
4(347 348 361 360)
4(239 250 362 349)
4(249 361 362 250)
4(348 349 362 361)
4(240 251 363 350)
4(250 362 363 251)
4(349 350 363 362)
4(241 252 364 351)
4(251 363 364 252)
4(350 351 364 363)
4(242 253 365 352)
4(252 364 365 253)
4(351 352 365 364)
4(253 365 366 254)
4(352 353 366 365)
4(245 258 371 357)
4(257 370 371 258)
4(356 357 371 370)
4(246 259 372 358)
4(258 371 372 259)
4(357 358 372 371)
4(247 260 373 359)
4(259 372 373 260)
4(358 359 373 372)
4(248 261 374 360)
4(260 373 374 261)
4(359 360 374 373)
4(249 262 375 361)
4(261 374 375 262)
4(360 361 375 374)
4(250 263 376 362)
4(262 375 376 263)
4(361 362 376 375)
4(251 264 377 363)
4(263 376 377 264)
4(362 363 377 376)
4(252 265 378 364)
4(264 377 378 265)
4(363 364 378 377)
4(253 266 379 365)
4(265 378 379 266)
4(364 365 379 378)
4(254 267 380 366)
4(266 379 380 267)
4(365 366 380 379)
4(267 380 381 268)
4(366 367 381 380)
4(257 272 385 370)
4(271 384 385 272)
4(369 370 385 384)
4(258 273 386 371)
4(272 385 386 273)
4(370 371 386 385)
4(259 274 387 372)
4(273 386 387 274)
4(371 372 387 386)
4(260 275 388 373)
4(274 387 388 275)
4(372 373 388 387)
4(261 276 389 374)
4(275 388 389 276)
4(373 374 389 388)
4(262 277 390 375)
4(276 389 390 277)
4(374 375 390 389)
4(263 278 391 376)
4(277 390 391 278)
4(375 376 391 390)
4(264 279 392 377)
4(278 391 392 279)
4(376 377 392 391)
4(265 280 393 378)
4(279 392 393 280)
4(377 378 393 392)
4(266 281 394 379)
4(280 393 394 281)
4(378 379 394 393)
4(267 282 395 380)
4(281 394 395 282)
4(379 380 395 394)
4(268 283 396 381)
4(282 395 396 283)
4(380 381 396 395)
4(283 396 397 284)
4(381 382 397 396)
4(271 286 399 384)
4(285 398 399 286)
4(383 384 399 398)
4(272 287 400 385)
4(286 399 400 287)
4(384 385 400 399)
4(273 288 401 386)
4(287 400 401 288)
4(385 386 401 400)
4(274 289 402 387)
4(288 401 402 289)
4(386 387 402 401)
4(275 290 403 388)
4(289 402 403 290)
4(387 388 403 402)
4(276 291 404 389)
4(290 403 404 291)
4(388 389 404 403)
4(277 292 405 390)
4(291 404 405 292)
4(389 390 405 404)
4(278 293 406 391)
4(292 405 406 293)
4(390 391 406 405)
4(279 294 407 392)
4(293 406 407 294)
4(391 392 407 406)
4(280 295 408 393)
4(294 407 408 295)
4(392 393 408 407)
4(281 296 409 394)
4(295 408 409 296)
4(393 394 409 408)
4(282 297 410 395)
4(296 409 410 297)
4(394 395 410 409)
4(283 298 411 396)
4(297 410 411 298)
4(395 396 411 410)
4(298 411 412 299)
4(396 397 412 411)
4(286 302 415 399)
4(301 414 415 302)
4(398 399 415 414)
4(287 303 416 400)
4(302 415 416 303)
4(399 400 416 415)
4(288 304 417 401)
4(303 416 417 304)
4(400 401 417 416)
4(289 305 418 402)
4(304 417 418 305)
4(401 402 418 417)
4(290 306 419 403)
4(305 418 419 306)
4(402 403 419 418)
4(291 307 420 404)
4(306 419 420 307)
4(403 404 420 419)
4(292 308 421 405)
4(307 420 421 308)
4(404 405 421 420)
4(293 309 422 406)
4(308 421 422 309)
4(405 406 422 421)
4(294 310 423 407)
4(309 422 423 310)
4(406 407 423 422)
4(295 311 424 408)
4(310 423 424 311)
4(407 408 424 423)
4(296 312 425 409)
4(311 424 425 312)
4(408 409 425 424)
4(297 313 426 410)
4(312 425 426 313)
4(409 410 426 425)
4(298 314 427 411)
4(313 426 427 314)
4(410 411 427 426)
4(299 315 428 412)
4(314 427 428 315)
4(411 412 428 427)
4(315 428 429 316)
4(302 319 431 415)
4(414 415 431 430)
4(303 320 432 416)
4(415 416 432 431)
4(304 321 433 417)
4(416 417 433 432)
4(305 322 434 418)
4(417 418 434 433)
4(306 323 435 419)
4(418 419 435 434)
4(307 324 436 420)
4(419 420 436 435)
4(308 325 437 421)
4(420 421 437 436)
4(309 326 438 422)
4(421 422 438 437)
4(310 327 439 423)
4(422 423 439 438)
4(311 328 440 424)
4(423 424 440 439)
4(312 329 441 425)
4(424 425 441 440)
4(313 330 442 426)
4(425 426 442 441)
4(314 331 443 427)
4(426 427 443 442)
4(315 332 444 428)
4(427 428 444 443)
4(336 345 456 447)
4(344 455 456 345)
4(446 447 456 455)
4(337 346 457 448)
4(345 456 457 346)
4(447 448 457 456)
4(338 347 458 449)
4(346 457 458 347)
4(448 449 458 457)
4(339 348 459 450)
4(347 458 459 348)
4(449 450 459 458)
4(340 349 460 451)
4(348 459 460 349)
4(450 451 460 459)
4(341 350 461 452)
4(349 460 461 350)
4(451 452 461 460)
4(350 461 462 351)
4(344 357 468 455)
4(356 467 468 357)
4(454 455 468 467)
4(345 358 469 456)
4(357 468 469 358)
4(455 456 469 468)
4(346 359 470 457)
4(358 469 470 359)
4(456 457 470 469)
4(347 360 471 458)
4(359 470 471 360)
4(457 458 471 470)
4(348 361 472 459)
4(360 471 472 361)
4(458 459 472 471)
4(349 362 473 460)
4(361 472 473 362)
4(459 460 473 472)
4(350 363 474 461)
4(362 473 474 363)
4(460 461 474 473)
4(351 364 475 462)
4(363 474 475 364)
4(461 462 475 474)
4(352 365 476 463)
4(364 475 476 365)
4(462 463 476 475)
4(353 366 477 464)
4(365 476 477 366)
4(463 464 477 476)
4(366 477 478 367)
4(464 465 478 477)
4(356 370 481 467)
4(369 480 481 370)
4(466 467 481 480)
4(357 371 482 468)
4(370 481 482 371)
4(467 468 482 481)
4(358 372 483 469)
4(371 482 483 372)
4(468 469 483 482)
4(359 373 484 470)
4(372 483 484 373)
4(469 470 484 483)
4(360 374 485 471)
4(373 484 485 374)
4(470 471 485 484)
4(361 375 486 472)
4(374 485 486 375)
4(471 472 486 485)
4(362 376 487 473)
4(375 486 487 376)
4(472 473 487 486)
4(363 377 488 474)
4(376 487 488 377)
4(473 474 488 487)
4(364 378 489 475)
4(377 488 489 378)
4(474 475 489 488)
4(365 379 490 476)
4(378 489 490 379)
4(475 476 490 489)
4(366 380 491 477)
4(379 490 491 380)
4(476 477 491 490)
4(380 491 492 381)
4(477 478 492 491)
4(369 384 495 480)
4(383 494 495 384)
4(479 480 495 494)
4(370 385 496 481)
4(384 495 496 385)
4(480 481 496 495)
4(371 386 497 482)
4(385 496 497 386)
4(481 482 497 496)
4(372 387 498 483)
4(386 497 498 387)
4(482 483 498 497)
4(373 388 499 484)
4(387 498 499 388)
4(483 484 499 498)
4(374 389 500 485)
4(388 499 500 389)
4(484 485 500 499)
4(375 390 501 486)
4(389 500 501 390)
4(485 486 501 500)
4(376 391 502 487)
4(390 501 502 391)
4(486 487 502 501)
4(377 392 503 488)
4(391 502 503 392)
4(487 488 503 502)
4(378 393 504 489)
4(392 503 504 393)
4(488 489 504 503)
4(379 394 505 490)
4(393 504 505 394)
4(489 490 505 504)
4(380 395 506 491)
4(394 505 506 395)
4(490 491 506 505)
4(381 396 507 492)
4(395 506 507 396)
4(491 492 507 506)
4(396 507 508 397)
4(384 399 510 495)
4(398 509 510 399)
4(494 495 510 509)
4(385 400 511 496)
4(399 510 511 400)
4(495 496 511 510)
4(386 401 512 497)
4(400 511 512 401)
4(496 497 512 511)
4(387 402 513 498)
4(401 512 513 402)
4(497 498 513 512)
4(388 403 514 499)
4(402 513 514 403)
4(498 499 514 513)
4(389 404 515 500)
4(403 514 515 404)
4(499 500 515 514)
4(390 405 516 501)
4(404 515 516 405)
4(500 501 516 515)
4(391 406 517 502)
4(405 516 517 406)
4(501 502 517 516)
4(392 407 518 503)
4(406 517 518 407)
4(502 503 518 517)
4(393 408 519 504)
4(407 518 519 408)
4(503 504 519 518)
4(394 409 520 505)
4(408 519 520 409)
4(504 505 520 519)
4(395 410 521 506)
4(409 520 521 410)
4(505 506 521 520)
4(396 411 522 507)
4(410 521 522 411)
4(506 507 522 521)
4(411 522 523 412)
4(399 415 525 510)
4(414 524 525 415)
4(509 510 525 524)
4(400 416 526 511)
4(415 525 526 416)
4(510 511 526 525)
4(401 417 527 512)
4(416 526 527 417)
4(511 512 527 526)
4(402 418 528 513)
4(417 527 528 418)
4(512 513 528 527)
4(403 419 529 514)
4(418 528 529 419)
4(513 514 529 528)
4(404 420 530 515)
4(419 529 530 420)
4(514 515 530 529)
4(405 421 531 516)
4(420 530 531 421)
4(515 516 531 530)
4(406 422 532 517)
4(421 531 532 422)
4(516 517 532 531)
4(407 423 533 518)
4(422 532 533 423)
4(517 518 533 532)
4(408 424 534 519)
4(423 533 534 424)
4(518 519 534 533)
4(409 425 535 520)
4(424 534 535 425)
4(519 520 535 534)
4(410 426 536 521)
4(425 535 536 426)
4(520 521 536 535)
4(411 427 537 522)
4(426 536 537 427)
4(521 522 537 536)
4(427 537 538 428)
4(522 523 538 537)
4(415 431 540 525)
4(416 432 541 526)
4(525 526 541 540)
4(417 433 542 527)
4(526 527 542 541)
4(418 434 543 528)
4(527 528 543 542)
4(419 435 544 529)
4(528 529 544 543)
4(420 436 545 530)
4(529 530 545 544)
4(421 437 546 531)
4(530 531 546 545)
4(422 438 547 532)
4(531 532 547 546)
4(423 439 548 533)
4(532 533 548 547)
4(424 440 549 534)
4(533 534 549 548)
4(425 441 550 535)
4(534 535 550 549)
4(426 442 551 536)
4(535 536 551 550)
4(427 443 552 537)
4(536 537 552 551)
4(537 538 553 552)
4(447 456 566 556)
4(455 565 566 456)
4(555 556 566 565)
4(448 457 567 557)
4(456 566 567 457)
4(556 557 567 566)
4(449 458 568 558)
4(457 567 568 458)
4(557 558 568 567)
4(450 459 569 559)
4(458 568 569 459)
4(558 559 569 568)
4(451 460 570 560)
4(459 569 570 460)
4(559 560 570 569)
4(460 570 571 461)
4(560 561 571 570)
4(455 468 578 565)
4(467 577 578 468)
4(564 565 578 577)
4(456 469 579 566)
4(468 578 579 469)
4(565 566 579 578)
4(457 470 580 567)
4(469 579 580 470)
4(566 567 580 579)
4(458 471 581 568)
4(470 580 581 471)
4(567 568 581 580)
4(459 472 582 569)
4(471 581 582 472)
4(568 569 582 581)
4(460 473 583 570)
4(472 582 583 473)
4(569 570 583 582)
4(461 474 584 571)
4(473 583 584 474)
4(570 571 584 583)
4(462 475 585 572)
4(474 584 585 475)
4(571 572 585 584)
4(463 476 586 573)
4(475 585 586 476)
4(572 573 586 585)
4(464 477 587 574)
4(476 586 587 477)
4(573 574 587 586)
4(477 587 588 478)
4(574 575 588 587)
4(467 481 591 577)
4(480 590 591 481)
4(576 577 591 590)
4(468 482 592 578)
4(481 591 592 482)
4(577 578 592 591)
4(469 483 593 579)
4(482 592 593 483)
4(578 579 593 592)
4(470 484 594 580)
4(483 593 594 484)
4(579 580 594 593)
4(471 485 595 581)
4(484 594 595 485)
4(580 581 595 594)
4(472 486 596 582)
4(485 595 596 486)
4(581 582 596 595)
4(473 487 597 583)
4(486 596 597 487)
4(582 583 597 596)
4(474 488 598 584)
4(487 597 598 488)
4(583 584 598 597)
4(475 489 599 585)
4(488 598 599 489)
4(584 585 599 598)
4(476 490 600 586)
4(489 599 600 490)
4(585 586 600 599)
4(477 491 601 587)
4(490 600 601 491)
4(586 587 601 600)
4(491 601 602 492)
4(587 588 602 601)
4(480 495 604 590)
4(494 603 604 495)
4(589 590 604 603)
4(481 496 605 591)
4(495 604 605 496)
4(590 591 605 604)
4(482 497 606 592)
4(496 605 606 497)
4(591 592 606 605)
4(483 498 607 593)
4(497 606 607 498)
4(592 593 607 606)
4(484 499 608 594)
4(498 607 608 499)
4(593 594 608 607)
4(485 500 609 595)
4(499 608 609 500)
4(594 595 609 608)
4(486 501 610 596)
4(500 609 610 501)
4(595 596 610 609)
4(487 502 611 597)
4(501 610 611 502)
4(596 597 611 610)
4(488 503 612 598)
4(502 611 612 503)
4(597 598 612 611)
4(489 504 613 599)
4(503 612 613 504)
4(598 599 613 612)
4(490 505 614 600)
4(504 613 614 505)
4(599 600 614 613)
4(491 506 615 601)
4(505 614 615 506)
4(600 601 615 614)
4(506 615 616 507)
4(601 602 616 615)
4(495 510 618 604)
4(509 617 618 510)
4(496 511 619 605)
4(510 618 619 511)
4(604 605 619 618)
4(497 512 620 606)
4(511 619 620 512)
4(605 606 620 619)
4(498 513 621 607)
4(512 620 621 513)
4(606 607 621 620)
4(499 514 622 608)
4(513 621 622 514)
4(607 608 622 621)
4(500 515 623 609)
4(514 622 623 515)
4(608 609 623 622)
4(501 516 624 610)
4(515 623 624 516)
4(609 610 624 623)
4(502 517 625 611)
4(516 624 625 517)
4(610 611 625 624)
4(503 518 626 612)
4(517 625 626 518)
4(611 612 626 625)
4(504 519 627 613)
4(518 626 627 519)
4(612 613 627 626)
4(505 520 628 614)
4(519 627 628 520)
4(613 614 628 627)
4(506 521 629 615)
4(520 628 629 521)
4(614 615 629 628)
4(521 629 630 522)
4(615 616 630 629)
4(510 525 633 618)
4(511 526 634 619)
4(525 633 634 526)
4(618 619 634 633)
4(512 527 635 620)
4(526 634 635 527)
4(619 620 635 634)
4(513 528 636 621)
4(527 635 636 528)
4(620 621 636 635)
4(514 529 637 622)
4(528 636 637 529)
4(621 622 637 636)
4(515 530 638 623)
4(529 637 638 530)
4(622 623 638 637)
4(516 531 639 624)
4(530 638 639 531)
4(623 624 639 638)
4(517 532 640 625)
4(531 639 640 532)
4(624 625 640 639)
4(518 533 641 626)
4(532 640 641 533)
4(625 626 641 640)
4(519 534 642 627)
4(533 641 642 534)
4(626 627 642 641)
4(520 535 643 628)
4(534 642 643 535)
4(627 628 643 642)
4(521 536 644 629)
4(535 643 644 536)
4(628 629 644 643)
4(522 537 645 630)
4(536 644 645 537)
4(629 630 645 644)
4(537 645 646 538)
4(526 541 648 634)
4(527 542 649 635)
4(634 635 649 648)
4(528 543 650 636)
4(635 636 650 649)
4(529 544 651 637)
4(636 637 651 650)
4(530 545 652 638)
4(637 638 652 651)
4(531 546 653 639)
4(638 639 653 652)
4(532 547 654 640)
4(639 640 654 653)
4(533 548 655 641)
4(640 641 655 654)
4(534 549 656 642)
4(641 642 656 655)
4(535 550 657 643)
4(642 643 657 656)
4(536 551 658 644)
4(643 644 658 657)
4(537 552 659 645)
4(644 645 659 658)
4(555 565 672 662)
4(564 671 672 565)
4(661 662 672 671)
4(556 566 673 663)
4(565 672 673 566)
4(662 663 673 672)
4(557 567 674 664)
4(566 673 674 567)
4(663 664 674 673)
4(558 568 675 665)
4(567 674 675 568)
4(664 665 675 674)
4(559 569 676 666)
4(568 675 676 569)
4(665 666 676 675)
4(560 570 677 667)
4(569 676 677 570)
4(666 667 677 676)
4(561 571 678 668)
4(570 677 678 571)
4(667 668 678 677)
4(571 678 679 572)
4(668 669 679 678)
4(564 577 684 671)
4(576 683 684 577)
4(670 671 684 683)
4(565 578 685 672)
4(577 684 685 578)
4(671 672 685 684)
4(566 579 686 673)
4(578 685 686 579)
4(672 673 686 685)
4(567 580 687 674)
4(579 686 687 580)
4(673 674 687 686)
4(568 581 688 675)
4(580 687 688 581)
4(674 675 688 687)
4(569 582 689 676)
4(581 688 689 582)
4(675 676 689 688)
4(570 583 690 677)
4(582 689 690 583)
4(676 677 690 689)
4(571 584 691 678)
4(583 690 691 584)
4(677 678 691 690)
4(572 585 692 679)
4(584 691 692 585)
4(678 679 692 691)
4(573 586 693 680)
4(585 692 693 586)
4(679 680 693 692)
4(574 587 694 681)
4(586 693 694 587)
4(680 681 694 693)
4(587 694 695 588)
4(681 682 695 694)
4(577 591 698 684)
4(590 697 698 591)
4(683 684 698 697)
4(578 592 699 685)
4(591 698 699 592)
4(684 685 699 698)
4(579 593 700 686)
4(592 699 700 593)
4(685 686 700 699)
4(580 594 701 687)
4(593 700 701 594)
4(686 687 701 700)
4(581 595 702 688)
4(594 701 702 595)
4(687 688 702 701)
4(582 596 703 689)
4(595 702 703 596)
4(688 689 703 702)
4(583 597 704 690)
4(596 703 704 597)
4(689 690 704 703)
4(584 598 705 691)
4(597 704 705 598)
4(690 691 705 704)
4(585 599 706 692)
4(598 705 706 599)
4(691 692 706 705)
4(586 600 707 693)
4(599 706 707 600)
4(692 693 707 706)
4(587 601 708 694)
4(600 707 708 601)
4(693 694 708 707)
4(601 708 709 602)
4(694 695 709 708)
4(590 604 711 697)
4(591 605 712 698)
4(604 711 712 605)
4(697 698 712 711)
4(592 606 713 699)
4(605 712 713 606)
4(698 699 713 712)
4(593 607 714 700)
4(606 713 714 607)
4(699 700 714 713)
4(594 608 715 701)
4(607 714 715 608)
4(700 701 715 714)
4(595 609 716 702)
4(608 715 716 609)
4(701 702 716 715)
4(596 610 717 703)
4(609 716 717 610)
4(702 703 717 716)
4(597 611 718 704)
4(610 717 718 611)
4(703 704 718 717)
4(598 612 719 705)
4(611 718 719 612)
4(704 705 719 718)
4(599 613 720 706)
4(612 719 720 613)
4(705 706 720 719)
4(600 614 721 707)
4(613 720 721 614)
4(706 707 721 720)
4(601 615 722 708)
4(614 721 722 615)
4(707 708 722 721)
4(615 722 723 616)
4(708 709 723 722)
4(605 619 725 712)
4(618 724 725 619)
4(711 712 725 724)
4(606 620 726 713)
4(619 725 726 620)
4(712 713 726 725)
4(607 621 727 714)
4(620 726 727 621)
4(713 714 727 726)
4(608 622 728 715)
4(621 727 728 622)
4(714 715 728 727)
4(609 623 729 716)
4(622 728 729 623)
4(715 716 729 728)
4(610 624 730 717)
4(623 729 730 624)
4(716 717 730 729)
4(611 625 731 718)
4(624 730 731 625)
4(717 718 731 730)
4(612 626 732 719)
4(625 731 732 626)
4(718 719 732 731)
4(613 627 733 720)
4(626 732 733 627)
4(719 720 733 732)
4(614 628 734 721)
4(627 733 734 628)
4(720 721 734 733)
4(615 629 735 722)
4(628 734 735 629)
4(721 722 735 734)
4(629 735 736 630)
4(722 723 736 735)
4(619 634 738 725)
4(724 725 738 737)
4(620 635 739 726)
4(634 738 739 635)
4(725 726 739 738)
4(621 636 740 727)
4(635 739 740 636)
4(726 727 740 739)
4(622 637 741 728)
4(636 740 741 637)
4(727 728 741 740)
4(623 638 742 729)
4(637 741 742 638)
4(728 729 742 741)
4(624 639 743 730)
4(638 742 743 639)
4(729 730 743 742)
4(625 640 744 731)
4(639 743 744 640)
4(730 731 744 743)
4(626 641 745 732)
4(640 744 745 641)
4(731 732 745 744)
4(627 642 746 733)
4(641 745 746 642)
4(732 733 746 745)
4(628 643 747 734)
4(642 746 747 643)
4(733 734 747 746)
4(629 644 748 735)
4(643 747 748 644)
4(734 735 748 747)
4(644 748 749 645)
4(735 736 749 748)
4(635 649 751 739)
4(738 739 751 750)
4(636 650 752 740)
4(739 740 752 751)
4(637 651 753 741)
4(740 741 753 752)
4(638 652 754 742)
4(741 742 754 753)
4(639 653 755 743)
4(742 743 755 754)
4(640 654 756 744)
4(743 744 756 755)
4(641 655 757 745)
4(744 745 757 756)
4(642 656 758 746)
4(745 746 758 757)
4(643 657 759 747)
4(746 747 759 758)
4(644 658 760 748)
4(747 748 760 759)
4(748 749 761 760)
4(662 672 773 763)
4(671 772 773 672)
4(663 673 774 764)
4(672 773 774 673)
4(763 764 774 773)
4(664 674 775 765)
4(673 774 775 674)
4(764 765 775 774)
4(665 675 776 766)
4(674 775 776 675)
4(765 766 776 775)
4(666 676 777 767)
4(675 776 777 676)
4(766 767 777 776)
4(667 677 778 768)
4(676 777 778 677)
4(767 768 778 777)
4(668 678 779 769)
4(677 778 779 678)
4(678 779 780 679)
4(671 684 785 772)
4(683 784 785 684)
4(672 685 786 773)
4(684 785 786 685)
4(772 773 786 785)
4(673 686 787 774)
4(685 786 787 686)
4(773 774 787 786)
4(674 687 788 775)
4(686 787 788 687)
4(774 775 788 787)
4(675 688 789 776)
4(687 788 789 688)
4(775 776 789 788)
4(676 689 790 777)
4(688 789 790 689)
4(776 777 790 789)
4(677 690 791 778)
4(689 790 791 690)
4(777 778 791 790)
4(678 691 792 779)
4(690 791 792 691)
4(778 779 792 791)
4(679 692 793 780)
4(691 792 793 692)
4(779 780 793 792)
4(680 693 794 781)
4(692 793 794 693)
4(681 694 795 782)
4(693 794 795 694)
4(694 795 796 695)
4(684 698 798 785)
4(697 797 798 698)
4(784 785 798 797)
4(685 699 799 786)
4(698 798 799 699)
4(785 786 799 798)
4(686 700 800 787)
4(699 799 800 700)
4(786 787 800 799)
4(687 701 801 788)
4(700 800 801 701)
4(787 788 801 800)
4(688 702 802 789)
4(701 801 802 702)
4(788 789 802 801)
4(689 703 803 790)
4(702 802 803 703)
4(789 790 803 802)
4(690 704 804 791)
4(703 803 804 704)
4(790 791 804 803)
4(691 705 805 792)
4(704 804 805 705)
4(791 792 805 804)
4(692 706 806 793)
4(705 805 806 706)
4(792 793 806 805)
4(693 707 807 794)
4(706 806 807 707)
4(793 794 807 806)
4(694 708 808 795)
4(707 807 808 708)
4(708 808 809 709)
4(698 712 811 798)
4(711 810 811 712)
4(797 798 811 810)
4(699 713 812 799)
4(712 811 812 713)
4(798 799 812 811)
4(700 714 813 800)
4(713 812 813 714)
4(799 800 813 812)
4(701 715 814 801)
4(714 813 814 715)
4(800 801 814 813)
4(702 716 815 802)
4(715 814 815 716)
4(801 802 815 814)
4(703 717 816 803)
4(716 815 816 717)
4(802 803 816 815)
4(704 718 817 804)
4(717 816 817 718)
4(803 804 817 816)
4(705 719 818 805)
4(718 817 818 719)
4(804 805 818 817)
4(706 720 819 806)
4(719 818 819 720)
4(805 806 819 818)
4(707 721 820 807)
4(720 819 820 721)
4(806 807 820 819)
4(708 722 821 808)
4(721 820 821 722)
4(807 808 821 820)
4(722 821 822 723)
4(712 725 824 811)
4(724 823 824 725)
4(713 726 825 812)
4(725 824 825 726)
4(811 812 825 824)
4(714 727 826 813)
4(726 825 826 727)
4(812 813 826 825)
4(715 728 827 814)
4(727 826 827 728)
4(813 814 827 826)
4(716 729 828 815)
4(728 827 828 729)
4(814 815 828 827)
4(717 730 829 816)
4(729 828 829 730)
4(815 816 829 828)
4(718 731 830 817)
4(730 829 830 731)
4(816 817 830 829)
4(719 732 831 818)
4(731 830 831 732)
4(817 818 831 830)
4(720 733 832 819)
4(732 831 832 733)
4(818 819 832 831)
4(721 734 833 820)
4(733 832 833 734)
4(819 820 833 832)
4(722 735 834 821)
4(734 833 834 735)
4(820 821 834 833)
4(735 834 835 736)
4(725 738 837 824)
4(726 739 838 825)
4(738 837 838 739)
4(824 825 838 837)
4(727 740 839 826)
4(739 838 839 740)
4(825 826 839 838)
4(728 741 840 827)
4(740 839 840 741)
4(826 827 840 839)
4(729 742 841 828)
4(741 840 841 742)
4(827 828 841 840)
4(730 743 842 829)
4(742 841 842 743)
4(828 829 842 841)
4(731 744 843 830)
4(743 842 843 744)
4(829 830 843 842)
4(732 745 844 831)
4(744 843 844 745)
4(830 831 844 843)
4(733 746 845 832)
4(745 844 845 746)
4(831 832 845 844)
4(734 747 846 833)
4(746 845 846 747)
4(832 833 846 845)
4(735 748 847 834)
4(747 846 847 748)
4(833 834 847 846)
4(748 847 848 749)
4(739 751 850 838)
4(740 752 851 839)
4(838 839 851 850)
4(741 753 852 840)
4(839 840 852 851)
4(742 754 853 841)
4(840 841 853 852)
4(743 755 854 842)
4(841 842 854 853)
4(744 756 855 843)
4(842 843 855 854)
4(745 757 856 844)
4(843 844 856 855)
4(746 758 857 845)
4(844 845 857 856)
4(747 759 858 846)
4(845 846 858 857)
4(748 760 859 847)
4(846 847 859 858)
4(764 774 869 862)
4(773 868 869 774)
4(861 862 869 868)
4(765 775 870 863)
4(774 869 870 775)
4(862 863 870 869)
4(766 776 871 864)
4(775 870 871 776)
4(863 864 871 870)
4(767 777 872 865)
4(776 871 872 777)
4(777 872 873 778)
4(773 786 878 868)
4(785 877 878 786)
4(867 868 878 877)
4(774 787 879 869)
4(786 878 879 787)
4(868 869 879 878)
4(775 788 880 870)
4(787 879 880 788)
4(869 870 880 879)
4(776 789 881 871)
4(788 880 881 789)
4(870 871 881 880)
4(777 790 882 872)
4(789 881 882 790)
4(871 872 882 881)
4(778 791 883 873)
4(790 882 883 791)
4(779 792 884 874)
4(791 883 884 792)
4(792 884 885 793)
4(785 798 888 877)
4(797 887 888 798)
4(786 799 889 878)
4(798 888 889 799)
4(877 878 889 888)
4(787 800 890 879)
4(799 889 890 800)
4(878 879 890 889)
4(788 801 891 880)
4(800 890 891 801)
4(879 880 891 890)
4(789 802 892 881)
4(801 891 892 802)
4(880 881 892 891)
4(790 803 893 882)
4(802 892 893 803)
4(881 882 893 892)
4(791 804 894 883)
4(803 893 894 804)
4(882 883 894 893)
4(792 805 895 884)
4(804 894 895 805)
4(793 806 896 885)
4(805 895 896 806)
4(806 896 897 807)
4(798 811 900 888)
4(799 812 901 889)
4(811 900 901 812)
4(888 889 901 900)
4(800 813 902 890)
4(812 901 902 813)
4(889 890 902 901)
4(801 814 903 891)
4(813 902 903 814)
4(890 891 903 902)
4(802 815 904 892)
4(814 903 904 815)
4(891 892 904 903)
4(803 816 905 893)
4(815 904 905 816)
4(892 893 905 904)
4(804 817 906 894)
4(816 905 906 817)
4(893 894 906 905)
4(805 818 907 895)
4(817 906 907 818)
4(894 895 907 906)
4(806 819 908 896)
4(818 907 908 819)
4(807 820 909 897)
4(819 908 909 820)
4(820 909 910 821)
4(812 825 912 901)
4(824 911 912 825)
4(900 901 912 911)
4(813 826 913 902)
4(825 912 913 826)
4(901 902 913 912)
4(814 827 914 903)
4(826 913 914 827)
4(902 903 914 913)
4(815 828 915 904)
4(827 914 915 828)
4(903 904 915 914)
4(816 829 916 905)
4(828 915 916 829)
4(904 905 916 915)
4(817 830 917 906)
4(829 916 917 830)
4(905 906 917 916)
4(818 831 918 907)
4(830 917 918 831)
4(906 907 918 917)
4(819 832 919 908)
4(831 918 919 832)
4(907 908 919 918)
4(820 833 920 909)
4(832 919 920 833)
4(833 920 921 834)
4(825 838 923 912)
4(826 839 924 913)
4(838 923 924 839)
4(912 913 924 923)
4(827 840 925 914)
4(839 924 925 840)
4(913 914 925 924)
4(828 841 926 915)
4(840 925 926 841)
4(914 915 926 925)
4(829 842 927 916)
4(841 926 927 842)
4(915 916 927 926)
4(830 843 928 917)
4(842 927 928 843)
4(916 917 928 927)
4(831 844 929 918)
4(843 928 929 844)
4(917 918 929 928)
4(832 845 930 919)
4(844 929 930 845)
4(918 919 930 929)
4(833 846 931 920)
4(845 930 931 846)
4(846 931 932 847)
4(839 851 934 924)
4(840 852 935 925)
4(924 925 935 934)
4(841 853 936 926)
4(925 926 936 935)
4(842 854 937 927)
4(926 927 937 936)
4(843 855 938 928)
4(927 928 938 937)
4(844 856 939 929)
4(928 929 939 938)
4(845 857 940 930)
4(929 930 940 939)
4(846 858 941 931)
4(862 869 949 944)
4(868 948 949 869)
4(943 944 949 948)
4(863 870 950 945)
4(869 949 950 870)
4(944 945 950 949)
4(870 950 951 871)
4(868 878 954 948)
4(877 953 954 878)
4(869 879 955 949)
4(878 954 955 879)
4(948 949 955 954)
4(870 880 956 950)
4(879 955 956 880)
4(949 950 956 955)
4(871 881 957 951)
4(880 956 957 881)
4(950 951 957 956)
4(881 957 958 882)
4(878 889 961 954)
4(888 960 961 889)
4(879 890 962 955)
4(889 961 962 890)
4(954 955 962 961)
4(880 891 963 956)
4(890 962 963 891)
4(955 956 963 962)
4(881 892 964 957)
4(891 963 964 892)
4(956 957 964 963)
4(882 893 965 958)
4(892 964 965 893)
4(893 965 966 894)
4(889 901 969 961)
4(900 968 969 901)
4(890 902 970 962)
4(901 969 970 902)
4(961 962 970 969)
4(891 903 971 963)
4(902 970 971 903)
4(962 963 971 970)
4(892 904 972 964)
4(903 971 972 904)
4(963 964 972 971)
4(893 905 973 965)
4(904 972 973 905)
4(964 965 973 972)
4(894 906 974 966)
4(905 973 974 906)
4(906 974 975 907)
4(901 912 978 969)
4(902 913 979 970)
4(912 978 979 913)
4(969 970 979 978)
4(903 914 980 971)
4(913 979 980 914)
4(970 971 980 979)
4(904 915 981 972)
4(914 980 981 915)
4(971 972 981 980)
4(905 916 982 973)
4(915 981 982 916)
4(972 973 982 981)
4(906 917 983 974)
4(916 982 983 917)
4(907 918 984 975)
4(917 983 984 918)
4(918 984 985 919)
4(913 924 987 979)
4(914 925 988 980)
4(924 987 988 925)
4(979 980 988 987)
4(915 926 989 981)
4(925 988 989 926)
4(980 981 989 988)
4(916 927 990 982)
4(926 989 990 927)
4(981 982 990 989)
4(917 928 991 983)
4(927 990 991 928)
4(982 983 991 990)
4(918 929 992 984)
4(928 991 992 929)
4(929 992 993 930)
4(925 935 995 988)
4(926 936 996 989)
4(988 989 996 995)
4(927 937 997 990)
4(989 990 997 996)
4(928 938 998 991)
4(990 991 998 997)
4(929 939 999 992)
4(944 949 1010 1005)
4(948 1009 1010 949)
4(1004 1005 1010 1009)
4(949 1010 1011 950)
4(1005 1006 1011 1010)
4(949 955 1015 1010)
4(954 1014 1015 955)
4(1009 1010 1015 1014)
4(950 956 1016 1011)
4(955 1015 1016 956)
4(1010 1011 1016 1015)
4(956 1016 1017 957)
4(1011 1012 1017 1016)
4(955 962 1020 1015)
4(961 1019 1020 962)
4(1014 1015 1020 1019)
4(956 963 1021 1016)
4(962 1020 1021 963)
4(1015 1016 1021 1020)
4(963 1021 1022 964)
4(1016 1017 1022 1021)
4(962 970 1026 1020)
4(969 1025 1026 970)
4(1019 1020 1026 1025)
4(963 971 1027 1021)
4(970 1026 1027 971)
4(1020 1021 1027 1026)
4(964 972 1028 1022)
4(971 1027 1028 972)
4(1021 1022 1028 1027)
4(972 1028 1029 973)
4(970 979 1031 1026)
4(1025 1026 1031 1030)
4(971 980 1032 1027)
4(979 1031 1032 980)
4(1026 1027 1032 1031)
4(972 981 1033 1028)
4(980 1032 1033 981)
4(1027 1028 1033 1032)
4(981 1033 1034 982)
4(980 988 1037 1032)
4(1031 1032 1037 1036)
4(981 989 1038 1033)
4(988 1037 1038 989)
4(1032 1033 1038 1037)
4(982 990 1039 1034)
4(989 1038 1039 990)
4(990 1039 1040 991)
4(989 996 1042 1038)
4(990 997 1043 1039)
4(1002 1005 1055 1050)
4(1004 1054 1055 1005)
4(1049 1050 1055 1054)
4(1005 1055 1056 1006)
4(1050 1051 1056 1055)
4(1005 1010 1061 1055)
4(1009 1060 1061 1010)
4(1054 1055 1061 1060)
4(1006 1011 1062 1056)
4(1010 1061 1062 1011)
4(1055 1056 1062 1061)
4(1011 1062 1063 1012)
4(1056 1057 1063 1062)
4(1009 1014 1066 1060)
4(1013 1065 1066 1014)
4(1059 1060 1066 1065)
4(1010 1015 1067 1061)
4(1014 1066 1067 1015)
4(1060 1061 1067 1066)
4(1011 1016 1068 1062)
4(1015 1067 1068 1016)
4(1061 1062 1068 1067)
4(1016 1068 1069 1017)
4(1062 1063 1069 1068)
4(1014 1019 1072 1066)
4(1018 1071 1072 1019)
4(1065 1066 1072 1071)
4(1015 1020 1073 1067)
4(1019 1072 1073 1020)
4(1066 1067 1073 1072)
4(1016 1021 1074 1068)
4(1020 1073 1074 1021)
4(1067 1068 1074 1073)
4(1021 1074 1075 1022)
4(1068 1069 1075 1074)
4(1019 1025 1078 1072)
4(1071 1072 1078 1077)
4(1020 1026 1079 1073)
4(1025 1078 1079 1026)
4(1072 1073 1079 1078)
4(1021 1027 1080 1074)
4(1026 1079 1080 1027)
4(1073 1074 1080 1079)
4(1027 1080 1081 1028)
4(1074 1075 1081 1080)
4(1026 1031 1085 1079)
4(1078 1079 1085 1084)
4(1027 1032 1086 1080)
4(1031 1085 1086 1032)
4(1079 1080 1086 1085)
4(1032 1086 1087 1033)
4(1080 1081 1087 1086)
4(1032 1037 1091 1086)
4(1085 1086 1091 1090)
4(1086 1087 1092 1091)
4(1046 1050 1110 1103)
4(1049 1109 1110 1050)
4(1102 1103 1110 1109)
4(1050 1110 1111 1051)
4(1103 1104 1111 1110)
4(1049 1054 1116 1109)
4(1053 1115 1116 1054)
4(1108 1109 1116 1115)
4(1050 1055 1117 1110)
4(1054 1116 1117 1055)
4(1109 1110 1117 1116)
4(1051 1056 1118 1111)
4(1055 1117 1118 1056)
4(1110 1111 1118 1117)
4(1056 1118 1119 1057)
4(1111 1112 1119 1118)
4(1054 1060 1124 1116)
4(1059 1123 1124 1060)
4(1115 1116 1124 1123)
4(1055 1061 1125 1117)
4(1060 1124 1125 1061)
4(1116 1117 1125 1124)
4(1056 1062 1126 1118)
4(1061 1125 1126 1062)
4(1117 1118 1126 1125)
4(1057 1063 1127 1119)
4(1062 1126 1127 1063)
4(1118 1119 1127 1126)
4(1063 1127 1128 1064)
4(1119 1120 1128 1127)
4(1060 1066 1132 1124)
4(1065 1131 1132 1066)
4(1123 1124 1132 1131)
4(1061 1067 1133 1125)
4(1066 1132 1133 1067)
4(1124 1125 1133 1132)
4(1062 1068 1134 1126)
4(1067 1133 1134 1068)
4(1125 1126 1134 1133)
4(1063 1069 1135 1127)
4(1068 1134 1135 1069)
4(1126 1127 1135 1134)
4(1069 1135 1136 1070)
4(1127 1128 1136 1135)
4(1066 1072 1140 1132)
4(1071 1139 1140 1072)
4(1131 1132 1140 1139)
4(1067 1073 1141 1133)
4(1072 1140 1141 1073)
4(1132 1133 1141 1140)
4(1068 1074 1142 1134)
4(1073 1141 1142 1074)
4(1133 1134 1142 1141)
4(1069 1075 1143 1135)
4(1074 1142 1143 1075)
4(1134 1135 1143 1142)
4(1075 1143 1144 1076)
4(1135 1136 1144 1143)
4(1072 1078 1148 1140)
4(1077 1147 1148 1078)
4(1139 1140 1148 1147)
4(1073 1079 1149 1141)
4(1078 1148 1149 1079)
4(1140 1141 1149 1148)
4(1074 1080 1150 1142)
4(1079 1149 1150 1080)
4(1141 1142 1150 1149)
4(1075 1081 1151 1143)
4(1080 1150 1151 1081)
4(1142 1143 1151 1150)
4(1081 1151 1152 1082)
4(1143 1144 1152 1151)
4(1078 1084 1156 1148)
4(1147 1148 1156 1155)
4(1079 1085 1157 1149)
4(1084 1156 1157 1085)
4(1148 1149 1157 1156)
4(1080 1086 1158 1150)
4(1085 1157 1158 1086)
4(1149 1150 1158 1157)
4(1081 1087 1159 1151)
4(1086 1158 1159 1087)
4(1150 1151 1159 1158)
4(1151 1152 1160 1159)
4(1085 1090 1164 1157)
4(1156 1157 1164 1163)
4(1086 1091 1165 1158)
4(1090 1164 1165 1091)
4(1157 1158 1165 1164)
4(1091 1165 1166 1092)
4(1158 1159 1166 1165)
4(1091 1094 1171 1165)
4(1164 1165 1171 1170)
4(1165 1166 1172 1171)
4(1097 1102 1190 1182)
4(1101 1189 1190 1102)
4(1181 1182 1190 1189)
4(1098 1103 1191 1183)
4(1102 1190 1191 1103)
4(1182 1183 1191 1190)
4(1103 1191 1192 1104)
4(1183 1184 1192 1191)
4(1101 1108 1198 1189)
4(1107 1197 1198 1108)
4(1188 1189 1198 1197)
4(1102 1109 1199 1190)
4(1108 1198 1199 1109)
4(1189 1190 1199 1198)
4(1103 1110 1200 1191)
4(1109 1199 1200 1110)
4(1190 1191 1200 1199)
4(1104 1111 1201 1192)
4(1110 1200 1201 1111)
4(1191 1192 1201 1200)
4(1105 1112 1202 1193)
4(1111 1201 1202 1112)
4(1192 1193 1202 1201)
4(1112 1202 1203 1113)
4(1193 1194 1203 1202)
4(1108 1115 1208 1198)
4(1114 1207 1208 1115)
4(1197 1198 1208 1207)
4(1109 1116 1209 1199)
4(1115 1208 1209 1116)
4(1198 1199 1209 1208)
4(1110 1117 1210 1200)
4(1116 1209 1210 1117)
4(1199 1200 1210 1209)
4(1111 1118 1211 1201)
4(1117 1210 1211 1118)
4(1200 1201 1211 1210)
4(1112 1119 1212 1202)
4(1118 1211 1212 1119)
4(1201 1202 1212 1211)
4(1119 1212 1213 1120)
4(1202 1203 1213 1212)
4(1115 1123 1218 1208)
4(1122 1217 1218 1123)
4(1207 1208 1218 1217)
4(1116 1124 1219 1209)
4(1123 1218 1219 1124)
4(1208 1209 1219 1218)
4(1117 1125 1220 1210)
4(1124 1219 1220 1125)
4(1209 1210 1220 1219)
4(1118 1126 1221 1211)
4(1125 1220 1221 1126)
4(1210 1211 1221 1220)
4(1119 1127 1222 1212)
4(1126 1221 1222 1127)
4(1211 1212 1222 1221)
4(1120 1128 1223 1213)
4(1127 1222 1223 1128)
4(1212 1213 1223 1222)
4(1128 1223 1224 1129)
4(1213 1214 1224 1223)
4(1123 1131 1228 1218)
4(1130 1227 1228 1131)
4(1217 1218 1228 1227)
4(1124 1132 1229 1219)
4(1131 1228 1229 1132)
4(1218 1219 1229 1228)
4(1125 1133 1230 1220)
4(1132 1229 1230 1133)
4(1219 1220 1230 1229)
4(1126 1134 1231 1221)
4(1133 1230 1231 1134)
4(1220 1221 1231 1230)
4(1127 1135 1232 1222)
4(1134 1231 1232 1135)
4(1221 1222 1232 1231)
4(1128 1136 1233 1223)
4(1135 1232 1233 1136)
4(1222 1223 1233 1232)
4(1136 1233 1234 1137)
4(1223 1224 1234 1233)
4(1131 1139 1238 1228)
4(1138 1237 1238 1139)
4(1227 1228 1238 1237)
4(1132 1140 1239 1229)
4(1139 1238 1239 1140)
4(1228 1229 1239 1238)
4(1133 1141 1240 1230)
4(1140 1239 1240 1141)
4(1229 1230 1240 1239)
4(1134 1142 1241 1231)
4(1141 1240 1241 1142)
4(1230 1231 1241 1240)
4(1135 1143 1242 1232)
4(1142 1241 1242 1143)
4(1231 1232 1242 1241)
4(1136 1144 1243 1233)
4(1143 1242 1243 1144)
4(1232 1233 1243 1242)
4(1144 1243 1244 1145)
4(1233 1234 1244 1243)
4(1139 1147 1249 1238)
4(1146 1248 1249 1147)
4(1237 1238 1249 1248)
4(1140 1148 1250 1239)
4(1147 1249 1250 1148)
4(1238 1239 1250 1249)
4(1141 1149 1251 1240)
4(1148 1250 1251 1149)
4(1239 1240 1251 1250)
4(1142 1150 1252 1241)
4(1149 1251 1252 1150)
4(1240 1241 1252 1251)
4(1143 1151 1253 1242)
4(1150 1252 1253 1151)
4(1241 1242 1253 1252)
4(1144 1152 1254 1243)
4(1151 1253 1254 1152)
4(1242 1243 1254 1253)
4(1152 1254 1255 1153)
4(1243 1244 1255 1254)
4(1147 1155 1259 1249)
4(1248 1249 1259 1258)
4(1148 1156 1260 1250)
4(1155 1259 1260 1156)
4(1249 1250 1260 1259)
4(1149 1157 1261 1251)
4(1156 1260 1261 1157)
4(1250 1251 1261 1260)
4(1150 1158 1262 1252)
4(1157 1261 1262 1158)
4(1251 1252 1262 1261)
4(1151 1159 1263 1253)
4(1158 1262 1263 1159)
4(1252 1253 1263 1262)
4(1152 1160 1264 1254)
4(1159 1263 1264 1160)
4(1253 1254 1264 1263)
4(1160 1264 1265 1161)
4(1254 1255 1265 1264)
4(1156 1163 1270 1260)
4(1259 1260 1270 1269)
4(1157 1164 1271 1261)
4(1163 1270 1271 1164)
4(1260 1261 1271 1270)
4(1158 1165 1272 1262)
4(1164 1271 1272 1165)
4(1261 1262 1272 1271)
4(1159 1166 1273 1263)
4(1165 1272 1273 1166)
4(1262 1263 1273 1272)
4(1160 1167 1274 1264)
4(1166 1273 1274 1167)
4(1263 1264 1274 1273)
4(1167 1274 1275 1168)
4(1264 1265 1275 1274)
4(1164 1170 1280 1271)
4(1270 1271 1280 1279)
4(1165 1171 1281 1272)
4(1271 1272 1281 1280)
4(1166 1172 1282 1273)
4(1272 1273 1282 1281)
4(1167 1173 1283 1274)
4(1273 1274 1283 1282)
4(1274 1275 1284 1283)
4(1176 1181 1301 1293)
4(1180 1300 1301 1181)
4(1292 1293 1301 1300)
4(1177 1182 1302 1294)
4(1181 1301 1302 1182)
4(1293 1294 1302 1301)
4(1182 1302 1303 1183)
4(1294 1295 1303 1302)
4(1180 1188 1310 1300)
4(1187 1309 1310 1188)
4(1299 1300 1310 1309)
4(1181 1189 1311 1301)
4(1188 1310 1311 1189)
4(1300 1301 1311 1310)
4(1182 1190 1312 1302)
4(1189 1311 1312 1190)
4(1301 1302 1312 1311)
4(1183 1191 1313 1303)
4(1190 1312 1313 1191)
4(1302 1303 1313 1312)
4(1184 1192 1314 1304)
4(1191 1313 1314 1192)
4(1303 1304 1314 1313)
4(1185 1193 1315 1305)
4(1192 1314 1315 1193)
4(1304 1305 1315 1314)
4(1193 1315 1316 1194)
4(1305 1306 1316 1315)
4(1188 1197 1321 1310)
4(1196 1320 1321 1197)
4(1309 1310 1321 1320)
4(1189 1198 1322 1311)
4(1197 1321 1322 1198)
4(1310 1311 1322 1321)
4(1190 1199 1323 1312)
4(1198 1322 1323 1199)
4(1311 1312 1323 1322)
4(1191 1200 1324 1313)
4(1199 1323 1324 1200)
4(1312 1313 1324 1323)
4(1192 1201 1325 1314)
4(1200 1324 1325 1201)
4(1313 1314 1325 1324)
4(1193 1202 1326 1315)
4(1201 1325 1326 1202)
4(1314 1315 1326 1325)
4(1194 1203 1327 1316)
4(1202 1326 1327 1203)
4(1315 1316 1327 1326)
4(1203 1327 1328 1204)
4(1316 1317 1328 1327)
4(1197 1207 1333 1321)
4(1206 1332 1333 1207)
4(1320 1321 1333 1332)
4(1198 1208 1334 1322)
4(1207 1333 1334 1208)
4(1321 1322 1334 1333)
4(1199 1209 1335 1323)
4(1208 1334 1335 1209)
4(1322 1323 1335 1334)
4(1200 1210 1336 1324)
4(1209 1335 1336 1210)
4(1323 1324 1336 1335)
4(1201 1211 1337 1325)
4(1210 1336 1337 1211)
4(1324 1325 1337 1336)
4(1202 1212 1338 1326)
4(1211 1337 1338 1212)
4(1325 1326 1338 1337)
4(1203 1213 1339 1327)
4(1212 1338 1339 1213)
4(1326 1327 1339 1338)
4(1204 1214 1340 1328)
4(1213 1339 1340 1214)
4(1327 1328 1340 1339)
4(1214 1340 1341 1215)
4(1328 1329 1341 1340)
4(1207 1217 1345 1333)
4(1216 1344 1345 1217)
4(1332 1333 1345 1344)
4(1208 1218 1346 1334)
4(1217 1345 1346 1218)
4(1333 1334 1346 1345)
4(1209 1219 1347 1335)
4(1218 1346 1347 1219)
4(1334 1335 1347 1346)
4(1210 1220 1348 1336)
4(1219 1347 1348 1220)
4(1335 1336 1348 1347)
4(1211 1221 1349 1337)
4(1220 1348 1349 1221)
4(1336 1337 1349 1348)
4(1212 1222 1350 1338)
4(1221 1349 1350 1222)
4(1337 1338 1350 1349)
4(1213 1223 1351 1339)
4(1222 1350 1351 1223)
4(1338 1339 1351 1350)
4(1214 1224 1352 1340)
4(1223 1351 1352 1224)
4(1339 1340 1352 1351)
4(1224 1352 1353 1225)
4(1340 1341 1353 1352)
4(1217 1227 1357 1345)
4(1226 1356 1357 1227)
4(1344 1345 1357 1356)
4(1218 1228 1358 1346)
4(1227 1357 1358 1228)
4(1345 1346 1358 1357)
4(1219 1229 1359 1347)
4(1228 1358 1359 1229)
4(1346 1347 1359 1358)
4(1220 1230 1360 1348)
4(1229 1359 1360 1230)
4(1347 1348 1360 1359)
4(1221 1231 1361 1349)
4(1230 1360 1361 1231)
4(1348 1349 1361 1360)
4(1222 1232 1362 1350)
4(1231 1361 1362 1232)
4(1349 1350 1362 1361)
4(1223 1233 1363 1351)
4(1232 1362 1363 1233)
4(1350 1351 1363 1362)
4(1224 1234 1364 1352)
4(1233 1363 1364 1234)
4(1351 1352 1364 1363)
4(1234 1364 1365 1235)
4(1352 1353 1365 1364)
4(1227 1237 1368 1357)
4(1236 1367 1368 1237)
4(1356 1357 1368 1367)
4(1228 1238 1369 1358)
4(1237 1368 1369 1238)
4(1357 1358 1369 1368)
4(1229 1239 1370 1359)
4(1238 1369 1370 1239)
4(1358 1359 1370 1369)
4(1230 1240 1371 1360)
4(1239 1370 1371 1240)
4(1359 1360 1371 1370)
4(1231 1241 1372 1361)
4(1240 1371 1372 1241)
4(1360 1361 1372 1371)
4(1232 1242 1373 1362)
4(1241 1372 1373 1242)
4(1361 1362 1373 1372)
4(1233 1243 1374 1363)
4(1242 1373 1374 1243)
4(1362 1363 1374 1373)
4(1234 1244 1375 1364)
4(1243 1374 1375 1244)
4(1363 1364 1375 1374)
4(1244 1375 1376 1245)
4(1364 1365 1376 1375)
4(1237 1248 1380 1368)
4(1367 1368 1380 1379)
4(1238 1249 1381 1369)
4(1248 1380 1381 1249)
4(1368 1369 1381 1380)
4(1239 1250 1382 1370)
4(1249 1381 1382 1250)
4(1369 1370 1382 1381)
4(1240 1251 1383 1371)
4(1250 1382 1383 1251)
4(1370 1371 1383 1382)
4(1241 1252 1384 1372)
4(1251 1383 1384 1252)
4(1371 1372 1384 1383)
4(1242 1253 1385 1373)
4(1252 1384 1385 1253)
4(1372 1373 1385 1384)
4(1243 1254 1386 1374)
4(1253 1385 1386 1254)
4(1373 1374 1386 1385)
4(1244 1255 1387 1375)
4(1254 1386 1387 1255)
4(1374 1375 1387 1386)
4(1245 1256 1388 1376)
4(1255 1387 1388 1256)
4(1375 1376 1388 1387)
4(1256 1388 1389 1257)
4(1376 1377 1389 1388)
4(1249 1259 1393 1381)
4(1258 1392 1393 1259)
4(1380 1381 1393 1392)
4(1250 1260 1394 1382)
4(1259 1393 1394 1260)
4(1381 1382 1394 1393)
4(1251 1261 1395 1383)
4(1260 1394 1395 1261)
4(1382 1383 1395 1394)
4(1252 1262 1396 1384)
4(1261 1395 1396 1262)
4(1383 1384 1396 1395)
4(1253 1263 1397 1385)
4(1262 1396 1397 1263)
4(1384 1385 1397 1396)
4(1254 1264 1398 1386)
4(1263 1397 1398 1264)
4(1385 1386 1398 1397)
4(1255 1265 1399 1387)
4(1264 1398 1399 1265)
4(1386 1387 1399 1398)
4(1256 1266 1400 1388)
4(1265 1399 1400 1266)
4(1387 1388 1400 1399)
4(1266 1400 1401 1267)
4(1388 1389 1401 1400)
4(1259 1269 1405 1393)
4(1392 1393 1405 1404)
4(1260 1270 1406 1394)
4(1269 1405 1406 1270)
4(1393 1394 1406 1405)
4(1261 1271 1407 1395)
4(1270 1406 1407 1271)
4(1394 1395 1407 1406)
4(1262 1272 1408 1396)
4(1271 1407 1408 1272)
4(1395 1396 1408 1407)
4(1263 1273 1409 1397)
4(1272 1408 1409 1273)
4(1396 1397 1409 1408)
4(1264 1274 1410 1398)
4(1273 1409 1410 1274)
4(1397 1398 1410 1409)
4(1265 1275 1411 1399)
4(1274 1410 1411 1275)
4(1398 1399 1411 1410)
4(1266 1276 1412 1400)
4(1275 1411 1412 1276)
4(1399 1400 1412 1411)
4(1276 1412 1413 1277)
4(1400 1401 1413 1412)
4(1270 1279 1418 1406)
4(1405 1406 1418 1417)
4(1271 1280 1419 1407)
4(1406 1407 1419 1418)
4(1272 1281 1420 1408)
4(1407 1408 1420 1419)
4(1273 1282 1421 1409)
4(1408 1409 1421 1420)
4(1274 1283 1422 1410)
4(1409 1410 1422 1421)
4(1275 1284 1423 1411)
4(1410 1411 1423 1422)
4(1276 1285 1424 1412)
4(1411 1412 1424 1423)
4(1412 1413 1425 1424)
4(1288 1293 1433 1428)
4(1292 1432 1433 1293)
4(1293 1433 1434 1294)
4(1291 1299 1439 1431)
4(1298 1438 1439 1299)
4(1430 1431 1439 1438)
4(1292 1300 1440 1432)
4(1299 1439 1440 1300)
4(1431 1432 1440 1439)
4(1293 1301 1441 1433)
4(1300 1440 1441 1301)
4(1432 1433 1441 1440)
4(1294 1302 1442 1434)
4(1301 1441 1442 1302)
4(1433 1434 1442 1441)
4(1295 1303 1443 1435)
4(1302 1442 1443 1303)
4(1434 1435 1443 1442)
4(1296 1304 1444 1436)
4(1303 1443 1444 1304)
4(1435 1436 1444 1443)
4(1304 1444 1445 1305)
4(1299 1309 1449 1439)
4(1308 1448 1449 1309)
4(1438 1439 1449 1448)
4(1300 1310 1450 1440)
4(1309 1449 1450 1310)
4(1439 1440 1450 1449)
4(1301 1311 1451 1441)
4(1310 1450 1451 1311)
4(1440 1441 1451 1450)
4(1302 1312 1452 1442)
4(1311 1451 1452 1312)
4(1441 1442 1452 1451)
4(1303 1313 1453 1443)
4(1312 1452 1453 1313)
4(1442 1443 1453 1452)
4(1304 1314 1454 1444)
4(1313 1453 1454 1314)
4(1443 1444 1454 1453)
4(1305 1315 1455 1445)
4(1314 1454 1455 1315)
4(1444 1445 1455 1454)
4(1306 1316 1456 1446)
4(1315 1455 1456 1316)
4(1445 1446 1456 1455)
4(1316 1456 1457 1317)
4(1309 1320 1460 1449)
4(1319 1459 1460 1320)
4(1448 1449 1460 1459)
4(1310 1321 1461 1450)
4(1320 1460 1461 1321)
4(1449 1450 1461 1460)
4(1311 1322 1462 1451)
4(1321 1461 1462 1322)
4(1450 1451 1462 1461)
4(1312 1323 1463 1452)
4(1322 1462 1463 1323)
4(1451 1452 1463 1462)
4(1313 1324 1464 1453)
4(1323 1463 1464 1324)
4(1452 1453 1464 1463)
4(1314 1325 1465 1454)
4(1324 1464 1465 1325)
4(1453 1454 1465 1464)
4(1315 1326 1466 1455)
4(1325 1465 1466 1326)
4(1454 1455 1466 1465)
4(1316 1327 1467 1456)
4(1326 1466 1467 1327)
4(1455 1456 1467 1466)
4(1317 1328 1468 1457)
4(1327 1467 1468 1328)
4(1456 1457 1468 1467)
4(1328 1468 1469 1329)
4(1457 1458 1469 1468)
4(1320 1332 1472 1460)
4(1331 1471 1472 1332)
4(1459 1460 1472 1471)
4(1321 1333 1473 1461)
4(1332 1472 1473 1333)
4(1460 1461 1473 1472)
4(1322 1334 1474 1462)
4(1333 1473 1474 1334)
4(1461 1462 1474 1473)
4(1323 1335 1475 1463)
4(1334 1474 1475 1335)
4(1462 1463 1475 1474)
4(1324 1336 1476 1464)
4(1335 1475 1476 1336)
4(1463 1464 1476 1475)
4(1325 1337 1477 1465)
4(1336 1476 1477 1337)
4(1464 1465 1477 1476)
4(1326 1338 1478 1466)
4(1337 1477 1478 1338)
4(1465 1466 1478 1477)
4(1327 1339 1479 1467)
4(1338 1478 1479 1339)
4(1466 1467 1479 1478)
4(1328 1340 1480 1468)
4(1339 1479 1480 1340)
4(1467 1468 1480 1479)
4(1329 1341 1481 1469)
4(1340 1480 1481 1341)
4(1468 1469 1481 1480)
4(1341 1481 1482 1342)
4(1469 1470 1482 1481)
4(1332 1344 1484 1472)
4(1343 1483 1484 1344)
4(1471 1472 1484 1483)
4(1333 1345 1485 1473)
4(1344 1484 1485 1345)
4(1472 1473 1485 1484)
4(1334 1346 1486 1474)
4(1345 1485 1486 1346)
4(1473 1474 1486 1485)
4(1335 1347 1487 1475)
4(1346 1486 1487 1347)
4(1474 1475 1487 1486)
4(1336 1348 1488 1476)
4(1347 1487 1488 1348)
4(1475 1476 1488 1487)
4(1337 1349 1489 1477)
4(1348 1488 1489 1349)
4(1476 1477 1489 1488)
4(1338 1350 1490 1478)
4(1349 1489 1490 1350)
4(1477 1478 1490 1489)
4(1339 1351 1491 1479)
4(1350 1490 1491 1351)
4(1478 1479 1491 1490)
4(1340 1352 1492 1480)
4(1351 1491 1492 1352)
4(1479 1480 1492 1491)
4(1341 1353 1493 1481)
4(1352 1492 1493 1353)
4(1480 1481 1493 1492)
4(1353 1493 1494 1354)
4(1481 1482 1494 1493)
4(1344 1356 1496 1484)
4(1483 1484 1496 1495)
4(1345 1357 1497 1485)
4(1356 1496 1497 1357)
4(1484 1485 1497 1496)
4(1346 1358 1498 1486)
4(1357 1497 1498 1358)
4(1485 1486 1498 1497)
4(1347 1359 1499 1487)
4(1358 1498 1499 1359)
4(1486 1487 1499 1498)
4(1348 1360 1500 1488)
4(1359 1499 1500 1360)
4(1487 1488 1500 1499)
4(1349 1361 1501 1489)
4(1360 1500 1501 1361)
4(1488 1489 1501 1500)
4(1350 1362 1502 1490)
4(1361 1501 1502 1362)
4(1489 1490 1502 1501)
4(1351 1363 1503 1491)
4(1362 1502 1503 1363)
4(1490 1491 1503 1502)
4(1352 1364 1504 1492)
4(1363 1503 1504 1364)
4(1491 1492 1504 1503)
4(1353 1365 1505 1493)
4(1364 1504 1505 1365)
4(1492 1493 1505 1504)
4(1365 1505 1506 1366)
4(1493 1494 1506 1505)
4(1357 1368 1509 1497)
4(1367 1508 1509 1368)
4(1496 1497 1509 1508)
4(1358 1369 1510 1498)
4(1368 1509 1510 1369)
4(1497 1498 1510 1509)
4(1359 1370 1511 1499)
4(1369 1510 1511 1370)
4(1498 1499 1511 1510)
4(1360 1371 1512 1500)
4(1370 1511 1512 1371)
4(1499 1500 1512 1511)
4(1361 1372 1513 1501)
4(1371 1512 1513 1372)
4(1500 1501 1513 1512)
4(1362 1373 1514 1502)
4(1372 1513 1514 1373)
4(1501 1502 1514 1513)
4(1363 1374 1515 1503)
4(1373 1514 1515 1374)
4(1502 1503 1515 1514)
4(1364 1375 1516 1504)
4(1374 1515 1516 1375)
4(1503 1504 1516 1515)
4(1365 1376 1517 1505)
4(1375 1516 1517 1376)
4(1504 1505 1517 1516)
4(1376 1517 1518 1377)
4(1505 1506 1518 1517)
4(1368 1380 1522 1509)
4(1379 1521 1522 1380)
4(1508 1509 1522 1521)
4(1369 1381 1523 1510)
4(1380 1522 1523 1381)
4(1509 1510 1523 1522)
4(1370 1382 1524 1511)
4(1381 1523 1524 1382)
4(1510 1511 1524 1523)
4(1371 1383 1525 1512)
4(1382 1524 1525 1383)
4(1511 1512 1525 1524)
4(1372 1384 1526 1513)
4(1383 1525 1526 1384)
4(1512 1513 1526 1525)
4(1373 1385 1527 1514)
4(1384 1526 1527 1385)
4(1513 1514 1527 1526)
4(1374 1386 1528 1515)
4(1385 1527 1528 1386)
4(1514 1515 1528 1527)
4(1375 1387 1529 1516)
4(1386 1528 1529 1387)
4(1515 1516 1529 1528)
4(1376 1388 1530 1517)
4(1387 1529 1530 1388)
4(1516 1517 1530 1529)
4(1377 1389 1531 1518)
4(1388 1530 1531 1389)
4(1517 1518 1531 1530)
4(1389 1531 1532 1390)
4(1518 1519 1532 1531)
4(1380 1392 1534 1522)
4(1391 1533 1534 1392)
4(1521 1522 1534 1533)
4(1381 1393 1535 1523)
4(1392 1534 1535 1393)
4(1522 1523 1535 1534)
4(1382 1394 1536 1524)
4(1393 1535 1536 1394)
4(1523 1524 1536 1535)
4(1383 1395 1537 1525)
4(1394 1536 1537 1395)
4(1524 1525 1537 1536)
4(1384 1396 1538 1526)
4(1395 1537 1538 1396)
4(1525 1526 1538 1537)
4(1385 1397 1539 1527)
4(1396 1538 1539 1397)
4(1526 1527 1539 1538)
4(1386 1398 1540 1528)
4(1397 1539 1540 1398)
4(1527 1528 1540 1539)
4(1387 1399 1541 1529)
4(1398 1540 1541 1399)
4(1528 1529 1541 1540)
4(1388 1400 1542 1530)
4(1399 1541 1542 1400)
4(1529 1530 1542 1541)
4(1389 1401 1543 1531)
4(1400 1542 1543 1401)
4(1530 1531 1543 1542)
4(1401 1543 1544 1402)
4(1531 1532 1544 1543)
4(1392 1404 1546 1534)
4(1403 1545 1546 1404)
4(1533 1534 1546 1545)
4(1393 1405 1547 1535)
4(1404 1546 1547 1405)
4(1534 1535 1547 1546)
4(1394 1406 1548 1536)
4(1405 1547 1548 1406)
4(1535 1536 1548 1547)
4(1395 1407 1549 1537)
4(1406 1548 1549 1407)
4(1536 1537 1549 1548)
4(1396 1408 1550 1538)
4(1407 1549 1550 1408)
4(1537 1538 1550 1549)
4(1397 1409 1551 1539)
4(1408 1550 1551 1409)
4(1538 1539 1551 1550)
4(1398 1410 1552 1540)
4(1409 1551 1552 1410)
4(1539 1540 1552 1551)
4(1399 1411 1553 1541)
4(1410 1552 1553 1411)
4(1540 1541 1553 1552)
4(1400 1412 1554 1542)
4(1411 1553 1554 1412)
4(1541 1542 1554 1553)
4(1401 1413 1555 1543)
4(1412 1554 1555 1413)
4(1542 1543 1555 1554)
4(1413 1555 1556 1414)
4(1543 1544 1556 1555)
4(1404 1416 1558 1546)
4(1545 1546 1558 1557)
4(1405 1417 1559 1547)
4(1546 1547 1559 1558)
4(1406 1418 1560 1548)
4(1547 1548 1560 1559)
4(1407 1419 1561 1549)
4(1548 1549 1561 1560)
4(1408 1420 1562 1550)
4(1549 1550 1562 1561)
4(1409 1421 1563 1551)
4(1550 1551 1563 1562)
4(1410 1422 1564 1552)
4(1551 1552 1564 1563)
4(1411 1423 1565 1553)
4(1552 1553 1565 1564)
4(1412 1424 1566 1554)
4(1553 1554 1566 1565)
4(1413 1425 1567 1555)
4(1554 1555 1567 1566)
4(1555 1556 1568 1567)
4(1431 1439 1577 1570)
4(1438 1576 1577 1439)
4(1432 1440 1578 1571)
4(1439 1577 1578 1440)
4(1433 1441 1579 1572)
4(1440 1578 1579 1441)
4(1434 1442 1580 1573)
4(1441 1579 1580 1442)
4(1572 1573 1580 1579)
4(1435 1443 1581 1574)
4(1442 1580 1581 1443)
4(1573 1574 1581 1580)
4(1443 1581 1582 1444)
4(1439 1449 1586 1577)
4(1448 1585 1586 1449)
4(1440 1450 1587 1578)
4(1449 1586 1587 1450)
4(1577 1578 1587 1586)
4(1441 1451 1588 1579)
4(1450 1587 1588 1451)
4(1578 1579 1588 1587)
4(1442 1452 1589 1580)
4(1451 1588 1589 1452)
4(1579 1580 1589 1588)
4(1443 1453 1590 1581)
4(1452 1589 1590 1453)
4(1580 1581 1590 1589)
4(1444 1454 1591 1582)
4(1453 1590 1591 1454)
4(1581 1582 1591 1590)
4(1445 1455 1592 1583)
4(1454 1591 1592 1455)
4(1582 1583 1592 1591)
4(1455 1592 1593 1456)
4(1449 1460 1597 1586)
4(1459 1596 1597 1460)
4(1450 1461 1598 1587)
4(1460 1597 1598 1461)
4(1586 1587 1598 1597)
4(1451 1462 1599 1588)
4(1461 1598 1599 1462)
4(1587 1588 1599 1598)
4(1452 1463 1600 1589)
4(1462 1599 1600 1463)
4(1588 1589 1600 1599)
4(1453 1464 1601 1590)
4(1463 1600 1601 1464)
4(1589 1590 1601 1600)
4(1454 1465 1602 1591)
4(1464 1601 1602 1465)
4(1590 1591 1602 1601)
4(1455 1466 1603 1592)
4(1465 1602 1603 1466)
4(1591 1592 1603 1602)
4(1456 1467 1604 1593)
4(1466 1603 1604 1467)
4(1592 1593 1604 1603)
4(1457 1468 1605 1594)
4(1467 1604 1605 1468)
4(1593 1594 1605 1604)
4(1468 1605 1606 1469)
4(1460 1472 1609 1597)
4(1471 1608 1609 1472)
4(1596 1597 1609 1608)
4(1461 1473 1610 1598)
4(1472 1609 1610 1473)
4(1597 1598 1610 1609)
4(1462 1474 1611 1599)
4(1473 1610 1611 1474)
4(1598 1599 1611 1610)
4(1463 1475 1612 1600)
4(1474 1611 1612 1475)
4(1599 1600 1612 1611)
4(1464 1476 1613 1601)
4(1475 1612 1613 1476)
4(1600 1601 1613 1612)
4(1465 1477 1614 1602)
4(1476 1613 1614 1477)
4(1601 1602 1614 1613)
4(1466 1478 1615 1603)
4(1477 1614 1615 1478)
4(1602 1603 1615 1614)
4(1467 1479 1616 1604)
4(1478 1615 1616 1479)
4(1603 1604 1616 1615)
4(1468 1480 1617 1605)
4(1479 1616 1617 1480)
4(1604 1605 1617 1616)
4(1469 1481 1618 1606)
4(1480 1617 1618 1481)
4(1605 1606 1618 1617)
4(1481 1618 1619 1482)
4(1472 1484 1621 1609)
4(1483 1620 1621 1484)
4(1608 1609 1621 1620)
4(1473 1485 1622 1610)
4(1484 1621 1622 1485)
4(1609 1610 1622 1621)
4(1474 1486 1623 1611)
4(1485 1622 1623 1486)
4(1610 1611 1623 1622)
4(1475 1487 1624 1612)
4(1486 1623 1624 1487)
4(1611 1612 1624 1623)
4(1476 1488 1625 1613)
4(1487 1624 1625 1488)
4(1612 1613 1625 1624)
4(1477 1489 1626 1614)
4(1488 1625 1626 1489)
4(1613 1614 1626 1625)
4(1478 1490 1627 1615)
4(1489 1626 1627 1490)
4(1614 1615 1627 1626)
4(1479 1491 1628 1616)
4(1490 1627 1628 1491)
4(1615 1616 1628 1627)
4(1480 1492 1629 1617)
4(1491 1628 1629 1492)
4(1616 1617 1629 1628)
4(1481 1493 1630 1618)
4(1492 1629 1630 1493)
4(1617 1618 1630 1629)
4(1493 1630 1631 1494)
4(1484 1496 1633 1621)
4(1495 1632 1633 1496)
4(1620 1621 1633 1632)
4(1485 1497 1634 1622)
4(1496 1633 1634 1497)
4(1621 1622 1634 1633)
4(1486 1498 1635 1623)
4(1497 1634 1635 1498)
4(1622 1623 1635 1634)
4(1487 1499 1636 1624)
4(1498 1635 1636 1499)
4(1623 1624 1636 1635)
4(1488 1500 1637 1625)
4(1499 1636 1637 1500)
4(1624 1625 1637 1636)
4(1489 1501 1638 1626)
4(1500 1637 1638 1501)
4(1625 1626 1638 1637)
4(1490 1502 1639 1627)
4(1501 1638 1639 1502)
4(1626 1627 1639 1638)
4(1491 1503 1640 1628)
4(1502 1639 1640 1503)
4(1627 1628 1640 1639)
4(1492 1504 1641 1629)
4(1503 1640 1641 1504)
4(1628 1629 1641 1640)
4(1493 1505 1642 1630)
4(1504 1641 1642 1505)
4(1629 1630 1642 1641)
4(1505 1642 1643 1506)
4(1630 1631 1643 1642)
4(1496 1508 1645 1633)
4(1507 1644 1645 1508)
4(1632 1633 1645 1644)
4(1497 1509 1646 1634)
4(1508 1645 1646 1509)
4(1633 1634 1646 1645)
4(1498 1510 1647 1635)
4(1509 1646 1647 1510)
4(1634 1635 1647 1646)
4(1499 1511 1648 1636)
4(1510 1647 1648 1511)
4(1635 1636 1648 1647)
4(1500 1512 1649 1637)
4(1511 1648 1649 1512)
4(1636 1637 1649 1648)
4(1501 1513 1650 1638)
4(1512 1649 1650 1513)
4(1637 1638 1650 1649)
4(1502 1514 1651 1639)
4(1513 1650 1651 1514)
4(1638 1639 1651 1650)
4(1503 1515 1652 1640)
4(1514 1651 1652 1515)
4(1639 1640 1652 1651)
4(1504 1516 1653 1641)
4(1515 1652 1653 1516)
4(1640 1641 1653 1652)
4(1505 1517 1654 1642)
4(1516 1653 1654 1517)
4(1641 1642 1654 1653)
4(1517 1654 1655 1518)
4(1642 1643 1655 1654)
4(1508 1521 1658 1645)
4(1644 1645 1658 1657)
4(1509 1522 1659 1646)
4(1521 1658 1659 1522)
4(1645 1646 1659 1658)
4(1510 1523 1660 1647)
4(1522 1659 1660 1523)
4(1646 1647 1660 1659)
4(1511 1524 1661 1648)
4(1523 1660 1661 1524)
4(1647 1648 1661 1660)
4(1512 1525 1662 1649)
4(1524 1661 1662 1525)
4(1648 1649 1662 1661)
4(1513 1526 1663 1650)
4(1525 1662 1663 1526)
4(1649 1650 1663 1662)
4(1514 1527 1664 1651)
4(1526 1663 1664 1527)
4(1650 1651 1664 1663)
4(1515 1528 1665 1652)
4(1527 1664 1665 1528)
4(1651 1652 1665 1664)
4(1516 1529 1666 1653)
4(1528 1665 1666 1529)
4(1652 1653 1666 1665)
4(1517 1530 1667 1654)
4(1529 1666 1667 1530)
4(1653 1654 1667 1666)
4(1518 1531 1668 1655)
4(1530 1667 1668 1531)
4(1654 1655 1668 1667)
4(1531 1668 1669 1532)
4(1655 1656 1669 1668)
4(1522 1534 1671 1659)
4(1533 1670 1671 1534)
4(1658 1659 1671 1670)
4(1523 1535 1672 1660)
4(1534 1671 1672 1535)
4(1659 1660 1672 1671)
4(1524 1536 1673 1661)
4(1535 1672 1673 1536)
4(1660 1661 1673 1672)
4(1525 1537 1674 1662)
4(1536 1673 1674 1537)
4(1661 1662 1674 1673)
4(1526 1538 1675 1663)
4(1537 1674 1675 1538)
4(1662 1663 1675 1674)
4(1527 1539 1676 1664)
4(1538 1675 1676 1539)
4(1663 1664 1676 1675)
4(1528 1540 1677 1665)
4(1539 1676 1677 1540)
4(1664 1665 1677 1676)
4(1529 1541 1678 1666)
4(1540 1677 1678 1541)
4(1665 1666 1678 1677)
4(1530 1542 1679 1667)
4(1541 1678 1679 1542)
4(1666 1667 1679 1678)
4(1531 1543 1680 1668)
4(1542 1679 1680 1543)
4(1667 1668 1680 1679)
4(1543 1680 1681 1544)
4(1668 1669 1681 1680)
4(1534 1546 1683 1671)
4(1545 1682 1683 1546)
4(1670 1671 1683 1682)
4(1535 1547 1684 1672)
4(1546 1683 1684 1547)
4(1671 1672 1684 1683)
4(1536 1548 1685 1673)
4(1547 1684 1685 1548)
4(1672 1673 1685 1684)
4(1537 1549 1686 1674)
4(1548 1685 1686 1549)
4(1673 1674 1686 1685)
4(1538 1550 1687 1675)
4(1549 1686 1687 1550)
4(1674 1675 1687 1686)
4(1539 1551 1688 1676)
4(1550 1687 1688 1551)
4(1675 1676 1688 1687)
4(1540 1552 1689 1677)
4(1551 1688 1689 1552)
4(1676 1677 1689 1688)
4(1541 1553 1690 1678)
4(1552 1689 1690 1553)
4(1677 1678 1690 1689)
4(1542 1554 1691 1679)
4(1553 1690 1691 1554)
4(1678 1679 1691 1690)
4(1543 1555 1692 1680)
4(1554 1691 1692 1555)
4(1679 1680 1692 1691)
4(1555 1692 1693 1556)
4(1680 1681 1693 1692)
4(1546 1558 1695 1683)
4(1682 1683 1695 1694)
4(1547 1559 1696 1684)
4(1683 1684 1696 1695)
4(1548 1560 1697 1685)
4(1684 1685 1697 1696)
4(1549 1561 1698 1686)
4(1685 1686 1698 1697)
4(1550 1562 1699 1687)
4(1686 1687 1699 1698)
4(1551 1563 1700 1688)
4(1687 1688 1700 1699)
4(1552 1564 1701 1689)
4(1688 1689 1701 1700)
4(1553 1565 1702 1690)
4(1689 1690 1702 1701)
4(1554 1566 1703 1691)
4(1690 1691 1703 1702)
4(1555 1567 1704 1692)
4(1691 1692 1704 1703)
4(1573 1580 1712 1707)
4(1579 1711 1712 1580)
4(1580 1712 1713 1581)
4(1578 1587 1717 1710)
4(1586 1716 1717 1587)
4(1579 1588 1718 1711)
4(1587 1717 1718 1588)
4(1580 1589 1719 1712)
4(1588 1718 1719 1589)
4(1581 1590 1720 1713)
4(1589 1719 1720 1590)
4(1582 1591 1721 1714)
4(1590 1720 1721 1591)
4(1591 1721 1722 1592)
4(1587 1598 1727 1717)
4(1597 1726 1727 1598)
4(1588 1599 1728 1718)
4(1598 1727 1728 1599)
4(1589 1600 1729 1719)
4(1599 1728 1729 1600)
4(1590 1601 1730 1720)
4(1600 1729 1730 1601)
4(1591 1602 1731 1721)
4(1601 1730 1731 1602)
4(1592 1603 1732 1722)
4(1602 1731 1732 1603)
4(1593 1604 1733 1723)
4(1603 1732 1733 1604)
4(1604 1733 1734 1605)
4(1597 1609 1737 1726)
4(1608 1736 1737 1609)
4(1598 1610 1738 1727)
4(1609 1737 1738 1610)
4(1599 1611 1739 1728)
4(1610 1738 1739 1611)
4(1600 1612 1740 1729)
4(1611 1739 1740 1612)
4(1601 1613 1741 1730)
4(1612 1740 1741 1613)
4(1602 1614 1742 1731)
4(1613 1741 1742 1614)
4(1603 1615 1743 1732)
4(1614 1742 1743 1615)
4(1604 1616 1744 1733)
4(1615 1743 1744 1616)
4(1605 1617 1745 1734)
4(1616 1744 1745 1617)
4(1617 1745 1746 1618)
4(1609 1621 1748 1737)
4(1620 1747 1748 1621)
4(1610 1622 1749 1738)
4(1621 1748 1749 1622)
4(1611 1623 1750 1739)
4(1622 1749 1750 1623)
4(1612 1624 1751 1740)
4(1623 1750 1751 1624)
4(1613 1625 1752 1741)
4(1624 1751 1752 1625)
4(1740 1741 1752 1751)
4(1614 1626 1753 1742)
4(1625 1752 1753 1626)
4(1741 1742 1753 1752)
4(1615 1627 1754 1743)
4(1626 1753 1754 1627)
4(1742 1743 1754 1753)
4(1616 1628 1755 1744)
4(1627 1754 1755 1628)
4(1743 1744 1755 1754)
4(1617 1629 1756 1745)
4(1628 1755 1756 1629)
4(1629 1756 1757 1630)
4(1621 1633 1760 1748)
4(1632 1759 1760 1633)
4(1622 1634 1761 1749)
4(1633 1760 1761 1634)
4(1623 1635 1762 1750)
4(1634 1761 1762 1635)
4(1749 1750 1762 1761)
4(1624 1636 1763 1751)
4(1635 1762 1763 1636)
4(1750 1751 1763 1762)
4(1625 1637 1764 1752)
4(1636 1763 1764 1637)
4(1751 1752 1764 1763)
4(1626 1638 1765 1753)
4(1637 1764 1765 1638)
4(1752 1753 1765 1764)
4(1627 1639 1766 1754)
4(1638 1765 1766 1639)
4(1753 1754 1766 1765)
4(1628 1640 1767 1755)
4(1639 1766 1767 1640)
4(1754 1755 1767 1766)
4(1629 1641 1768 1756)
4(1640 1767 1768 1641)
4(1755 1756 1768 1767)
4(1630 1642 1769 1757)
4(1641 1768 1769 1642)
4(1642 1769 1770 1643)
4(1633 1645 1772 1760)
4(1644 1771 1772 1645)
4(1634 1646 1773 1761)
4(1645 1772 1773 1646)
4(1635 1647 1774 1762)
4(1646 1773 1774 1647)
4(1761 1762 1774 1773)
4(1636 1648 1775 1763)
4(1647 1774 1775 1648)
4(1762 1763 1775 1774)
4(1637 1649 1776 1764)
4(1648 1775 1776 1649)
4(1763 1764 1776 1775)
4(1638 1650 1777 1765)
4(1649 1776 1777 1650)
4(1764 1765 1777 1776)
4(1639 1651 1778 1766)
4(1650 1777 1778 1651)
4(1765 1766 1778 1777)
4(1640 1652 1779 1767)
4(1651 1778 1779 1652)
4(1766 1767 1779 1778)
4(1641 1653 1780 1768)
4(1652 1779 1780 1653)
4(1767 1768 1780 1779)
4(1642 1654 1781 1769)
4(1653 1780 1781 1654)
4(1768 1769 1781 1780)
4(1654 1781 1782 1655)
4(1645 1658 1785 1772)
4(1646 1659 1786 1773)
4(1658 1785 1786 1659)
4(1772 1773 1786 1785)
4(1647 1660 1787 1774)
4(1659 1786 1787 1660)
4(1773 1774 1787 1786)
4(1648 1661 1788 1775)
4(1660 1787 1788 1661)
4(1774 1775 1788 1787)
4(1649 1662 1789 1776)
4(1661 1788 1789 1662)
4(1775 1776 1789 1788)
4(1650 1663 1790 1777)
4(1662 1789 1790 1663)
4(1776 1777 1790 1789)
4(1651 1664 1791 1778)
4(1663 1790 1791 1664)
4(1777 1778 1791 1790)
4(1652 1665 1792 1779)
4(1664 1791 1792 1665)
4(1778 1779 1792 1791)
4(1653 1666 1793 1780)
4(1665 1792 1793 1666)
4(1779 1780 1793 1792)
4(1654 1667 1794 1781)
4(1666 1793 1794 1667)
4(1780 1781 1794 1793)
4(1655 1668 1795 1782)
4(1667 1794 1795 1668)
4(1668 1795 1796 1669)
4(1659 1671 1798 1786)
4(1670 1797 1798 1671)
4(1785 1786 1798 1797)
4(1660 1672 1799 1787)
4(1671 1798 1799 1672)
4(1786 1787 1799 1798)
4(1661 1673 1800 1788)
4(1672 1799 1800 1673)
4(1787 1788 1800 1799)
4(1662 1674 1801 1789)
4(1673 1800 1801 1674)
4(1788 1789 1801 1800)
4(1663 1675 1802 1790)
4(1674 1801 1802 1675)
4(1789 1790 1802 1801)
4(1664 1676 1803 1791)
4(1675 1802 1803 1676)
4(1790 1791 1803 1802)
4(1665 1677 1804 1792)
4(1676 1803 1804 1677)
4(1791 1792 1804 1803)
4(1666 1678 1805 1793)
4(1677 1804 1805 1678)
4(1792 1793 1805 1804)
4(1667 1679 1806 1794)
4(1678 1805 1806 1679)
4(1793 1794 1806 1805)
4(1668 1680 1807 1795)
4(1679 1806 1807 1680)
4(1794 1795 1807 1806)
4(1680 1807 1808 1681)
4(1671 1683 1810 1798)
4(1682 1809 1810 1683)
4(1672 1684 1811 1799)
4(1683 1810 1811 1684)
4(1798 1799 1811 1810)
4(1673 1685 1812 1800)
4(1684 1811 1812 1685)
4(1799 1800 1812 1811)
4(1674 1686 1813 1801)
4(1685 1812 1813 1686)
4(1800 1801 1813 1812)
4(1675 1687 1814 1802)
4(1686 1813 1814 1687)
4(1801 1802 1814 1813)
4(1676 1688 1815 1803)
4(1687 1814 1815 1688)
4(1802 1803 1815 1814)
4(1677 1689 1816 1804)
4(1688 1815 1816 1689)
4(1803 1804 1816 1815)
4(1678 1690 1817 1805)
4(1689 1816 1817 1690)
4(1804 1805 1817 1816)
4(1679 1691 1818 1806)
4(1690 1817 1818 1691)
4(1805 1806 1818 1817)
4(1680 1692 1819 1807)
4(1691 1818 1819 1692)
4(1806 1807 1819 1818)
4(1683 1695 1822 1810)
4(1684 1696 1823 1811)
4(1810 1811 1823 1822)
4(1685 1697 1824 1812)
4(1811 1812 1824 1823)
4(1686 1698 1825 1813)
4(1812 1813 1825 1824)
4(1687 1699 1826 1814)
4(1813 1814 1826 1825)
4(1688 1700 1827 1815)
4(1814 1815 1827 1826)
4(1689 1701 1828 1816)
4(1815 1816 1828 1827)
4(1690 1702 1829 1817)
4(1816 1817 1829 1828)
4(1691 1703 1830 1818)
4(1817 1818 1830 1829)
4(1741 1752 1840 1833)
4(1751 1839 1840 1752)
4(1742 1753 1841 1834)
4(1752 1840 1841 1753)
4(1743 1754 1842 1835)
4(1753 1841 1842 1754)
4(1754 1842 1843 1755)
4(1750 1762 1846 1838)
4(1761 1845 1846 1762)
4(1751 1763 1847 1839)
4(1762 1846 1847 1763)
4(1752 1764 1848 1840)
4(1763 1847 1848 1764)
4(1753 1765 1849 1841)
4(1764 1848 1849 1765)
4(1754 1766 1850 1842)
4(1765 1849 1850 1766)
4(1755 1767 1851 1843)
4(1766 1850 1851 1767)
4(1767 1851 1852 1768)
4(1762 1774 1856 1846)
4(1773 1855 1856 1774)
4(1763 1775 1857 1847)
4(1774 1856 1857 1775)
4(1764 1776 1858 1848)
4(1775 1857 1858 1776)
4(1765 1777 1859 1849)
4(1776 1858 1859 1777)
4(1766 1778 1860 1850)
4(1777 1859 1860 1778)
4(1767 1779 1861 1851)
4(1778 1860 1861 1779)
4(1768 1780 1862 1852)
4(1779 1861 1862 1780)
4(1780 1862 1863 1781)
4(1773 1786 1865 1855)
4(1785 1864 1865 1786)
4(1774 1787 1866 1856)
4(1786 1865 1866 1787)
4(1775 1788 1867 1857)
4(1787 1866 1867 1788)
4(1776 1789 1868 1858)
4(1788 1867 1868 1789)
4(1857 1858 1868 1867)
4(1777 1790 1869 1859)
4(1789 1868 1869 1790)
4(1858 1859 1869 1868)
4(1778 1791 1870 1860)
4(1790 1869 1870 1791)
4(1859 1860 1870 1869)
4(1779 1792 1871 1861)
4(1791 1870 1871 1792)
4(1860 1861 1871 1870)
4(1780 1793 1872 1862)
4(1792 1871 1872 1793)
4(1793 1872 1873 1794)
4(1786 1798 1876 1865)
4(1787 1799 1877 1866)
4(1798 1876 1877 1799)
4(1788 1800 1878 1867)
4(1799 1877 1878 1800)
4(1866 1867 1878 1877)
4(1789 1801 1879 1868)
4(1800 1878 1879 1801)
4(1867 1868 1879 1878)
4(1790 1802 1880 1869)
4(1801 1879 1880 1802)
4(1868 1869 1880 1879)
4(1791 1803 1881 1870)
4(1802 1880 1881 1803)
4(1869 1870 1881 1880)
4(1792 1804 1882 1871)
4(1803 1881 1882 1804)
4(1870 1871 1882 1881)
4(1793 1805 1883 1872)
4(1804 1882 1883 1805)
4(1871 1872 1883 1882)
4(1794 1806 1884 1873)
4(1805 1883 1884 1806)
4(1806 1884 1885 1807)
4(1799 1811 1887 1877)
4(1810 1886 1887 1811)
4(1800 1812 1888 1878)
4(1811 1887 1888 1812)
4(1877 1878 1888 1887)
4(1801 1813 1889 1879)
4(1812 1888 1889 1813)
4(1878 1879 1889 1888)
4(1802 1814 1890 1880)
4(1813 1889 1890 1814)
4(1879 1880 1890 1889)
4(1803 1815 1891 1881)
4(1814 1890 1891 1815)
4(1880 1881 1891 1890)
4(1804 1816 1892 1882)
4(1815 1891 1892 1816)
4(1881 1882 1892 1891)
4(1805 1817 1893 1883)
4(1816 1892 1893 1817)
4(1882 1883 1893 1892)
4(1806 1818 1894 1884)
4(1817 1893 1894 1818)
4(1811 1823 1897 1887)
4(1812 1824 1898 1888)
4(1887 1888 1898 1897)
4(1813 1825 1899 1889)
4(1888 1889 1899 1898)
4(1814 1826 1900 1890)
4(1889 1890 1900 1899)
4(1815 1827 1901 1891)
4(1890 1891 1901 1900)
4(1816 1828 1902 1892)
4(1891 1892 1902 1901)
4(1817 1829 1903 1893)
4(1892 1893 1903 1902)
4(1858 1868 1912 1906)
4(1867 1911 1912 1868)
4(1859 1869 1913 1907)
4(1868 1912 1913 1869)
4(1860 1870 1914 1908)
4(1869 1913 1914 1870)
4(1870 1914 1915 1871)
4(1867 1878 1918 1911)
4(1877 1917 1918 1878)
4(1868 1879 1919 1912)
4(1878 1918 1919 1879)
4(1869 1880 1920 1913)
4(1879 1919 1920 1880)
4(1870 1881 1921 1914)
4(1880 1920 1921 1881)
4(1871 1882 1922 1915)
4(1881 1921 1922 1882)
4(1882 1922 1923 1883)
4(1878 1888 1925 1918)
4(1887 1924 1925 1888)
4(1879 1889 1926 1919)
4(1888 1925 1926 1889)
4(1880 1890 1927 1920)
4(1889 1926 1927 1890)
4(1881 1891 1928 1921)
4(1890 1927 1928 1891)
4(1882 1892 1929 1922)
4(1891 1928 1929 1892)
4(1892 1929 1930 1893)
4(1888 1898 1932 1925)
4(1889 1899 1933 1926)
4(1890 1900 1934 1927)
4(1926 1927 1934 1933)
4(1891 1901 1935 1928)
4(1927 1928 1935 1934)
4(1892 1902 1936 1929)
4(1927 1934 1942 1939)
4(318 430 431 319)
4(430 539 540 431)
4(1415 1557 1558 1416)
4(1557 1694 1695 1558)
4(1694 1821 1822 1695)
4(115 212 213 116)
4(212 319 320 213)
4(319 431 432 320)
4(431 540 541 432)
4(540 647 648 541)
4(1416 1558 1559 1417)
4(1558 1695 1696 1559)
4(1695 1822 1823 1696)
4(1822 1896 1897 1823)
4(40 116 117 41)
4(116 213 214 117)
4(213 320 321 214)
4(320 432 433 321)
4(432 541 542 433)
4(541 648 649 542)
4(648 750 751 649)
4(750 849 850 751)
4(1278 1417 1418 1279)
4(1417 1559 1560 1418)
4(1559 1696 1697 1560)
4(1696 1823 1824 1697)
4(1823 1897 1898 1824)
4(1897 1931 1932 1898)
4(41 117 118 42)
4(117 214 215 118)
4(214 321 322 215)
4(321 433 434 322)
4(433 542 543 434)
4(542 649 650 543)
4(649 751 752 650)
4(751 850 851 752)
4(850 933 934 851)
4(1169 1279 1280 1170)
4(1279 1418 1419 1280)
4(1418 1560 1561 1419)
4(1560 1697 1698 1561)
4(1697 1824 1825 1698)
4(1824 1898 1899 1825)
4(1898 1932 1933 1899)
4(42 118 119 43)
4(118 215 216 119)
4(215 322 323 216)
4(322 434 435 323)
4(434 543 544 435)
4(543 650 651 544)
4(650 752 753 651)
4(752 851 852 753)
4(851 934 935 852)
4(934 994 995 935)
4(1093 1170 1171 1094)
4(1170 1280 1281 1171)
4(1280 1419 1420 1281)
4(1419 1561 1562 1420)
4(1561 1698 1699 1562)
4(1698 1825 1826 1699)
4(1825 1899 1900 1826)
4(1899 1933 1934 1900)
4(1933 1941 1942 1934)
4(43 119 120 44)
4(119 216 217 120)
4(216 323 324 217)
4(323 435 436 324)
4(435 544 545 436)
4(544 651 652 545)
4(651 753 754 652)
4(753 852 853 754)
4(852 935 936 853)
4(935 995 996 936)
4(995 1041 1042 996)
4(1094 1171 1172 1095)
4(1171 1281 1282 1172)
4(1281 1420 1421 1282)
4(1420 1562 1563 1421)
4(1562 1699 1700 1563)
4(1699 1826 1827 1700)
4(1826 1900 1901 1827)
4(1900 1934 1935 1901)
4(1934 1942 1943 1935)
4(44 120 121 45)
4(120 217 218 121)
4(217 324 325 218)
4(324 436 437 325)
4(436 545 546 437)
4(545 652 653 546)
4(652 754 755 653)
4(754 853 854 755)
4(853 936 937 854)
4(936 996 997 937)
4(996 1042 1043 997)
4(1172 1282 1283 1173)
4(1282 1421 1422 1283)
4(1421 1563 1564 1422)
4(1563 1700 1701 1564)
4(1700 1827 1828 1701)
4(1827 1901 1902 1828)
4(1901 1935 1936 1902)
4(45 121 122 46)
4(121 218 219 122)
4(218 325 326 219)
4(325 437 438 326)
4(437 546 547 438)
4(546 653 654 547)
4(653 755 756 654)
4(755 854 855 756)
4(854 937 938 855)
4(937 997 998 938)
4(997 1043 1044 998)
4(1173 1283 1284 1174)
4(1283 1422 1423 1284)
4(1422 1564 1565 1423)
4(1564 1701 1702 1565)
4(1701 1828 1829 1702)
4(1828 1902 1903 1829)
4(1902 1936 1937 1903)
4(46 122 123 47)
4(122 219 220 123)
4(219 326 327 220)
4(326 438 439 327)
4(438 547 548 439)
4(547 654 655 548)
4(654 756 757 655)
4(756 855 856 757)
4(855 938 939 856)
4(938 998 999 939)
4(1284 1423 1424 1285)
4(1423 1565 1566 1424)
4(1565 1702 1703 1566)
4(1702 1829 1830 1703)
4(1829 1903 1904 1830)
4(47 123 124 48)
4(123 220 221 124)
4(220 327 328 221)
4(327 439 440 328)
4(439 548 549 440)
4(548 655 656 549)
4(655 757 758 656)
4(757 856 857 758)
4(856 939 940 857)
4(939 999 1000 940)
4(1285 1424 1425 1286)
4(1424 1566 1567 1425)
4(1566 1703 1704 1567)
4(1703 1830 1831 1704)
4(48 124 125 49)
4(124 221 222 125)
4(221 328 329 222)
4(328 440 441 329)
4(440 549 550 441)
4(549 656 657 550)
4(656 758 759 657)
4(758 857 858 759)
4(857 940 941 858)
4(1425 1567 1568 1426)
4(1567 1704 1705 1568)
4(49 125 126 50)
4(125 222 223 126)
4(222 329 330 223)
4(329 441 442 330)
4(441 550 551 442)
4(550 657 658 551)
4(657 759 760 658)
4(759 858 859 760)
4(858 941 942 859)
4(126 223 224 127)
4(223 330 331 224)
4(330 442 443 331)
4(442 551 552 443)
4(551 658 659 552)
4(658 760 761 659)
4(760 859 860 761)
4(127 224 225 128)
4(224 331 332 225)
4(331 443 444 332)
4(443 552 553 444)
4(552 659 660 553)
4(128 225 226 129)
4(225 332 333 226)
4(332 444 445 333)
4(226 333 334 227)
4(29 40 41 30)
4(19 30 31 20)
4(30 41 42 31)
4(11 20 21 12)
4(20 31 32 21)
4(31 42 43 32)
4(4 12 13 5)
4(12 21 22 13)
4(21 32 33 22)
4(32 43 44 33)
4(0 5 6 1)
4(5 13 14 6)
4(13 22 23 14)
4(22 33 34 23)
4(33 44 45 34)
4(1 6 7 2)
4(6 14 15 7)
4(14 23 24 15)
4(23 34 35 24)
4(34 45 46 35)
4(2 7 8 3)
4(7 15 16 8)
4(15 24 25 16)
4(24 35 36 25)
4(35 46 47 36)
4(8 16 17 9)
4(16 25 26 17)
4(25 36 37 26)
4(36 47 48 37)
4(9 17 18 10)
4(17 26 27 18)
4(26 37 38 27)
4(37 48 49 38)
4(27 38 39 28)
4(38 49 50 39)
4(355 466 480 369)
4(368 369 480 479)
4(130 131 230 229)
4(131 132 231 230)
4(132 133 232 231)
4(133 134 233 232)
4(134 141 240 233)
4(141 142 241 240)
4(142 143 242 241)
4(143 152 253 242)
4(152 153 254 253)
4(242 253 254 243)
4(153 164 267 254)
4(164 165 268 267)
4(254 267 268 255)
4(165 166 269 268)
4(180 194 299 284)
4(194 195 300 299)
4(195 210 316 300)
4(210 211 317 316)
4(211 227 334 317)
4(316 317 334 333)
4(228 229 337 336)
4(229 230 338 337)
4(230 231 339 338)
4(231 232 340 339)
4(232 233 341 340)
4(233 240 350 341)
4(240 241 351 350)
4(341 350 351 342)
4(241 242 352 351)
4(242 243 353 352)
4(243 254 366 353)
4(254 255 367 366)
4(353 366 367 354)
4(255 268 381 367)
4(268 269 382 381)
4(269 284 397 382)
4(284 299 412 397)
4(299 300 413 412)
4(300 316 429 413)
4(316 333 445 429)
4(428 429 445 444)
4(335 336 447 446)
4(336 337 448 447)
4(337 338 449 448)
4(338 339 450 449)
4(339 340 451 450)
4(340 341 452 451)
4(341 342 453 452)
4(342 351 462 453)
4(452 453 462 461)
4(351 352 463 462)
4(352 353 464 463)
4(353 354 465 464)
4(354 367 478 465)
4(367 381 492 478)
4(381 382 493 492)
4(382 397 508 493)
4(492 493 508 507)
4(397 412 523 508)
4(507 508 523 522)
4(428 444 553 538)
4(446 447 556 555)
4(447 448 557 556)
4(448 449 558 557)
4(449 450 559 558)
4(450 451 560 559)
4(451 452 561 560)
4(452 461 571 561)
4(461 462 572 571)
4(561 571 572 562)
4(462 463 573 572)
4(463 464 574 573)
4(464 465 575 574)
4(465 478 588 575)
4(478 492 602 588)
4(492 507 616 602)
4(507 522 630 616)
4(522 523 631 630)
4(523 538 646 631)
4(538 553 660 646)
4(554 555 662 661)
4(555 556 663 662)
4(556 557 664 663)
4(557 558 665 664)
4(558 559 666 665)
4(559 560 667 666)
4(560 561 668 667)
4(561 562 669 668)
4(562 572 679 669)
4(572 573 680 679)
4(573 574 681 680)
4(574 575 682 681)
4(575 588 695 682)
4(588 602 709 695)
4(602 616 723 709)
4(616 630 736 723)
4(661 662 763 762)
4(662 663 764 763)
4(663 664 765 764)
4(664 665 766 765)
4(665 666 767 766)
4(666 667 768 767)
4(667 668 769 768)
4(668 669 770 769)
4(661 762 772 671)
4(670 671 772 771)
4(762 763 773 772)
4(669 679 780 770)
4(679 680 781 780)
4(680 681 782 781)
4(681 682 783 782)
4(682 695 796 783)
4(695 709 809 796)
4(709 723 822 809)
4(723 736 835 822)
4(763 764 862 861)
4(764 765 863 862)
4(765 766 864 863)
4(766 767 865 864)
4(767 768 866 865)
4(763 861 868 773)
4(772 773 868 867)
4(864 865 872 871)
4(861 862 944 943)
4(862 863 945 944)
4(863 864 946 945)
4(864 871 951 946)
4(945 946 951 950)
4(871 872 952 951)
4(943 944 1005 1004)
4(1001 1004 1005 1002)
4(944 945 1006 1005)
4(1002 1005 1006 1003)
4(945 950 1011 1006)
4(950 951 1012 1011)
4(1006 1011 1012 1007)
4(1001 1002 1050 1049)
4(1045 1049 1050 1046)
4(1002 1003 1051 1050)
4(1046 1050 1051 1047)
4(1003 1006 1056 1051)
4(1006 1007 1057 1056)
4(1051 1056 1057 1052)
4(1287 1288 1428 1427)
4(1287 1427 1432 1292)
4(1291 1292 1432 1431)
4(1427 1428 1433 1432)
4(1428 1429 1434 1433)
4(1436 1437 1445 1444)
4(1307 1317 1457 1447)
4(1446 1447 1457 1456)
4(1317 1318 1458 1457)
4(1318 1329 1469 1458)
4(1329 1330 1470 1469)
4(1330 1342 1482 1470)
4(1342 1354 1494 1482)
4(1354 1366 1506 1494)
4(1414 1426 1568 1556)
4(1430 1431 1570 1569)
4(1431 1432 1571 1570)
4(1432 1433 1572 1571)
4(1433 1434 1573 1572)
4(1434 1435 1574 1573)
4(1435 1436 1575 1574)
4(1569 1570 1577 1576)
4(1570 1571 1578 1577)
4(1571 1572 1579 1578)
4(1436 1444 1582 1575)
4(1574 1575 1582 1581)
4(1444 1445 1583 1582)
4(1445 1446 1584 1583)
4(1576 1577 1586 1585)
4(1446 1456 1593 1584)
4(1583 1584 1593 1592)
4(1456 1457 1594 1593)
4(1457 1458 1595 1594)
4(1585 1586 1597 1596)
4(1458 1469 1606 1595)
4(1594 1595 1606 1605)
4(1469 1470 1607 1606)
4(1470 1482 1619 1607)
4(1606 1607 1619 1618)
4(1482 1494 1631 1619)
4(1618 1619 1631 1630)
4(1494 1506 1643 1631)
4(1506 1518 1655 1643)
4(1518 1519 1656 1655)
4(1519 1532 1669 1656)
4(1532 1544 1681 1669)
4(1544 1556 1693 1681)
4(1545 1682 1694 1557)
4(1556 1568 1705 1693)
4(1692 1693 1705 1704)
4(1572 1573 1707 1706)
4(1573 1574 1708 1707)
4(1577 1578 1710 1709)
4(1572 1706 1711 1579)
4(1578 1579 1711 1710)
4(1706 1707 1712 1711)
4(1574 1581 1713 1708)
4(1707 1708 1713 1712)
4(1581 1582 1714 1713)
4(1582 1583 1715 1714)
4(1577 1709 1716 1586)
4(1709 1710 1717 1716)
4(1710 1711 1718 1717)
4(1711 1712 1719 1718)
4(1712 1713 1720 1719)
4(1713 1714 1721 1720)
4(1583 1592 1722 1715)
4(1714 1715 1722 1721)
4(1592 1593 1723 1722)
4(1593 1594 1724 1723)
4(1586 1716 1726 1597)
4(1596 1597 1726 1725)
4(1716 1717 1727 1726)
4(1717 1718 1728 1727)
4(1718 1719 1729 1728)
4(1719 1720 1730 1729)
4(1720 1721 1731 1730)
4(1721 1722 1732 1731)
4(1722 1723 1733 1732)
4(1594 1605 1734 1724)
4(1723 1724 1734 1733)
4(1605 1606 1735 1734)
4(1596 1725 1736 1608)
4(1725 1726 1737 1736)
4(1726 1727 1738 1737)
4(1727 1728 1739 1738)
4(1728 1729 1740 1739)
4(1729 1730 1741 1740)
4(1730 1731 1742 1741)
4(1731 1732 1743 1742)
4(1732 1733 1744 1743)
4(1733 1734 1745 1744)
4(1606 1618 1746 1735)
4(1734 1735 1746 1745)
4(1608 1736 1747 1620)
4(1736 1737 1748 1747)
4(1737 1738 1749 1748)
4(1738 1739 1750 1749)
4(1739 1740 1751 1750)
4(1744 1745 1756 1755)
4(1618 1630 1757 1746)
4(1745 1746 1757 1756)
4(1630 1631 1758 1757)
4(1620 1747 1759 1632)
4(1747 1748 1760 1759)
4(1748 1749 1761 1760)
4(1756 1757 1769 1768)
4(1631 1643 1770 1758)
4(1757 1758 1770 1769)
4(1759 1760 1772 1771)
4(1760 1761 1773 1772)
4(1643 1655 1782 1770)
4(1769 1770 1782 1781)
4(1655 1656 1783 1782)
4(1771 1772 1785 1784)
4(1781 1782 1795 1794)
4(1656 1669 1796 1783)
4(1782 1783 1796 1795)
4(1669 1681 1808 1796)
4(1795 1796 1808 1807)
4(1670 1797 1809 1682)
4(1797 1798 1810 1809)
4(1681 1693 1820 1808)
4(1692 1819 1820 1693)
4(1807 1808 1820 1819)
4(1682 1809 1821 1694)
4(1809 1810 1822 1821)
4(1692 1704 1831 1819)
4(1818 1819 1831 1830)
4(1740 1741 1833 1832)
4(1741 1742 1834 1833)
4(1742 1743 1835 1834)
4(1743 1744 1836 1835)
4(1749 1750 1838 1837)
4(1740 1832 1839 1751)
4(1750 1751 1839 1838)
4(1832 1833 1840 1839)
4(1833 1834 1841 1840)
4(1834 1835 1842 1841)
4(1744 1755 1843 1836)
4(1835 1836 1843 1842)
4(1755 1756 1844 1843)
4(1749 1837 1845 1761)
4(1837 1838 1846 1845)
4(1838 1839 1847 1846)
4(1839 1840 1848 1847)
4(1840 1841 1849 1848)
4(1841 1842 1850 1849)
4(1842 1843 1851 1850)
4(1756 1768 1852 1844)
4(1843 1844 1852 1851)
4(1768 1769 1853 1852)
4(1761 1845 1855 1773)
4(1772 1773 1855 1854)
4(1845 1846 1856 1855)
4(1846 1847 1857 1856)
4(1847 1848 1858 1857)
4(1848 1849 1859 1858)
4(1849 1850 1860 1859)
4(1850 1851 1861 1860)
4(1851 1852 1862 1861)
4(1769 1781 1863 1853)
4(1852 1853 1863 1862)
4(1772 1854 1864 1785)
4(1854 1855 1865 1864)
4(1855 1856 1866 1865)
4(1856 1857 1867 1866)
4(1861 1862 1872 1871)
4(1781 1794 1873 1863)
4(1862 1863 1873 1872)
4(1794 1795 1874 1873)
4(1785 1864 1875 1797)
4(1797 1875 1876 1798)
4(1864 1865 1876 1875)
4(1865 1866 1877 1876)
4(1872 1873 1884 1883)
4(1795 1807 1885 1874)
4(1873 1874 1885 1884)
4(1798 1876 1886 1810)
4(1876 1877 1887 1886)
4(1883 1884 1894 1893)
4(1807 1819 1895 1885)
4(1818 1894 1895 1819)
4(1884 1885 1895 1894)
4(1810 1886 1896 1822)
4(1886 1887 1897 1896)
4(1818 1830 1904 1894)
4(1893 1894 1904 1903)
4(1857 1858 1906 1905)
4(1858 1859 1907 1906)
4(1859 1860 1908 1907)
4(1860 1861 1909 1908)
4(1857 1905 1911 1867)
4(1866 1867 1911 1910)
4(1905 1906 1912 1911)
4(1906 1907 1913 1912)
4(1907 1908 1914 1913)
4(1861 1871 1915 1909)
4(1908 1909 1915 1914)
4(1871 1872 1916 1915)
4(1866 1910 1917 1877)
4(1910 1911 1918 1917)
4(1911 1912 1919 1918)
4(1912 1913 1920 1919)
4(1913 1914 1921 1920)
4(1914 1915 1922 1921)
4(1872 1883 1923 1916)
4(1915 1916 1923 1922)
4(1877 1917 1924 1887)
4(1917 1918 1925 1924)
4(1918 1919 1926 1925)
4(1919 1920 1927 1926)
4(1920 1921 1928 1927)
4(1921 1922 1929 1928)
4(1883 1893 1930 1923)
4(1922 1923 1930 1929)
4(1887 1924 1931 1897)
4(1924 1925 1932 1931)
4(1925 1926 1933 1932)
4(1928 1929 1936 1935)
4(1893 1903 1937 1930)
4(1929 1930 1937 1936)
4(1926 1927 1939 1938)
4(1927 1928 1940 1939)
4(1926 1938 1941 1933)
4(1938 1939 1942 1941)
4(1928 1935 1943 1940)
4(1939 1940 1943 1942)
4(1306 1307 1447 1446)
4(670 771 784 683)
4(0 1 60 59)
4(52 59 60 53)
4(1 2 61 60)
4(53 60 61 54)
4(2 3 62 61)
4(54 61 62 55)
4(55 62 63 56)
4(3 8 71 62)
4(8 9 72 71)
4(62 71 72 63)
4(9 10 73 72)
4(63 72 73 64)
4(10 18 84 73)
4(73 84 85 74)
4(18 27 96 84)
4(27 28 97 96)
4(84 96 97 85)
4(85 97 98 86)
4(28 39 111 97)
4(97 111 112 98)
4(39 50 126 111)
4(111 126 127 112)
4(112 127 128 113)
4(56 63 151 142)
4(63 64 152 151)
4(142 151 152 143)
4(64 73 163 152)
4(73 74 164 163)
4(152 163 164 153)
4(1154 1258 1259 1155)
4(1155 1259 1269 1162)
4(1258 1268 1269 1259)
4(1045 1046 1103 1102)
4(1097 1102 1103 1098)
4(114 129 226 210)
4(210 226 227 211)
4(1268 1404 1405 1269)
4(1269 1405 1417 1278)
4(1404 1416 1417 1405)
4(1089 1163 1164 1090)
4(1090 1164 1170 1093)
4(1163 1169 1170 1164)
4(1205 1215 1341 1329)
4(1329 1341 1342 1330)
4(1215 1225 1353 1341)
4(1341 1353 1354 1342)
4(11 77 89 20)
4(19 20 89 88)
4(76 88 89 77)
4(1319 1459 1471 1331)
4(957 958 965 964)
4(957 964 1022 1017)
4(964 965 1023 1022)
4(0 59 68 5)
4(4 5 68 67)
4(58 67 68 59)
4(1185 1186 1306 1305)
4(479 589 603 494)
4(494 603 617 509)
4(1290 1430 1438 1298)
4(1298 1438 1448 1308)
4(987 988 995 994)
4(1028 1029 1034 1033)
4(987 1036 1037 988)
4(1033 1034 1039 1038)
4(988 1037 1041 995)
4(1037 1038 1042 1041)
4(1038 1039 1043 1042)
4(1028 1033 1087 1081)
4(1081 1087 1088 1082)
4(1036 1090 1091 1037)
4(1033 1038 1092 1087)
4(1037 1091 1092 1038)
4(1090 1093 1094 1091)
4(1091 1094 1095 1092)
4(1087 1159 1160 1088)
4(1087 1092 1166 1159)
4(1159 1166 1167 1160)
4(1092 1095 1172 1166)
4(1166 1172 1173 1167)
4(645 646 660 659)
4(645 659 761 749)
4(19 88 102 30)
4(29 30 102 101)
4(87 101 102 88)
4(29 101 116 40)
4(100 115 116 101)
4(75 168 182 87)
4(167 181 182 168)
4(87 182 197 101)
4(100 101 197 196)
4(181 196 197 182)
4(100 196 212 115)
4(167 271 286 181)
4(270 285 286 271)
4(181 286 302 196)
4(285 301 302 286)
4(196 302 319 212)
4(301 318 319 302)
4(343 454 467 356)
4(355 356 467 466)
4(335 446 455 344)
4(343 344 455 454)
4(51 58 59 52)
4(57 66 67 58)
4(65 76 77 66)
4(75 87 88 76)
4(98 112 113 99)
4(113 128 129 114)
4(51 52 138 137)
4(130 137 138 131)
4(52 53 139 138)
4(131 138 139 132)
4(53 54 140 139)
4(132 139 140 133)
4(54 55 141 140)
4(133 140 141 134)
4(55 56 142 141)
4(135 144 145 136)
4(51 137 146 58)
4(57 58 146 145)
4(136 145 146 137)
4(57 145 156 66)
4(65 66 156 155)
4(144 155 156 145)
4(65 155 169 76)
4(75 76 169 168)
4(154 168 169 155)
4(165 179 180 166)
4(86 98 193 179)
4(98 99 194 193)
4(179 193 194 180)
4(99 113 209 194)
4(113 114 210 209)
4(194 209 210 195)
4(135 136 235 234)
4(130 229 236 137)
4(136 137 236 235)
4(228 235 236 229)
4(135 234 245 144)
4(144 245 258 155)
4(154 155 258 257)
4(244 257 258 245)
4(154 257 272 168)
4(167 168 272 271)
4(256 271 272 257)
4(166 180 284 269)
4(228 336 345 235)
4(234 235 345 344)
4(335 344 345 336)
4(234 344 357 245)
4(244 245 357 356)
4(343 356 357 344)
4(244 356 370 257)
4(256 257 370 369)
4(355 369 370 356)
4(256 369 384 271)
4(270 271 384 383)
4(368 383 384 369)
4(270 383 398 285)
4(285 398 414 301)
4(412 413 429 428)
4(301 414 430 318)
4(368 479 494 383)
4(383 494 509 398)
4(398 509 524 414)
4(412 428 538 523)
4(524 525 540 539)
4(446 555 565 455)
4(454 455 565 564)
4(554 564 565 555)
4(454 564 577 467)
4(466 467 577 576)
4(563 576 577 564)
4(466 576 590 480)
4(479 480 590 589)
4(603 604 618 617)
4(509 617 632 524)
4(524 632 633 525)
4(617 618 633 632)
4(630 631 646 645)
4(525 633 647 540)
4(633 634 648 647)
4(554 661 671 564)
4(563 564 671 670)
4(563 670 683 576)
4(576 683 697 590)
4(589 590 697 696)
4(589 696 710 603)
4(603 710 711 604)
4(696 697 711 710)
4(604 711 724 618)
4(618 724 737 633)
4(633 737 738 634)
4(630 645 749 736)
4(634 738 750 648)
4(768 769 779 778)
4(769 770 780 779)
4(771 772 785 784)
4(780 781 794 793)
4(781 782 795 794)
4(782 783 796 795)
4(683 784 797 697)
4(794 795 808 807)
4(795 796 809 808)
4(697 797 810 711)
4(808 809 822 821)
4(711 810 823 724)
4(810 811 824 823)
4(821 822 835 834)
4(724 823 836 737)
4(823 824 837 836)
4(736 749 848 835)
4(834 835 848 847)
4(837 838 850 849)
4(749 761 860 848)
4(847 848 860 859)
4(768 778 873 866)
4(865 866 873 872)
4(778 779 874 873)
4(779 780 875 874)
4(772 867 877 785)
4(784 785 877 876)
4(872 873 883 882)
4(873 874 884 883)
4(780 793 885 875)
4(874 875 885 884)
4(793 794 886 885)
4(784 876 887 797)
4(876 877 888 887)
4(883 884 895 894)
4(884 885 896 895)
4(794 807 897 886)
4(885 886 897 896)
4(807 808 898 897)
4(797 887 899 810)
4(810 899 900 811)
4(887 888 900 899)
4(895 896 908 907)
4(896 897 909 908)
4(808 821 910 898)
4(897 898 910 909)
4(811 900 911 824)
4(908 909 920 919)
4(821 834 921 910)
4(909 910 921 920)
4(824 911 922 837)
4(837 922 923 838)
4(919 920 931 930)
4(834 847 932 921)
4(920 921 932 931)
4(838 923 933 850)
4(923 924 934 933)
4(930 931 941 940)
4(847 859 942 932)
4(931 932 942 941)
4(861 943 948 868)
4(867 868 948 947)
4(867 947 953 877)
4(947 948 954 953)
4(872 882 958 952)
4(951 952 958 957)
4(882 883 959 958)
4(877 953 960 888)
4(953 954 961 960)
4(883 894 966 959)
4(958 959 966 965)
4(894 895 967 966)
4(888 960 968 900)
4(960 961 969 968)
4(965 966 974 973)
4(895 907 975 967)
4(966 967 975 974)
4(907 908 976 975)
4(968 969 978 977)
4(973 974 983 982)
4(974 975 984 983)
4(908 919 985 976)
4(975 976 985 984)
4(923 986 987 924)
4(983 984 992 991)
4(919 930 993 985)
4(984 985 993 992)
4(924 987 994 934)
4(991 992 999 998)
4(930 940 1000 993)
4(992 993 1000 999)
4(943 1004 1009 948)
4(948 1009 1014 954)
4(1008 1013 1014 1009)
4(951 957 1017 1012)
4(954 1014 1019 961)
4(1013 1018 1019 1014)
4(961 1019 1025 969)
4(1018 1024 1025 1019)
4(965 973 1029 1023)
4(1022 1023 1029 1028)
4(969 1025 1030 978)
4(973 982 1034 1029)
4(982 983 1035 1034)
4(983 991 1040 1035)
4(1034 1035 1040 1039)
4(991 998 1044 1040)
4(1039 1040 1044 1043)
4(1001 1049 1054 1004)
4(1048 1053 1054 1049)
4(1004 1054 1060 1009)
4(1008 1009 1060 1059)
4(1053 1059 1060 1054)
4(1007 1012 1063 1057)
4(1057 1063 1064 1058)
4(1008 1059 1065 1013)
4(1012 1017 1069 1063)
4(1063 1069 1070 1064)
4(1013 1065 1071 1018)
4(1017 1022 1075 1069)
4(1069 1075 1076 1070)
4(1018 1071 1077 1024)
4(1024 1077 1078 1025)
4(1022 1028 1081 1075)
4(1075 1081 1082 1076)
4(1025 1078 1084 1030)
4(1077 1083 1084 1078)
4(1096 1101 1102 1097)
4(1046 1047 1104 1103)
4(1098 1103 1104 1099)
4(1100 1107 1108 1101)
4(1045 1102 1109 1049)
4(1048 1049 1109 1108)
4(1101 1108 1109 1102)
4(1047 1051 1111 1104)
4(1051 1052 1112 1111)
4(1104 1111 1112 1105)
4(1105 1112 1113 1106)
4(1048 1108 1115 1053)
4(1107 1114 1115 1108)
4(1053 1115 1123 1059)
4(1114 1122 1123 1115)
4(1058 1064 1128 1120)
4(1120 1128 1129 1121)
4(1059 1123 1131 1065)
4(1122 1130 1131 1123)
4(1064 1070 1136 1128)
4(1128 1136 1137 1129)
4(1065 1131 1139 1071)
4(1130 1138 1139 1131)
4(1070 1076 1144 1136)
4(1136 1144 1145 1137)
4(1071 1139 1147 1077)
4(1138 1146 1147 1139)
4(1076 1082 1152 1144)
4(1144 1152 1153 1145)
4(1077 1147 1155 1083)
4(1146 1154 1155 1147)
4(1083 1155 1156 1084)
4(1082 1088 1160 1152)
4(1152 1160 1161 1153)
4(1084 1156 1163 1089)
4(1155 1162 1163 1156)
4(1160 1167 1168 1161)
4(1167 1173 1174 1168)
4(1175 1180 1181 1176)
4(1096 1097 1182 1181)
4(1176 1181 1182 1177)
4(1097 1098 1183 1182)
4(1177 1182 1183 1178)
4(1098 1099 1184 1183)
4(1179 1187 1188 1180)
4(1096 1181 1189 1101)
4(1100 1101 1189 1188)
4(1180 1188 1189 1181)
4(1099 1104 1192 1184)
4(1104 1105 1193 1192)
4(1184 1192 1193 1185)
4(1105 1106 1194 1193)
4(1185 1193 1194 1186)
4(1100 1188 1197 1107)
4(1187 1196 1197 1188)
4(1106 1113 1203 1194)
4(1194 1203 1204 1195)
4(1107 1197 1207 1114)
4(1196 1206 1207 1197)
4(1113 1120 1213 1203)
4(1120 1121 1214 1213)
4(1203 1213 1214 1204)
4(1204 1214 1215 1205)
4(1114 1207 1217 1122)
4(1206 1216 1217 1207)
4(1121 1129 1224 1214)
4(1214 1224 1225 1215)
4(1122 1217 1227 1130)
4(1216 1226 1227 1217)
4(1129 1137 1234 1224)
4(1224 1234 1235 1225)
4(1130 1227 1237 1138)
4(1226 1236 1237 1227)
4(1137 1145 1244 1234)
4(1234 1244 1245 1235)
4(1138 1237 1248 1146)
4(1236 1247 1248 1237)
4(1145 1153 1255 1244)
4(1244 1255 1256 1245)
4(1245 1256 1257 1246)
4(1146 1248 1258 1154)
4(1153 1161 1265 1255)
4(1255 1265 1266 1256)
4(1256 1266 1267 1257)
4(1161 1168 1275 1265)
4(1265 1275 1276 1266)
4(1266 1276 1277 1267)
4(1168 1174 1284 1275)
4(1275 1284 1285 1276)
4(1276 1285 1286 1277)
4(1175 1176 1293 1292)
4(1287 1292 1293 1288)
4(1176 1177 1294 1293)
4(1288 1293 1294 1289)
4(1290 1298 1299 1291)
4(1175 1292 1300 1180)
4(1179 1180 1300 1299)
4(1291 1299 1300 1292)
4(1178 1183 1303 1295)
4(1183 1184 1304 1303)
4(1295 1303 1304 1296)
4(1184 1185 1305 1304)
4(1296 1304 1305 1297)
4(1179 1299 1309 1187)
4(1298 1308 1309 1299)
4(1186 1194 1316 1306)
4(1194 1195 1317 1316)
4(1306 1316 1317 1307)
4(1187 1309 1320 1196)
4(1308 1319 1320 1309)
4(1195 1204 1328 1317)
4(1204 1205 1329 1328)
4(1317 1328 1329 1318)
4(1196 1320 1332 1206)
4(1319 1331 1332 1320)
4(1206 1332 1344 1216)
4(1331 1343 1344 1332)
4(1216 1344 1356 1226)
4(1343 1355 1356 1344)
4(1225 1235 1365 1353)
4(1353 1365 1366 1354)
4(1226 1356 1367 1236)
4(1235 1245 1376 1365)
4(1245 1246 1377 1376)
4(1365 1376 1377 1366)
4(1236 1367 1379 1247)
4(1247 1379 1380 1248)
4(1246 1257 1389 1377)
4(1377 1389 1390 1378)
4(1248 1380 1392 1258)
4(1379 1391 1392 1380)
4(1257 1267 1401 1389)
4(1389 1401 1402 1390)
4(1258 1392 1404 1268)
4(1391 1403 1404 1392)
4(1267 1277 1413 1401)
4(1401 1413 1414 1402)
4(1403 1415 1416 1404)
4(1277 1286 1425 1413)
4(1413 1425 1426 1414)
4(1288 1289 1429 1428)
4(1290 1291 1431 1430)
4(1289 1294 1434 1429)
4(1294 1295 1435 1434)
4(1295 1296 1436 1435)
4(1296 1297 1437 1436)
4(1297 1305 1445 1437)
4(1305 1306 1446 1445)
4(1308 1448 1459 1319)
4(1331 1471 1483 1343)
4(1343 1483 1495 1355)
4(1355 1495 1496 1356)
4(1356 1496 1508 1367)
4(1495 1507 1508 1496)
4(1366 1377 1518 1506)
4(1377 1378 1519 1518)
4(1367 1508 1521 1379)
4(1507 1520 1521 1508)
4(1378 1390 1532 1519)
4(1379 1521 1533 1391)
4(1390 1402 1544 1532)
4(1391 1533 1545 1403)
4(1402 1414 1556 1544)
4(1403 1545 1557 1415)
4(1430 1569 1576 1438)
4(1438 1576 1585 1448)
4(1448 1585 1596 1459)
4(1459 1596 1608 1471)
4(1471 1608 1620 1483)
4(1483 1620 1632 1495)
4(1495 1632 1644 1507)
4(1507 1644 1657 1520)
4(1520 1657 1658 1521)
4(1521 1658 1670 1533)
4(1533 1670 1682 1545)
4(1632 1759 1771 1644)
4(1644 1771 1784 1657)
4(1657 1784 1785 1658)
4(1658 1785 1797 1670)
4(1052 1057 1119 1112)
4(1057 1058 1120 1119)
4(1112 1119 1120 1113)
4(1177 1178 1295 1294)
4(978 979 987 986)
4(978 1030 1031 979)
4(979 1031 1036 987)
4(1030 1084 1085 1031)
4(1031 1085 1090 1036)
4(1084 1089 1090 1085)
4(4 67 78 12)
4(11 12 78 77)
4(66 77 78 67)
4(900 968 977 911)
4(414 524 539 430)
4(74 85 178 164)
4(85 86 179 178)
4(164 178 179 165)
4(737 836 837 738)
4(738 837 849 750)
4(1162 1269 1270 1163)
4(1163 1270 1279 1169)
4(1269 1278 1279 1270)
4(911 912 923 922)
4(911 977 978 912)
4(912 978 986 923)
)


// ************************************************************************* //
