/*--------------------------------*- C++ -*----------------------------------*\
  =========                 |
  \\      /  F ield         | OpenFOAM: The Open Source CFD Toolbox
   \\    /   O peration     | Website:  https://openfoam.org
    \\  /    A nd           | Version:  6
     \\/     M anipulation  |
\*---------------------------------------------------------------------------*/
FoamFile
{
    version     2.0;
    format      ascii;
    class       labelList;
    note        "nPoints:1944  nCells:1323  nFaces:4530  nInternalFaces:3408";
    location    "constant/region21/polyMesh";
    object      neighbour;
}
// * * * * * * * * * * * * * * * * * * * * * * * * * * * * * * * * * * * * * //


3408
(
1
4
42
2
5
43
6
44
4
10
49
5
11
50
6
12
51
7
13
52
8
14
53
15
54
10
17
58
11
18
59
12
19
60
13
20
61
14
21
62
15
22
63
23
64
17
26
68
18
27
69
19
28
70
20
29
71
21
30
72
22
31
73
23
32
74
24
33
75
34
76
26
80
27
81
28
82
29
83
30
84
31
85
32
86
33
87
34
88
89
36
41
99
37
42
100
38
43
101
39
44
102
45
103
41
48
106
42
49
107
43
50
108
44
51
109
45
52
110
46
53
111
54
112
48
57
115
49
58
116
50
59
117
51
60
118
52
61
119
53
62
120
54
63
121
55
64
122
65
123
57
67
127
58
68
128
59
69
129
60
70
130
61
71
131
62
72
132
63
73
133
64
74
134
65
75
135
66
76
136
77
137
68
80
140
69
81
141
70
82
142
71
83
143
72
84
144
73
85
145
74
86
146
75
87
147
76
88
148
77
89
149
78
90
150
91
151
80
153
81
154
82
155
83
156
84
157
85
158
86
159
87
160
88
161
89
162
90
163
91
164
92
165
166
94
99
169
95
100
170
96
101
171
102
172
98
105
173
99
106
174
100
107
175
101
108
176
102
109
177
103
110
178
104
111
179
112
180
106
115
183
107
116
184
108
117
185
109
118
186
110
119
187
111
120
188
112
121
189
113
122
190
123
191
115
127
194
116
128
195
117
129
196
118
130
197
119
131
198
120
132
199
121
133
200
122
134
201
123
135
202
124
136
203
125
137
204
138
205
127
139
207
128
140
208
129
141
209
130
142
210
131
143
211
132
144
212
133
145
213
134
146
214
135
147
215
136
148
216
137
149
217
138
150
218
151
219
140
153
221
141
154
222
142
155
223
143
156
224
144
157
225
145
158
226
146
159
227
147
160
228
148
161
229
149
162
230
150
163
231
151
164
232
152
165
233
166
234
154
236
155
237
156
238
157
239
158
240
159
241
160
242
161
243
162
244
163
245
164
246
165
247
166
248
167
249
169
174
251
170
175
252
171
176
253
172
177
254
178
255
174
183
258
175
184
259
176
185
260
177
186
261
178
187
262
179
188
263
180
189
264
181
190
265
191
266
183
194
269
184
195
270
185
196
271
186
197
272
187
198
273
188
199
274
189
200
275
190
201
276
191
202
277
192
203
278
204
279
194
207
281
195
208
282
196
209
283
197
210
284
198
211
285
199
212
286
200
213
287
201
214
288
202
215
289
203
216
290
204
217
291
205
218
292
219
293
207
220
294
208
221
295
209
222
296
210
223
297
211
224
298
212
225
299
213
226
300
214
227
301
215
228
302
216
229
303
217
230
304
218
231
305
219
232
306
233
307
221
235
308
222
236
309
223
237
310
224
238
311
225
239
312
226
240
313
227
241
314
228
242
315
229
243
316
230
244
317
231
245
318
232
246
319
233
247
320
234
248
321
249
236
322
237
323
238
324
239
325
240
326
241
327
242
328
243
329
244
330
245
331
246
332
247
333
248
334
249
335
251
258
336
252
259
337
253
260
338
254
261
339
255
262
340
256
263
341
264
258
269
342
259
270
343
260
271
344
261
272
345
262
273
346
263
274
347
264
275
348
265
276
349
266
277
350
267
278
351
279
352
269
281
353
270
282
354
271
283
355
272
284
356
273
285
357
274
286
358
275
287
359
276
288
360
277
289
361
278
290
362
279
291
363
292
364
281
294
365
282
295
366
283
296
367
284
297
368
285
298
369
286
299
370
287
300
371
288
301
372
289
302
373
290
303
374
291
304
375
292
305
376
293
306
377
307
295
308
378
296
309
379
297
310
380
298
311
381
299
312
382
300
313
383
301
314
384
302
315
385
303
316
386
304
317
387
305
318
388
306
319
389
307
320
390
321
309
322
391
310
323
392
311
324
393
312
325
394
313
326
395
314
327
396
315
328
397
316
329
398
317
330
399
318
331
400
319
332
401
320
333
402
321
334
403
335
404
323
324
405
325
406
326
407
327
408
328
409
329
410
330
411
331
412
332
413
333
414
334
415
335
416
417
337
343
419
338
344
420
339
345
421
340
346
422
341
347
423
348
424
343
354
427
344
355
428
345
356
429
346
357
430
347
358
431
348
359
432
349
360
433
350
361
434
351
362
435
352
363
436
364
437
354
366
438
355
367
439
356
368
440
357
369
441
358
370
442
359
371
443
360
372
444
361
373
445
362
374
446
363
375
447
364
376
448
377
449
366
378
450
367
379
451
368
380
452
369
381
453
370
382
454
371
383
455
372
384
456
373
385
457
374
386
458
375
387
459
376
388
460
377
389
461
390
462
379
391
380
392
463
381
393
464
382
394
465
383
395
466
384
396
467
385
397
468
386
398
469
387
399
470
388
400
471
389
401
472
390
402
473
403
474
392
393
405
475
394
406
476
395
407
477
396
408
478
397
409
479
398
410
480
399
411
481
400
412
482
401
413
483
402
414
484
403
415
485
404
416
486
417
406
407
487
408
488
409
489
410
490
411
491
412
492
413
493
414
494
415
495
416
496
417
497
419
427
498
420
428
499
421
429
500
422
430
501
423
431
502
424
432
503
425
433
504
434
505
427
438
506
428
439
507
429
440
508
430
441
509
431
442
510
432
443
511
433
444
512
434
445
513
435
446
514
436
447
515
437
448
516
449
517
439
451
518
440
452
519
441
453
520
442
454
521
443
455
522
444
456
523
445
457
524
446
458
525
447
459
526
448
460
527
449
461
528
462
529
451
452
463
530
453
464
531
454
465
532
455
466
533
456
467
534
457
468
535
458
469
536
459
470
537
460
471
538
461
472
539
462
473
540
474
541
464
475
542
465
476
543
466
477
544
467
478
545
468
479
546
469
480
547
470
481
548
471
482
549
472
483
550
473
484
551
474
485
552
486
553
476
554
477
487
555
478
488
556
479
489
557
480
490
558
481
491
559
482
492
560
483
493
561
484
494
562
485
495
563
486
496
564
497
565
488
566
489
567
490
568
491
569
492
570
493
571
494
572
495
573
496
574
497
575
576
499
507
500
508
577
501
509
578
502
510
579
503
511
580
504
512
581
505
513
514
507
518
508
519
582
509
520
583
510
521
584
511
522
585
512
523
586
513
524
587
514
525
588
515
526
589
516
527
517
528
529
519
530
590
520
531
591
521
532
592
522
533
593
523
534
594
524
535
595
525
536
596
526
537
597
527
538
598
528
539
599
529
540
541
531
542
600
532
543
601
533
544
602
534
545
603
535
546
604
536
547
605
537
548
606
538
549
607
539
550
608
540
551
609
541
552
610
553
543
554
544
555
611
545
556
612
546
557
613
547
558
614
548
559
615
549
560
616
550
561
617
551
562
618
552
563
619
553
564
620
565
555
556
566
621
557
567
622
558
568
623
559
569
624
560
570
625
561
571
626
562
572
627
563
573
628
564
574
629
565
575
630
576
567
568
631
569
632
570
633
571
634
572
635
573
636
574
637
575
638
576
639
578
583
640
579
584
641
580
585
642
581
586
587
583
591
643
584
592
644
585
593
645
586
594
646
587
595
647
588
596
589
597
598
591
600
592
601
648
593
602
649
594
603
650
595
604
651
596
605
652
597
606
653
598
607
599
608
609
601
602
611
654
603
612
655
604
613
656
605
614
657
606
615
658
607
616
659
608
617
660
609
618
610
619
620
612
621
661
613
622
662
614
623
663
615
624
664
616
625
665
617
626
666
618
627
667
619
628
668
620
629
630
622
623
631
669
624
632
670
625
633
671
626
634
672
627
635
673
628
636
674
629
637
675
630
638
639
632
633
676
634
677
635
678
636
679
637
680
638
681
639
641
644
682
642
645
683
646
644
648
645
649
684
646
650
685
647
651
686
652
649
654
650
655
687
651
656
688
652
657
689
653
658
659
655
661
656
662
690
657
663
691
658
664
692
659
665
693
660
666
667
662
663
669
694
664
670
695
665
671
696
666
672
697
667
673
668
674
675
670
671
676
698
672
677
699
673
678
700
674
679
701
675
680
681
677
678
702
679
703
680
704
681
683
684
707
685
708
685
687
711
686
688
712
689
713
688
690
715
689
691
716
692
717
691
694
719
692
695
720
693
696
721
697
695
722
696
698
723
697
699
724
700
699
725
700
702
726
701
703
704
703
704
706
707
730
708
731
708
711
734
709
712
735
713
736
711
714
738
712
715
739
713
716
740
717
741
715
718
743
716
719
744
717
720
745
721
746
719
748
720
722
749
721
723
750
724
751
723
754
724
725
755
726
756
726
759
760
728
730
768
731
769
730
733
773
731
734
774
732
735
775
736
776
734
738
779
735
739
780
736
740
781
737
741
782
742
783
739
743
786
740
744
787
741
745
788
742
746
789
747
790
744
748
793
745
749
794
746
750
795
747
751
796
752
797
749
753
800
750
754
801
751
755
802
752
756
803
757
804
754
807
755
758
808
756
759
809
757
760
810
811
759
814
760
761
815
762
816
762
820
821
764
767
829
765
768
830
769
831
767
772
835
768
773
836
769
774
837
770
775
838
771
776
839
777
840
773
778
843
774
779
844
775
780
845
776
781
846
777
782
847
783
848
779
785
852
780
786
853
781
787
854
782
788
855
783
789
856
784
790
857
791
858
786
792
861
787
793
862
788
794
863
789
795
864
790
796
865
791
797
866
798
867
793
799
870
794
800
871
795
801
872
796
802
873
797
803
874
798
804
875
805
876
800
806
879
801
807
880
802
808
881
803
809
882
804
810
883
805
811
884
812
885
807
888
808
813
889
809
814
890
810
815
891
811
816
892
812
817
893
818
894
814
898
815
819
899
816
820
900
817
821
901
818
822
902
823
903
820
907
821
908
822
909
823
910
911
825
828
918
826
829
919
830
920
828
834
924
829
835
925
830
836
926
831
837
927
832
838
928
833
839
929
840
930
835
842
933
836
843
934
837
844
935
838
845
936
839
846
937
840
847
938
841
848
939
849
940
843
851
943
844
852
944
845
853
945
846
854
946
847
855
947
848
856
948
849
857
949
850
858
950
859
951
852
860
954
853
861
955
854
862
956
855
863
957
856
864
958
857
865
959
858
866
960
859
867
961
868
962
861
869
965
862
870
966
863
871
967
864
872
968
865
873
969
866
874
970
867
875
971
868
876
972
877
973
870
878
975
871
879
976
872
880
977
873
881
978
874
882
979
875
883
980
876
884
981
877
885
982
886
983
879
985
880
888
986
881
889
987
882
890
988
883
891
989
884
892
990
885
893
991
886
894
992
887
895
993
896
994
889
897
997
890
898
998
891
899
999
892
900
1000
893
901
1001
894
902
1002
895
903
1003
896
904
1004
905
1005
898
1008
899
906
1009
900
907
1010
901
908
1011
902
909
1012
903
910
1013
904
911
1014
905
912
1015
913
1016
907
1020
908
1021
909
1022
910
1023
911
1024
912
1025
913
1026
1027
915
918
919
917
923
1029
918
924
1030
919
925
1031
920
926
1032
921
927
1033
922
928
1034
929
924
932
1035
925
933
1036
926
934
1037
927
935
1038
928
936
1039
929
937
1040
930
938
1041
931
939
1042
940
933
942
1043
934
943
1044
935
944
1045
936
945
1046
937
946
1047
938
947
1048
939
948
1049
940
949
1050
941
950
1051
951
1052
943
953
1053
944
954
1054
945
955
1055
946
956
1056
947
957
1057
948
958
1058
949
959
1059
950
960
1060
951
961
1061
952
962
1062
963
1063
954
964
1064
955
965
1065
956
966
1066
957
967
1067
958
968
1068
959
969
1069
960
970
1070
961
971
1071
962
972
1072
963
973
1073
974
1074
965
1075
966
975
1076
967
976
1077
968
977
1078
969
978
1079
970
979
1080
971
980
1081
972
981
1082
973
982
1083
974
983
1084
984
1085
976
985
1087
977
986
1088
978
987
1089
979
988
1090
980
989
1091
981
990
1092
982
991
1093
983
992
1094
984
993
1095
994
1096
986
996
1098
987
997
1099
988
998
1100
989
999
1101
990
1000
1102
991
1001
1103
992
1002
1104
993
1003
1105
994
1004
1106
995
1005
1107
1006
1108
997
1007
1109
998
1008
1110
999
1009
1111
1000
1010
1112
1001
1011
1113
1002
1012
1114
1003
1013
1115
1004
1014
1116
1005
1015
1117
1006
1016
1118
1017
1119
1008
1018
1120
1009
1019
1121
1010
1020
1122
1011
1021
1123
1012
1022
1124
1013
1023
1125
1014
1024
1126
1015
1025
1127
1016
1026
1128
1017
1027
1129
1028
1130
1019
1131
1020
1132
1021
1133
1022
1134
1023
1135
1024
1136
1025
1137
1026
1138
1027
1139
1028
1140
1141
1030
1035
1031
1036
1032
1037
1033
1038
1142
1034
1039
1143
1040
1036
1043
1037
1044
1144
1038
1045
1145
1039
1046
1146
1040
1047
1147
1041
1048
1148
1042
1049
1149
1050
1044
1053
1045
1054
1150
1046
1055
1151
1047
1056
1152
1048
1057
1153
1049
1058
1154
1050
1059
1155
1051
1060
1156
1052
1061
1157
1062
1054
1064
1158
1055
1065
1159
1056
1066
1160
1057
1067
1161
1058
1068
1162
1059
1069
1163
1060
1070
1164
1061
1071
1165
1062
1072
1166
1063
1073
1167
1074
1065
1075
1168
1066
1076
1169
1067
1077
1170
1068
1078
1171
1069
1079
1172
1070
1080
1173
1071
1081
1174
1072
1082
1175
1073
1083
1176
1074
1084
1177
1085
1076
1086
1178
1077
1087
1179
1078
1088
1180
1079
1089
1181
1080
1090
1182
1081
1091
1183
1082
1092
1184
1083
1093
1185
1084
1094
1186
1085
1095
1187
1096
1188
1087
1097
1189
1088
1098
1190
1089
1099
1191
1090
1100
1192
1091
1101
1193
1092
1102
1194
1093
1103
1195
1094
1104
1196
1095
1105
1197
1096
1106
1198
1107
1199
1098
1200
1099
1109
1201
1100
1110
1202
1101
1111
1203
1102
1112
1204
1103
1113
1205
1104
1114
1206
1105
1115
1207
1106
1116
1208
1107
1117
1209
1108
1118
1210
1119
1211
1110
1120
1212
1111
1121
1213
1112
1122
1214
1113
1123
1215
1114
1124
1216
1115
1125
1217
1116
1126
1218
1117
1127
1219
1118
1128
1220
1119
1129
1221
1130
1222
1121
1131
1223
1122
1132
1224
1123
1133
1225
1124
1134
1226
1125
1135
1227
1126
1136
1228
1127
1137
1229
1128
1138
1230
1129
1139
1231
1130
1140
1232
1141
1233
1132
1234
1133
1235
1134
1236
1135
1237
1136
1238
1137
1239
1138
1240
1139
1241
1140
1242
1141
1243
1143
1146
1147
1145
1150
1146
1151
1147
1152
1148
1153
1149
1154
1155
1151
1159
1152
1160
1153
1161
1154
1162
1155
1163
1156
1164
1157
1165
1166
1159
1168
1160
1169
1161
1170
1162
1171
1163
1172
1164
1173
1165
1174
1166
1175
1167
1176
1177
1169
1178
1170
1179
1171
1180
1172
1181
1173
1182
1244
1174
1183
1245
1175
1184
1246
1176
1185
1247
1177
1186
1187
1179
1189
1180
1190
1181
1191
1248
1182
1192
1249
1183
1193
1250
1184
1194
1251
1185
1195
1252
1186
1196
1253
1187
1197
1254
1188
1198
1199
1190
1200
1191
1201
1192
1202
1255
1193
1203
1256
1194
1204
1257
1195
1205
1258
1196
1206
1259
1197
1207
1260
1198
1208
1261
1199
1209
1262
1210
1201
1202
1212
1263
1203
1213
1264
1204
1214
1265
1205
1215
1266
1206
1216
1267
1207
1217
1268
1208
1218
1269
1209
1219
1270
1210
1220
1271
1211
1221
1222
1213
1223
1272
1214
1224
1273
1215
1225
1274
1216
1226
1275
1217
1227
1276
1218
1228
1277
1219
1229
1278
1220
1230
1279
1221
1231
1280
1222
1232
1281
1233
1224
1234
1225
1235
1282
1226
1236
1283
1227
1237
1284
1228
1238
1285
1229
1239
1286
1230
1240
1287
1231
1241
1288
1232
1242
1289
1233
1243
1290
1235
1236
1291
1237
1292
1238
1293
1239
1294
1240
1295
1241
1296
1242
1297
1243
1298
1245
1250
1246
1251
1247
1252
1253
1249
1255
1250
1256
1251
1257
1252
1258
1253
1259
1254
1260
1261
1256
1264
1257
1265
1258
1266
1259
1267
1260
1268
1261
1269
1262
1270
1271
1264
1272
1265
1273
1266
1274
1267
1275
1299
1268
1276
1300
1269
1277
1301
1270
1278
1302
1271
1279
1280
1273
1274
1282
1275
1283
1303
1276
1284
1304
1277
1285
1305
1278
1286
1306
1279
1287
1307
1280
1288
1308
1281
1289
1290
1283
1291
1284
1292
1309
1285
1293
1310
1286
1294
1311
1287
1295
1312
1288
1296
1313
1289
1297
1314
1290
1298
1292
1293
1315
1294
1316
1295
1317
1296
1318
1297
1319
1298
1320
1300
1304
1301
1305
1302
1306
1307
1304
1309
1305
1310
1306
1311
1307
1312
1308
1313
1314
1310
1315
1311
1316
1312
1317
1313
1318
1314
1319
1320
1316
1317
1318
1321
1319
1322
1320
1322
)


// ************************************************************************* //
