/*--------------------------------*- C++ -*----------------------------------*\
  =========                 |
  \\      /  F ield         | OpenFOAM: The Open Source CFD Toolbox
   \\    /   O peration     | Website:  https://openfoam.org
    \\  /    A nd           | Version:  6
     \\/     M anipulation  |
\*---------------------------------------------------------------------------*/
FoamFile
{
    version     2.0;
    format      ascii;
    class       labelList;
    location    "constant/region21/polyMesh";
    object      pointRegionAddressing;
}
// * * * * * * * * * * * * * * * * * * * * * * * * * * * * * * * * * * * * * //


1944
(
3858
3859
3860
3861
3922
3923
3924
3925
3926
3927
3928
3986
3987
3988
3989
3990
3991
3992
3993
4050
4051
4052
4053
4054
4055
4056
4057
4058
4059
4114
4115
4116
4117
4118
4119
4120
4121
4122
4123
4124
4179
4180
4181
4182
4183
4184
4185
4186
4187
4188
4189
8017
8018
8019
8020
8021
8022
8081
8082
8083
8084
8085
8086
8087
8088
8145
8146
8147
8148
8149
8150
8151
8152
8153
8154
8209
8210
8211
8212
8213
8214
8215
8216
8217
8218
8219
8220
8274
8275
8276
8277
8278
8279
8280
8281
8282
8283
8284
8285
8286
8338
8339
8340
8341
8342
8343
8344
8345
8346
8347
8348
8349
8350
8351
8352
8403
8404
8405
8406
8407
8408
8409
8410
8411
8412
8413
8414
8415
8416
8417
12177
12178
12179
12180
12181
12240
12241
12242
12243
12244
12245
12246
12247
12248
12305
12306
12307
12308
12309
12310
12311
12312
12313
12314
12369
12370
12371
12372
12373
12374
12375
12376
12377
12378
12379
12380
12381
12433
12434
12435
12436
12437
12438
12439
12440
12441
12442
12443
12444
12445
12446
12498
12499
12500
12501
12502
12503
12504
12505
12506
12507
12508
12509
12510
12511
12512
12563
12564
12565
12566
12567
12568
12569
12570
12571
12572
12573
12574
12575
12576
12577
12578
12628
12629
12630
12631
12632
12633
12634
12635
12636
12637
12638
12639
12640
12641
12642
12643
16401
16402
16403
16404
16405
16406
16465
16466
16467
16468
16469
16470
16471
16472
16473
16474
16529
16530
16531
16532
16533
16534
16535
16536
16537
16538
16539
16540
16593
16594
16595
16596
16597
16598
16599
16600
16601
16602
16603
16604
16605
16606
16657
16658
16659
16660
16661
16662
16663
16664
16665
16666
16667
16668
16669
16670
16671
16722
16723
16724
16725
16726
16727
16728
16729
16730
16731
16732
16733
16734
16735
16736
16737
16787
16788
16789
16790
16791
16792
16793
16794
16795
16796
16797
16798
16799
16800
16801
16802
16803
16852
16853
16854
16855
16856
16857
16858
16859
16860
16861
16862
16863
16864
16865
16866
16867
16868
20625
20626
20627
20628
20629
20630
20631
20632
20689
20690
20691
20692
20693
20694
20695
20696
20697
20698
20699
20700
20753
20754
20755
20756
20757
20758
20759
20760
20761
20762
20763
20764
20765
20817
20818
20819
20820
20821
20822
20823
20824
20825
20826
20827
20828
20829
20830
20831
20882
20883
20884
20885
20886
20887
20888
20889
20890
20891
20892
20893
20894
20895
20896
20947
20948
20949
20950
20951
20952
20953
20954
20955
20956
20957
20958
20959
20960
20961
20962
21012
21013
21014
21015
21016
21017
21018
21019
21020
21021
21022
21023
21024
21025
21026
21027
21077
21078
21079
21080
21081
21082
21083
21084
21085
21086
21087
21088
21089
21090
21091
21092
24850
24851
24852
24853
24854
24855
24856
24857
24914
24915
24916
24917
24918
24919
24920
24921
24922
24923
24924
24925
24978
24979
24980
24981
24982
24983
24984
24985
24986
24987
24988
24989
24990
25042
25043
25044
25045
25046
25047
25048
25049
25050
25051
25052
25053
25054
25055
25056
25107
25108
25109
25110
25111
25112
25113
25114
25115
25116
25117
25118
25119
25120
25121
25172
25173
25174
25175
25176
25177
25178
25179
25180
25181
25182
25183
25184
25185
25186
25237
25238
25239
25240
25241
25242
25243
25244
25245
25246
25247
25248
25249
25250
25251
25302
25303
25304
25305
25306
25307
25308
25309
25310
25311
25312
25313
25314
25315
25316
29074
29075
29076
29077
29078
29079
29080
29081
29082
29138
29139
29140
29141
29142
29143
29144
29145
29146
29147
29148
29149
29150
29203
29204
29205
29206
29207
29208
29209
29210
29211
29212
29213
29214
29215
29267
29268
29269
29270
29271
29272
29273
29274
29275
29276
29277
29278
29279
29280
29332
29333
29334
29335
29336
29337
29338
29339
29340
29341
29342
29343
29344
29345
29397
29398
29399
29400
29401
29402
29403
29404
29405
29406
29407
29408
29409
29410
29411
29462
29463
29464
29465
29466
29467
29468
29469
29470
29471
29472
29473
29474
29475
29476
29528
29529
29530
29531
29532
29533
29534
29535
29536
29537
29538
29539
29540
29541
33299
33300
33301
33302
33303
33304
33305
33306
33307
33363
33364
33365
33366
33367
33368
33369
33370
33371
33372
33373
33374
33375
33428
33429
33430
33431
33432
33433
33434
33435
33436
33437
33438
33439
33440
33492
33493
33494
33495
33496
33497
33498
33499
33500
33501
33502
33503
33504
33505
33557
33558
33559
33560
33561
33562
33563
33564
33565
33566
33567
33568
33569
33570
33623
33624
33625
33626
33627
33628
33629
33630
33631
33632
33633
33634
33635
33688
33689
33690
33691
33692
33693
33694
33695
33696
33697
33698
33699
33700
33754
33755
33756
33757
33758
33759
33760
33761
33762
33763
33764
33765
37524
37525
37526
37527
37528
37529
37530
37531
37532
37588
37589
37590
37591
37592
37593
37594
37595
37596
37597
37598
37599
37600
37653
37654
37655
37656
37657
37658
37659
37660
37661
37662
37663
37664
37665
37718
37719
37720
37721
37722
37723
37724
37725
37726
37727
37728
37729
37730
37783
37784
37785
37786
37787
37788
37789
37790
37791
37792
37793
37794
37795
37848
37849
37850
37851
37852
37853
37854
37855
37856
37857
37858
37859
37860
37913
37914
37915
37916
37917
37918
37919
37920
37921
37922
37923
37924
37925
37979
37980
37981
37982
37983
37984
37985
37986
37987
37988
37989
37990
41750
41751
41752
41753
41754
41755
41814
41815
41816
41817
41818
41819
41820
41821
41822
41878
41879
41880
41881
41882
41883
41884
41885
41886
41887
41888
41943
41944
41945
41946
41947
41948
41949
41950
41951
41952
41953
41954
42008
42009
42010
42011
42012
42013
42014
42015
42016
42017
42018
42019
42074
42075
42076
42077
42078
42079
42080
42081
42082
42083
42084
42139
42140
42141
42142
42143
42144
42145
42146
42147
42148
42149
42205
42206
42207
42208
42209
42210
42211
42212
42213
42214
45975
45976
45977
45978
46039
46040
46041
46042
46043
46044
46104
46105
46106
46107
46108
46109
46110
46169
46170
46171
46172
46173
46174
46175
46176
46234
46235
46236
46237
46238
46239
46240
46241
46242
46299
46300
46301
46302
46303
46304
46305
46306
46307
46365
46366
46367
46368
46369
46370
46371
46372
46431
46432
46433
46434
46435
46436
46437
50135
50136
50137
50200
50201
50202
50203
50264
50265
50266
50267
50268
50329
50330
50331
50332
50333
50394
50395
50396
50397
50398
50399
50459
50460
50461
50462
50463
50464
50525
50526
50527
50528
50529
50530
50591
50592
50593
50594
50595
50657
50658
50659
50660
54295
54296
54297
54359
54360
54361
54362
54363
54424
54425
54426
54427
54428
54429
54489
54490
54491
54492
54493
54494
54554
54555
54556
54557
54558
54559
54619
54620
54621
54622
54623
54624
54684
54685
54686
54687
54688
54689
54749
54750
54751
54752
54753
54754
54815
54816
54817
54818
54881
54882
54883
58454
58455
58456
58457
58518
58519
58520
58521
58522
58523
58524
58583
58584
58585
58586
58587
58588
58589
58648
58649
58650
58651
58652
58653
58654
58655
58713
58714
58715
58716
58717
58718
58719
58720
58778
58779
58780
58781
58782
58783
58784
58785
58843
58844
58845
58846
58847
58848
58849
58850
58908
58909
58910
58911
58912
58913
58914
58915
58973
58974
58975
58976
58977
58978
58979
58980
59039
59040
59041
59042
59043
59044
59045
59105
59106
59107
59108
59109
59110
62613
62614
62615
62616
62677
62678
62679
62680
62681
62682
62683
62684
62742
62743
62744
62745
62746
62747
62748
62749
62750
62807
62808
62809
62810
62811
62812
62813
62814
62815
62816
62872
62873
62874
62875
62876
62877
62878
62879
62880
62881
62937
62938
62939
62940
62941
62942
62943
62944
62945
62946
63002
63003
63004
63005
63006
63007
63008
63009
63010
63011
63067
63068
63069
63070
63071
63072
63073
63074
63075
63076
63077
63132
63133
63134
63135
63136
63137
63138
63139
63140
63141
63142
63198
63199
63200
63201
63202
63203
63204
63205
63206
63207
63263
63264
63265
63266
63267
63268
63269
63270
63271
63272
63329
63330
63331
63332
63333
63334
63335
63336
63337
66773
66774
66775
66836
66837
66838
66839
66840
66841
66842
66843
66901
66902
66903
66904
66905
66906
66907
66908
66909
66910
66966
66967
66968
66969
66970
66971
66972
66973
66974
66975
66976
67031
67032
67033
67034
67035
67036
67037
67038
67039
67040
67041
67042
67096
67097
67098
67099
67100
67101
67102
67103
67104
67105
67106
67107
67161
67162
67163
67164
67165
67166
67167
67168
67169
67170
67171
67172
67226
67227
67228
67229
67230
67231
67232
67233
67234
67235
67236
67237
67292
67293
67294
67295
67296
67297
67298
67299
67300
67301
67302
67303
67357
67358
67359
67360
67361
67362
67363
67364
67365
67366
67367
67368
67422
67423
67424
67425
67426
67427
67428
67429
67430
67431
67432
67433
67487
67488
67489
67490
67491
67492
67493
67494
67495
67496
67497
67498
67552
67553
67554
67555
67556
67557
67558
67559
67560
67561
67562
67563
70998
70999
71000
71061
71062
71063
71064
71065
71066
71067
71068
71126
71127
71128
71129
71130
71131
71132
71133
71134
71135
71191
71192
71193
71194
71195
71196
71197
71198
71199
71200
71201
71256
71257
71258
71259
71260
71261
71262
71263
71264
71265
71266
71267
71321
71322
71323
71324
71325
71326
71327
71328
71329
71330
71331
71332
71386
71387
71388
71389
71390
71391
71392
71393
71394
71395
71396
71397
71451
71452
71453
71454
71455
71456
71457
71458
71459
71460
71461
71462
71516
71517
71518
71519
71520
71521
71522
71523
71524
71525
71526
71527
71528
71581
71582
71583
71584
71585
71586
71587
71588
71589
71590
71591
71592
71593
71647
71648
71649
71650
71651
71652
71653
71654
71655
71656
71657
71658
71712
71713
71714
71715
71716
71717
71718
71719
71720
71721
71722
71723
71777
71778
71779
71780
71781
71782
71783
71784
71785
71786
71787
71788
75286
75287
75288
75289
75290
75291
75292
75351
75352
75353
75354
75355
75356
75357
75358
75359
75416
75417
75418
75419
75420
75421
75422
75423
75424
75425
75426
75481
75482
75483
75484
75485
75486
75487
75488
75489
75490
75491
75492
75546
75547
75548
75549
75550
75551
75552
75553
75554
75555
75556
75557
75611
75612
75613
75614
75615
75616
75617
75618
75619
75620
75621
75622
75676
75677
75678
75679
75680
75681
75682
75683
75684
75685
75686
75687
75741
75742
75743
75744
75745
75746
75747
75748
75749
75750
75751
75752
75753
75806
75807
75808
75809
75810
75811
75812
75813
75814
75815
75816
75817
75818
75872
75873
75874
75875
75876
75877
75878
75879
75880
75881
75882
75883
75937
75938
75939
75940
75941
75942
75943
75944
75945
75946
75947
75948
76002
76003
76004
76005
76006
76007
76008
76009
76010
76011
76012
76013
79514
79515
79516
79577
79578
79579
79580
79581
79582
79583
79642
79643
79644
79645
79646
79647
79648
79649
79650
79706
79707
79708
79709
79710
79711
79712
79713
79714
79715
79716
79771
79772
79773
79774
79775
79776
79777
79778
79779
79780
79781
79836
79837
79838
79839
79840
79841
79842
79843
79844
79845
79846
79847
79901
79902
79903
79904
79905
79906
79907
79908
79909
79910
79911
79912
79966
79967
79968
79969
79970
79971
79972
79973
79974
79975
79976
79977
79978
80031
80032
80033
80034
80035
80036
80037
80038
80039
80040
80041
80042
80043
80097
80098
80099
80100
80101
80102
80103
80104
80105
80106
80107
80108
80162
80163
80164
80165
80166
80167
80168
80169
80170
80171
80172
80173
80227
80228
80229
80230
80231
80232
80233
80234
80235
80236
80237
84000
84001
84002
84003
84004
84063
84064
84065
84066
84067
84068
84069
84070
84128
84129
84130
84131
84132
84133
84134
84135
84136
84192
84193
84194
84195
84196
84197
84198
84199
84200
84201
84257
84258
84259
84260
84261
84262
84263
84264
84265
84266
84267
84322
84323
84324
84325
84326
84327
84328
84329
84330
84331
84332
84388
84389
84390
84391
84392
84393
84394
84395
84396
84397
84453
84454
84455
84456
84457
84458
84459
84460
84461
88420
88421
88422
88423
88424
88484
88485
88486
88487
88488
88489
88490
88549
88550
88551
88552
88553
88554
88555
88614
88615
88616
88617
88618
88619
88620
88679
88680
88681
88682
88683
88684
88685
92841
92842
92843
92906
92907
92908
)


// ************************************************************************* //
