/*--------------------------------*- C++ -*----------------------------------*\
  =========                 |
  \\      /  F ield         | OpenFOAM: The Open Source CFD Toolbox
   \\    /   O peration     | Website:  https://openfoam.org
    \\  /    A nd           | Version:  6
     \\/     M anipulation  |
\*---------------------------------------------------------------------------*/
FoamFile
{
    version     2.0;
    format      ascii;
    class       vectorField;
    location    "constant/region21/polyMesh";
    object      points;
}
// * * * * * * * * * * * * * * * * * * * * * * * * * * * * * * * * * * * * * //


1944
(
(1.495e-06 3.835e-06 0)
(1.56e-06 3.835e-06 0)
(1.625e-06 3.835e-06 0)
(1.69e-06 3.835e-06 0)
(1.43e-06 3.9e-06 0)
(1.495e-06 3.9e-06 0)
(1.56e-06 3.9e-06 0)
(1.625e-06 3.9e-06 0)
(1.69e-06 3.9e-06 0)
(1.755e-06 3.9e-06 0)
(1.82e-06 3.9e-06 0)
(1.365e-06 3.964999999999999e-06 0)
(1.43e-06 3.964999999999999e-06 0)
(1.495e-06 3.964999999999999e-06 0)
(1.56e-06 3.965e-06 0)
(1.625e-06 3.964999999999999e-06 0)
(1.69e-06 3.965000000000001e-06 0)
(1.755e-06 3.965e-06 0)
(1.82e-06 3.964999999999999e-06 0)
(1.3e-06 4.03e-06 0)
(1.365e-06 4.03e-06 0)
(1.43e-06 4.03e-06 0)
(1.495e-06 4.03e-06 0)
(1.56e-06 4.03e-06 0)
(1.625e-06 4.03e-06 0)
(1.69e-06 4.03e-06 0)
(1.755e-06 4.03e-06 0)
(1.82e-06 4.03e-06 0)
(1.885e-06 4.03e-06 0)
(1.235e-06 4.095e-06 0)
(1.3e-06 4.095e-06 0)
(1.365e-06 4.095e-06 0)
(1.43e-06 4.095e-06 0)
(1.495e-06 4.095e-06 0)
(1.56e-06 4.095e-06 0)
(1.625e-06 4.095e-06 0)
(1.69e-06 4.095e-06 0)
(1.755e-06 4.095e-06 0)
(1.82e-06 4.095e-06 0)
(1.885e-06 4.095e-06 0)
(1.235e-06 4.16e-06 0)
(1.3e-06 4.16e-06 0)
(1.365e-06 4.16e-06 0)
(1.43e-06 4.16e-06 0)
(1.495e-06 4.16e-06 0)
(1.56e-06 4.16e-06 0)
(1.625e-06 4.16e-06 0)
(1.69e-06 4.16e-06 0)
(1.755e-06 4.16e-06 0)
(1.82e-06 4.16e-06 0)
(1.885e-06 4.16e-06 0)
(1.43e-06 3.77e-06 6.500000000000001e-08)
(1.495e-06 3.769999999999999e-06 6.5e-08)
(1.56e-06 3.769999999999999e-06 6.5e-08)
(1.625e-06 3.769999999999999e-06 6.5e-08)
(1.69e-06 3.77e-06 6.5e-08)
(1.755e-06 3.77e-06 6.499999999999999e-08)
(1.365e-06 3.835000000000001e-06 6.5e-08)
(1.43e-06 3.835e-06 6.5e-08)
(1.495e-06 3.835000000000001e-06 6.500000000000001e-08)
(1.56e-06 3.835000000000001e-06 6.499999999999999e-08)
(1.625e-06 3.835e-06 6.5e-08)
(1.69e-06 3.835000000000001e-06 6.500000000000001e-08)
(1.755e-06 3.835e-06 6.499999999999999e-08)
(1.82e-06 3.835000000000001e-06 6.5e-08)
(1.3e-06 3.9e-06 6.500000000000001e-08)
(1.365e-06 3.9e-06 6.5e-08)
(1.43e-06 3.9e-06 6.5e-08)
(1.495e-06 3.9e-06 6.5e-08)
(1.56e-06 3.9e-06 6.5e-08)
(1.625e-06 3.9e-06 6.5e-08)
(1.69e-06 3.9e-06 6.5e-08)
(1.755e-06 3.9e-06 6.5e-08)
(1.82e-06 3.9e-06 6.5e-08)
(1.885e-06 3.9e-06 6.5e-08)
(1.235e-06 3.964999999999999e-06 6.5e-08)
(1.3e-06 3.965e-06 6.5e-08)
(1.365e-06 3.965e-06 6.5e-08)
(1.43e-06 3.964999999999999e-06 6.5e-08)
(1.495e-06 3.964999999999999e-06 6.5e-08)
(1.56e-06 3.965e-06 6.499999999999999e-08)
(1.625e-06 3.964999999999999e-06 6.5e-08)
(1.69e-06 3.964999999999999e-06 6.5e-08)
(1.755e-06 3.965e-06 6.500000000000001e-08)
(1.82e-06 3.965e-06 6.5e-08)
(1.885e-06 3.965e-06 6.5e-08)
(1.95e-06 3.965000000000001e-06 6.5e-08)
(1.235e-06 4.03e-06 6.500000000000001e-08)
(1.3e-06 4.03e-06 6.5e-08)
(1.365e-06 4.03e-06 6.5e-08)
(1.43e-06 4.03e-06 6.5e-08)
(1.495e-06 4.030000000000001e-06 6.5e-08)
(1.56e-06 4.03e-06 6.500000000000001e-08)
(1.625e-06 4.03e-06 6.5e-08)
(1.69e-06 4.03e-06 6.5e-08)
(1.755e-06 4.03e-06 6.499999999999999e-08)
(1.82e-06 4.03e-06 6.5e-08)
(1.885e-06 4.030000000000001e-06 6.5e-08)
(1.95e-06 4.03e-06 6.499999999999999e-08)
(2.015e-06 4.03e-06 6.5e-08)
(1.17e-06 4.095000000000001e-06 6.5e-08)
(1.235e-06 4.095000000000001e-06 6.499999999999999e-08)
(1.3e-06 4.095e-06 6.5e-08)
(1.365e-06 4.095000000000001e-06 6.5e-08)
(1.43e-06 4.095e-06 6.5e-08)
(1.495e-06 4.095e-06 6.5e-08)
(1.56e-06 4.095e-06 6.5e-08)
(1.625e-06 4.095000000000001e-06 6.5e-08)
(1.69e-06 4.095000000000001e-06 6.500000000000001e-08)
(1.755e-06 4.095000000000001e-06 6.499999999999999e-08)
(1.82e-06 4.095e-06 6.5e-08)
(1.885e-06 4.095e-06 6.5e-08)
(1.95e-06 4.095000000000001e-06 6.500000000000001e-08)
(2.015e-06 4.095000000000001e-06 6.5e-08)
(2.08e-06 4.095e-06 6.5e-08)
(1.17e-06 4.16e-06 6.5e-08)
(1.235e-06 4.159999999999999e-06 6.5e-08)
(1.3e-06 4.16e-06 6.5e-08)
(1.365e-06 4.16e-06 6.5e-08)
(1.43e-06 4.16e-06 6.5e-08)
(1.495e-06 4.159999999999999e-06 6.5e-08)
(1.56e-06 4.16e-06 6.5e-08)
(1.625e-06 4.16e-06 6.5e-08)
(1.69e-06 4.160000000000001e-06 6.5e-08)
(1.755e-06 4.16e-06 6.5e-08)
(1.82e-06 4.160000000000001e-06 6.5e-08)
(1.885e-06 4.16e-06 6.5e-08)
(1.95e-06 4.160000000000001e-06 6.5e-08)
(2.015e-06 4.16e-06 6.5e-08)
(2.08e-06 4.16e-06 6.5e-08)
(1.43e-06 3.705e-06 1.3e-07)
(1.495e-06 3.705e-06 1.3e-07)
(1.56e-06 3.705000000000001e-06 1.3e-07)
(1.625e-06 3.705e-06 1.3e-07)
(1.69e-06 3.705e-06 1.3e-07)
(1.3e-06 3.769999999999999e-06 1.3e-07)
(1.365e-06 3.77e-06 1.3e-07)
(1.43e-06 3.77e-06 1.3e-07)
(1.495e-06 3.769999999999999e-06 1.3e-07)
(1.56e-06 3.769999999999999e-06 1.3e-07)
(1.625e-06 3.769999999999999e-06 1.3e-07)
(1.69e-06 3.77e-06 1.3e-07)
(1.755e-06 3.77e-06 1.3e-07)
(1.82e-06 3.769999999999999e-06 1.3e-07)
(1.3e-06 3.835000000000001e-06 1.3e-07)
(1.365e-06 3.835000000000001e-06 1.3e-07)
(1.43e-06 3.835e-06 1.3e-07)
(1.495e-06 3.835000000000001e-06 1.3e-07)
(1.56e-06 3.835e-06 1.3e-07)
(1.625e-06 3.835000000000001e-06 1.3e-07)
(1.69e-06 3.835e-06 1.3e-07)
(1.755e-06 3.835000000000001e-06 1.3e-07)
(1.82e-06 3.835e-06 1.3e-07)
(1.885e-06 3.835000000000001e-06 1.3e-07)
(1.235e-06 3.9e-06 1.3e-07)
(1.3e-06 3.9e-06 1.3e-07)
(1.365e-06 3.9e-06 1.3e-07)
(1.43e-06 3.9e-06 1.3e-07)
(1.495e-06 3.9e-06 1.3e-07)
(1.56e-06 3.9e-06 1.3e-07)
(1.625e-06 3.9e-06 1.3e-07)
(1.69e-06 3.9e-06 1.3e-07)
(1.755e-06 3.9e-06 1.3e-07)
(1.82e-06 3.9e-06 1.3e-07)
(1.885e-06 3.9e-06 1.3e-07)
(1.95e-06 3.9e-06 1.3e-07)
(2.015e-06 3.900000000000001e-06 1.3e-07)
(1.17e-06 3.965e-06 1.3e-07)
(1.235e-06 3.964999999999999e-06 1.3e-07)
(1.3e-06 3.964999999999999e-06 1.3e-07)
(1.365e-06 3.965e-06 1.3e-07)
(1.43e-06 3.964999999999999e-06 1.3e-07)
(1.495e-06 3.964999999999999e-06 1.3e-07)
(1.56e-06 3.965e-06 1.3e-07)
(1.625e-06 3.964999999999999e-06 1.3e-07)
(1.69e-06 3.964999999999999e-06 1.3e-07)
(1.755e-06 3.965e-06 1.3e-07)
(1.82e-06 3.965e-06 1.3e-07)
(1.885e-06 3.964999999999999e-06 1.3e-07)
(1.95e-06 3.964999999999999e-06 1.3e-07)
(2.015e-06 3.965e-06 1.3e-07)
(1.17e-06 4.03e-06 1.3e-07)
(1.235e-06 4.03e-06 1.3e-07)
(1.3e-06 4.03e-06 1.3e-07)
(1.365e-06 4.03e-06 1.3e-07)
(1.43e-06 4.03e-06 1.3e-07)
(1.495e-06 4.03e-06 1.3e-07)
(1.56e-06 4.03e-06 1.3e-07)
(1.625e-06 4.03e-06 1.3e-07)
(1.69e-06 4.03e-06 1.3e-07)
(1.755e-06 4.03e-06 1.3e-07)
(1.82e-06 4.030000000000001e-06 1.3e-07)
(1.885e-06 4.030000000000001e-06 1.3e-07)
(1.95e-06 4.03e-06 1.3e-07)
(2.015e-06 4.03e-06 1.3e-07)
(2.08e-06 4.03e-06 1.3e-07)
(1.17e-06 4.095e-06 1.3e-07)
(1.235e-06 4.095000000000001e-06 1.3e-07)
(1.3e-06 4.095e-06 1.3e-07)
(1.365e-06 4.095e-06 1.3e-07)
(1.43e-06 4.095000000000001e-06 1.3e-07)
(1.495e-06 4.095e-06 1.3e-07)
(1.56e-06 4.095e-06 1.3e-07)
(1.625e-06 4.095000000000001e-06 1.3e-07)
(1.69e-06 4.095000000000001e-06 1.3e-07)
(1.755e-06 4.095e-06 1.3e-07)
(1.82e-06 4.095e-06 1.3e-07)
(1.885e-06 4.095000000000001e-06 1.3e-07)
(1.95e-06 4.095e-06 1.3e-07)
(2.015e-06 4.095e-06 1.3e-07)
(2.08e-06 4.095e-06 1.3e-07)
(2.145e-06 4.095e-06 1.3e-07)
(1.17e-06 4.16e-06 1.3e-07)
(1.235e-06 4.160000000000001e-06 1.3e-07)
(1.3e-06 4.16e-06 1.3e-07)
(1.365e-06 4.16e-06 1.3e-07)
(1.43e-06 4.16e-06 1.3e-07)
(1.495e-06 4.16e-06 1.3e-07)
(1.56e-06 4.160000000000001e-06 1.3e-07)
(1.625e-06 4.160000000000001e-06 1.3e-07)
(1.69e-06 4.16e-06 1.3e-07)
(1.755e-06 4.16e-06 1.3e-07)
(1.82e-06 4.16e-06 1.3e-07)
(1.885e-06 4.16e-06 1.3e-07)
(1.95e-06 4.16e-06 1.3e-07)
(2.015e-06 4.16e-06 1.3e-07)
(2.08e-06 4.16e-06 1.3e-07)
(2.145e-06 4.16e-06 1.3e-07)
(1.365e-06 3.705000000000001e-06 1.95e-07)
(1.43e-06 3.705e-06 1.95e-07)
(1.495e-06 3.705e-06 1.95e-07)
(1.56e-06 3.705e-06 1.95e-07)
(1.625e-06 3.705e-06 1.95e-07)
(1.69e-06 3.705e-06 1.95e-07)
(1.3e-06 3.77e-06 1.95e-07)
(1.365e-06 3.77e-06 1.95e-07)
(1.43e-06 3.77e-06 1.95e-07)
(1.495e-06 3.770000000000001e-06 1.95e-07)
(1.56e-06 3.769999999999999e-06 1.95e-07)
(1.625e-06 3.769999999999999e-06 1.95e-07)
(1.69e-06 3.77e-06 1.95e-07)
(1.755e-06 3.769999999999999e-06 1.95e-07)
(1.82e-06 3.77e-06 1.95e-07)
(1.885e-06 3.77e-06 1.95e-07)
(1.235e-06 3.835000000000001e-06 1.95e-07)
(1.3e-06 3.835000000000001e-06 1.95e-07)
(1.365e-06 3.835e-06 1.95e-07)
(1.43e-06 3.835e-06 1.95e-07)
(1.495e-06 3.835000000000001e-06 1.95e-07)
(1.56e-06 3.835e-06 1.95e-07)
(1.625e-06 3.835e-06 1.95e-07)
(1.69e-06 3.835000000000001e-06 1.95e-07)
(1.755e-06 3.835e-06 1.95e-07)
(1.82e-06 3.835e-06 1.95e-07)
(1.885e-06 3.835000000000001e-06 1.95e-07)
(1.95e-06 3.835e-06 1.95e-07)
(1.17e-06 3.9e-06 1.95e-07)
(1.235e-06 3.9e-06 1.95e-07)
(1.3e-06 3.9e-06 1.95e-07)
(1.365e-06 3.9e-06 1.95e-07)
(1.43e-06 3.9e-06 1.95e-07)
(1.495e-06 3.9e-06 1.95e-07)
(1.56e-06 3.9e-06 1.95e-07)
(1.625e-06 3.9e-06 1.95e-07)
(1.69e-06 3.9e-06 1.95e-07)
(1.755e-06 3.9e-06 1.95e-07)
(1.82e-06 3.9e-06 1.95e-07)
(1.885e-06 3.9e-06 1.95e-07)
(1.95e-06 3.9e-06 1.95e-07)
(2.015e-06 3.9e-06 1.95e-07)
(1.105e-06 3.964999999999999e-06 1.95e-07)
(1.17e-06 3.964999999999999e-06 1.95e-07)
(1.235e-06 3.965000000000001e-06 1.95e-07)
(1.3e-06 3.965e-06 1.95e-07)
(1.365e-06 3.965e-06 1.95e-07)
(1.43e-06 3.964999999999999e-06 1.95e-07)
(1.495e-06 3.964999999999999e-06 1.95e-07)
(1.56e-06 3.964999999999999e-06 1.95e-07)
(1.625e-06 3.964999999999999e-06 1.95e-07)
(1.69e-06 3.964999999999999e-06 1.95e-07)
(1.755e-06 3.965e-06 1.95e-07)
(1.82e-06 3.965e-06 1.95e-07)
(1.885e-06 3.964999999999999e-06 1.95e-07)
(1.95e-06 3.964999999999999e-06 1.95e-07)
(2.015e-06 3.964999999999999e-06 1.95e-07)
(1.105e-06 4.03e-06 1.95e-07)
(1.17e-06 4.03e-06 1.95e-07)
(1.235e-06 4.03e-06 1.95e-07)
(1.3e-06 4.03e-06 1.95e-07)
(1.365e-06 4.03e-06 1.95e-07)
(1.43e-06 4.03e-06 1.95e-07)
(1.495e-06 4.03e-06 1.95e-07)
(1.56e-06 4.03e-06 1.95e-07)
(1.625e-06 4.03e-06 1.95e-07)
(1.69e-06 4.03e-06 1.95e-07)
(1.755e-06 4.03e-06 1.95e-07)
(1.82e-06 4.03e-06 1.95e-07)
(1.885e-06 4.03e-06 1.95e-07)
(1.95e-06 4.03e-06 1.95e-07)
(2.015e-06 4.03e-06 1.95e-07)
(2.08e-06 4.03e-06 1.95e-07)
(1.105e-06 4.095e-06 1.95e-07)
(1.17e-06 4.095e-06 1.95e-07)
(1.235e-06 4.095e-06 1.95e-07)
(1.3e-06 4.095e-06 1.95e-07)
(1.365e-06 4.095e-06 1.95e-07)
(1.43e-06 4.095e-06 1.95e-07)
(1.495e-06 4.095e-06 1.95e-07)
(1.56e-06 4.095e-06 1.95e-07)
(1.625e-06 4.095e-06 1.95e-07)
(1.69e-06 4.095000000000001e-06 1.95e-07)
(1.755e-06 4.095000000000001e-06 1.95e-07)
(1.82e-06 4.095e-06 1.95e-07)
(1.885e-06 4.095e-06 1.95e-07)
(1.95e-06 4.095000000000001e-06 1.95e-07)
(2.015e-06 4.095000000000001e-06 1.95e-07)
(2.08e-06 4.095e-06 1.95e-07)
(2.145e-06 4.095e-06 1.95e-07)
(1.105e-06 4.16e-06 1.95e-07)
(1.17e-06 4.16e-06 1.95e-07)
(1.235e-06 4.16e-06 1.95e-07)
(1.3e-06 4.16e-06 1.95e-07)
(1.365e-06 4.16e-06 1.95e-07)
(1.43e-06 4.16e-06 1.95e-07)
(1.495e-06 4.16e-06 1.95e-07)
(1.56e-06 4.159999999999999e-06 1.95e-07)
(1.625e-06 4.16e-06 1.95e-07)
(1.69e-06 4.16e-06 1.95e-07)
(1.755e-06 4.16e-06 1.95e-07)
(1.82e-06 4.16e-06 1.95e-07)
(1.885e-06 4.16e-06 1.95e-07)
(1.95e-06 4.16e-06 1.95e-07)
(2.015e-06 4.159999999999999e-06 1.95e-07)
(2.08e-06 4.16e-06 1.95e-07)
(2.145e-06 4.159999999999999e-06 1.95e-07)
(1.3e-06 3.705e-06 2.6e-07)
(1.365e-06 3.705000000000001e-06 2.6e-07)
(1.43e-06 3.705e-06 2.6e-07)
(1.495e-06 3.705e-06 2.6e-07)
(1.56e-06 3.705e-06 2.6e-07)
(1.625e-06 3.705e-06 2.6e-07)
(1.69e-06 3.705e-06 2.6e-07)
(1.755e-06 3.705e-06 2.6e-07)
(1.235e-06 3.77e-06 2.599999999999999e-07)
(1.3e-06 3.77e-06 2.599999999999999e-07)
(1.365e-06 3.77e-06 2.6e-07)
(1.43e-06 3.77e-06 2.600000000000001e-07)
(1.495e-06 3.769999999999999e-06 2.6e-07)
(1.56e-06 3.769999999999999e-06 2.6e-07)
(1.625e-06 3.769999999999999e-06 2.6e-07)
(1.69e-06 3.770000000000001e-06 2.6e-07)
(1.755e-06 3.77e-06 2.599999999999999e-07)
(1.82e-06 3.770000000000001e-06 2.6e-07)
(1.885e-06 3.77e-06 2.6e-07)
(1.95e-06 3.770000000000001e-06 2.6e-07)
(1.17e-06 3.835e-06 2.6e-07)
(1.235e-06 3.835e-06 2.6e-07)
(1.3e-06 3.835e-06 2.6e-07)
(1.365e-06 3.835e-06 2.6e-07)
(1.43e-06 3.835e-06 2.6e-07)
(1.495e-06 3.835000000000001e-06 2.600000000000001e-07)
(1.56e-06 3.835e-06 2.599999999999999e-07)
(1.625e-06 3.835e-06 2.6e-07)
(1.69e-06 3.835e-06 2.600000000000001e-07)
(1.755e-06 3.835000000000001e-06 2.599999999999999e-07)
(1.82e-06 3.835000000000001e-06 2.6e-07)
(1.885e-06 3.835000000000001e-06 2.6e-07)
(1.95e-06 3.835e-06 2.599999999999999e-07)
(1.105e-06 3.9e-06 2.6e-07)
(1.17e-06 3.9e-06 2.6e-07)
(1.235e-06 3.9e-06 2.600000000000001e-07)
(1.3e-06 3.9e-06 2.600000000000001e-07)
(1.365e-06 3.9e-06 2.6e-07)
(1.43e-06 3.9e-06 2.6e-07)
(1.495e-06 3.9e-06 2.6e-07)
(1.56e-06 3.9e-06 2.6e-07)
(1.625e-06 3.9e-06 2.6e-07)
(1.69e-06 3.9e-06 2.6e-07)
(1.755e-06 3.9e-06 2.6e-07)
(1.82e-06 3.9e-06 2.6e-07)
(1.885e-06 3.9e-06 2.6e-07)
(1.95e-06 3.9e-06 2.6e-07)
(2.015e-06 3.9e-06 2.6e-07)
(1.105e-06 3.964999999999999e-06 2.6e-07)
(1.17e-06 3.965e-06 2.6e-07)
(1.235e-06 3.964999999999999e-06 2.6e-07)
(1.3e-06 3.965e-06 2.6e-07)
(1.365e-06 3.965e-06 2.6e-07)
(1.43e-06 3.964999999999999e-06 2.6e-07)
(1.495e-06 3.964999999999999e-06 2.6e-07)
(1.56e-06 3.964999999999999e-06 2.599999999999999e-07)
(1.625e-06 3.964999999999999e-06 2.6e-07)
(1.69e-06 3.965000000000001e-06 2.6e-07)
(1.755e-06 3.965e-06 2.600000000000001e-07)
(1.82e-06 3.965e-06 2.6e-07)
(1.885e-06 3.964999999999999e-06 2.6e-07)
(1.95e-06 3.964999999999999e-06 2.6e-07)
(2.015e-06 3.965e-06 2.599999999999999e-07)
(1.105e-06 4.03e-06 2.6e-07)
(1.17e-06 4.03e-06 2.6e-07)
(1.235e-06 4.03e-06 2.600000000000001e-07)
(1.3e-06 4.03e-06 2.6e-07)
(1.365e-06 4.03e-06 2.6e-07)
(1.43e-06 4.03e-06 2.6e-07)
(1.495e-06 4.03e-06 2.6e-07)
(1.56e-06 4.03e-06 2.600000000000001e-07)
(1.625e-06 4.03e-06 2.6e-07)
(1.69e-06 4.03e-06 2.6e-07)
(1.755e-06 4.03e-06 2.599999999999999e-07)
(1.82e-06 4.03e-06 2.6e-07)
(1.885e-06 4.03e-06 2.6e-07)
(1.95e-06 4.03e-06 2.599999999999999e-07)
(2.015e-06 4.03e-06 2.6e-07)
(2.08e-06 4.03e-06 2.6e-07)
(1.105e-06 4.095000000000001e-06 2.6e-07)
(1.17e-06 4.095e-06 2.6e-07)
(1.235e-06 4.095e-06 2.599999999999999e-07)
(1.3e-06 4.095e-06 2.6e-07)
(1.365e-06 4.095e-06 2.6e-07)
(1.43e-06 4.095000000000001e-06 2.6e-07)
(1.495e-06 4.095e-06 2.6e-07)
(1.56e-06 4.095e-06 2.6e-07)
(1.625e-06 4.095e-06 2.6e-07)
(1.69e-06 4.095000000000001e-06 2.600000000000001e-07)
(1.755e-06 4.095000000000001e-06 2.599999999999999e-07)
(1.82e-06 4.095e-06 2.6e-07)
(1.885e-06 4.095000000000001e-06 2.6e-07)
(1.95e-06 4.095e-06 2.600000000000001e-07)
(2.015e-06 4.095000000000001e-06 2.6e-07)
(2.08e-06 4.095000000000001e-06 2.6e-07)
(1.105e-06 4.16e-06 2.6e-07)
(1.17e-06 4.16e-06 2.6e-07)
(1.235e-06 4.160000000000001e-06 2.6e-07)
(1.3e-06 4.160000000000001e-06 2.6e-07)
(1.365e-06 4.16e-06 2.6e-07)
(1.43e-06 4.16e-06 2.6e-07)
(1.495e-06 4.16e-06 2.6e-07)
(1.56e-06 4.16e-06 2.6e-07)
(1.625e-06 4.16e-06 2.6e-07)
(1.69e-06 4.16e-06 2.6e-07)
(1.755e-06 4.16e-06 2.6e-07)
(1.82e-06 4.16e-06 2.6e-07)
(1.885e-06 4.16e-06 2.6e-07)
(1.95e-06 4.16e-06 2.6e-07)
(2.015e-06 4.16e-06 2.6e-07)
(2.08e-06 4.160000000000001e-06 2.6e-07)
(1.3e-06 3.705e-06 3.25e-07)
(1.365e-06 3.705000000000001e-06 3.25e-07)
(1.43e-06 3.705e-06 3.250000000000001e-07)
(1.495e-06 3.705e-06 3.25e-07)
(1.56e-06 3.705e-06 3.25e-07)
(1.625e-06 3.705e-06 3.25e-07)
(1.69e-06 3.705e-06 3.25e-07)
(1.755e-06 3.705e-06 3.250000000000001e-07)
(1.235e-06 3.77e-06 3.25e-07)
(1.3e-06 3.77e-06 3.25e-07)
(1.365e-06 3.769999999999999e-06 3.25e-07)
(1.43e-06 3.77e-06 3.25e-07)
(1.495e-06 3.769999999999999e-06 3.25e-07)
(1.56e-06 3.770000000000001e-06 3.25e-07)
(1.625e-06 3.77e-06 3.25e-07)
(1.69e-06 3.77e-06 3.25e-07)
(1.755e-06 3.77e-06 3.25e-07)
(1.82e-06 3.77e-06 3.25e-07)
(1.885e-06 3.770000000000001e-06 3.25e-07)
(1.95e-06 3.770000000000001e-06 3.25e-07)
(1.17e-06 3.835000000000001e-06 3.25e-07)
(1.235e-06 3.835000000000001e-06 3.25e-07)
(1.3e-06 3.835000000000001e-06 3.25e-07)
(1.364999999999999e-06 3.835e-06 3.25e-07)
(1.43e-06 3.835e-06 3.25e-07)
(1.495e-06 3.835000000000001e-06 3.25e-07)
(1.56e-06 3.835000000000001e-06 3.25e-07)
(1.625e-06 3.835000000000001e-06 3.25e-07)
(1.69e-06 3.835000000000001e-06 3.25e-07)
(1.755e-06 3.835e-06 3.25e-07)
(1.82e-06 3.835000000000001e-06 3.25e-07)
(1.885e-06 3.835000000000001e-06 3.25e-07)
(1.95e-06 3.835000000000001e-06 3.25e-07)
(1.105e-06 3.9e-06 3.25e-07)
(1.17e-06 3.9e-06 3.25e-07)
(1.235e-06 3.9e-06 3.25e-07)
(1.3e-06 3.9e-06 3.25e-07)
(1.365e-06 3.9e-06 3.25e-07)
(1.43e-06 3.9e-06 3.25e-07)
(1.495e-06 3.9e-06 3.25e-07)
(1.56e-06 3.9e-06 3.25e-07)
(1.625e-06 3.9e-06 3.25e-07)
(1.69e-06 3.9e-06 3.25e-07)
(1.755e-06 3.9e-06 3.25e-07)
(1.82e-06 3.9e-06 3.25e-07)
(1.885e-06 3.9e-06 3.25e-07)
(1.95e-06 3.9e-06 3.25e-07)
(2.015e-06 3.9e-06 3.25e-07)
(1.105e-06 3.965e-06 3.25e-07)
(1.17e-06 3.965e-06 3.25e-07)
(1.235e-06 3.964999999999999e-06 3.25e-07)
(1.3e-06 3.964999999999999e-06 3.25e-07)
(1.365e-06 3.965e-06 3.25e-07)
(1.43e-06 3.964999999999999e-06 3.25e-07)
(1.495e-06 3.964999999999999e-06 3.25e-07)
(1.56e-06 3.965e-06 3.25e-07)
(1.625e-06 3.964999999999999e-06 3.25e-07)
(1.69e-06 3.964999999999999e-06 3.25e-07)
(1.755e-06 3.965e-06 3.25e-07)
(1.82e-06 3.964999999999999e-06 3.25e-07)
(1.885e-06 3.964999999999999e-06 3.25e-07)
(1.95e-06 3.964999999999999e-06 3.25e-07)
(2.015e-06 3.964999999999999e-06 3.25e-07)
(1.105e-06 4.03e-06 3.250000000000001e-07)
(1.17e-06 4.03e-06 3.25e-07)
(1.235e-06 4.03e-06 3.25e-07)
(1.3e-06 4.03e-06 3.25e-07)
(1.365e-06 4.03e-06 3.25e-07)
(1.43e-06 4.03e-06 3.250000000000001e-07)
(1.495e-06 4.03e-06 3.25e-07)
(1.56e-06 4.03e-06 3.25e-07)
(1.625e-06 4.03e-06 3.25e-07)
(1.69e-06 4.03e-06 3.25e-07)
(1.755e-06 4.03e-06 3.250000000000001e-07)
(1.82e-06 4.03e-06 3.25e-07)
(1.885e-06 4.03e-06 3.25e-07)
(1.95e-06 4.03e-06 3.25e-07)
(2.015e-06 4.03e-06 3.25e-07)
(1.105e-06 4.095e-06 3.25e-07)
(1.17e-06 4.095000000000001e-06 3.25e-07)
(1.235e-06 4.095000000000001e-06 3.25e-07)
(1.3e-06 4.095e-06 3.25e-07)
(1.365e-06 4.095000000000001e-06 3.25e-07)
(1.43e-06 4.095000000000001e-06 3.25e-07)
(1.495e-06 4.095e-06 3.25e-07)
(1.56e-06 4.095e-06 3.25e-07)
(1.625e-06 4.095000000000001e-06 3.25e-07)
(1.69e-06 4.095000000000001e-06 3.25e-07)
(1.755e-06 4.095e-06 3.25e-07)
(1.82e-06 4.095e-06 3.25e-07)
(1.885e-06 4.095e-06 3.25e-07)
(1.95e-06 4.095000000000001e-06 3.25e-07)
(2.015e-06 4.095000000000001e-06 3.25e-07)
(1.105e-06 4.16e-06 3.25e-07)
(1.17e-06 4.16e-06 3.25e-07)
(1.235e-06 4.16e-06 3.25e-07)
(1.3e-06 4.16e-06 3.25e-07)
(1.365e-06 4.16e-06 3.25e-07)
(1.43e-06 4.16e-06 3.25e-07)
(1.495e-06 4.16e-06 3.25e-07)
(1.56e-06 4.16e-06 3.25e-07)
(1.625e-06 4.16e-06 3.25e-07)
(1.69e-06 4.160000000000001e-06 3.25e-07)
(1.755e-06 4.16e-06 3.25e-07)
(1.82e-06 4.16e-06 3.25e-07)
(1.885e-06 4.16e-06 3.25e-07)
(1.95e-06 4.16e-06 3.25e-07)
(2.015e-06 4.16e-06 3.25e-07)
(1.235e-06 3.705e-06 3.899999999999999e-07)
(1.3e-06 3.704999999999999e-06 3.899999999999999e-07)
(1.365e-06 3.705000000000001e-06 3.899999999999999e-07)
(1.43e-06 3.705e-06 3.899999999999999e-07)
(1.495e-06 3.705e-06 3.899999999999999e-07)
(1.56e-06 3.705e-06 3.899999999999999e-07)
(1.625e-06 3.705e-06 3.899999999999999e-07)
(1.69e-06 3.705e-06 3.899999999999999e-07)
(1.755e-06 3.705e-06 3.900000000000001e-07)
(1.17e-06 3.769999999999999e-06 3.899999999999999e-07)
(1.235e-06 3.77e-06 3.900000000000001e-07)
(1.3e-06 3.77e-06 3.900000000000001e-07)
(1.365e-06 3.77e-06 3.899999999999999e-07)
(1.43e-06 3.77e-06 3.900000000000001e-07)
(1.495e-06 3.769999999999999e-06 3.900000000000001e-07)
(1.56e-06 3.769999999999999e-06 3.899999999999999e-07)
(1.625e-06 3.769999999999999e-06 3.900000000000001e-07)
(1.69e-06 3.77e-06 3.900000000000001e-07)
(1.755e-06 3.77e-06 3.899999999999999e-07)
(1.82e-06 3.77e-06 3.899999999999999e-07)
(1.885e-06 3.77e-06 3.900000000000001e-07)
(1.95e-06 3.769999999999999e-06 3.899999999999999e-07)
(1.17e-06 3.835e-06 3.899999999999999e-07)
(1.235e-06 3.835000000000001e-06 3.900000000000001e-07)
(1.3e-06 3.835000000000001e-06 3.899999999999999e-07)
(1.365e-06 3.835e-06 3.899999999999999e-07)
(1.43e-06 3.835e-06 3.900000000000001e-07)
(1.495e-06 3.835000000000001e-06 3.899999999999999e-07)
(1.56e-06 3.835000000000001e-06 3.899999999999999e-07)
(1.625e-06 3.835e-06 3.900000000000001e-07)
(1.69e-06 3.835000000000001e-06 3.899999999999999e-07)
(1.755e-06 3.835e-06 3.900000000000001e-07)
(1.82e-06 3.835e-06 3.899999999999999e-07)
(1.885e-06 3.835000000000001e-06 3.900000000000001e-07)
(1.95e-06 3.835e-06 3.900000000000001e-07)
(1.105e-06 3.9e-06 3.900000000000001e-07)
(1.17e-06 3.9e-06 3.899999999999999e-07)
(1.235e-06 3.9e-06 3.899999999999999e-07)
(1.3e-06 3.9e-06 3.899999999999999e-07)
(1.365e-06 3.9e-06 3.900000000000001e-07)
(1.43e-06 3.9e-06 3.900000000000001e-07)
(1.495e-06 3.9e-06 3.899999999999999e-07)
(1.56e-06 3.9e-06 3.899999999999999e-07)
(1.625e-06 3.9e-06 3.900000000000001e-07)
(1.69e-06 3.9e-06 3.900000000000001e-07)
(1.755e-06 3.9e-06 3.899999999999999e-07)
(1.82e-06 3.9e-06 3.899999999999999e-07)
(1.885e-06 3.9e-06 3.899999999999999e-07)
(1.95e-06 3.9e-06 3.900000000000001e-07)
(1.105e-06 3.965e-06 3.899999999999999e-07)
(1.17e-06 3.965e-06 3.900000000000001e-07)
(1.235e-06 3.964999999999999e-06 3.900000000000001e-07)
(1.3e-06 3.964999999999999e-06 3.900000000000001e-07)
(1.365e-06 3.965e-06 3.900000000000001e-07)
(1.43e-06 3.964999999999999e-06 3.899999999999999e-07)
(1.495e-06 3.964999999999999e-06 3.899999999999999e-07)
(1.56e-06 3.964999999999999e-06 3.900000000000001e-07)
(1.625e-06 3.964999999999999e-06 3.900000000000001e-07)
(1.69e-06 3.964999999999999e-06 3.899999999999999e-07)
(1.755e-06 3.965e-06 3.899999999999999e-07)
(1.82e-06 3.964999999999999e-06 3.899999999999999e-07)
(1.885e-06 3.964999999999999e-06 3.899999999999999e-07)
(1.95e-06 3.964999999999999e-06 3.899999999999999e-07)
(1.105e-06 4.03e-06 3.899999999999999e-07)
(1.17e-06 4.03e-06 3.899999999999999e-07)
(1.235e-06 4.03e-06 3.900000000000001e-07)
(1.3e-06 4.03e-06 3.899999999999999e-07)
(1.365e-06 4.03e-06 3.900000000000001e-07)
(1.43e-06 4.03e-06 3.900000000000001e-07)
(1.495e-06 4.03e-06 3.899999999999999e-07)
(1.56e-06 4.03e-06 3.899999999999999e-07)
(1.625e-06 4.03e-06 3.899999999999999e-07)
(1.69e-06 4.03e-06 3.900000000000001e-07)
(1.755e-06 4.03e-06 3.900000000000001e-07)
(1.82e-06 4.030000000000001e-06 3.899999999999999e-07)
(1.885e-06 4.03e-06 3.900000000000001e-07)
(1.95e-06 4.03e-06 3.900000000000001e-07)
(2.015e-06 4.030000000000001e-06 3.899999999999999e-07)
(1.105e-06 4.095e-06 3.899999999999999e-07)
(1.17e-06 4.095e-06 3.900000000000001e-07)
(1.235e-06 4.095e-06 3.899999999999999e-07)
(1.3e-06 4.095e-06 3.899999999999999e-07)
(1.365e-06 4.095000000000001e-06 3.900000000000001e-07)
(1.43e-06 4.095000000000001e-06 3.899999999999999e-07)
(1.495e-06 4.095e-06 3.899999999999999e-07)
(1.56e-06 4.095e-06 3.900000000000001e-07)
(1.625e-06 4.095000000000001e-06 3.899999999999999e-07)
(1.69e-06 4.095e-06 3.900000000000001e-07)
(1.755e-06 4.095e-06 3.899999999999999e-07)
(1.82e-06 4.095e-06 3.899999999999999e-07)
(1.885e-06 4.095e-06 3.899999999999999e-07)
(1.95e-06 4.095e-06 3.899999999999999e-07)
(2.015e-06 4.095e-06 3.900000000000001e-07)
(1.17e-06 4.160000000000001e-06 3.900000000000001e-07)
(1.235e-06 4.159999999999999e-06 3.899999999999999e-07)
(1.3e-06 4.16e-06 3.899999999999999e-07)
(1.365e-06 4.16e-06 3.899999999999999e-07)
(1.43e-06 4.16e-06 3.899999999999999e-07)
(1.495e-06 4.16e-06 3.899999999999999e-07)
(1.56e-06 4.16e-06 3.899999999999999e-07)
(1.625e-06 4.16e-06 3.899999999999999e-07)
(1.69e-06 4.16e-06 3.899999999999999e-07)
(1.755e-06 4.16e-06 3.899999999999999e-07)
(1.82e-06 4.16e-06 3.900000000000001e-07)
(1.885e-06 4.16e-06 3.900000000000001e-07)
(1.95e-06 4.16e-06 3.900000000000001e-07)
(2.015e-06 4.16e-06 3.900000000000001e-07)
(1.235e-06 3.705e-06 4.55e-07)
(1.3e-06 3.705e-06 4.55e-07)
(1.365e-06 3.705000000000001e-06 4.55e-07)
(1.43e-06 3.705e-06 4.55e-07)
(1.495e-06 3.705e-06 4.55e-07)
(1.56e-06 3.705000000000001e-06 4.549999999999999e-07)
(1.625e-06 3.705e-06 4.55e-07)
(1.69e-06 3.705e-06 4.55e-07)
(1.755e-06 3.705e-06 4.55e-07)
(1.17e-06 3.769999999999999e-06 4.55e-07)
(1.235e-06 3.77e-06 4.55e-07)
(1.3e-06 3.77e-06 4.549999999999999e-07)
(1.365e-06 3.77e-06 4.549999999999999e-07)
(1.43e-06 3.770000000000001e-06 4.55e-07)
(1.495e-06 3.770000000000001e-06 4.55e-07)
(1.56e-06 3.770000000000001e-06 4.55e-07)
(1.625e-06 3.77e-06 4.55e-07)
(1.69e-06 3.77e-06 4.55e-07)
(1.755e-06 3.77e-06 4.55e-07)
(1.82e-06 3.770000000000001e-06 4.55e-07)
(1.885e-06 3.770000000000001e-06 4.55e-07)
(1.95e-06 3.769999999999999e-06 4.55e-07)
(1.17e-06 3.835e-06 4.55e-07)
(1.235e-06 3.835000000000001e-06 4.55e-07)
(1.3e-06 3.835000000000001e-06 4.55e-07)
(1.365e-06 3.835e-06 4.55e-07)
(1.43e-06 3.835e-06 4.55e-07)
(1.495e-06 3.835000000000001e-06 4.55e-07)
(1.56e-06 3.835e-06 4.55e-07)
(1.625e-06 3.835e-06 4.55e-07)
(1.69e-06 3.835000000000001e-06 4.55e-07)
(1.755e-06 3.835e-06 4.55e-07)
(1.82e-06 3.835e-06 4.55e-07)
(1.885e-06 3.835000000000001e-06 4.549999999999999e-07)
(1.95e-06 3.835e-06 4.55e-07)
(1.105e-06 3.9e-06 4.55e-07)
(1.17e-06 3.9e-06 4.55e-07)
(1.235e-06 3.9e-06 4.55e-07)
(1.3e-06 3.9e-06 4.55e-07)
(1.365e-06 3.9e-06 4.549999999999999e-07)
(1.43e-06 3.9e-06 4.55e-07)
(1.495e-06 3.9e-06 4.55e-07)
(1.56e-06 3.9e-06 4.55e-07)
(1.625e-06 3.9e-06 4.55e-07)
(1.69e-06 3.9e-06 4.55e-07)
(1.755e-06 3.9e-06 4.55e-07)
(1.82e-06 3.9e-06 4.55e-07)
(1.885e-06 3.9e-06 4.55e-07)
(1.95e-06 3.9e-06 4.55e-07)
(1.105e-06 3.964999999999999e-06 4.55e-07)
(1.17e-06 3.965e-06 4.55e-07)
(1.235e-06 3.964999999999999e-06 4.55e-07)
(1.3e-06 3.964999999999999e-06 4.55e-07)
(1.365e-06 3.964999999999999e-06 4.55e-07)
(1.43e-06 3.964999999999999e-06 4.55e-07)
(1.495e-06 3.965000000000001e-06 4.55e-07)
(1.56e-06 3.964999999999999e-06 4.55e-07)
(1.625e-06 3.964999999999999e-06 4.55e-07)
(1.69e-06 3.964999999999999e-06 4.549999999999999e-07)
(1.755e-06 3.965e-06 4.55e-07)
(1.82e-06 3.964999999999999e-06 4.55e-07)
(1.885e-06 3.964999999999999e-06 4.55e-07)
(1.95e-06 3.965000000000001e-06 4.55e-07)
(1.17e-06 4.03e-06 4.55e-07)
(1.235e-06 4.03e-06 4.55e-07)
(1.3e-06 4.03e-06 4.549999999999999e-07)
(1.365e-06 4.03e-06 4.55e-07)
(1.43e-06 4.03e-06 4.55e-07)
(1.495e-06 4.03e-06 4.55e-07)
(1.56e-06 4.03e-06 4.55e-07)
(1.625e-06 4.03e-06 4.55e-07)
(1.69e-06 4.03e-06 4.549999999999999e-07)
(1.755e-06 4.03e-06 4.55e-07)
(1.82e-06 4.03e-06 4.55e-07)
(1.885e-06 4.03e-06 4.55e-07)
(1.95e-06 4.03e-06 4.55e-07)
(1.17e-06 4.095e-06 4.55e-07)
(1.235e-06 4.095e-06 4.55e-07)
(1.3e-06 4.095e-06 4.55e-07)
(1.365e-06 4.095000000000001e-06 4.55e-07)
(1.43e-06 4.095000000000001e-06 4.55e-07)
(1.495e-06 4.095e-06 4.55e-07)
(1.56e-06 4.095e-06 4.55e-07)
(1.625e-06 4.095e-06 4.55e-07)
(1.69e-06 4.095e-06 4.55e-07)
(1.755e-06 4.095000000000001e-06 4.55e-07)
(1.82e-06 4.095e-06 4.549999999999999e-07)
(1.885e-06 4.095000000000001e-06 4.55e-07)
(1.95e-06 4.095000000000001e-06 4.55e-07)
(1.235e-06 4.16e-06 4.55e-07)
(1.3e-06 4.16e-06 4.549999999999999e-07)
(1.365e-06 4.16e-06 4.549999999999999e-07)
(1.43e-06 4.16e-06 4.55e-07)
(1.495e-06 4.16e-06 4.55e-07)
(1.56e-06 4.160000000000001e-06 4.55e-07)
(1.625e-06 4.16e-06 4.55e-07)
(1.69e-06 4.159999999999999e-06 4.55e-07)
(1.755e-06 4.16e-06 4.55e-07)
(1.82e-06 4.16e-06 4.549999999999999e-07)
(1.885e-06 4.16e-06 4.55e-07)
(1.95e-06 4.16e-06 4.55e-07)
(1.235e-06 3.705e-06 5.2e-07)
(1.3e-06 3.705e-06 5.2e-07)
(1.365e-06 3.705000000000001e-06 5.2e-07)
(1.43e-06 3.705000000000001e-06 5.2e-07)
(1.495e-06 3.705e-06 5.2e-07)
(1.56e-06 3.705e-06 5.2e-07)
(1.625e-06 3.705e-06 5.2e-07)
(1.69e-06 3.704999999999999e-06 5.2e-07)
(1.755e-06 3.705e-06 5.2e-07)
(1.17e-06 3.770000000000001e-06 5.2e-07)
(1.235e-06 3.77e-06 5.199999999999999e-07)
(1.3e-06 3.77e-06 5.199999999999999e-07)
(1.365e-06 3.77e-06 5.2e-07)
(1.43e-06 3.77e-06 5.200000000000001e-07)
(1.495e-06 3.769999999999999e-06 5.2e-07)
(1.56e-06 3.770000000000001e-06 5.2e-07)
(1.625e-06 3.769999999999999e-06 5.2e-07)
(1.69e-06 3.769999999999999e-06 5.2e-07)
(1.755e-06 3.769999999999999e-06 5.199999999999999e-07)
(1.82e-06 3.769999999999999e-06 5.2e-07)
(1.885e-06 3.77e-06 5.2e-07)
(1.95e-06 3.769999999999999e-06 5.2e-07)
(1.17e-06 3.835000000000001e-06 5.2e-07)
(1.235e-06 3.835e-06 5.2e-07)
(1.3e-06 3.835000000000001e-06 5.2e-07)
(1.365e-06 3.835000000000001e-06 5.2e-07)
(1.43e-06 3.835e-06 5.2e-07)
(1.495e-06 3.835000000000001e-06 5.200000000000001e-07)
(1.56e-06 3.835000000000001e-06 5.199999999999999e-07)
(1.625e-06 3.835000000000001e-06 5.2e-07)
(1.69e-06 3.835000000000001e-06 5.200000000000001e-07)
(1.755e-06 3.835000000000001e-06 5.199999999999999e-07)
(1.82e-06 3.835e-06 5.2e-07)
(1.885e-06 3.835000000000001e-06 5.2e-07)
(1.95e-06 3.835e-06 5.199999999999999e-07)
(1.17e-06 3.9e-06 5.2e-07)
(1.235e-06 3.9e-06 5.200000000000001e-07)
(1.3e-06 3.9e-06 5.200000000000001e-07)
(1.365e-06 3.9e-06 5.2e-07)
(1.43e-06 3.900000000000001e-06 5.2e-07)
(1.495e-06 3.9e-06 5.2e-07)
(1.56e-06 3.9e-06 5.2e-07)
(1.625e-06 3.9e-06 5.2e-07)
(1.69e-06 3.9e-06 5.2e-07)
(1.755e-06 3.900000000000001e-06 5.2e-07)
(1.82e-06 3.9e-06 5.2e-07)
(1.885e-06 3.9e-06 5.2e-07)
(1.95e-06 3.9e-06 5.2e-07)
(1.17e-06 3.965e-06 5.2e-07)
(1.235e-06 3.965000000000001e-06 5.2e-07)
(1.3e-06 3.965e-06 5.2e-07)
(1.365e-06 3.964999999999999e-06 5.2e-07)
(1.43e-06 3.964999999999999e-06 5.2e-07)
(1.495e-06 3.965000000000001e-06 5.2e-07)
(1.56e-06 3.964999999999999e-06 5.199999999999999e-07)
(1.625e-06 3.965e-06 5.2e-07)
(1.69e-06 3.965000000000001e-06 5.2e-07)
(1.755e-06 3.965e-06 5.200000000000001e-07)
(1.82e-06 3.965e-06 5.2e-07)
(1.885e-06 3.964999999999999e-06 5.2e-07)
(1.95e-06 3.964999999999999e-06 5.2e-07)
(1.17e-06 4.03e-06 5.2e-07)
(1.235e-06 4.03e-06 5.200000000000001e-07)
(1.3e-06 4.03e-06 5.2e-07)
(1.365e-06 4.03e-06 5.2e-07)
(1.43e-06 4.03e-06 5.2e-07)
(1.495e-06 4.03e-06 5.2e-07)
(1.56e-06 4.03e-06 5.200000000000001e-07)
(1.625e-06 4.03e-06 5.2e-07)
(1.69e-06 4.03e-06 5.2e-07)
(1.755e-06 4.03e-06 5.199999999999999e-07)
(1.82e-06 4.03e-06 5.2e-07)
(1.885e-06 4.03e-06 5.2e-07)
(1.95e-06 4.03e-06 5.199999999999999e-07)
(1.17e-06 4.095000000000001e-06 5.2e-07)
(1.235e-06 4.095000000000001e-06 5.199999999999999e-07)
(1.3e-06 4.095e-06 5.2e-07)
(1.365e-06 4.095000000000001e-06 5.2e-07)
(1.43e-06 4.095000000000001e-06 5.2e-07)
(1.495e-06 4.095e-06 5.2e-07)
(1.56e-06 4.095e-06 5.2e-07)
(1.625e-06 4.095000000000001e-06 5.2e-07)
(1.69e-06 4.095e-06 5.200000000000001e-07)
(1.755e-06 4.095000000000001e-06 5.199999999999999e-07)
(1.82e-06 4.095e-06 5.2e-07)
(1.885e-06 4.095000000000001e-06 5.2e-07)
(1.95e-06 4.095e-06 5.200000000000001e-07)
(1.235e-06 4.16e-06 5.2e-07)
(1.3e-06 4.16e-06 5.2e-07)
(1.365e-06 4.16e-06 5.2e-07)
(1.43e-06 4.16e-06 5.2e-07)
(1.495e-06 4.16e-06 5.2e-07)
(1.56e-06 4.16e-06 5.2e-07)
(1.625e-06 4.16e-06 5.2e-07)
(1.69e-06 4.16e-06 5.2e-07)
(1.755e-06 4.16e-06 5.2e-07)
(1.82e-06 4.16e-06 5.2e-07)
(1.885e-06 4.16e-06 5.2e-07)
(1.95e-06 4.16e-06 5.2e-07)
(1.3e-06 3.705e-06 5.849999999999999e-07)
(1.365e-06 3.704999999999999e-06 5.849999999999999e-07)
(1.43e-06 3.705e-06 5.849999999999999e-07)
(1.495e-06 3.705e-06 5.85e-07)
(1.56e-06 3.705e-06 5.849999999999999e-07)
(1.625e-06 3.705e-06 5.849999999999999e-07)
(1.235e-06 3.769999999999999e-06 5.849999999999999e-07)
(1.3e-06 3.769999999999999e-06 5.849999999999999e-07)
(1.365e-06 3.77e-06 5.849999999999999e-07)
(1.43e-06 3.77e-06 5.849999999999999e-07)
(1.495e-06 3.769999999999999e-06 5.849999999999999e-07)
(1.56e-06 3.769999999999999e-06 5.849999999999998e-07)
(1.625e-06 3.769999999999999e-06 5.849999999999999e-07)
(1.69e-06 3.77e-06 5.85e-07)
(1.755e-06 3.77e-06 5.849999999999999e-07)
(1.17e-06 3.835e-06 5.849999999999998e-07)
(1.235e-06 3.835000000000001e-06 5.849999999999999e-07)
(1.3e-06 3.835000000000001e-06 5.849999999999999e-07)
(1.365e-06 3.835e-06 5.849999999999999e-07)
(1.43e-06 3.835e-06 5.85e-07)
(1.495e-06 3.835000000000001e-06 5.849999999999999e-07)
(1.56e-06 3.835e-06 5.849999999999999e-07)
(1.625e-06 3.835e-06 5.849999999999999e-07)
(1.69e-06 3.835e-06 5.849999999999999e-07)
(1.755e-06 3.835e-06 5.849999999999999e-07)
(1.82e-06 3.835e-06 5.849999999999999e-07)
(1.17e-06 3.9e-06 5.849999999999999e-07)
(1.235e-06 3.9e-06 5.849999999999999e-07)
(1.3e-06 3.9e-06 5.849999999999999e-07)
(1.365e-06 3.9e-06 5.85e-07)
(1.43e-06 3.9e-06 5.849999999999998e-07)
(1.495e-06 3.9e-06 5.849999999999999e-07)
(1.56e-06 3.9e-06 5.849999999999999e-07)
(1.625e-06 3.9e-06 5.849999999999999e-07)
(1.69e-06 3.9e-06 5.85e-07)
(1.755e-06 3.9e-06 5.849999999999999e-07)
(1.82e-06 3.9e-06 5.849999999999999e-07)
(1.885e-06 3.9e-06 5.849999999999998e-07)
(1.17e-06 3.965e-06 5.85e-07)
(1.235e-06 3.964999999999999e-06 5.85e-07)
(1.3e-06 3.965e-06 5.85e-07)
(1.365e-06 3.965e-06 5.85e-07)
(1.43e-06 3.964999999999999e-06 5.849999999999999e-07)
(1.495e-06 3.964999999999999e-06 5.849999999999999e-07)
(1.56e-06 3.964999999999999e-06 5.849999999999999e-07)
(1.625e-06 3.964999999999999e-06 5.85e-07)
(1.69e-06 3.964999999999999e-06 5.85e-07)
(1.755e-06 3.965e-06 5.85e-07)
(1.82e-06 3.965e-06 5.85e-07)
(1.885e-06 3.964999999999999e-06 5.849999999999999e-07)
(1.235e-06 4.03e-06 5.849999999999999e-07)
(1.3e-06 4.03e-06 5.849999999999999e-07)
(1.365e-06 4.03e-06 5.85e-07)
(1.43e-06 4.03e-06 5.849999999999999e-07)
(1.495e-06 4.03e-06 5.849999999999999e-07)
(1.56e-06 4.03e-06 5.85e-07)
(1.625e-06 4.03e-06 5.85e-07)
(1.69e-06 4.03e-06 5.85e-07)
(1.755e-06 4.03e-06 5.85e-07)
(1.82e-06 4.03e-06 5.85e-07)
(1.885e-06 4.03e-06 5.849999999999999e-07)
(1.235e-06 4.095e-06 5.849999999999999e-07)
(1.3e-06 4.095e-06 5.85e-07)
(1.365e-06 4.095e-06 5.849999999999999e-07)
(1.43e-06 4.095000000000001e-06 5.849999999999999e-07)
(1.495e-06 4.095e-06 5.849999999999999e-07)
(1.56e-06 4.095e-06 5.85e-07)
(1.625e-06 4.095e-06 5.849999999999999e-07)
(1.69e-06 4.095e-06 5.849999999999999e-07)
(1.755e-06 4.095e-06 5.85e-07)
(1.82e-06 4.095e-06 5.85e-07)
(1.885e-06 4.095e-06 5.85e-07)
(1.3e-06 4.16e-06 5.849999999999999e-07)
(1.365e-06 4.16e-06 5.849999999999999e-07)
(1.43e-06 4.16e-06 5.849999999999999e-07)
(1.495e-06 4.16e-06 5.849999999999999e-07)
(1.56e-06 4.16e-06 5.849999999999999e-07)
(1.625e-06 4.16e-06 5.849999999999999e-07)
(1.69e-06 4.16e-06 5.849999999999999e-07)
(1.755e-06 4.16e-06 5.849999999999999e-07)
(1.82e-06 4.16e-06 5.849999999999999e-07)
(1.885e-06 4.16e-06 5.849999999999999e-07)
(1.3e-06 3.705e-06 6.5e-07)
(1.365e-06 3.705000000000001e-06 6.5e-07)
(1.43e-06 3.705e-06 6.500000000000001e-07)
(1.495e-06 3.705e-06 6.5e-07)
(1.235e-06 3.77e-06 6.5e-07)
(1.3e-06 3.77e-06 6.5e-07)
(1.365e-06 3.77e-06 6.5e-07)
(1.43e-06 3.77e-06 6.5e-07)
(1.495e-06 3.770000000000001e-06 6.5e-07)
(1.56e-06 3.769999999999999e-06 6.5e-07)
(1.235e-06 3.835000000000001e-06 6.5e-07)
(1.3e-06 3.835000000000001e-06 6.5e-07)
(1.365e-06 3.835e-06 6.5e-07)
(1.43e-06 3.835e-06 6.5e-07)
(1.495e-06 3.835e-06 6.5e-07)
(1.56e-06 3.835000000000001e-06 6.5e-07)
(1.625e-06 3.835e-06 6.5e-07)
(1.235e-06 3.9e-06 6.5e-07)
(1.3e-06 3.9e-06 6.5e-07)
(1.365e-06 3.9e-06 6.5e-07)
(1.43e-06 3.9e-06 6.5e-07)
(1.495e-06 3.9e-06 6.5e-07)
(1.56e-06 3.9e-06 6.5e-07)
(1.625e-06 3.9e-06 6.5e-07)
(1.69e-06 3.9e-06 6.5e-07)
(1.235e-06 3.964999999999999e-06 6.5e-07)
(1.3e-06 3.965e-06 6.5e-07)
(1.365e-06 3.965e-06 6.5e-07)
(1.43e-06 3.964999999999999e-06 6.5e-07)
(1.495e-06 3.964999999999999e-06 6.5e-07)
(1.56e-06 3.964999999999999e-06 6.5e-07)
(1.625e-06 3.964999999999999e-06 6.5e-07)
(1.69e-06 3.964999999999999e-06 6.5e-07)
(1.755e-06 3.965e-06 6.5e-07)
(1.235e-06 4.030000000000001e-06 6.5e-07)
(1.3e-06 4.03e-06 6.5e-07)
(1.365e-06 4.03e-06 6.5e-07)
(1.43e-06 4.03e-06 6.500000000000001e-07)
(1.495e-06 4.030000000000001e-06 6.5e-07)
(1.56e-06 4.03e-06 6.5e-07)
(1.625e-06 4.03e-06 6.5e-07)
(1.69e-06 4.03e-06 6.5e-07)
(1.755e-06 4.03e-06 6.500000000000001e-07)
(1.3e-06 4.095e-06 6.5e-07)
(1.365e-06 4.095e-06 6.5e-07)
(1.43e-06 4.095e-06 6.5e-07)
(1.495e-06 4.094999999999999e-06 6.5e-07)
(1.56e-06 4.095e-06 6.5e-07)
(1.625e-06 4.095e-06 6.5e-07)
(1.69e-06 4.095e-06 6.5e-07)
(1.755e-06 4.095e-06 6.5e-07)
(1.365e-06 4.16e-06 6.5e-07)
(1.43e-06 4.16e-06 6.5e-07)
(1.495e-06 4.16e-06 6.5e-07)
(1.56e-06 4.16e-06 6.5e-07)
(1.625e-06 4.16e-06 6.5e-07)
(1.69e-06 4.16e-06 6.5e-07)
(1.755e-06 4.16e-06 6.5e-07)
(1.3e-06 3.639999999999999e-06 7.150000000000001e-07)
(1.364999999999999e-06 3.64e-06 7.149999999999999e-07)
(1.43e-06 3.64e-06 7.149999999999999e-07)
(1.3e-06 3.704999999999999e-06 7.150000000000001e-07)
(1.365e-06 3.705000000000001e-06 7.150000000000001e-07)
(1.43e-06 3.705e-06 7.150000000000001e-07)
(1.495e-06 3.705e-06 7.149999999999999e-07)
(1.235e-06 3.77e-06 7.150000000000001e-07)
(1.3e-06 3.77e-06 7.150000000000001e-07)
(1.365e-06 3.77e-06 7.149999999999999e-07)
(1.43e-06 3.77e-06 7.149999999999999e-07)
(1.495e-06 3.770000000000001e-06 7.149999999999999e-07)
(1.235e-06 3.835000000000001e-06 7.150000000000001e-07)
(1.3e-06 3.835e-06 7.149999999999999e-07)
(1.364999999999999e-06 3.835e-06 7.150000000000001e-07)
(1.43e-06 3.835e-06 7.149999999999999e-07)
(1.495e-06 3.835e-06 7.150000000000001e-07)
(1.235e-06 3.9e-06 7.150000000000001e-07)
(1.3e-06 3.9e-06 7.149999999999999e-07)
(1.365e-06 3.9e-06 7.150000000000001e-07)
(1.43e-06 3.9e-06 7.149999999999999e-07)
(1.495e-06 3.9e-06 7.149999999999999e-07)
(1.56e-06 3.9e-06 7.150000000000001e-07)
(1.235e-06 3.964999999999999e-06 7.150000000000001e-07)
(1.3e-06 3.965e-06 7.149999999999999e-07)
(1.365e-06 3.964999999999999e-06 7.149999999999999e-07)
(1.43e-06 3.965e-06 7.149999999999999e-07)
(1.495e-06 3.964999999999999e-06 7.150000000000001e-07)
(1.56e-06 3.964999999999999e-06 7.149999999999999e-07)
(1.3e-06 4.03e-06 7.150000000000001e-07)
(1.365e-06 4.03e-06 7.149999999999999e-07)
(1.43e-06 4.03e-06 7.149999999999999e-07)
(1.495e-06 4.03e-06 7.149999999999999e-07)
(1.56e-06 4.03e-06 7.149999999999999e-07)
(1.625e-06 4.03e-06 7.149999999999999e-07)
(1.365e-06 4.095e-06 7.149999999999999e-07)
(1.43e-06 4.095e-06 7.149999999999999e-07)
(1.495e-06 4.095e-06 7.149999999999999e-07)
(1.56e-06 4.095e-06 7.150000000000001e-07)
(1.625e-06 4.095e-06 7.150000000000001e-07)
(1.43e-06 4.16e-06 7.150000000000001e-07)
(1.495e-06 4.16e-06 7.149999999999999e-07)
(1.56e-06 4.16e-06 7.149999999999999e-07)
(1.625e-06 4.16e-06 7.149999999999999e-07)
(1.3e-06 3.575e-06 7.799999999999998e-07)
(1.365e-06 3.575e-06 7.799999999999998e-07)
(1.43e-06 3.575e-06 7.799999999999998e-07)
(1.235e-06 3.639999999999999e-06 7.800000000000002e-07)
(1.3e-06 3.639999999999999e-06 7.800000000000002e-07)
(1.365e-06 3.64e-06 7.799999999999998e-07)
(1.43e-06 3.64e-06 7.799999999999998e-07)
(1.495e-06 3.64e-06 7.800000000000002e-07)
(1.235e-06 3.705000000000001e-06 7.799999999999998e-07)
(1.3e-06 3.705e-06 7.799999999999998e-07)
(1.365e-06 3.705000000000001e-06 7.799999999999998e-07)
(1.43e-06 3.705e-06 7.799999999999998e-07)
(1.495e-06 3.705e-06 7.799999999999998e-07)
(1.56e-06 3.705000000000001e-06 7.799999999999998e-07)
(1.235e-06 3.77e-06 7.800000000000002e-07)
(1.3e-06 3.77e-06 7.800000000000002e-07)
(1.365e-06 3.77e-06 7.799999999999998e-07)
(1.43e-06 3.77e-06 7.800000000000002e-07)
(1.495e-06 3.770000000000001e-06 7.800000000000002e-07)
(1.56e-06 3.769999999999999e-06 7.799999999999998e-07)
(1.235e-06 3.835000000000001e-06 7.800000000000002e-07)
(1.3e-06 3.835000000000001e-06 7.799999999999998e-07)
(1.364999999999999e-06 3.835e-06 7.799999999999998e-07)
(1.43e-06 3.835e-06 7.800000000000002e-07)
(1.495e-06 3.835000000000001e-06 7.799999999999998e-07)
(1.56e-06 3.835e-06 7.799999999999998e-07)
(1.235e-06 3.9e-06 7.799999999999998e-07)
(1.3e-06 3.9e-06 7.799999999999998e-07)
(1.365e-06 3.9e-06 7.800000000000002e-07)
(1.43e-06 3.9e-06 7.800000000000002e-07)
(1.495e-06 3.9e-06 7.799999999999998e-07)
(1.56e-06 3.9e-06 7.799999999999998e-07)
(1.235e-06 3.964999999999999e-06 7.800000000000002e-07)
(1.3e-06 3.964999999999999e-06 7.800000000000002e-07)
(1.365e-06 3.964999999999999e-06 7.800000000000002e-07)
(1.43e-06 3.964999999999999e-06 7.799999999999998e-07)
(1.495e-06 3.964999999999999e-06 7.799999999999998e-07)
(1.56e-06 3.965e-06 7.800000000000002e-07)
(1.235e-06 4.03e-06 7.800000000000002e-07)
(1.3e-06 4.030000000000001e-06 7.799999999999998e-07)
(1.365e-06 4.03e-06 7.800000000000002e-07)
(1.43e-06 4.03e-06 7.800000000000002e-07)
(1.495e-06 4.03e-06 7.799999999999998e-07)
(1.56e-06 4.03e-06 7.799999999999998e-07)
(1.3e-06 4.094999999999999e-06 7.799999999999998e-07)
(1.365e-06 4.095e-06 7.800000000000002e-07)
(1.43e-06 4.095e-06 7.799999999999998e-07)
(1.495e-06 4.095e-06 7.799999999999998e-07)
(1.365e-06 4.16e-06 7.799999999999998e-07)
(1.43e-06 4.160000000000001e-06 7.799999999999998e-07)
(1.495e-06 4.16e-06 7.799999999999998e-07)
(1.235e-06 3.51e-06 8.450000000000001e-07)
(1.3e-06 3.51e-06 8.449999999999999e-07)
(1.365e-06 3.51e-06 8.450000000000001e-07)
(1.43e-06 3.51e-06 8.450000000000001e-07)
(1.17e-06 3.575e-06 8.450000000000001e-07)
(1.235e-06 3.575e-06 8.450000000000001e-07)
(1.3e-06 3.575e-06 8.449999999999999e-07)
(1.365e-06 3.575e-06 8.449999999999999e-07)
(1.43e-06 3.575e-06 8.450000000000001e-07)
(1.495e-06 3.575e-06 8.450000000000001e-07)
(1.56e-06 3.575e-06 8.449999999999999e-07)
(1.17e-06 3.64e-06 8.449999999999999e-07)
(1.235e-06 3.64e-06 8.449999999999999e-07)
(1.3e-06 3.639999999999999e-06 8.449999999999999e-07)
(1.365e-06 3.639999999999999e-06 8.450000000000001e-07)
(1.43e-06 3.64e-06 8.450000000000001e-07)
(1.495e-06 3.64e-06 8.450000000000001e-07)
(1.56e-06 3.64e-06 8.449999999999999e-07)
(1.17e-06 3.705000000000001e-06 8.450000000000001e-07)
(1.235e-06 3.705e-06 8.449999999999999e-07)
(1.3e-06 3.705e-06 8.450000000000001e-07)
(1.365e-06 3.705000000000001e-06 8.449999999999999e-07)
(1.43e-06 3.705000000000001e-06 8.450000000000001e-07)
(1.495e-06 3.705e-06 8.450000000000001e-07)
(1.56e-06 3.705e-06 8.450000000000001e-07)
(1.625e-06 3.705e-06 8.449999999999999e-07)
(1.17e-06 3.770000000000001e-06 8.450000000000001e-07)
(1.235e-06 3.77e-06 8.449999999999999e-07)
(1.3e-06 3.77e-06 8.450000000000001e-07)
(1.365e-06 3.77e-06 8.450000000000001e-07)
(1.43e-06 3.77e-06 8.449999999999999e-07)
(1.495e-06 3.769999999999999e-06 8.450000000000001e-07)
(1.56e-06 3.770000000000001e-06 8.450000000000002e-07)
(1.625e-06 3.769999999999999e-06 8.450000000000001e-07)
(1.17e-06 3.835e-06 8.450000000000001e-07)
(1.235e-06 3.835e-06 8.449999999999999e-07)
(1.3e-06 3.835000000000001e-06 8.450000000000001e-07)
(1.365e-06 3.835e-06 8.450000000000001e-07)
(1.43e-06 3.835e-06 8.449999999999999e-07)
(1.495e-06 3.835000000000001e-06 8.450000000000002e-07)
(1.56e-06 3.835e-06 8.450000000000002e-07)
(1.625e-06 3.835e-06 8.449999999999999e-07)
(1.17e-06 3.9e-06 8.450000000000001e-07)
(1.235e-06 3.9e-06 8.450000000000001e-07)
(1.3e-06 3.9e-06 8.450000000000001e-07)
(1.365e-06 3.9e-06 8.450000000000001e-07)
(1.43e-06 3.900000000000001e-06 8.449999999999999e-07)
(1.495e-06 3.9e-06 8.450000000000001e-07)
(1.56e-06 3.9e-06 8.450000000000001e-07)
(1.625e-06 3.9e-06 8.450000000000001e-07)
(1.17e-06 3.964999999999999e-06 8.449999999999999e-07)
(1.235e-06 3.964999999999999e-06 8.449999999999999e-07)
(1.3e-06 3.964999999999999e-06 8.449999999999999e-07)
(1.365e-06 3.965e-06 8.449999999999999e-07)
(1.43e-06 3.964999999999999e-06 8.450000000000001e-07)
(1.495e-06 3.964999999999999e-06 8.449999999999999e-07)
(1.56e-06 3.964999999999999e-06 8.449999999999999e-07)
(1.625e-06 3.964999999999999e-06 8.449999999999999e-07)
(1.17e-06 4.03e-06 8.450000000000001e-07)
(1.235e-06 4.03e-06 8.449999999999999e-07)
(1.3e-06 4.03e-06 8.450000000000001e-07)
(1.365e-06 4.03e-06 8.450000000000001e-07)
(1.43e-06 4.03e-06 8.450000000000001e-07)
(1.495e-06 4.03e-06 8.449999999999999e-07)
(1.56e-06 4.03e-06 8.450000000000001e-07)
(1.625e-06 4.03e-06 8.450000000000001e-07)
(1.235e-06 4.095e-06 8.450000000000001e-07)
(1.3e-06 4.095e-06 8.450000000000001e-07)
(1.365e-06 4.095e-06 8.449999999999999e-07)
(1.43e-06 4.095e-06 8.450000000000001e-07)
(1.495e-06 4.095e-06 8.450000000000001e-07)
(1.56e-06 4.095e-06 8.449999999999999e-07)
(1.625e-06 4.095e-06 8.450000000000001e-07)
(1.3e-06 4.16e-06 8.450000000000001e-07)
(1.365e-06 4.16e-06 8.450000000000001e-07)
(1.43e-06 4.16e-06 8.450000000000001e-07)
(1.495e-06 4.16e-06 8.450000000000001e-07)
(1.56e-06 4.16e-06 8.450000000000001e-07)
(1.625e-06 4.16e-06 8.450000000000001e-07)
(1.17e-06 3.445e-06 9.1e-07)
(1.235e-06 3.445e-06 9.1e-07)
(1.3e-06 3.445e-06 9.099999999999998e-07)
(1.365e-06 3.445e-06 9.1e-07)
(1.105e-06 3.509999999999999e-06 9.1e-07)
(1.17e-06 3.509999999999999e-06 9.100000000000001e-07)
(1.235e-06 3.51e-06 9.100000000000001e-07)
(1.3e-06 3.51e-06 9.099999999999998e-07)
(1.365e-06 3.51e-06 9.1e-07)
(1.43e-06 3.51e-06 9.100000000000001e-07)
(1.495e-06 3.509999999999999e-06 9.1e-07)
(1.56e-06 3.509999999999999e-06 9.1e-07)
(1.105e-06 3.575e-06 9.100000000000001e-07)
(1.17e-06 3.575e-06 9.100000000000001e-07)
(1.235e-06 3.575e-06 9.1e-07)
(1.3e-06 3.575e-06 9.1e-07)
(1.365e-06 3.575e-06 9.099999999999998e-07)
(1.43e-06 3.575e-06 9.100000000000001e-07)
(1.495e-06 3.575e-06 9.100000000000001e-07)
(1.56e-06 3.575e-06 9.1e-07)
(1.625e-06 3.575e-06 9.100000000000001e-07)
(1.105e-06 3.64e-06 9.100000000000001e-07)
(1.17e-06 3.64e-06 9.1e-07)
(1.235e-06 3.64e-06 9.100000000000001e-07)
(1.3e-06 3.64e-06 9.1e-07)
(1.365e-06 3.64e-06 9.1e-07)
(1.43e-06 3.64e-06 9.1e-07)
(1.495e-06 3.64e-06 9.100000000000001e-07)
(1.56e-06 3.64e-06 9.1e-07)
(1.625e-06 3.64e-06 9.100000000000001e-07)
(1.69e-06 3.64e-06 9.1e-07)
(1.105e-06 3.705e-06 9.100000000000001e-07)
(1.17e-06 3.705000000000001e-06 9.1e-07)
(1.235e-06 3.705e-06 9.1e-07)
(1.3e-06 3.705e-06 9.1e-07)
(1.365e-06 3.705000000000001e-06 9.1e-07)
(1.43e-06 3.705e-06 9.100000000000001e-07)
(1.495e-06 3.705e-06 9.1e-07)
(1.56e-06 3.705e-06 9.099999999999998e-07)
(1.625e-06 3.705e-06 9.100000000000001e-07)
(1.69e-06 3.705e-06 9.1e-07)
(1.105e-06 3.769999999999999e-06 9.1e-07)
(1.17e-06 3.769999999999999e-06 9.100000000000001e-07)
(1.235e-06 3.769999999999999e-06 9.1e-07)
(1.3e-06 3.769999999999999e-06 9.099999999999998e-07)
(1.365e-06 3.77e-06 9.099999999999998e-07)
(1.43e-06 3.77e-06 9.1e-07)
(1.495e-06 3.769999999999999e-06 9.1e-07)
(1.56e-06 3.769999999999999e-06 9.1e-07)
(1.625e-06 3.769999999999999e-06 9.1e-07)
(1.69e-06 3.769999999999999e-06 9.1e-07)
(1.105e-06 3.835000000000001e-06 9.100000000000001e-07)
(1.17e-06 3.835e-06 9.1e-07)
(1.235e-06 3.835000000000001e-06 9.100000000000001e-07)
(1.3e-06 3.835000000000001e-06 9.1e-07)
(1.365e-06 3.835e-06 9.1e-07)
(1.43e-06 3.835e-06 9.1e-07)
(1.495e-06 3.835000000000001e-06 9.100000000000001e-07)
(1.56e-06 3.835e-06 9.1e-07)
(1.625e-06 3.835e-06 9.100000000000001e-07)
(1.69e-06 3.835000000000001e-06 9.1e-07)
(1.105e-06 3.9e-06 9.100000000000001e-07)
(1.17e-06 3.9e-06 9.1e-07)
(1.235e-06 3.9e-06 9.1e-07)
(1.3e-06 3.9e-06 9.1e-07)
(1.365e-06 3.9e-06 9.099999999999998e-07)
(1.43e-06 3.9e-06 9.100000000000001e-07)
(1.495e-06 3.9e-06 9.1e-07)
(1.56e-06 3.9e-06 9.1e-07)
(1.625e-06 3.9e-06 9.1e-07)
(1.69e-06 3.9e-06 9.100000000000001e-07)
(1.755e-06 3.9e-06 9.100000000000001e-07)
(1.105e-06 3.964999999999999e-06 9.100000000000001e-07)
(1.17e-06 3.964999999999999e-06 9.100000000000001e-07)
(1.235e-06 3.964999999999999e-06 9.100000000000001e-07)
(1.3e-06 3.964999999999999e-06 9.1e-07)
(1.365e-06 3.964999999999999e-06 9.1e-07)
(1.43e-06 3.964999999999999e-06 9.1e-07)
(1.495e-06 3.964999999999999e-06 9.1e-07)
(1.56e-06 3.965e-06 9.1e-07)
(1.625e-06 3.964999999999999e-06 9.100000000000001e-07)
(1.69e-06 3.964999999999999e-06 9.099999999999998e-07)
(1.755e-06 3.965e-06 9.100000000000001e-07)
(1.17e-06 4.03e-06 9.1e-07)
(1.235e-06 4.03e-06 9.1e-07)
(1.3e-06 4.03e-06 9.099999999999998e-07)
(1.365e-06 4.03e-06 9.1e-07)
(1.43e-06 4.03e-06 9.1e-07)
(1.495e-06 4.03e-06 9.100000000000001e-07)
(1.56e-06 4.03e-06 9.100000000000001e-07)
(1.625e-06 4.03e-06 9.100000000000001e-07)
(1.69e-06 4.03e-06 9.099999999999998e-07)
(1.755e-06 4.03e-06 9.100000000000001e-07)
(1.17e-06 4.095e-06 9.1e-07)
(1.235e-06 4.095e-06 9.1e-07)
(1.3e-06 4.095e-06 9.1e-07)
(1.365e-06 4.095e-06 9.1e-07)
(1.43e-06 4.095e-06 9.100000000000001e-07)
(1.495e-06 4.095e-06 9.100000000000001e-07)
(1.56e-06 4.095e-06 9.1e-07)
(1.625e-06 4.095e-06 9.100000000000001e-07)
(1.69e-06 4.095e-06 9.100000000000001e-07)
(1.755e-06 4.095e-06 9.100000000000001e-07)
(1.235e-06 4.16e-06 9.100000000000001e-07)
(1.3e-06 4.16e-06 9.099999999999998e-07)
(1.365e-06 4.16e-06 9.099999999999998e-07)
(1.43e-06 4.16e-06 9.1e-07)
(1.495e-06 4.16e-06 9.1e-07)
(1.56e-06 4.16e-06 9.1e-07)
(1.625e-06 4.16e-06 9.100000000000001e-07)
(1.69e-06 4.16e-06 9.100000000000001e-07)
(1.755e-06 4.16e-06 9.100000000000001e-07)
(1.17e-06 3.38e-06 9.750000000000002e-07)
(1.235e-06 3.379999999999999e-06 9.75e-07)
(1.3e-06 3.38e-06 9.75e-07)
(1.04e-06 3.445e-06 9.75e-07)
(1.105e-06 3.445e-06 9.750000000000002e-07)
(1.17e-06 3.445e-06 9.75e-07)
(1.235e-06 3.445e-06 9.75e-07)
(1.3e-06 3.445e-06 9.75e-07)
(1.365e-06 3.445e-06 9.75e-07)
(1.43e-06 3.445e-06 9.750000000000002e-07)
(1.495e-06 3.445e-06 9.75e-07)
(1.04e-06 3.51e-06 9.75e-07)
(1.105e-06 3.51e-06 9.75e-07)
(1.17e-06 3.51e-06 9.75e-07)
(1.235e-06 3.51e-06 9.75e-07)
(1.3e-06 3.51e-06 9.75e-07)
(1.365e-06 3.51e-06 9.75e-07)
(1.43e-06 3.51e-06 9.75e-07)
(1.495e-06 3.51e-06 9.75e-07)
(1.56e-06 3.509999999999999e-06 9.75e-07)
(1.625e-06 3.509999999999999e-06 9.75e-07)
(1.04e-06 3.575e-06 9.75e-07)
(1.105e-06 3.575e-06 9.75e-07)
(1.17e-06 3.575e-06 9.75e-07)
(1.235e-06 3.575e-06 9.75e-07)
(1.3e-06 3.575e-06 9.75e-07)
(1.365e-06 3.575e-06 9.75e-07)
(1.43e-06 3.575e-06 9.75e-07)
(1.495e-06 3.575e-06 9.75e-07)
(1.56e-06 3.575e-06 9.75e-07)
(1.625e-06 3.575e-06 9.75e-07)
(1.69e-06 3.575e-06 9.75e-07)
(1.04e-06 3.64e-06 9.75e-07)
(1.105e-06 3.64e-06 9.750000000000002e-07)
(1.17e-06 3.639999999999999e-06 9.75e-07)
(1.235e-06 3.64e-06 9.75e-07)
(1.3e-06 3.64e-06 9.75e-07)
(1.365e-06 3.64e-06 9.75e-07)
(1.43e-06 3.64e-06 9.750000000000002e-07)
(1.495e-06 3.64e-06 9.75e-07)
(1.56e-06 3.64e-06 9.75e-07)
(1.625e-06 3.64e-06 9.75e-07)
(1.69e-06 3.64e-06 9.75e-07)
(1.755e-06 3.64e-06 9.750000000000002e-07)
(1.04e-06 3.705e-06 9.750000000000002e-07)
(1.105e-06 3.705e-06 9.75e-07)
(1.17e-06 3.705000000000001e-06 9.750000000000002e-07)
(1.235e-06 3.705e-06 9.75e-07)
(1.3e-06 3.705e-06 9.75e-07)
(1.365e-06 3.705000000000001e-06 9.750000000000002e-07)
(1.43e-06 3.705000000000001e-06 9.75e-07)
(1.495e-06 3.705e-06 9.750000000000002e-07)
(1.56e-06 3.705e-06 9.75e-07)
(1.625e-06 3.705e-06 9.75e-07)
(1.69e-06 3.704999999999999e-06 9.750000000000002e-07)
(1.755e-06 3.705000000000001e-06 9.75e-07)
(1.04e-06 3.770000000000001e-06 9.75e-07)
(1.105e-06 3.769999999999999e-06 9.750000000000002e-07)
(1.17e-06 3.769999999999999e-06 9.75e-07)
(1.235e-06 3.77e-06 9.75e-07)
(1.3e-06 3.77e-06 9.75e-07)
(1.365e-06 3.77e-06 9.75e-07)
(1.43e-06 3.77e-06 9.750000000000002e-07)
(1.495e-06 3.770000000000001e-06 9.75e-07)
(1.56e-06 3.770000000000001e-06 9.75e-07)
(1.625e-06 3.77e-06 9.75e-07)
(1.69e-06 3.77e-06 9.75e-07)
(1.755e-06 3.769999999999999e-06 9.750000000000002e-07)
(1.04e-06 3.835000000000001e-06 9.75e-07)
(1.105e-06 3.835000000000001e-06 9.75e-07)
(1.17e-06 3.835000000000001e-06 9.75e-07)
(1.235e-06 3.835e-06 9.75e-07)
(1.3e-06 3.835000000000001e-06 9.75e-07)
(1.365e-06 3.835000000000001e-06 9.75e-07)
(1.43e-06 3.835e-06 9.75e-07)
(1.495e-06 3.835000000000001e-06 9.75e-07)
(1.56e-06 3.835e-06 9.75e-07)
(1.625e-06 3.835e-06 9.75e-07)
(1.69e-06 3.835000000000001e-06 9.75e-07)
(1.755e-06 3.835e-06 9.75e-07)
(1.105e-06 3.9e-06 9.75e-07)
(1.17e-06 3.9e-06 9.75e-07)
(1.235e-06 3.9e-06 9.75e-07)
(1.3e-06 3.9e-06 9.75e-07)
(1.365e-06 3.9e-06 9.75e-07)
(1.43e-06 3.9e-06 9.75e-07)
(1.495e-06 3.9e-06 9.75e-07)
(1.56e-06 3.9e-06 9.75e-07)
(1.625e-06 3.9e-06 9.75e-07)
(1.69e-06 3.9e-06 9.75e-07)
(1.755e-06 3.9e-06 9.75e-07)
(1.82e-06 3.9e-06 9.75e-07)
(1.105e-06 3.965e-06 9.75e-07)
(1.17e-06 3.964999999999999e-06 9.75e-07)
(1.235e-06 3.964999999999999e-06 9.75e-07)
(1.3e-06 3.965e-06 9.75e-07)
(1.365e-06 3.964999999999999e-06 9.75e-07)
(1.43e-06 3.964999999999999e-06 9.75e-07)
(1.495e-06 3.964999999999999e-06 9.75e-07)
(1.56e-06 3.965e-06 9.75e-07)
(1.625e-06 3.964999999999999e-06 9.75e-07)
(1.69e-06 3.964999999999999e-06 9.75e-07)
(1.755e-06 3.965e-06 9.75e-07)
(1.82e-06 3.964999999999999e-06 9.75e-07)
(1.105e-06 4.03e-06 9.75e-07)
(1.17e-06 4.03e-06 9.75e-07)
(1.235e-06 4.03e-06 9.75e-07)
(1.3e-06 4.03e-06 9.75e-07)
(1.365e-06 4.03e-06 9.75e-07)
(1.43e-06 4.03e-06 9.75e-07)
(1.495e-06 4.03e-06 9.75e-07)
(1.56e-06 4.03e-06 9.75e-07)
(1.625e-06 4.03e-06 9.750000000000002e-07)
(1.69e-06 4.03e-06 9.75e-07)
(1.755e-06 4.03e-06 9.75e-07)
(1.82e-06 4.03e-06 9.75e-07)
(1.105e-06 4.095e-06 9.75e-07)
(1.17e-06 4.095000000000001e-06 9.750000000000002e-07)
(1.235e-06 4.095e-06 9.75e-07)
(1.3e-06 4.095e-06 9.75e-07)
(1.365e-06 4.095e-06 9.75e-07)
(1.43e-06 4.095e-06 9.75e-07)
(1.495e-06 4.095e-06 9.750000000000002e-07)
(1.56e-06 4.095e-06 9.75e-07)
(1.625e-06 4.095e-06 9.75e-07)
(1.69e-06 4.095e-06 9.75e-07)
(1.755e-06 4.095e-06 9.75e-07)
(1.82e-06 4.095e-06 9.750000000000002e-07)
(1.105e-06 4.16e-06 9.75e-07)
(1.17e-06 4.16e-06 9.75e-07)
(1.235e-06 4.16e-06 9.75e-07)
(1.3e-06 4.16e-06 9.75e-07)
(1.365e-06 4.16e-06 9.75e-07)
(1.43e-06 4.16e-06 9.75e-07)
(1.495e-06 4.16e-06 9.75e-07)
(1.56e-06 4.16e-06 9.75e-07)
(1.625e-06 4.16e-06 9.75e-07)
(1.69e-06 4.16e-06 9.75e-07)
(1.755e-06 4.16e-06 9.75e-07)
(1.82e-06 4.16e-06 9.75e-07)
(1.17e-06 3.38e-06 1.04e-06)
(1.235e-06 3.38e-06 1.04e-06)
(1.3e-06 3.38e-06 1.04e-06)
(1.04e-06 3.445e-06 1.04e-06)
(1.105e-06 3.445e-06 1.04e-06)
(1.17e-06 3.445e-06 1.04e-06)
(1.235e-06 3.445e-06 1.04e-06)
(1.3e-06 3.445e-06 1.04e-06)
(1.365e-06 3.445e-06 1.04e-06)
(1.43e-06 3.445e-06 1.04e-06)
(1.495e-06 3.445e-06 1.04e-06)
(1.04e-06 3.51e-06 1.04e-06)
(1.105e-06 3.51e-06 1.04e-06)
(1.17e-06 3.51e-06 1.04e-06)
(1.235e-06 3.51e-06 1.04e-06)
(1.3e-06 3.51e-06 1.04e-06)
(1.365e-06 3.51e-06 1.04e-06)
(1.43e-06 3.51e-06 1.04e-06)
(1.495e-06 3.509999999999999e-06 1.04e-06)
(1.56e-06 3.51e-06 1.04e-06)
(1.625e-06 3.509999999999999e-06 1.04e-06)
(1.04e-06 3.575e-06 1.04e-06)
(1.105e-06 3.575e-06 1.04e-06)
(1.17e-06 3.575e-06 1.04e-06)
(1.235e-06 3.575e-06 1.04e-06)
(1.3e-06 3.575e-06 1.04e-06)
(1.365e-06 3.575e-06 1.04e-06)
(1.43e-06 3.575e-06 1.04e-06)
(1.495e-06 3.575e-06 1.04e-06)
(1.56e-06 3.575e-06 1.04e-06)
(1.625e-06 3.575e-06 1.04e-06)
(1.69e-06 3.575e-06 1.04e-06)
(1.04e-06 3.64e-06 1.04e-06)
(1.105e-06 3.64e-06 1.04e-06)
(1.17e-06 3.64e-06 1.04e-06)
(1.235e-06 3.64e-06 1.04e-06)
(1.3e-06 3.64e-06 1.04e-06)
(1.365e-06 3.64e-06 1.04e-06)
(1.43e-06 3.64e-06 1.04e-06)
(1.495e-06 3.64e-06 1.04e-06)
(1.56e-06 3.64e-06 1.04e-06)
(1.625e-06 3.64e-06 1.04e-06)
(1.69e-06 3.64e-06 1.04e-06)
(1.755e-06 3.64e-06 1.04e-06)
(1.04e-06 3.705e-06 1.04e-06)
(1.105e-06 3.704999999999999e-06 1.04e-06)
(1.17e-06 3.705000000000001e-06 1.04e-06)
(1.235e-06 3.705e-06 1.04e-06)
(1.3e-06 3.704999999999999e-06 1.04e-06)
(1.365e-06 3.705000000000001e-06 1.04e-06)
(1.43e-06 3.705e-06 1.04e-06)
(1.495e-06 3.705e-06 1.04e-06)
(1.56e-06 3.705e-06 1.04e-06)
(1.625e-06 3.705e-06 1.04e-06)
(1.69e-06 3.704999999999999e-06 1.04e-06)
(1.755e-06 3.705000000000001e-06 1.04e-06)
(1.04e-06 3.77e-06 1.04e-06)
(1.105e-06 3.769999999999999e-06 1.04e-06)
(1.17e-06 3.769999999999999e-06 1.04e-06)
(1.235e-06 3.77e-06 1.04e-06)
(1.3e-06 3.77e-06 1.04e-06)
(1.365e-06 3.77e-06 1.04e-06)
(1.43e-06 3.77e-06 1.04e-06)
(1.495e-06 3.769999999999999e-06 1.04e-06)
(1.56e-06 3.769999999999999e-06 1.04e-06)
(1.625e-06 3.769999999999999e-06 1.04e-06)
(1.69e-06 3.77e-06 1.04e-06)
(1.755e-06 3.77e-06 1.04e-06)
(1.04e-06 3.835e-06 1.04e-06)
(1.105e-06 3.835000000000001e-06 1.04e-06)
(1.17e-06 3.835e-06 1.04e-06)
(1.235e-06 3.835000000000001e-06 1.04e-06)
(1.3e-06 3.835000000000001e-06 1.04e-06)
(1.365e-06 3.835e-06 1.04e-06)
(1.43e-06 3.835e-06 1.04e-06)
(1.495e-06 3.835e-06 1.04e-06)
(1.56e-06 3.835e-06 1.04e-06)
(1.625e-06 3.835e-06 1.04e-06)
(1.69e-06 3.835000000000001e-06 1.04e-06)
(1.755e-06 3.835e-06 1.04e-06)
(1.04e-06 3.9e-06 1.04e-06)
(1.105e-06 3.9e-06 1.04e-06)
(1.17e-06 3.9e-06 1.04e-06)
(1.235e-06 3.9e-06 1.04e-06)
(1.3e-06 3.9e-06 1.04e-06)
(1.365e-06 3.9e-06 1.04e-06)
(1.43e-06 3.9e-06 1.04e-06)
(1.495e-06 3.9e-06 1.04e-06)
(1.56e-06 3.9e-06 1.04e-06)
(1.625e-06 3.9e-06 1.04e-06)
(1.69e-06 3.9e-06 1.04e-06)
(1.755e-06 3.9e-06 1.04e-06)
(1.82e-06 3.9e-06 1.04e-06)
(1.04e-06 3.964999999999999e-06 1.04e-06)
(1.105e-06 3.964999999999999e-06 1.04e-06)
(1.17e-06 3.965e-06 1.04e-06)
(1.235e-06 3.964999999999999e-06 1.04e-06)
(1.3e-06 3.965e-06 1.04e-06)
(1.365e-06 3.965e-06 1.04e-06)
(1.43e-06 3.964999999999999e-06 1.04e-06)
(1.495e-06 3.964999999999999e-06 1.04e-06)
(1.56e-06 3.964999999999999e-06 1.04e-06)
(1.625e-06 3.964999999999999e-06 1.04e-06)
(1.69e-06 3.964999999999999e-06 1.04e-06)
(1.755e-06 3.965e-06 1.04e-06)
(1.82e-06 3.964999999999999e-06 1.04e-06)
(1.105e-06 4.03e-06 1.04e-06)
(1.17e-06 4.03e-06 1.04e-06)
(1.235e-06 4.03e-06 1.04e-06)
(1.3e-06 4.03e-06 1.04e-06)
(1.365e-06 4.03e-06 1.04e-06)
(1.43e-06 4.03e-06 1.04e-06)
(1.495e-06 4.03e-06 1.04e-06)
(1.56e-06 4.03e-06 1.04e-06)
(1.625e-06 4.03e-06 1.04e-06)
(1.69e-06 4.03e-06 1.04e-06)
(1.755e-06 4.03e-06 1.04e-06)
(1.82e-06 4.03e-06 1.04e-06)
(1.105e-06 4.095e-06 1.04e-06)
(1.17e-06 4.095e-06 1.04e-06)
(1.235e-06 4.095e-06 1.04e-06)
(1.3e-06 4.095e-06 1.04e-06)
(1.365e-06 4.095e-06 1.04e-06)
(1.43e-06 4.095e-06 1.04e-06)
(1.495e-06 4.095e-06 1.04e-06)
(1.56e-06 4.095e-06 1.04e-06)
(1.625e-06 4.095e-06 1.04e-06)
(1.69e-06 4.095e-06 1.04e-06)
(1.755e-06 4.095e-06 1.04e-06)
(1.82e-06 4.095e-06 1.04e-06)
(1.105e-06 4.16e-06 1.04e-06)
(1.17e-06 4.16e-06 1.04e-06)
(1.235e-06 4.159999999999999e-06 1.04e-06)
(1.3e-06 4.16e-06 1.04e-06)
(1.365e-06 4.159999999999999e-06 1.04e-06)
(1.43e-06 4.159999999999999e-06 1.04e-06)
(1.495e-06 4.16e-06 1.04e-06)
(1.56e-06 4.16e-06 1.04e-06)
(1.625e-06 4.16e-06 1.04e-06)
(1.69e-06 4.16e-06 1.04e-06)
(1.755e-06 4.16e-06 1.04e-06)
(1.82e-06 4.16e-06 1.04e-06)
(1.04e-06 3.445e-06 1.105e-06)
(1.105e-06 3.445e-06 1.105e-06)
(1.17e-06 3.445e-06 1.105e-06)
(1.235e-06 3.445e-06 1.105e-06)
(1.3e-06 3.445e-06 1.105e-06)
(1.365e-06 3.445e-06 1.105e-06)
(1.43e-06 3.445e-06 1.105e-06)
(1.04e-06 3.51e-06 1.105e-06)
(1.105e-06 3.51e-06 1.105e-06)
(1.17e-06 3.51e-06 1.105e-06)
(1.235e-06 3.51e-06 1.105e-06)
(1.3e-06 3.51e-06 1.105e-06)
(1.365e-06 3.51e-06 1.105e-06)
(1.43e-06 3.51e-06 1.105e-06)
(1.495e-06 3.509999999999999e-06 1.105e-06)
(1.56e-06 3.509999999999999e-06 1.105e-06)
(1.04e-06 3.575e-06 1.105e-06)
(1.105e-06 3.575e-06 1.105e-06)
(1.17e-06 3.575e-06 1.105e-06)
(1.235e-06 3.575e-06 1.105e-06)
(1.3e-06 3.575e-06 1.105e-06)
(1.365e-06 3.575e-06 1.105e-06)
(1.43e-06 3.575e-06 1.105e-06)
(1.495e-06 3.575e-06 1.105e-06)
(1.56e-06 3.575e-06 1.105e-06)
(1.625e-06 3.575e-06 1.105e-06)
(1.69e-06 3.575e-06 1.105e-06)
(1.04e-06 3.64e-06 1.105e-06)
(1.105e-06 3.64e-06 1.105e-06)
(1.17e-06 3.64e-06 1.105e-06)
(1.235e-06 3.64e-06 1.105e-06)
(1.3e-06 3.639999999999999e-06 1.105e-06)
(1.365e-06 3.64e-06 1.105e-06)
(1.43e-06 3.64e-06 1.105e-06)
(1.495e-06 3.64e-06 1.105e-06)
(1.56e-06 3.64e-06 1.105e-06)
(1.625e-06 3.64e-06 1.105e-06)
(1.69e-06 3.639999999999999e-06 1.105e-06)
(1.755e-06 3.64e-06 1.105e-06)
(1.04e-06 3.705e-06 1.105e-06)
(1.105e-06 3.705e-06 1.105e-06)
(1.17e-06 3.705000000000001e-06 1.105e-06)
(1.235e-06 3.705e-06 1.105e-06)
(1.3e-06 3.705e-06 1.105e-06)
(1.365e-06 3.705000000000001e-06 1.105e-06)
(1.43e-06 3.705e-06 1.105e-06)
(1.495e-06 3.705e-06 1.105e-06)
(1.56e-06 3.705e-06 1.105e-06)
(1.625e-06 3.705e-06 1.105e-06)
(1.69e-06 3.705e-06 1.105e-06)
(1.755e-06 3.705e-06 1.105e-06)
(1.04e-06 3.77e-06 1.105e-06)
(1.105e-06 3.769999999999999e-06 1.105e-06)
(1.17e-06 3.769999999999999e-06 1.105e-06)
(1.235e-06 3.77e-06 1.105e-06)
(1.3e-06 3.769999999999999e-06 1.105e-06)
(1.365e-06 3.77e-06 1.105e-06)
(1.43e-06 3.77e-06 1.105e-06)
(1.495e-06 3.769999999999999e-06 1.105e-06)
(1.56e-06 3.769999999999999e-06 1.105e-06)
(1.625e-06 3.77e-06 1.105e-06)
(1.69e-06 3.769999999999999e-06 1.105e-06)
(1.755e-06 3.77e-06 1.105e-06)
(1.04e-06 3.835e-06 1.105e-06)
(1.105e-06 3.835000000000001e-06 1.105e-06)
(1.17e-06 3.835e-06 1.105e-06)
(1.235e-06 3.835000000000001e-06 1.105e-06)
(1.3e-06 3.835000000000001e-06 1.105e-06)
(1.365e-06 3.835e-06 1.105e-06)
(1.43e-06 3.835e-06 1.105e-06)
(1.495e-06 3.835000000000001e-06 1.105e-06)
(1.56e-06 3.835e-06 1.105e-06)
(1.625e-06 3.835e-06 1.105e-06)
(1.69e-06 3.835000000000001e-06 1.105e-06)
(1.755e-06 3.835e-06 1.105e-06)
(1.04e-06 3.9e-06 1.105e-06)
(1.105e-06 3.9e-06 1.105e-06)
(1.17e-06 3.9e-06 1.105e-06)
(1.235e-06 3.9e-06 1.105e-06)
(1.3e-06 3.9e-06 1.105e-06)
(1.365e-06 3.9e-06 1.105e-06)
(1.43e-06 3.9e-06 1.105e-06)
(1.495e-06 3.9e-06 1.105e-06)
(1.56e-06 3.9e-06 1.105e-06)
(1.625e-06 3.9e-06 1.105e-06)
(1.69e-06 3.9e-06 1.105e-06)
(1.755e-06 3.9e-06 1.105e-06)
(1.82e-06 3.9e-06 1.105e-06)
(1.04e-06 3.964999999999999e-06 1.105e-06)
(1.105e-06 3.965e-06 1.105e-06)
(1.17e-06 3.965e-06 1.105e-06)
(1.235e-06 3.964999999999999e-06 1.105e-06)
(1.3e-06 3.964999999999999e-06 1.105e-06)
(1.365e-06 3.965e-06 1.105e-06)
(1.43e-06 3.965e-06 1.105e-06)
(1.495e-06 3.964999999999999e-06 1.105e-06)
(1.56e-06 3.965e-06 1.105e-06)
(1.625e-06 3.964999999999999e-06 1.105e-06)
(1.69e-06 3.964999999999999e-06 1.105e-06)
(1.755e-06 3.965e-06 1.105e-06)
(1.82e-06 3.965e-06 1.105e-06)
(1.105e-06 4.03e-06 1.105e-06)
(1.17e-06 4.03e-06 1.105e-06)
(1.235e-06 4.03e-06 1.105e-06)
(1.3e-06 4.03e-06 1.105e-06)
(1.365e-06 4.03e-06 1.105e-06)
(1.43e-06 4.03e-06 1.105e-06)
(1.495e-06 4.03e-06 1.105e-06)
(1.56e-06 4.03e-06 1.105e-06)
(1.625e-06 4.03e-06 1.105e-06)
(1.69e-06 4.03e-06 1.105e-06)
(1.755e-06 4.03e-06 1.105e-06)
(1.82e-06 4.03e-06 1.105e-06)
(1.105e-06 4.095e-06 1.105e-06)
(1.17e-06 4.095e-06 1.105e-06)
(1.235e-06 4.095000000000001e-06 1.105e-06)
(1.3e-06 4.095e-06 1.105e-06)
(1.365e-06 4.095000000000001e-06 1.105e-06)
(1.43e-06 4.095e-06 1.105e-06)
(1.495e-06 4.095e-06 1.105e-06)
(1.56e-06 4.095e-06 1.105e-06)
(1.625e-06 4.095e-06 1.105e-06)
(1.69e-06 4.095000000000001e-06 1.105e-06)
(1.755e-06 4.095000000000001e-06 1.105e-06)
(1.82e-06 4.095e-06 1.105e-06)
(1.105e-06 4.16e-06 1.105e-06)
(1.17e-06 4.16e-06 1.105e-06)
(1.235e-06 4.16e-06 1.105e-06)
(1.3e-06 4.16e-06 1.105e-06)
(1.365e-06 4.16e-06 1.105e-06)
(1.43e-06 4.16e-06 1.105e-06)
(1.495e-06 4.16e-06 1.105e-06)
(1.56e-06 4.16e-06 1.105e-06)
(1.625e-06 4.16e-06 1.105e-06)
(1.69e-06 4.16e-06 1.105e-06)
(1.755e-06 4.16e-06 1.105e-06)
(1.82e-06 4.16e-06 1.105e-06)
(1.235e-06 3.445e-06 1.17e-06)
(1.3e-06 3.445e-06 1.17e-06)
(1.365e-06 3.445e-06 1.17e-06)
(1.105e-06 3.51e-06 1.17e-06)
(1.17e-06 3.51e-06 1.17e-06)
(1.235e-06 3.51e-06 1.17e-06)
(1.3e-06 3.51e-06 1.17e-06)
(1.365e-06 3.51e-06 1.17e-06)
(1.43e-06 3.51e-06 1.17e-06)
(1.495e-06 3.509999999999999e-06 1.17e-06)
(1.105e-06 3.575e-06 1.17e-06)
(1.17e-06 3.575e-06 1.17e-06)
(1.235e-06 3.575e-06 1.17e-06)
(1.3e-06 3.575e-06 1.17e-06)
(1.365e-06 3.575e-06 1.17e-06)
(1.43e-06 3.575e-06 1.17e-06)
(1.495e-06 3.575e-06 1.17e-06)
(1.56e-06 3.575e-06 1.17e-06)
(1.625e-06 3.575e-06 1.17e-06)
(1.04e-06 3.64e-06 1.17e-06)
(1.105e-06 3.64e-06 1.17e-06)
(1.17e-06 3.639999999999999e-06 1.17e-06)
(1.235e-06 3.64e-06 1.17e-06)
(1.3e-06 3.64e-06 1.17e-06)
(1.365e-06 3.64e-06 1.17e-06)
(1.43e-06 3.64e-06 1.17e-06)
(1.495e-06 3.64e-06 1.17e-06)
(1.56e-06 3.64e-06 1.17e-06)
(1.625e-06 3.64e-06 1.17e-06)
(1.69e-06 3.639999999999999e-06 1.17e-06)
(1.04e-06 3.705e-06 1.17e-06)
(1.105e-06 3.705e-06 1.17e-06)
(1.17e-06 3.705000000000001e-06 1.17e-06)
(1.235e-06 3.705e-06 1.17e-06)
(1.3e-06 3.704999999999999e-06 1.17e-06)
(1.365e-06 3.705000000000001e-06 1.17e-06)
(1.43e-06 3.705e-06 1.17e-06)
(1.495e-06 3.705e-06 1.17e-06)
(1.56e-06 3.705e-06 1.17e-06)
(1.625e-06 3.705e-06 1.17e-06)
(1.69e-06 3.705e-06 1.17e-06)
(1.04e-06 3.77e-06 1.17e-06)
(1.105e-06 3.770000000000001e-06 1.17e-06)
(1.17e-06 3.770000000000001e-06 1.17e-06)
(1.235e-06 3.77e-06 1.17e-06)
(1.3e-06 3.77e-06 1.17e-06)
(1.365e-06 3.77e-06 1.17e-06)
(1.43e-06 3.77e-06 1.17e-06)
(1.495e-06 3.770000000000001e-06 1.17e-06)
(1.56e-06 3.770000000000001e-06 1.17e-06)
(1.625e-06 3.77e-06 1.17e-06)
(1.69e-06 3.77e-06 1.17e-06)
(1.755e-06 3.77e-06 1.17e-06)
(1.04e-06 3.835000000000001e-06 1.17e-06)
(1.105e-06 3.835000000000001e-06 1.17e-06)
(1.17e-06 3.835000000000001e-06 1.17e-06)
(1.235e-06 3.835000000000001e-06 1.17e-06)
(1.3e-06 3.835000000000001e-06 1.17e-06)
(1.365e-06 3.835000000000001e-06 1.17e-06)
(1.43e-06 3.835e-06 1.17e-06)
(1.495e-06 3.835000000000001e-06 1.17e-06)
(1.56e-06 3.835e-06 1.17e-06)
(1.625e-06 3.835e-06 1.17e-06)
(1.69e-06 3.835e-06 1.17e-06)
(1.755e-06 3.835000000000001e-06 1.17e-06)
(1.04e-06 3.9e-06 1.17e-06)
(1.105e-06 3.900000000000001e-06 1.17e-06)
(1.17e-06 3.9e-06 1.17e-06)
(1.235e-06 3.9e-06 1.17e-06)
(1.3e-06 3.9e-06 1.17e-06)
(1.365e-06 3.9e-06 1.17e-06)
(1.43e-06 3.900000000000001e-06 1.17e-06)
(1.495e-06 3.9e-06 1.17e-06)
(1.56e-06 3.9e-06 1.17e-06)
(1.625e-06 3.9e-06 1.17e-06)
(1.69e-06 3.9e-06 1.17e-06)
(1.755e-06 3.9e-06 1.17e-06)
(1.82e-06 3.9e-06 1.17e-06)
(1.04e-06 3.965000000000001e-06 1.17e-06)
(1.105e-06 3.965e-06 1.17e-06)
(1.17e-06 3.965e-06 1.17e-06)
(1.235e-06 3.964999999999999e-06 1.17e-06)
(1.3e-06 3.965e-06 1.17e-06)
(1.365e-06 3.965e-06 1.17e-06)
(1.43e-06 3.965e-06 1.17e-06)
(1.495e-06 3.964999999999999e-06 1.17e-06)
(1.56e-06 3.965e-06 1.17e-06)
(1.625e-06 3.964999999999999e-06 1.17e-06)
(1.69e-06 3.964999999999999e-06 1.17e-06)
(1.755e-06 3.965e-06 1.17e-06)
(1.82e-06 3.964999999999999e-06 1.17e-06)
(1.105e-06 4.03e-06 1.17e-06)
(1.17e-06 4.03e-06 1.17e-06)
(1.235e-06 4.03e-06 1.17e-06)
(1.3e-06 4.03e-06 1.17e-06)
(1.365e-06 4.03e-06 1.17e-06)
(1.43e-06 4.03e-06 1.17e-06)
(1.495e-06 4.03e-06 1.17e-06)
(1.56e-06 4.03e-06 1.17e-06)
(1.625e-06 4.03e-06 1.17e-06)
(1.69e-06 4.03e-06 1.17e-06)
(1.755e-06 4.03e-06 1.17e-06)
(1.82e-06 4.03e-06 1.17e-06)
(1.105e-06 4.095000000000001e-06 1.17e-06)
(1.17e-06 4.095e-06 1.17e-06)
(1.235e-06 4.095000000000001e-06 1.17e-06)
(1.3e-06 4.095e-06 1.17e-06)
(1.365e-06 4.095000000000001e-06 1.17e-06)
(1.43e-06 4.095000000000001e-06 1.17e-06)
(1.495e-06 4.095e-06 1.17e-06)
(1.56e-06 4.095e-06 1.17e-06)
(1.625e-06 4.095000000000001e-06 1.17e-06)
(1.69e-06 4.095e-06 1.17e-06)
(1.755e-06 4.095e-06 1.17e-06)
(1.82e-06 4.095e-06 1.17e-06)
(1.105e-06 4.159999999999999e-06 1.17e-06)
(1.17e-06 4.16e-06 1.17e-06)
(1.235e-06 4.16e-06 1.17e-06)
(1.3e-06 4.16e-06 1.17e-06)
(1.365e-06 4.16e-06 1.17e-06)
(1.43e-06 4.16e-06 1.17e-06)
(1.495e-06 4.16e-06 1.17e-06)
(1.56e-06 4.16e-06 1.17e-06)
(1.625e-06 4.16e-06 1.17e-06)
(1.69e-06 4.16e-06 1.17e-06)
(1.755e-06 4.16e-06 1.17e-06)
(1.3e-06 3.705e-06 1.235e-06)
(1.365e-06 3.705000000000001e-06 1.235e-06)
(1.43e-06 3.705e-06 1.235e-06)
(1.495e-06 3.704999999999999e-06 1.235e-06)
(1.56e-06 3.705e-06 1.235e-06)
(1.17e-06 3.769999999999999e-06 1.235e-06)
(1.235e-06 3.769999999999999e-06 1.235e-06)
(1.3e-06 3.77e-06 1.235e-06)
(1.365e-06 3.77e-06 1.235e-06)
(1.43e-06 3.77e-06 1.235e-06)
(1.495e-06 3.770000000000001e-06 1.235e-06)
(1.56e-06 3.769999999999999e-06 1.235e-06)
(1.625e-06 3.769999999999999e-06 1.235e-06)
(1.17e-06 3.835e-06 1.235e-06)
(1.235e-06 3.835000000000001e-06 1.235e-06)
(1.3e-06 3.835000000000001e-06 1.235e-06)
(1.365e-06 3.835000000000001e-06 1.235e-06)
(1.43e-06 3.835e-06 1.235e-06)
(1.495e-06 3.835000000000001e-06 1.235e-06)
(1.56e-06 3.835e-06 1.235e-06)
(1.625e-06 3.835000000000001e-06 1.235e-06)
(1.69e-06 3.835000000000001e-06 1.235e-06)
(1.105e-06 3.9e-06 1.235e-06)
(1.17e-06 3.9e-06 1.235e-06)
(1.235e-06 3.9e-06 1.235e-06)
(1.3e-06 3.9e-06 1.235e-06)
(1.365e-06 3.9e-06 1.235e-06)
(1.43e-06 3.9e-06 1.235e-06)
(1.495e-06 3.9e-06 1.235e-06)
(1.56e-06 3.9e-06 1.235e-06)
(1.625e-06 3.9e-06 1.235e-06)
(1.69e-06 3.9e-06 1.235e-06)
(1.105e-06 3.965e-06 1.235e-06)
(1.17e-06 3.965e-06 1.235e-06)
(1.235e-06 3.965000000000001e-06 1.235e-06)
(1.3e-06 3.965e-06 1.235e-06)
(1.365e-06 3.964999999999999e-06 1.235e-06)
(1.43e-06 3.964999999999999e-06 1.235e-06)
(1.495e-06 3.965000000000001e-06 1.235e-06)
(1.56e-06 3.965e-06 1.235e-06)
(1.625e-06 3.964999999999999e-06 1.235e-06)
(1.69e-06 3.964999999999999e-06 1.235e-06)
(1.755e-06 3.965e-06 1.235e-06)
(1.105e-06 4.03e-06 1.235e-06)
(1.17e-06 4.03e-06 1.235e-06)
(1.235e-06 4.03e-06 1.235e-06)
(1.3e-06 4.03e-06 1.235e-06)
(1.365e-06 4.03e-06 1.235e-06)
(1.43e-06 4.03e-06 1.235e-06)
(1.495e-06 4.03e-06 1.235e-06)
(1.56e-06 4.03e-06 1.235e-06)
(1.625e-06 4.03e-06 1.235e-06)
(1.69e-06 4.03e-06 1.235e-06)
(1.755e-06 4.03e-06 1.235e-06)
(1.17e-06 4.095000000000001e-06 1.235e-06)
(1.235e-06 4.095e-06 1.235e-06)
(1.3e-06 4.095e-06 1.235e-06)
(1.365e-06 4.095e-06 1.235e-06)
(1.43e-06 4.095e-06 1.235e-06)
(1.495e-06 4.095e-06 1.235e-06)
(1.56e-06 4.095e-06 1.235e-06)
(1.625e-06 4.095e-06 1.235e-06)
(1.69e-06 4.095e-06 1.235e-06)
(1.755e-06 4.095000000000001e-06 1.235e-06)
(1.17e-06 4.16e-06 1.235e-06)
(1.235e-06 4.16e-06 1.235e-06)
(1.3e-06 4.16e-06 1.235e-06)
(1.365e-06 4.16e-06 1.235e-06)
(1.43e-06 4.16e-06 1.235e-06)
(1.495e-06 4.16e-06 1.235e-06)
(1.56e-06 4.16e-06 1.235e-06)
(1.625e-06 4.16e-06 1.235e-06)
(1.69e-06 4.16e-06 1.235e-06)
(1.3e-06 3.9e-06 1.3e-06)
(1.365e-06 3.9e-06 1.3e-06)
(1.43e-06 3.9e-06 1.3e-06)
(1.495e-06 3.9e-06 1.3e-06)
(1.56e-06 3.9e-06 1.3e-06)
(1.235e-06 3.964999999999999e-06 1.3e-06)
(1.3e-06 3.965e-06 1.3e-06)
(1.365e-06 3.964999999999999e-06 1.3e-06)
(1.43e-06 3.964999999999999e-06 1.3e-06)
(1.495e-06 3.964999999999999e-06 1.3e-06)
(1.56e-06 3.965e-06 1.3e-06)
(1.625e-06 3.964999999999999e-06 1.3e-06)
(1.235e-06 4.030000000000001e-06 1.3e-06)
(1.3e-06 4.03e-06 1.3e-06)
(1.365e-06 4.03e-06 1.3e-06)
(1.43e-06 4.03e-06 1.3e-06)
(1.495e-06 4.03e-06 1.3e-06)
(1.56e-06 4.03e-06 1.3e-06)
(1.625e-06 4.03e-06 1.3e-06)
(1.235e-06 4.095e-06 1.3e-06)
(1.3e-06 4.095e-06 1.3e-06)
(1.365e-06 4.095e-06 1.3e-06)
(1.43e-06 4.095e-06 1.3e-06)
(1.495e-06 4.095e-06 1.3e-06)
(1.56e-06 4.095e-06 1.3e-06)
(1.625e-06 4.095000000000001e-06 1.3e-06)
(1.235e-06 4.16e-06 1.3e-06)
(1.3e-06 4.16e-06 1.3e-06)
(1.365e-06 4.16e-06 1.3e-06)
(1.43e-06 4.16e-06 1.3e-06)
(1.495e-06 4.159999999999999e-06 1.3e-06)
(1.56e-06 4.16e-06 1.3e-06)
(1.625e-06 4.16e-06 1.3e-06)
(1.365e-06 4.095000000000001e-06 1.365e-06)
(1.43e-06 4.095e-06 1.365e-06)
(1.495e-06 4.095e-06 1.365e-06)
(1.365e-06 4.16e-06 1.365e-06)
(1.43e-06 4.16e-06 1.365e-06)
(1.495e-06 4.16e-06 1.365e-06)
)


// ************************************************************************* //
