/*--------------------------------*- C++ -*----------------------------------*\
  =========                 |
  \\      /  F ield         | OpenFOAM: The Open Source CFD Toolbox
   \\    /   O peration     | Website:  https://openfoam.org
    \\  /    A nd           | Version:  6
     \\/     M anipulation  |
\*---------------------------------------------------------------------------*/
FoamFile
{
    version     2.0;
    format      ascii;
    class       faceList;
    location    "constant/region959/polyMesh";
    object      faces;
}
// * * * * * * * * * * * * * * * * * * * * * * * * * * * * * * * * * * * * * //


87
(
4(1 7 41 35)
4(6 40 41 7)
4(2 8 42 36)
4(7 41 42 8)
4(8 42 43 9)
4(5 11 45 39)
4(6 12 46 40)
4(7 13 47 41)
4(8 14 48 42)
4(13 47 48 14)
4(14 48 49 15)
4(14 17 51 48)
4(16 50 51 17)
4(17 51 52 18)
4(17 22 56 51)
4(21 55 56 22)
4(24 58 59 25)
4(27 61 62 28)
4(25 30 64 59)
4(26 31 65 60)
4(27 32 66 61)
4(29 63 64 30)
4(30 64 65 31)
4(31 65 66 32)
4(32 66 67 33)
4(0 6 7 1)
4(1 7 8 2)
4(2 8 9 3)
4(4 10 11 5)
4(5 11 12 6)
4(6 12 13 7)
4(7 13 14 8)
4(8 14 15 9)
4(13 16 17 14)
4(14 17 18 15)
4(16 21 22 17)
4(17 22 23 18)
4(19 24 25 20)
4(21 27 28 22)
4(24 29 30 25)
4(25 30 31 26)
4(26 31 32 27)
4(27 32 33 28)
4(0 1 35 34)
4(1 2 36 35)
4(2 3 37 36)
4(4 5 39 38)
4(0 34 40 6)
4(5 6 40 39)
4(3 9 43 37)
4(4 38 44 10)
4(9 15 49 43)
4(15 18 52 49)
4(18 23 57 52)
4(22 56 57 23)
4(19 53 58 24)
4(22 28 62 56)
4(24 58 63 29)
4(28 33 67 62)
4(10 44 45 11)
4(11 45 46 12)
4(12 46 47 13)
4(13 47 50 16)
4(19 20 54 53)
4(16 50 55 21)
4(20 25 59 54)
4(25 26 60 59)
4(21 55 61 27)
4(26 27 61 60)
4(34 35 41 40)
4(35 36 42 41)
4(36 37 43 42)
4(38 39 45 44)
4(39 40 46 45)
4(40 41 47 46)
4(41 42 48 47)
4(42 43 49 48)
4(47 48 51 50)
4(48 49 52 51)
4(50 51 56 55)
4(51 52 57 56)
4(53 54 59 58)
4(55 56 62 61)
4(58 59 64 63)
4(59 60 65 64)
4(60 61 66 65)
4(61 62 67 66)
)


// ************************************************************************* //
