/*--------------------------------*- C++ -*----------------------------------*\
  =========                 |
  \\      /  F ield         | OpenFOAM: The Open Source CFD Toolbox
   \\    /   O peration     | Website:  https://openfoam.org
    \\  /    A nd           | Version:  6
     \\/     M anipulation  |
\*---------------------------------------------------------------------------*/
FoamFile
{
    version     2.0;
    format      ascii;
    class       vectorField;
    location    "constant/region959/polyMesh";
    object      points;
}
// * * * * * * * * * * * * * * * * * * * * * * * * * * * * * * * * * * * * * //


68
(
(2.21e-06 3.77e-06 4.095e-06)
(2.275e-06 3.770000000000001e-06 4.095e-06)
(2.34e-06 3.769999999999999e-06 4.095e-06)
(2.405e-06 3.77e-06 4.095e-06)
(2.08e-06 3.835000000000001e-06 4.095e-06)
(2.145e-06 3.835000000000001e-06 4.095e-06)
(2.21e-06 3.835e-06 4.095000000000001e-06)
(2.275e-06 3.835000000000001e-06 4.095e-06)
(2.34e-06 3.835000000000001e-06 4.095000000000001e-06)
(2.405e-06 3.835e-06 4.095e-06)
(2.08e-06 3.9e-06 4.095000000000001e-06)
(2.145e-06 3.9e-06 4.095e-06)
(2.21e-06 3.9e-06 4.095e-06)
(2.275e-06 3.9e-06 4.095e-06)
(2.34e-06 3.9e-06 4.095e-06)
(2.405e-06 3.9e-06 4.095000000000001e-06)
(2.275e-06 3.965e-06 4.095e-06)
(2.34e-06 3.965e-06 4.095000000000001e-06)
(2.405e-06 3.964999999999999e-06 4.095e-06)
(2.08e-06 4.03e-06 4.095e-06)
(2.145e-06 4.030000000000001e-06 4.095e-06)
(2.275e-06 4.03e-06 4.095000000000001e-06)
(2.34e-06 4.03e-06 4.095e-06)
(2.405e-06 4.03e-06 4.095e-06)
(2.08e-06 4.095e-06 4.095e-06)
(2.145e-06 4.095000000000001e-06 4.095e-06)
(2.21e-06 4.095000000000001e-06 4.095e-06)
(2.275e-06 4.095000000000001e-06 4.095e-06)
(2.34e-06 4.095e-06 4.095000000000001e-06)
(2.08e-06 4.159999999999999e-06 4.095e-06)
(2.145e-06 4.16e-06 4.095e-06)
(2.21e-06 4.16e-06 4.095e-06)
(2.275e-06 4.16e-06 4.095e-06)
(2.34e-06 4.16e-06 4.095e-06)
(2.21e-06 3.77e-06 4.160000000000001e-06)
(2.275e-06 3.77e-06 4.16e-06)
(2.34e-06 3.770000000000001e-06 4.16e-06)
(2.405e-06 3.769999999999999e-06 4.159999999999999e-06)
(2.08e-06 3.835000000000001e-06 4.16e-06)
(2.145e-06 3.835e-06 4.16e-06)
(2.21e-06 3.835e-06 4.159999999999999e-06)
(2.275e-06 3.835000000000001e-06 4.16e-06)
(2.34e-06 3.835000000000001e-06 4.160000000000001e-06)
(2.405e-06 3.835e-06 4.159999999999999e-06)
(2.08e-06 3.9e-06 4.16e-06)
(2.145e-06 3.9e-06 4.16e-06)
(2.21e-06 3.9e-06 4.16e-06)
(2.275e-06 3.9e-06 4.16e-06)
(2.34e-06 3.9e-06 4.16e-06)
(2.405e-06 3.9e-06 4.16e-06)
(2.275e-06 3.964999999999999e-06 4.16e-06)
(2.34e-06 3.964999999999999e-06 4.16e-06)
(2.405e-06 3.965000000000001e-06 4.16e-06)
(2.08e-06 4.03e-06 4.16e-06)
(2.145e-06 4.03e-06 4.16e-06)
(2.275e-06 4.03e-06 4.159999999999999e-06)
(2.34e-06 4.03e-06 4.16e-06)
(2.405e-06 4.03e-06 4.16e-06)
(2.08e-06 4.095e-06 4.16e-06)
(2.145e-06 4.095e-06 4.16e-06)
(2.21e-06 4.095e-06 4.160000000000001e-06)
(2.275e-06 4.095e-06 4.16e-06)
(2.34e-06 4.095e-06 4.160000000000001e-06)
(2.08e-06 4.16e-06 4.16e-06)
(2.145e-06 4.16e-06 4.16e-06)
(2.21e-06 4.16e-06 4.16e-06)
(2.275e-06 4.16e-06 4.16e-06)
(2.34e-06 4.16e-06 4.16e-06)
)


// ************************************************************************* //
