/*--------------------------------*- C++ -*----------------------------------*\
  =========                 |
  \\      /  F ield         | OpenFOAM: The Open Source CFD Toolbox
   \\    /   O peration     | Website:  https://openfoam.org
    \\  /    A nd           | Version:  6
     \\/     M anipulation  |
\*---------------------------------------------------------------------------*/
FoamFile
{
    version     2.0;
    format      ascii;
    class       faceList;
    location    "constant/region100/polyMesh";
    object      faces;
}
// * * * * * * * * * * * * * * * * * * * * * * * * * * * * * * * * * * * * * //


337
(
4(3 23 24 4)
4(18 19 24 23)
4(3 8 28 23)
4(7 27 28 8)
4(22 23 28 27)
4(4 9 29 24)
4(23 24 29 28)
4(5 10 30 25)
4(9 29 30 10)
4(24 25 30 29)
4(10 30 31 11)
4(25 26 31 30)
4(27 28 33 32)
4(10 15 35 30)
4(29 30 35 34)
4(30 31 36 35)
4(18 23 60 55)
4(22 59 60 23)
4(54 55 60 59)
4(19 24 61 56)
4(23 60 61 24)
4(55 56 61 60)
4(20 25 62 57)
4(24 61 62 25)
4(56 57 62 61)
4(25 62 63 26)
4(57 58 63 62)
4(23 28 65 60)
4(27 64 65 28)
4(59 60 65 64)
4(24 29 66 61)
4(60 61 66 65)
4(25 30 67 62)
4(29 66 67 30)
4(61 62 67 66)
4(30 67 68 31)
4(62 63 68 67)
4(64 65 70 69)
4(30 35 72 67)
4(34 71 72 35)
4(66 67 72 71)
4(35 72 73 36)
4(67 68 73 72)
4(35 38 76 72)
4(37 75 76 38)
4(71 72 76 75)
4(38 76 77 39)
4(72 73 77 76)
4(38 41 79 76)
4(40 78 79 41)
4(75 76 79 78)
4(76 77 80 79)
4(43 82 83 44)
4(78 79 83 82)
4(82 83 87 86)
4(48 89 90 49)
4(85 86 90 89)
4(50 93 94 51)
4(89 90 94 93)
4(93 94 97 96)
4(55 60 105 100)
4(59 104 105 60)
4(56 61 106 101)
4(60 105 106 61)
4(100 101 106 105)
4(57 62 107 102)
4(61 106 107 62)
4(101 102 107 106)
4(62 107 108 63)
4(60 65 110 105)
4(64 109 110 65)
4(61 66 111 106)
4(65 110 111 66)
4(105 106 111 110)
4(62 67 112 107)
4(66 111 112 67)
4(106 107 112 111)
4(67 112 113 68)
4(107 108 113 112)
4(65 70 115 110)
4(66 71 116 111)
4(70 115 116 71)
4(110 111 116 115)
4(67 72 117 112)
4(71 116 117 72)
4(111 112 117 116)
4(72 117 118 73)
4(112 113 118 117)
4(71 75 120 116)
4(115 116 120 119)
4(72 76 121 117)
4(75 120 121 76)
4(116 117 121 120)
4(76 121 122 77)
4(117 118 122 121)
4(76 79 125 121)
4(78 124 125 79)
4(120 121 125 124)
4(79 125 126 80)
4(121 122 126 125)
4(79 83 129 125)
4(82 128 129 83)
4(124 125 129 128)
4(125 126 130 129)
4(82 86 132 128)
4(85 131 132 86)
4(86 132 133 87)
4(128 129 133 132)
4(86 90 136 132)
4(89 135 136 90)
4(90 136 137 91)
4(89 93 139 135)
4(90 94 140 136)
4(93 139 140 94)
4(135 136 140 139)
4(94 140 141 95)
4(94 97 143 140)
4(101 106 149 146)
4(105 148 149 106)
4(106 149 150 107)
4(106 111 153 149)
4(110 152 153 111)
4(107 112 154 150)
4(111 153 154 112)
4(112 154 155 113)
4(111 116 157 153)
4(115 156 157 116)
4(152 153 157 156)
4(112 117 158 154)
4(116 157 158 117)
4(153 154 158 157)
4(117 158 159 118)
4(116 120 161 157)
4(119 160 161 120)
4(156 157 161 160)
4(117 121 162 158)
4(120 161 162 121)
4(157 158 162 161)
4(121 162 163 122)
4(158 159 163 162)
4(120 124 165 161)
4(121 125 166 162)
4(124 165 166 125)
4(161 162 166 165)
4(125 166 167 126)
4(162 163 167 166)
4(125 129 169 166)
4(128 168 169 129)
4(165 166 169 168)
4(166 167 170 169)
4(153 157 181 178)
4(156 180 181 157)
4(157 181 182 158)
4(157 161 185 181)
4(158 162 186 182)
4(161 185 186 162)
4(162 186 187 163)
4(162 166 189 186)
4(165 188 189 166)
4(166 189 190 167)
4(166 169 192 189)
4(2 22 27 7)
4(7 27 32 12)
4(17 54 59 22)
4(22 59 64 27)
4(27 64 69 32)
4(54 99 104 59)
4(59 104 109 64)
4(64 109 114 69)
4(88 134 138 92)
4(0 3 4 1)
4(2 7 8 3)
4(3 8 9 4)
4(4 9 10 5)
4(5 10 11 6)
4(7 12 13 8)
4(9 14 15 10)
4(10 15 16 11)
4(0 1 19 18)
4(0 18 23 3)
4(2 3 23 22)
4(17 22 23 18)
4(1 4 24 19)
4(4 5 25 24)
4(19 24 25 20)
4(5 6 26 25)
4(20 25 26 21)
4(6 11 31 26)
4(11 16 36 31)
4(15 35 36 16)
4(35 38 39 36)
4(38 41 42 39)
4(40 43 44 41)
4(43 46 47 44)
4(17 18 55 54)
4(18 19 56 55)
4(19 20 57 56)
4(20 21 58 57)
4(21 26 63 58)
4(26 31 68 63)
4(31 36 73 68)
4(36 39 77 73)
4(39 42 80 77)
4(41 79 80 42)
4(41 44 83 79)
4(79 83 84 80)
4(44 47 87 83)
4(46 86 87 47)
4(46 49 90 86)
4(86 90 91 87)
4(49 51 94 90)
4(90 94 95 91)
4(51 53 97 94)
4(94 97 98 95)
4(54 55 100 99)
4(55 56 101 100)
4(56 57 102 101)
4(57 58 103 102)
4(99 100 105 104)
4(58 63 108 103)
4(102 103 108 107)
4(104 105 110 109)
4(63 68 113 108)
4(69 114 115 70)
4(109 110 115 114)
4(68 73 118 113)
4(70 115 119 74)
4(73 77 122 118)
4(77 80 126 122)
4(80 84 130 126)
4(83 129 130 84)
4(81 127 131 85)
4(127 128 132 131)
4(83 87 133 129)
4(85 131 135 89)
4(88 89 135 134)
4(131 132 136 135)
4(87 91 137 133)
4(132 133 137 136)
4(134 135 139 138)
4(91 95 141 137)
4(136 137 141 140)
4(95 98 144 141)
4(100 101 146 145)
4(101 102 147 146)
4(100 145 148 105)
4(145 146 149 148)
4(102 107 150 147)
4(146 147 150 149)
4(107 108 151 150)
4(105 148 152 110)
4(148 149 153 152)
4(149 150 154 153)
4(108 113 155 151)
4(150 151 155 154)
4(110 152 156 115)
4(113 118 159 155)
4(154 155 159 158)
4(115 156 160 119)
4(118 122 163 159)
4(119 160 164 123)
4(123 164 165 124)
4(160 161 165 164)
4(122 126 167 163)
4(124 165 168 128)
4(126 130 170 167)
4(129 169 170 130)
4(128 168 171 132)
4(129 133 172 169)
4(132 171 172 133)
4(168 169 172 171)
4(135 136 174 173)
4(135 173 175 139)
4(136 140 176 174)
4(173 174 176 175)
4(152 153 178 177)
4(153 154 179 178)
4(152 177 180 156)
4(177 178 181 180)
4(154 158 182 179)
4(178 179 182 181)
4(158 159 183 182)
4(156 180 184 160)
4(160 184 185 161)
4(180 181 185 184)
4(181 182 186 185)
4(159 163 187 183)
4(182 183 187 186)
4(161 185 188 165)
4(185 186 189 188)
4(163 167 190 187)
4(186 187 190 189)
4(165 188 191 168)
4(168 191 192 169)
4(188 189 192 191)
4(167 170 193 190)
4(169 192 193 170)
4(189 190 193 192)
4(8 28 29 9)
4(8 13 33 28)
4(12 32 33 13)
4(9 29 34 14)
4(14 34 35 15)
4(34 37 38 35)
4(37 40 41 38)
4(45 48 49 46)
4(48 50 51 49)
4(50 52 53 51)
4(28 65 66 29)
4(28 33 70 65)
4(32 69 70 33)
4(29 66 71 34)
4(65 70 71 66)
4(34 71 75 37)
4(70 74 75 71)
4(37 75 78 40)
4(40 78 82 43)
4(43 82 86 46)
4(45 46 86 85)
4(81 85 86 82)
4(45 85 89 48)
4(48 89 93 50)
4(88 92 93 89)
4(50 93 96 52)
4(52 96 97 53)
4(74 119 120 75)
4(75 120 124 78)
4(119 123 124 120)
4(78 124 128 82)
4(81 82 128 127)
4(92 138 139 93)
4(93 139 142 96)
4(96 142 143 97)
4(139 140 143 142)
4(97 143 144 98)
4(140 141 144 143)
4(139 175 176 140)
)


// ************************************************************************* //
