/*--------------------------------*- C++ -*----------------------------------*\
  =========                 |
  \\      /  F ield         | OpenFOAM: The Open Source CFD Toolbox
   \\    /   O peration     | Website:  https://openfoam.org
    \\  /    A nd           | Version:  6
     \\/     M anipulation  |
\*---------------------------------------------------------------------------*/
FoamFile
{
    version     2.0;
    format      ascii;
    class       labelList;
    location    "constant/region100/polyMesh";
    object      faceRegionAddressing;
}
// * * * * * * * * * * * * * * * * * * * * * * * * * * * * * * * * * * * * * //


337
(
92956
92957
93143
93144
93145
93146
93148
93149
93150
93151
93153
93154
93336
93340
93342
93345
105112
105113
105114
105115
105116
105117
105118
105119
105120
105122
105123
105303
105304
105305
105306
105308
105309
105310
105311
105313
105314
105496
105500
105501
105502
105504
105505
105691
105692
105693
105695
105696
105882
105883
105884
105887
106074
106075
106266
106453
106454
106644
106645
106836
117272
117273
117275
117276
117277
117278
117279
117280
117282
117463
117464
117466
117467
117468
117469
117470
117471
117473
117474
117654
117657
117658
117659
117660
117661
117662
117664
117665
117848
117850
117851
117852
117853
117855
117856
118042
118043
118044
118046
118047
118233
118234
118235
118238
118421
118422
118425
118426
118612
118613
118616
118800
118803
118804
118805
118807
118994
129435
129436
129439
129626
129627
129629
129630
129633
129817
129818
129819
129820
129821
129822
129824
130008
130009
130010
130011
130012
130013
130015
130016
130199
130202
130203
130204
130206
130207
130393
130394
130395
130398
141977
141978
141981
142168
142171
142172
142175
142362
142363
142366
142553
905707
905708
905770
905771
905772
905834
905835
905836
905842
-80797
-80985
-80988
-80991
-80994
-81176
-81182
-81185
-92765
-92952
-92953
-92954
92955
-92959
-92960
-92962
-92963
93152
93343
93344
-93536
-93727
-93915
-94106
-104922
-104925
-104928
-104931
105121
105312
105503
105694
105885
105886
106073
-106078
106264
106265
106452
-106457
106643
-106648
106834
-106839
-117082
-117085
-117088
-117091
117274
117281
117283
117465
117472
117655
117656
117663
-117845
117854
118045
118236
118237
-118418
118423
118424
-118609
-118610
118614
118615
118617
118802
118806
118808
118997
-129245
-129248
-129432
129437
129438
129440
-129442
-129623
129628
129631
129632
129634
-129814
129823
129825
-130005
130014
-130196
130200
130201
130205
-130390
130396
130397
-130581
130584
130585
130586
-130773
-130960
130963
130965
-141787
-141790
-141974
141979
141980
141982
-141984
-142165
142169
142170
142173
142174
142176
-142359
142364
142365
142367
-142550
142554
142555
142556
142557
142558
93147
93334
93335
-93337
93341
-93533
-93724
-94294
-94485
-94676
105307
105494
105495
-105497
-105499
-105688
-105690
-105879
-106070
-106261
-106262
-106263
-106449
-106640
-106642
-106831
106835
117849
-118039
-118041
-118230
-118231
118801
-118991
118995
118996
118998
118999
130964
)


// ************************************************************************* //
