/*--------------------------------*- C++ -*----------------------------------*\
  =========                 |
  \\      /  F ield         | OpenFOAM: The Open Source CFD Toolbox
   \\    /   O peration     | Website:  https://openfoam.org
    \\  /    A nd           | Version:  6
     \\/     M anipulation  |
\*---------------------------------------------------------------------------*/
FoamFile
{
    version     2.0;
    format      ascii;
    class       labelList;
    note        "nPoints:194  nCells:83  nFaces:337  nInternalFaces:161";
    location    "constant/region100/polyMesh";
    object      owner;
}
// * * * * * * * * * * * * * * * * * * * * * * * * * * * * * * * * * * * * * //


337
(
0
0
1
1
1
2
2
3
3
3
4
4
5
6
6
7
8
8
8
9
9
9
10
10
10
11
11
12
12
12
13
13
14
14
14
15
15
16
17
17
17
18
18
19
19
19
20
20
21
21
21
22
23
23
24
25
25
26
26
27
28
28
29
29
29
30
30
30
31
32
32
33
33
33
34
34
34
35
35
36
37
37
37
38
38
38
39
39
40
40
41
41
41
42
42
43
43
43
44
44
45
45
45
46
47
47
48
48
49
49
50
51
52
52
52
53
54
56
56
57
58
58
59
59
60
61
61
61
62
62
62
63
64
64
64
65
65
65
66
66
67
68
68
68
69
69
70
70
70
71
74
74
75
76
77
77
78
79
79
80
81
1
5
8
12
16
28
32
36
51
0
1
2
3
4
5
6
7
0
0
1
8
0
3
10
4
11
4
7
7
20
22
23
24
8
9
10
11
11
15
18
20
22
22
23
46
24
24
25
50
26
53
27
55
28
29
30
31
28
31
31
32
35
36
36
39
40
42
44
46
46
47
47
48
49
51
49
50
50
51
53
53
55
56
57
56
56
57
57
60
58
58
59
60
60
61
63
63
64
66
67
67
67
69
70
71
71
72
72
72
72
73
73
73
73
74
75
74
74
75
75
78
76
76
76
77
78
78
79
79
80
80
81
81
81
82
82
82
2
5
5
6
6
19
21
25
26
27
13
16
16
17
37
19
40
21
23
24
25
47
25
26
51
27
27
40
43
67
45
47
51
54
54
54
55
55
73
)


// ************************************************************************* //
