/*--------------------------------*- C++ -*----------------------------------*\
  =========                 |
  \\      /  F ield         | OpenFOAM: The Open Source CFD Toolbox
   \\    /   O peration     | Website:  https://openfoam.org
    \\  /    A nd           | Version:  6
     \\/     M anipulation  |
\*---------------------------------------------------------------------------*/
FoamFile
{
    version     2.0;
    format      ascii;
    class       vectorField;
    location    "constant/region100/polyMesh";
    object      points;
}
// * * * * * * * * * * * * * * * * * * * * * * * * * * * * * * * * * * * * * //


194
(
(6.5e-08 2.664999999999999e-06 4.55e-07)
(1.3e-07 2.665e-06 4.55e-07)
(0 2.73e-06 4.55e-07)
(6.5e-08 2.73e-06 4.55e-07)
(1.3e-07 2.73e-06 4.55e-07)
(1.95e-07 2.73e-06 4.549999999999999e-07)
(2.6e-07 2.73e-06 4.55e-07)
(0 2.795e-06 4.55e-07)
(6.5e-08 2.795e-06 4.55e-07)
(1.3e-07 2.795e-06 4.55e-07)
(1.95e-07 2.795e-06 4.55e-07)
(2.6e-07 2.795e-06 4.55e-07)
(0 2.860000000000001e-06 4.549999999999999e-07)
(6.5e-08 2.860000000000001e-06 4.55e-07)
(1.3e-07 2.860000000000001e-06 4.549999999999999e-07)
(1.95e-07 2.860000000000001e-06 4.55e-07)
(2.6e-07 2.860000000000001e-06 4.549999999999999e-07)
(0 2.665e-06 5.2e-07)
(6.5e-08 2.665e-06 5.199999999999999e-07)
(1.3e-07 2.665e-06 5.200000000000001e-07)
(1.95e-07 2.665e-06 5.2e-07)
(2.6e-07 2.664999999999999e-06 5.2e-07)
(0 2.73e-06 5.2e-07)
(6.5e-08 2.73e-06 5.2e-07)
(1.3e-07 2.73e-06 5.2e-07)
(1.95e-07 2.73e-06 5.2e-07)
(2.6e-07 2.73e-06 5.2e-07)
(0 2.795e-06 5.2e-07)
(6.5e-08 2.795e-06 5.2e-07)
(1.3e-07 2.795e-06 5.2e-07)
(1.95e-07 2.795e-06 5.2e-07)
(2.6e-07 2.795e-06 5.2e-07)
(0 2.860000000000001e-06 5.2e-07)
(6.5e-08 2.86e-06 5.2e-07)
(1.3e-07 2.860000000000001e-06 5.2e-07)
(1.95e-07 2.86e-06 5.2e-07)
(2.6e-07 2.86e-06 5.200000000000001e-07)
(1.3e-07 2.925e-06 5.200000000000001e-07)
(1.95e-07 2.925e-06 5.2e-07)
(2.6e-07 2.925e-06 5.200000000000001e-07)
(1.3e-07 2.99e-06 5.2e-07)
(1.95e-07 2.99e-06 5.2e-07)
(2.6e-07 2.99e-06 5.2e-07)
(1.3e-07 3.055e-06 5.2e-07)
(1.95e-07 3.055000000000001e-06 5.2e-07)
(6.5e-08 3.119999999999999e-06 5.2e-07)
(1.3e-07 3.119999999999999e-06 5.2e-07)
(1.95e-07 3.120000000000001e-06 5.2e-07)
(6.5e-08 3.185e-06 5.199999999999999e-07)
(1.3e-07 3.185e-06 5.200000000000001e-07)
(6.5e-08 3.25e-06 5.2e-07)
(1.3e-07 3.25e-06 5.2e-07)
(6.5e-08 3.315e-06 5.200000000000001e-07)
(1.3e-07 3.315e-06 5.2e-07)
(0 2.665e-06 5.849999999999999e-07)
(6.5e-08 2.665e-06 5.849999999999999e-07)
(1.3e-07 2.665e-06 5.849999999999999e-07)
(1.95e-07 2.665e-06 5.849999999999999e-07)
(2.6e-07 2.664999999999999e-06 5.849999999999999e-07)
(0 2.73e-06 5.849999999999999e-07)
(6.5e-08 2.73e-06 5.849999999999998e-07)
(1.3e-07 2.73e-06 5.849999999999999e-07)
(1.95e-07 2.73e-06 5.849999999999999e-07)
(2.6e-07 2.73e-06 5.849999999999998e-07)
(0 2.795e-06 5.849999999999999e-07)
(6.5e-08 2.795e-06 5.849999999999999e-07)
(1.3e-07 2.795e-06 5.849999999999999e-07)
(1.95e-07 2.795e-06 5.849999999999999e-07)
(2.6e-07 2.795e-06 5.85e-07)
(0 2.860000000000001e-06 5.849999999999999e-07)
(6.5e-08 2.860000000000001e-06 5.849999999999999e-07)
(1.3e-07 2.860000000000001e-06 5.849999999999999e-07)
(1.95e-07 2.86e-06 5.85e-07)
(2.6e-07 2.860000000000001e-06 5.849999999999999e-07)
(6.5e-08 2.925e-06 5.849999999999999e-07)
(1.3e-07 2.925e-06 5.849999999999998e-07)
(1.95e-07 2.924999999999999e-06 5.85e-07)
(2.6e-07 2.924999999999999e-06 5.849999999999999e-07)
(1.3e-07 2.99e-06 5.849999999999999e-07)
(1.95e-07 2.99e-06 5.849999999999999e-07)
(2.6e-07 2.99e-06 5.849999999999999e-07)
(6.5e-08 3.055e-06 5.849999999999999e-07)
(1.3e-07 3.055e-06 5.849999999999999e-07)
(1.95e-07 3.055e-06 5.849999999999999e-07)
(2.6e-07 3.055e-06 5.849999999999998e-07)
(6.5e-08 3.119999999999999e-06 5.849999999999999e-07)
(1.3e-07 3.119999999999999e-06 5.849999999999999e-07)
(1.95e-07 3.120000000000001e-06 5.849999999999999e-07)
(0 3.185e-06 5.849999999999999e-07)
(6.5e-08 3.185e-06 5.849999999999999e-07)
(1.3e-07 3.185e-06 5.85e-07)
(1.95e-07 3.185e-06 5.849999999999999e-07)
(0 3.25e-06 5.849999999999999e-07)
(6.5e-08 3.25e-06 5.849999999999999e-07)
(1.3e-07 3.25e-06 5.849999999999999e-07)
(1.95e-07 3.25e-06 5.849999999999999e-07)
(6.5e-08 3.315e-06 5.849999999999998e-07)
(1.3e-07 3.315e-06 5.849999999999999e-07)
(1.95e-07 3.315e-06 5.849999999999999e-07)
(0 2.665e-06 6.5e-07)
(6.5e-08 2.665e-06 6.5e-07)
(1.3e-07 2.665e-06 6.5e-07)
(1.95e-07 2.665e-06 6.5e-07)
(2.6e-07 2.665e-06 6.5e-07)
(0 2.73e-06 6.5e-07)
(6.5e-08 2.73e-06 6.5e-07)
(1.3e-07 2.73e-06 6.500000000000001e-07)
(1.95e-07 2.73e-06 6.5e-07)
(2.6e-07 2.73e-06 6.5e-07)
(0 2.795e-06 6.5e-07)
(6.5e-08 2.795e-06 6.5e-07)
(1.3e-07 2.795e-06 6.5e-07)
(1.95e-07 2.795e-06 6.5e-07)
(2.6e-07 2.795e-06 6.5e-07)
(0 2.860000000000001e-06 6.5e-07)
(6.5e-08 2.859999999999999e-06 6.5e-07)
(1.3e-07 2.860000000000001e-06 6.5e-07)
(1.95e-07 2.86e-06 6.5e-07)
(2.6e-07 2.86e-06 6.5e-07)
(6.5e-08 2.925e-06 6.5e-07)
(1.3e-07 2.925e-06 6.5e-07)
(1.95e-07 2.924999999999999e-06 6.5e-07)
(2.6e-07 2.925e-06 6.5e-07)
(6.5e-08 2.990000000000001e-06 6.5e-07)
(1.3e-07 2.99e-06 6.5e-07)
(1.95e-07 2.990000000000001e-06 6.5e-07)
(2.6e-07 2.99e-06 6.5e-07)
(6.5e-08 3.055e-06 6.5e-07)
(1.3e-07 3.055e-06 6.500000000000001e-07)
(1.95e-07 3.055e-06 6.5e-07)
(2.6e-07 3.055000000000001e-06 6.5e-07)
(6.5e-08 3.119999999999999e-06 6.5e-07)
(1.3e-07 3.119999999999999e-06 6.5e-07)
(1.95e-07 3.119999999999999e-06 6.5e-07)
(0 3.185e-06 6.5e-07)
(6.5e-08 3.185e-06 6.5e-07)
(1.3e-07 3.185e-06 6.5e-07)
(1.95e-07 3.185e-06 6.5e-07)
(0 3.25e-06 6.5e-07)
(6.5e-08 3.25e-06 6.5e-07)
(1.3e-07 3.25e-06 6.5e-07)
(1.95e-07 3.25e-06 6.5e-07)
(6.5e-08 3.315e-06 6.5e-07)
(1.3e-07 3.315e-06 6.5e-07)
(1.95e-07 3.315e-06 6.5e-07)
(6.5e-08 2.665e-06 7.149999999999999e-07)
(1.3e-07 2.665e-06 7.150000000000001e-07)
(1.95e-07 2.665e-06 7.150000000000001e-07)
(6.5e-08 2.73e-06 7.149999999999999e-07)
(1.3e-07 2.73e-06 7.150000000000001e-07)
(1.95e-07 2.73e-06 7.149999999999999e-07)
(2.6e-07 2.73e-06 7.150000000000001e-07)
(6.5e-08 2.795e-06 7.149999999999999e-07)
(1.3e-07 2.795e-06 7.149999999999999e-07)
(1.95e-07 2.795e-06 7.149999999999999e-07)
(2.6e-07 2.795e-06 7.150000000000001e-07)
(6.5e-08 2.860000000000001e-06 7.149999999999999e-07)
(1.3e-07 2.860000000000001e-06 7.150000000000001e-07)
(1.95e-07 2.860000000000001e-06 7.149999999999999e-07)
(2.6e-07 2.86e-06 7.149999999999999e-07)
(6.5e-08 2.925e-06 7.150000000000001e-07)
(1.3e-07 2.925e-06 7.150000000000001e-07)
(1.95e-07 2.925e-06 7.150000000000001e-07)
(2.6e-07 2.925e-06 7.150000000000001e-07)
(6.5e-08 2.99e-06 7.150000000000001e-07)
(1.3e-07 2.99e-06 7.150000000000001e-07)
(1.95e-07 2.99e-06 7.149999999999999e-07)
(2.6e-07 2.99e-06 7.149999999999999e-07)
(1.3e-07 3.055e-06 7.150000000000001e-07)
(1.95e-07 3.055e-06 7.149999999999999e-07)
(2.6e-07 3.055e-06 7.150000000000001e-07)
(1.3e-07 3.119999999999999e-06 7.150000000000001e-07)
(1.95e-07 3.120000000000001e-06 7.150000000000001e-07)
(6.5e-08 3.185e-06 7.150000000000001e-07)
(1.3e-07 3.185e-06 7.149999999999999e-07)
(6.5e-08 3.25e-06 7.150000000000001e-07)
(1.3e-07 3.25e-06 7.149999999999999e-07)
(6.5e-08 2.795e-06 7.800000000000002e-07)
(1.3e-07 2.795e-06 7.800000000000002e-07)
(1.95e-07 2.794999999999999e-06 7.800000000000002e-07)
(6.5e-08 2.86e-06 7.799999999999998e-07)
(1.3e-07 2.86e-06 7.799999999999998e-07)
(1.95e-07 2.86e-06 7.800000000000002e-07)
(2.6e-07 2.86e-06 7.799999999999998e-07)
(6.5e-08 2.924999999999999e-06 7.799999999999998e-07)
(1.3e-07 2.925e-06 7.800000000000002e-07)
(1.95e-07 2.924999999999999e-06 7.800000000000002e-07)
(2.6e-07 2.925e-06 7.799999999999998e-07)
(1.3e-07 2.99e-06 7.799999999999998e-07)
(1.95e-07 2.99e-06 7.800000000000002e-07)
(2.6e-07 2.99e-06 7.799999999999998e-07)
(1.3e-07 3.055e-06 7.799999999999998e-07)
(1.95e-07 3.055000000000001e-06 7.799999999999998e-07)
(2.6e-07 3.055e-06 7.800000000000002e-07)
)


// ************************************************************************* //
