/*--------------------------------*- C++ -*----------------------------------*\
  =========                 |
  \\      /  F ield         | OpenFOAM: The Open Source CFD Toolbox
   \\    /   O peration     | Website:  https://openfoam.org
    \\  /    A nd           | Version:  6
     \\/     M anipulation  |
\*---------------------------------------------------------------------------*/
FoamFile
{
    version     2.0;
    format      ascii;
    class       labelList;
    location    "constant/region100/polyMesh";
    object      pointRegionAddressing;
}
// * * * * * * * * * * * * * * * * * * * * * * * * * * * * * * * * * * * * * //


194
(
32241
32242
32305
32306
32307
32308
32309
32370
32371
32372
32373
32374
32435
32436
32437
32438
32439
36465
36466
36467
36468
36469
36530
36531
36532
36533
36534
36595
36596
36597
36598
36599
36660
36661
36662
36663
36664
36727
36728
36729
36792
36793
36794
36857
36858
36921
36922
36923
36986
36987
37051
37052
37116
37117
40690
40691
40692
40693
40694
40755
40756
40757
40758
40759
40820
40821
40822
40823
40824
40885
40886
40887
40888
40889
40951
40952
40953
40954
41017
41018
41019
41081
41082
41083
41084
41146
41147
41148
41210
41211
41212
41213
41275
41276
41277
41278
41341
41342
41343
44915
44916
44917
44918
44919
44980
44981
44982
44983
44984
45045
45046
45047
45048
45049
45110
45111
45112
45113
45114
45176
45177
45178
45179
45241
45242
45243
45244
45306
45307
45308
45309
45371
45372
45373
45435
45436
45437
45438
45500
45501
45502
45503
45566
45567
45568
49141
49142
49143
49206
49207
49208
49209
49271
49272
49273
49274
49336
49337
49338
49339
49401
49402
49403
49404
49466
49467
49468
49469
49532
49533
49534
49597
49598
49661
49662
49726
49727
53496
53497
53498
53561
53562
53563
53564
53626
53627
53628
53629
53692
53693
53694
53757
53758
53759
)


// ************************************************************************* //
