/*--------------------------------*- C++ -*----------------------------------*\
  =========                 |
  \\      /  F ield         | OpenFOAM: The Open Source CFD Toolbox
   \\    /   O peration     | Website:  https://openfoam.org
    \\  /    A nd           | Version:  6
     \\/     M anipulation  |
\*---------------------------------------------------------------------------*/
FoamFile
{
    version     2.0;
    format      ascii;
    class       labelList;
    location    "constant/region361/polyMesh";
    object      faceRegionAddressing;
}
// * * * * * * * * * * * * * * * * * * * * * * * * * * * * * * * * * * * * * //


272
(
330038
330039
330229
330230
330417
330418
330419
330420
330421
330608
330609
330610
330611
330612
330799
330801
330802
330803
330993
330994
331185
342007
342008
342195
342196
342197
342198
342199
342386
342387
342388
342389
342390
342577
342578
342579
342580
342581
342768
342769
342770
342771
342772
342959
342960
342961
342962
342963
343150
343152
343153
343154
343344
343345
343536
354167
354355
354356
354357
354358
354359
354546
354547
354548
354549
354550
354734
354735
354737
354738
354739
354740
354741
354925
354928
354929
354930
354931
354932
355119
355120
355121
355122
355123
355310
355313
355314
355504
355505
355696
366515
366516
366518
366519
366706
366707
366708
366709
366710
366897
366898
366899
366900
366901
367088
367089
367090
367091
367092
367279
367282
367283
367473
367474
367664
367665
378678
378866
378867
378869
379057
379058
379060
379248
379251
379252
379442
379443
379633
391411
911689
911690
911691
911692
911693
911694
911695
911752
911753
911754
911755
911756
911757
911758
911759
911760
911816
911817
911818
911819
911820
911821
911822
911823
911824
911881
911882
911883
911884
911885
911886
911887
911888
911945
911946
911947
911948
911949
911950
911951
912012
912013
-329847
-329848
-330035
-330037
-330796
-331181
331184
-331376
-341816
-342004
-342005
-342192
-342383
-342574
-342576
-342765
-342767
-342956
-343147
343151
-343341
-343532
-353976
-354164
-354165
354168
-354352
-354543
-354544
-354731
354736
-354922
354927
-355307
-366325
-366327
-366512
366517
-366703
-366894
-367085
-378487
-378675
-378676
378679
-378863
378868
378870
-379054
379059
379061
-379245
379250
-391220
-391408
391412
391603
-317879
-318070
-318259
-318261
-318450
-318452
-318641
-318643
-318834
-319025
-330226
-330227
-330228
-330414
-330605
330800
-330990
-330992
343535
354926
-355116
355311
355312
-355501
-355692
355695
-367276
367280
367281
-367470
-367661
-367852
367855
367856
379249
-379439
-379630
379634
-379821
379824
379825
-391599
391602
)


// ************************************************************************* //
