/*--------------------------------*- C++ -*----------------------------------*\
  =========                 |
  \\      /  F ield         | OpenFOAM: The Open Source CFD Toolbox
   \\    /   O peration     | Website:  https://openfoam.org
    \\  /    A nd           | Version:  6
     \\/     M anipulation  |
\*---------------------------------------------------------------------------*/
FoamFile
{
    version     2.0;
    format      ascii;
    class       faceList;
    location    "constant/region361/polyMesh";
    object      faces;
}
// * * * * * * * * * * * * * * * * * * * * * * * * * * * * * * * * * * * * * //


272
(
4(2 26 27 3)
4(23 24 27 26)
4(5 29 30 6)
4(26 27 30 29)
4(5 8 32 29)
4(7 31 32 8)
4(28 29 32 31)
4(8 32 33 9)
4(29 30 33 32)
4(8 11 35 32)
4(10 34 35 11)
4(31 32 35 34)
4(11 35 36 12)
4(32 33 36 35)
4(11 14 38 35)
4(34 35 38 37)
4(14 38 39 15)
4(35 36 39 38)
4(16 41 42 17)
4(38 39 42 41)
4(41 42 44 43)
4(23 50 51 24)
4(47 48 51 50)
4(23 26 53 50)
4(25 52 53 26)
4(49 50 53 52)
4(26 53 54 27)
4(50 51 54 53)
4(26 29 57 53)
4(28 56 57 29)
4(52 53 57 56)
4(29 57 58 30)
4(53 54 58 57)
4(29 32 61 57)
4(31 60 61 32)
4(56 57 61 60)
4(32 61 62 33)
4(57 58 62 61)
4(32 35 65 61)
4(34 64 65 35)
4(60 61 65 64)
4(35 65 66 36)
4(61 62 66 65)
4(35 38 68 65)
4(37 67 68 38)
4(64 65 68 67)
4(38 68 69 39)
4(65 66 69 68)
4(38 41 71 68)
4(67 68 71 70)
4(41 71 72 42)
4(68 69 72 71)
4(43 73 74 44)
4(71 72 74 73)
4(73 74 76 75)
4(50 80 81 51)
4(50 53 83 80)
4(52 82 83 53)
4(79 80 83 82)
4(53 83 84 54)
4(80 81 84 83)
4(53 57 87 83)
4(56 86 87 57)
4(82 83 87 86)
4(57 87 88 58)
4(83 84 88 87)
4(56 60 90 86)
4(59 89 90 60)
4(57 61 91 87)
4(60 90 91 61)
4(86 87 91 90)
4(61 91 92 62)
4(87 88 92 91)
4(60 64 94 90)
4(61 65 95 91)
4(64 94 95 65)
4(90 91 95 94)
4(65 95 96 66)
4(91 92 96 95)
4(65 68 98 95)
4(67 97 98 68)
4(94 95 98 97)
4(68 98 99 69)
4(95 96 99 98)
4(68 71 101 98)
4(71 101 102 72)
4(98 99 102 101)
4(73 103 104 74)
4(101 102 104 103)
4(103 104 106 105)
4(80 83 111 108)
4(82 110 111 83)
4(83 111 112 84)
4(108 109 112 111)
4(83 87 114 111)
4(86 113 114 87)
4(110 111 114 113)
4(87 114 115 88)
4(111 112 115 114)
4(87 91 117 114)
4(90 116 117 91)
4(113 114 117 116)
4(91 117 118 92)
4(114 115 118 117)
4(91 95 120 117)
4(94 119 120 95)
4(116 117 120 119)
4(95 120 121 96)
4(117 118 121 120)
4(95 98 123 120)
4(98 123 124 99)
4(120 121 124 123)
4(101 125 126 102)
4(123 124 126 125)
4(103 127 128 104)
4(125 126 128 127)
4(111 134 135 112)
4(111 114 137 134)
4(113 136 137 114)
4(114 137 138 115)
4(114 117 140 137)
4(116 139 140 117)
4(117 140 141 118)
4(117 120 143 140)
4(120 143 144 121)
4(140 141 144 143)
4(123 145 146 124)
4(143 144 146 145)
4(125 147 148 126)
4(143 153 154 144)
4(1 3 27 24)
4(3 6 30 27)
4(6 9 33 30)
4(9 12 36 33)
4(12 15 39 36)
4(15 17 42 39)
4(17 19 44 42)
4(21 24 51 48)
4(24 27 54 51)
4(27 30 58 54)
4(30 33 62 58)
4(33 36 66 62)
4(36 39 69 66)
4(39 42 72 69)
4(42 44 74 72)
4(44 46 76 74)
4(48 51 81 78)
4(51 54 84 81)
4(54 58 88 84)
4(58 62 92 88)
4(62 66 96 92)
4(66 69 99 96)
4(69 72 102 99)
4(72 74 104 102)
4(74 76 106 104)
4(81 84 112 109)
4(84 88 115 112)
4(88 92 118 115)
4(92 96 121 118)
4(96 99 124 121)
4(99 102 126 124)
4(102 104 128 126)
4(104 106 130 128)
4(109 112 135 132)
4(112 115 138 135)
4(115 118 141 138)
4(118 121 144 141)
4(121 124 146 144)
4(124 126 148 146)
4(126 128 150 148)
4(141 144 154 152)
4(144 146 156 154)
4(0 1 24 23)
4(20 23 24 21)
4(0 23 26 2)
4(22 25 26 23)
4(10 34 37 13)
4(16 41 43 18)
4(18 43 44 19)
4(43 45 46 44)
4(20 21 48 47)
4(20 47 50 23)
4(22 23 50 49)
4(22 49 52 25)
4(25 52 56 28)
4(28 56 60 31)
4(55 59 60 56)
4(31 60 64 34)
4(59 63 64 60)
4(34 64 67 37)
4(37 67 70 40)
4(40 70 71 41)
4(41 71 73 43)
4(43 73 75 45)
4(47 48 78 77)
4(47 77 80 50)
4(49 50 80 79)
4(77 78 81 80)
4(49 79 82 52)
4(52 82 86 56)
4(55 56 86 85)
4(55 85 89 59)
4(85 86 90 89)
4(59 89 93 63)
4(89 90 94 93)
4(67 97 100 70)
4(79 80 108 107)
4(80 81 109 108)
4(79 107 110 82)
4(107 108 111 110)
4(82 110 113 86)
4(86 113 116 90)
4(90 116 119 94)
4(108 109 132 131)
4(108 131 134 111)
4(110 111 134 133)
4(131 132 135 134)
4(110 133 136 113)
4(133 134 137 136)
4(134 135 138 137)
4(113 136 139 116)
4(136 137 140 139)
4(137 138 141 140)
4(116 139 142 119)
4(139 140 143 142)
4(140 141 152 151)
4(140 151 153 143)
4(151 152 154 153)
4(153 154 156 155)
4(0 2 3 1)
4(2 5 6 3)
4(4 7 8 5)
4(5 8 9 6)
4(7 10 11 8)
4(8 11 12 9)
4(10 13 14 11)
4(11 14 15 12)
4(14 16 17 15)
4(16 18 19 17)
4(2 26 29 5)
4(4 5 29 28)
4(25 28 29 26)
4(4 28 31 7)
4(7 31 34 10)
4(13 37 38 14)
4(14 38 41 16)
4(37 40 41 38)
4(45 75 76 46)
4(63 93 94 64)
4(64 94 97 67)
4(70 100 101 71)
4(97 98 101 100)
4(71 101 103 73)
4(73 103 105 75)
4(75 105 106 76)
4(94 119 122 97)
4(97 122 123 98)
4(119 120 123 122)
4(98 123 125 101)
4(101 125 127 103)
4(103 127 129 105)
4(105 129 130 106)
4(127 128 130 129)
4(119 142 143 120)
4(120 143 145 123)
4(123 145 147 125)
4(145 146 148 147)
4(125 147 149 127)
4(127 149 150 128)
4(147 148 150 149)
4(143 153 155 145)
4(145 155 156 146)
)


// ************************************************************************* //
