/*--------------------------------*- C++ -*----------------------------------*\
  =========                 |
  \\      /  F ield         | OpenFOAM: The Open Source CFD Toolbox
   \\    /   O peration     | Website:  https://openfoam.org
    \\  /    A nd           | Version:  6
     \\/     M anipulation  |
\*---------------------------------------------------------------------------*/
FoamFile
{
    version     2.0;
    format      ascii;
    class       vectorField;
    location    "constant/region361/polyMesh";
    object      points;
}
// * * * * * * * * * * * * * * * * * * * * * * * * * * * * * * * * * * * * * //


157
(
(4.095000000000001e-06 5.199999999999999e-07 1.755e-06)
(4.16e-06 5.2e-07 1.755e-06)
(4.095000000000001e-06 5.849999999999999e-07 1.755e-06)
(4.16e-06 5.849999999999999e-07 1.755e-06)
(4.03e-06 6.500000000000001e-07 1.755e-06)
(4.095000000000001e-06 6.5e-07 1.755e-06)
(4.16e-06 6.5e-07 1.755e-06)
(4.03e-06 7.149999999999999e-07 1.755e-06)
(4.095e-06 7.149999999999999e-07 1.755e-06)
(4.16e-06 7.150000000000001e-07 1.755e-06)
(4.03e-06 7.799999999999998e-07 1.755e-06)
(4.095000000000001e-06 7.800000000000002e-07 1.755e-06)
(4.159999999999999e-06 7.799999999999998e-07 1.755e-06)
(4.03e-06 8.450000000000001e-07 1.755e-06)
(4.095000000000001e-06 8.449999999999999e-07 1.755e-06)
(4.16e-06 8.450000000000001e-07 1.755e-06)
(4.095000000000001e-06 9.1e-07 1.755e-06)
(4.16e-06 9.1e-07 1.755e-06)
(4.095e-06 9.75e-07 1.755e-06)
(4.16e-06 9.75e-07 1.755e-06)
(4.095e-06 4.55e-07 1.82e-06)
(4.16e-06 4.55e-07 1.82e-06)
(4.03e-06 5.200000000000001e-07 1.82e-06)
(4.095e-06 5.199999999999999e-07 1.82e-06)
(4.16e-06 5.2e-07 1.82e-06)
(4.03e-06 5.85e-07 1.82e-06)
(4.095e-06 5.849999999999999e-07 1.82e-06)
(4.16e-06 5.849999999999999e-07 1.82e-06)
(4.03e-06 6.5e-07 1.82e-06)
(4.095e-06 6.5e-07 1.82e-06)
(4.16e-06 6.5e-07 1.82e-06)
(4.03e-06 7.149999999999999e-07 1.82e-06)
(4.095e-06 7.149999999999999e-07 1.82e-06)
(4.16e-06 7.150000000000001e-07 1.82e-06)
(4.03e-06 7.799999999999998e-07 1.82e-06)
(4.095e-06 7.800000000000002e-07 1.82e-06)
(4.159999999999999e-06 7.799999999999998e-07 1.82e-06)
(4.03e-06 8.450000000000001e-07 1.82e-06)
(4.095e-06 8.449999999999999e-07 1.82e-06)
(4.16e-06 8.450000000000001e-07 1.82e-06)
(4.03e-06 9.1e-07 1.82e-06)
(4.095e-06 9.1e-07 1.82e-06)
(4.16e-06 9.1e-07 1.82e-06)
(4.095e-06 9.75e-07 1.82e-06)
(4.16e-06 9.75e-07 1.82e-06)
(4.095e-06 1.04e-06 1.82e-06)
(4.16e-06 1.04e-06 1.82e-06)
(4.095e-06 4.55e-07 1.885e-06)
(4.16e-06 4.55e-07 1.885e-06)
(4.03e-06 5.200000000000001e-07 1.885e-06)
(4.095e-06 5.199999999999999e-07 1.885e-06)
(4.16e-06 5.2e-07 1.885e-06)
(4.03e-06 5.85e-07 1.885e-06)
(4.095e-06 5.849999999999999e-07 1.885e-06)
(4.16e-06 5.849999999999999e-07 1.885e-06)
(3.965e-06 6.5e-07 1.885e-06)
(4.03e-06 6.5e-07 1.885e-06)
(4.095e-06 6.5e-07 1.885e-06)
(4.16e-06 6.499999999999999e-07 1.885e-06)
(3.965e-06 7.149999999999999e-07 1.885e-06)
(4.03e-06 7.150000000000001e-07 1.885e-06)
(4.095e-06 7.149999999999999e-07 1.885e-06)
(4.16e-06 7.150000000000001e-07 1.885e-06)
(3.965e-06 7.799999999999998e-07 1.885e-06)
(4.03e-06 7.799999999999998e-07 1.885e-06)
(4.095e-06 7.799999999999998e-07 1.885e-06)
(4.159999999999999e-06 7.799999999999998e-07 1.885e-06)
(4.03e-06 8.450000000000001e-07 1.885e-06)
(4.095e-06 8.450000000000001e-07 1.885e-06)
(4.16e-06 8.450000000000001e-07 1.885e-06)
(4.03e-06 9.1e-07 1.885e-06)
(4.095e-06 9.1e-07 1.885e-06)
(4.16e-06 9.1e-07 1.885e-06)
(4.095e-06 9.75e-07 1.885e-06)
(4.16e-06 9.75e-07 1.885e-06)
(4.095e-06 1.04e-06 1.885e-06)
(4.16e-06 1.04e-06 1.885e-06)
(4.095e-06 4.55e-07 1.95e-06)
(4.16e-06 4.55e-07 1.95e-06)
(4.03e-06 5.200000000000001e-07 1.95e-06)
(4.095e-06 5.199999999999999e-07 1.95e-06)
(4.16e-06 5.2e-07 1.95e-06)
(4.03e-06 5.85e-07 1.95e-06)
(4.095e-06 5.849999999999999e-07 1.95e-06)
(4.16e-06 5.849999999999999e-07 1.95e-06)
(3.964999999999999e-06 6.5e-07 1.95e-06)
(4.03e-06 6.5e-07 1.95e-06)
(4.095e-06 6.5e-07 1.95e-06)
(4.16e-06 6.5e-07 1.95e-06)
(3.965e-06 7.150000000000001e-07 1.95e-06)
(4.03e-06 7.150000000000001e-07 1.95e-06)
(4.095e-06 7.149999999999999e-07 1.95e-06)
(4.16e-06 7.150000000000001e-07 1.95e-06)
(3.965e-06 7.799999999999998e-07 1.95e-06)
(4.03e-06 7.799999999999998e-07 1.95e-06)
(4.095e-06 7.799999999999998e-07 1.95e-06)
(4.159999999999999e-06 7.799999999999998e-07 1.95e-06)
(4.03e-06 8.450000000000001e-07 1.95e-06)
(4.095e-06 8.450000000000001e-07 1.95e-06)
(4.16e-06 8.450000000000001e-07 1.95e-06)
(4.03e-06 9.100000000000001e-07 1.95e-06)
(4.095e-06 9.1e-07 1.95e-06)
(4.16e-06 9.1e-07 1.95e-06)
(4.095e-06 9.75e-07 1.95e-06)
(4.16e-06 9.75e-07 1.95e-06)
(4.095e-06 1.04e-06 1.95e-06)
(4.16e-06 1.04e-06 1.95e-06)
(4.03e-06 5.200000000000001e-07 2.015e-06)
(4.095e-06 5.199999999999999e-07 2.015e-06)
(4.16e-06 5.2e-07 2.015e-06)
(4.03e-06 5.85e-07 2.015e-06)
(4.095e-06 5.849999999999999e-07 2.015e-06)
(4.16e-06 5.849999999999999e-07 2.015e-06)
(4.03e-06 6.5e-07 2.015e-06)
(4.095e-06 6.5e-07 2.015e-06)
(4.16e-06 6.5e-07 2.015e-06)
(4.03e-06 7.150000000000001e-07 2.015e-06)
(4.095e-06 7.149999999999999e-07 2.015e-06)
(4.16e-06 7.150000000000001e-07 2.015e-06)
(4.03e-06 7.799999999999998e-07 2.015e-06)
(4.095e-06 7.800000000000002e-07 2.015e-06)
(4.159999999999999e-06 7.799999999999998e-07 2.015e-06)
(4.03e-06 8.450000000000001e-07 2.015e-06)
(4.095e-06 8.449999999999999e-07 2.015e-06)
(4.16e-06 8.450000000000001e-07 2.015e-06)
(4.095e-06 9.1e-07 2.015e-06)
(4.16e-06 9.100000000000001e-07 2.015e-06)
(4.095e-06 9.75e-07 2.015e-06)
(4.16e-06 9.75e-07 2.015e-06)
(4.095e-06 1.04e-06 2.015e-06)
(4.16e-06 1.04e-06 2.015e-06)
(4.095e-06 5.199999999999999e-07 2.08e-06)
(4.16e-06 5.2e-07 2.08e-06)
(4.03e-06 5.849999999999998e-07 2.08e-06)
(4.095e-06 5.849999999999999e-07 2.08e-06)
(4.16e-06 5.849999999999999e-07 2.08e-06)
(4.03e-06 6.500000000000001e-07 2.08e-06)
(4.095e-06 6.5e-07 2.08e-06)
(4.16e-06 6.5e-07 2.08e-06)
(4.03e-06 7.150000000000001e-07 2.08e-06)
(4.095e-06 7.150000000000001e-07 2.08e-06)
(4.16e-06 7.150000000000001e-07 2.08e-06)
(4.03e-06 7.799999999999998e-07 2.08e-06)
(4.095e-06 7.799999999999998e-07 2.08e-06)
(4.159999999999999e-06 7.799999999999998e-07 2.08e-06)
(4.095e-06 8.450000000000001e-07 2.08e-06)
(4.16e-06 8.450000000000001e-07 2.08e-06)
(4.095e-06 9.1e-07 2.08e-06)
(4.16e-06 9.1e-07 2.08e-06)
(4.095e-06 9.75e-07 2.08e-06)
(4.16e-06 9.75e-07 2.08e-06)
(4.095e-06 7.150000000000001e-07 2.145e-06)
(4.16e-06 7.150000000000001e-07 2.145e-06)
(4.095e-06 7.799999999999998e-07 2.145e-06)
(4.159999999999999e-06 7.799999999999998e-07 2.145e-06)
(4.095e-06 8.450000000000001e-07 2.144999999999999e-06)
(4.16e-06 8.450000000000001e-07 2.145e-06)
)


// ************************************************************************* //
